1,200,7.952,6.229488199,394.054326,0.10527,0,0,0,0.008333,0,0,0,0,0,0,5.924849251,0.00043979,4.1102E-05,0
1,200,7.952,6.229488199,394.054326,0.028169,0,0,0,0,0,0,0,0,0,0.151728,1.953939646,0.00043979,4.1102E-05,0
1,200,7.952,6.229488199,394.054326,0.00644,0,0,0,0.009056,0,0,0,0,0,0.151728,4.044970118,0.00043979,4.1102E-05,0
1,200,7.952,6.229488199,394.054326,0,0,0,0,0.42442,0,0,0,0,0,0,3.933904712,0.00043979,4.1102E-05,0
1,200,7.952,6.229488199,394.054326,2.4135,0,0,0,0.00036,0.001655,0,0,0,0,0.151728,0.308645201,0.00043979,4.1102E-05,0
1,200,7.952,6.229488199,394.054326,0,0,0,0.013546,3.0408,0.78188,0,0,0,0,0,0.51278208,0.00043979,4.1102E-05,0
1,200,7.952,6.229488199,394.054326,0.071675,0,0,0,0,0,0,0,0.22931,0,0.181728,3.50611189,0.00043979,4.1102E-05,0
1,200,7.952,6.229488199,394.054326,0,0,0,0,0.00062,0,0,0,0,0,0,1.611949377,0.00043979,4.1102E-05,0
1,200,7.952,6.229488199,394.054326,0,0,0,0.008333,0,0,0,0,0,0,0.151728,0.090682319,0.00043979,4.1102E-05,0
1,200,7.952,6.229488199,394.054326,0,0,0,0.42786,0,0,0,0,0,0,0.151728,3.933904712,0.00043979,4.1102E-05,0
1,200,7.952,6.229488199,394.054326,0.0059107,0,0,0,0,0.000157,0,0,0,0,0.45174,1.926287639,0.00043979,4.1102E-05,0
1,200,7.952,6.229488199,394.054326,0,0,0,0,0.79075,0,0,0,0,0,0,3.933904712,0.00043979,4.1102E-05,0
1,200,7.952,6.229488199,394.054326,0.0067817,0,0,0,0.008333,0,0,0,0,0,0,3.294248715,0.00043979,4.1102E-05,0
1,200,7.952,6.229488199,394.054326,0,0,0,0,0,0,0,0,0,0,0.278532,1.082901411,0.00043979,4.1102E-05,0
1,200,7.952,6.229488199,394.054326,0,0,0,0,1.1676,1.0166,0,0,0,0,0.73911,0.51278208,0.00043979,4.1102E-05,0
1,200,7.952,6.229488199,394.054326,0,0,0,0.17658,0.008321,0.014181,0,0,0,0,0.151728,4.791523591,0.00043979,4.1102E-05,0
1,200,7.952,6.229488199,394.054326,0,0,0,0,0.008333,0,0,0,0,0,0,1.912461635,0.00043979,4.1102E-05,0
1,200,7.952,6.229488199,394.054326,0.98357,0,0,0.000063,0,0,0,0,0,0,0,2.282103912,0.00043979,4.1102E-05,0
1,200,7.952,6.229488199,394.054326,0.001326,0,0,0,0.00062,0,0,0,0,0,0.151728,5.924849251,0.00043979,4.1102E-05,0
1,200,7.952,6.229488199,394.054326,0,0,0,0,1.6602,0,0,0,0,0,2.10972,1.740043236,0.00043979,4.1102E-05,0
1,200,7.952,6.229488199,394.054326,0.010364,0,0,0,0,0,0,0,0,0,0.151728,0.506275725,0.00043979,4.1102E-05,0
1,200,7.952,6.229488199,394.054326,0.008333,0,0,0.002011,0.001478,0,0,0,0.0078558,0,0.151728,0.090682319,0.00043979,4.1102E-05,0
1,200,7.952,6.229488199,394.054326,0,0,0,2.2778,0.090777,0.78029,0,0,0,0,0.151728,1.629841853,0.00043979,4.1102E-05,0
1,200,7.952,6.229488199,394.054326,0,0,0,2.7689,1.4612,0,0,0,0,0,0.151728,0.51278208,0.00043979,4.1102E-05,0
1,200,7.952,6.229488199,394.054326,0,0,0,0,0.008321,0,0,0,0,0,0,3.37110503,0.00043979,4.1102E-05,0
1,200,7.952,6.229488199,394.054326,0.00062,0,0,0,0,0,0,0,0,0,0.73911,2.550491043,0.00043979,4.1102E-05,0
1,200,7.952,6.229488199,394.054326,0.18674,0,0,0.008335,0,1.4271,0,0,0,0,0.151728,0.163878809,0.00043979,4.1102E-05,0
1,200,7.952,6.229488199,394.054326,0,0,0,0,0,0,0,0,0,0,0.151728,3.933904712,0.00043979,4.1102E-05,0
1,200,7.952,6.229488199,394.054326,0.41786,0,0,0,0,0,0,0,0,0,0.276924,1.912461635,0.00043979,4.1102E-05,0
1,200,7.952,6.229488199,394.054326,0.29343,0,0,0.007328,0,0,0,0,0,0,0.31098,1.437091095,0.00043979,4.1102E-05,0
1,200,7.952,6.229488199,394.054326,0.18763,0,0,0,0,0,0,3.5325,0,0,1.05978,0.308645201,0.00043979,4.1102E-05,0
1,200,7.952,6.229488199,394.054326,0,0,0,0.26453,0,0.000182,0,0,0,0,0,0.757177028,0.00043979,4.1102E-05,0
1,200,7.952,6.229488199,394.054326,0.00062,0,0,0,0,0,0,0,0,0,0,1.912461635,0.00043979,4.1102E-05,0
1,200,7.952,6.229488199,394.054326,0.026038,0,0,0.008265,0,0,0,0,0,0,1.05978,0.677067536,0.00043979,4.1102E-05,0
1,200,7.952,6.229488199,394.054326,0.00524,0,0,0.19366,0,3.3641,0,0,0,0,0,1.926287639,0.00043979,4.1102E-05,0
1,200,7.952,6.229488199,394.054326,0.67499,0,0,0,0.001669,0,0,0,0,0,0,1.600969904,0.00043979,4.1102E-05,0
1,200,7.952,6.229488199,394.054326,0.008333,0,0,0,0,0,0,0,0,0,0.151728,0.677067536,0.00043979,4.1102E-05,0
1,200,7.952,6.229488199,394.054326,1.2548,0,0.41975,0.005239,0.019681,0,0,0,0,0,0,1.740043236,0.00043979,4.1102E-05,0
1,200,7.952,6.229488199,394.054326,0.008333,0,0,0.013415,0,0,0,0,0,0,0,1.629841853,0.00043979,4.1102E-05,0
1,200,7.952,6.229488199,394.054326,0,0,0,0,0,0,0,0,0,0,0.151728,0.496109546,0.00043979,4.1102E-05,0
1,200,7.952,6.229488199,394.054326,0.0064565,0,0,0.00524,0,0,0,0,0,0,0,3.27635624,0.00043979,4.1102E-05,0
1,200,7.952,6.229488199,394.054326,0,0,0,0.82457,0.00524,0,0.13028,0,0,0,0.151728,4.748825638,0.00043979,4.1102E-05,0
1,200,7.952,6.229488199,394.054326,0,0,0,0.33642,0,0,0.42744,0,0,0,0.34593,3.294248715,0.00043979,4.1102E-05,0
1,200,7.952,6.229488199,394.054326,0.008333,0,0,0,0.060787,0,0,0,0,0,0,3.370698383,0.00043979,4.1102E-05,0
1,200,7.952,6.229488199,394.054326,0,0,0,0,0,0,0,0,0,0,0.276939,1.912461635,0.00043979,4.1102E-05,0
1,200,7.952,6.229488199,394.054326,0.0152,0,0,0.008333,0,0,0,0,0,0,0.2871,0.496109546,0.00043979,4.1102E-05,0
1,200,7.952,6.229488199,394.054326,0.018235,0,0,0,0.008333,0,0,0,0,0,0.151728,4.286874454,0.00043979,4.1102E-05,0
1,200,7.952,6.229488199,394.054326,0,0,0,0.008335,0.00833,0,0,0,0,0,0.151728,0.308645201,0.00043979,4.1102E-05,0
1,200,7.952,6.229488199,394.054326,0,0,0,0.011527,0.0064809,0,0,0,0,0,0,1.437091095,0.00043979,4.1102E-05,0
1,200,7.952,6.229488199,394.054326,0,0,0,0.27226,0.00036,0,0,0,0,0,0,1.912461635,0.00043979,4.1102E-05,0
1,200,7.952,6.229488199,394.054326,0.039743,0,0,0,0,0,0,0,0,0,0,1.437091095,0.00043979,4.1102E-05,0
1,200,7.952,6.229488199,394.054326,0.008321,0,0,0.38795,0,0,0,0,0,0,0.181728,1.753869239,0.00043979,4.1102E-05,0
1,200,7.952,6.229488199,394.054326,0,0,0,0,0.00524,0,0,0,0,0,0,1.740043236,0.00043979,4.1102E-05,0
1,200,7.952,6.229488199,394.054326,0,0,0,0,0,0,0,0,0,0,0.151728,1.629841853,0.00043979,4.1102E-05,0
1,200,7.952,6.229488199,394.054326,0.00524,0,0,0.00043,0,0,4.7427,0,0,0,0.45174,0.496109546,0.00043979,4.1102E-05,0
1,200,7.952,6.229488199,394.054326,0.51613,0,0,0,0,0,0,0,0,0,0,2.742428507,0.00043979,4.1102E-05,0
1,200,7.952,6.229488199,394.054326,0,0,0,0,0.000063,0,0,0,0,0,0.151728,1.926287639,0.00043979,4.1102E-05,0
1,200,7.952,6.229488199,394.054326,0.091719,0,0,0,0.00062,0,0,0,0,0,0.151728,0.308645201,0.00043979,4.1102E-05,0
1,200,7.952,6.229488199,394.054326,0,0,0,0.097569,0,0,0,0,0,0,0.151728,4.748825638,0.00043979,4.1102E-05,0
1,200,7.952,6.229488199,394.054326,0.00524,0,0,0,0,0,0.059897,0,0,0,0.151728,0.496109546,0.00043979,4.1102E-05,0
1,200,7.952,6.229488199,394.054326,0,0,0,0.10557,0,0,0,0,0,0,3.0075,1.740043236,0.00043979,4.1102E-05,0
1,200,7.952,6.229488199,394.054326,0.043527,0,0,0.15168,0,0,0,0,0,0,3.6423,0.506275725,0.00043979,4.1102E-05,0
1,200,7.952,6.229488199,394.054326,0.00644,0,0,0.014206,0,0,0,0,0,0,0.151728,2.626534064,0.00043979,4.1102E-05,0
1,200,7.952,6.229488199,394.054326,0,0,0,0,0,0,0,0,0,0,0.151728,1.753869239,0.00043979,4.1102E-05,0
1,200,7.952,6.229488199,394.054326,0.25548,0,0,0.0067817,0,0.85321,0,0,0,0,0.151728,1.953939646,0.00043979,4.1102E-05,0
1,200,7.952,6.229488199,394.054326,0.016699,0,0,0,0.005239,0,0,0,0.008333,0,0,5.751441887,0.00043979,4.1102E-05,0
1,200,7.952,6.229488199,394.054326,0.057403,0,0,0,0,0,0,0,0,0,0.42399,3.933904712,0.00043979,4.1102E-05,0
1,200,7.952,6.229488199,394.054326,0.008333,0,0,0,0,0,0,0,0,0,0.151728,3.370698383,0.00043979,4.1102E-05,0
1,200,7.952,6.229488199,394.054326,0,0,0,0,0.008333,0,0,0,0,0,0.151728,2.473634728,0.00043979,4.1102E-05,0
1,200,7.952,6.229488199,394.054326,0,0,0,0,0.00524,0,0,0,0,0,0.151728,0.403800639,0.00043979,4.1102E-05,0
1,200,7.952,6.229488199,394.054326,0.0088108,0,0,0,0,0,0,0,0,0,0.151728,4.748825638,0.00043979,4.1102E-05,0
1,200,7.952,6.229488199,394.054326,0,0,0.00744,0,0,0,0,0,0,0,0.151728,2.550491043,0.00043979,4.1102E-05,0
1,200,7.952,6.229488199,394.054326,0.051828,0,0,0,0,0,0,0,0,0,0.151728,2.550491043,0.00043979,4.1102E-05,0
1,200,7.952,6.229488199,394.054326,0,0,0,0.008336,0,0,0,0,0,0,1.17456,0.496109546,0.00043979,4.1102E-05,0
1,200,7.952,6.229488199,394.054326,0,0,0,0,0,0,0,0,0,0,0,4.748825638,0.00043979,4.1102E-05,0
1,200,7.952,6.229488199,394.054326,0.013012,0,0,0.69261,0.008333,0,0,0,0,0,0.273366,4.748825638,0.00043979,4.1102E-05,0
1,200,7.952,6.229488199,394.054326,0.00524,0,0,0,0,0,0,0,0,0,0.3897,4.862686845,0.00043979,4.1102E-05,0
1,200,7.952,6.229488199,394.054326,0.0059398,0,0,0,0.00524,0,0,0.1246,0,0,0,3.370698383,0.00043979,4.1102E-05,0
1,200,7.952,6.229488199,394.054326,0,0,0,0.10557,0,0,0,0,0,0,0,1.740043236,0.00043979,4.1102E-05,0
1,200,7.952,6.229488199,394.054326,0,0,0,0,0.005239,0,0,0,0,0,0,0.308645201,0.00043979,4.1102E-05,0
1,200,7.952,6.229488199,394.054326,0,0,0,0,2.8821,0.00097,0,0,0,0,0.151728,1.082901411,0.00043979,4.1102E-05,0
1,200,7.952,6.229488199,394.054326,0,0,0,0,0,0,0,0,0,0,0,0.308645201,0.00043979,4.1102E-05,0
1,200,7.952,6.229488199,394.054326,0,0,0,0,0,0,0,0,0,0,0,0.677067536,0.00043979,4.1102E-05,0
1,200,7.952,6.229488199,394.054326,0.018381,0,0,0,0.013573,0,0,0,0,0,1.05978,0.403800639,0.00043979,4.1102E-05,0
1,200,7.952,6.229488199,394.054326,0,0,0,0,0.019681,0,0.67053,0,0,0,0.151728,1.437091095,0.00043979,4.1102E-05,0
1,200,7.952,6.229488199,394.054326,0,0,0,0,0.13092,0,0,0,0,0,0.151728,1.953939646,0.00043979,4.1102E-05,0
1,200,7.952,6.229488199,394.054326,0,0,0,0,0,0,0,0,0,0,0.151728,3.370698383,0.00043979,4.1102E-05,0
1,200,7.952,6.229488199,394.054326,0,0,0,3.4325,0,0.16347,0,0,0,0,0.36594,0.090682319,0.00043979,4.1102E-05,0
1,200,7.952,6.229488199,394.054326,0.00644,0,0,0,0.68784,0,0,0,0,0,0,2.473634728,0.00043979,4.1102E-05,0
1,200,7.952,6.229488199,394.054326,4.282,0,0,0,0,0,0,0,0,0,0.151728,1.611949377,0.00043979,4.1102E-05,0
1,200,7.952,6.229488199,394.054326,0.27365,0,0,0,0.005239,0,0,0,0,0,0,0.403800639,0.00043979,4.1102E-05,0
1,200,7.952,6.229488199,394.054326,0.15083,0,0,0,0,0,0,0,0,0,0.151728,3.370698383,0.00043979,4.1102E-05,0
1,200,7.952,6.229488199,394.054326,0.18244,0,0,0.017238,0.566,0.54465,0,0,0,0,0,0.51278208,0.00043979,4.1102E-05,0
1,200,7.952,6.229488199,394.054326,0,0,0,0,0,0,0,0,0,0,0.151728,3.370698383,0.00043979,4.1102E-05,0
1,200,7.952,6.229488199,394.054326,0,0,0,0.27312,0,0,0,0,0,0,1.10577,1.480602342,0.00043979,4.1102E-05,0
1,200,7.952,6.229488199,394.054326,0.03314,0,0,5.8999,0.00833,0,0.13028,0,0,0,0,0.090682319,0.00043979,4.1102E-05,0
1,200,7.952,6.229488199,394.054326,0,0,0,0.008333,0.0085875,0,0,0,0,0,0,1.953939646,0.00043979,4.1102E-05,0
1,200,7.952,6.229488199,394.054326,0,0,0,0,3.1902,0,0,0,0,0,0,2.626534064,0.00043979,4.1102E-05,0
1,200,7.952,6.229488199,394.054326,0.0031025,0,0,0.01377,0.15682,0,0,0,0,0,0,1.629841853,0.00043979,4.1102E-05,0
1,200,7.952,6.229488199,394.054326,0.008333,0,0,0.3488,0.00524,0,0,0,0,0,1.70622,3.370698383,0.00043979,4.1102E-05,0
1,200,7.952,6.229488199,394.054326,0.4515,0,0,0.16809,3.2048,0,0,0,0,0,0,0.403800639,0.00043979,4.1102E-05,0
1,200,7.952,6.229488199,394.054326,0.016699,0,0,0,0,0,0,0,0,0,2.52933,0.677067536,0.00043979,4.1102E-05,0
1,200,7.952,6.229488199,394.054326,0.008333,0,0,0,0,0,0,0,0,0,0,0.090682319,0.00043979,4.1102E-05,0
1,200,7.952,6.229488199,394.054326,0.008333,0,0,0,0,0,0,0,0,0,0,0.757177028,0.00043979,4.1102E-05,0
1,200,7.952,6.229488199,394.054326,0,0,0,1.244,0,0,0,0,0,0,0,0.496109546,0.00043979,4.1102E-05,0
1,200,7.952,6.229488199,394.054326,0.22639,0,0,0,0.0214,0,0,0,0,0,0,3.539348854,0.00043979,4.1102E-05,0
1,200,7.952,6.229488199,394.054326,0.067102,0,0,0,0.0084565,0,0,0,0,0,0.273372,2.282103912,0.00043979,4.1102E-05,0
1,200,7.952,6.229488199,394.054326,0.49815,0,0,0,0,0,0,0,0,0,0.151728,1.611949377,0.00043979,4.1102E-05,0
1,200,7.952,6.229488199,394.054326,0.0056959,0,0,0,0,0,0,0,0,0,0.151728,0.403800639,0.00043979,4.1102E-05,0
1,200,7.952,6.229488199,394.054326,0,0,0,0,2.0529,0,0,0,0,0,0.151728,2.282103912,0.00043979,4.1102E-05,0
1,200,7.952,6.229488199,394.054326,0,0,0,0.0068531,0,0,0,0,0,0,0,1.926287639,0.00043979,4.1102E-05,0
1,200,7.952,6.229488199,394.054326,0.016858,0,0,0,0.00036,0,0,0,0,0,0.151728,3.370698383,0.00043979,4.1102E-05,0
1,200,7.952,6.229488199,394.054326,0.00524,0,0,0,0,0,0,0,0,0,0,1.753869239,0.00043979,4.1102E-05,0
1,200,7.952,6.229488199,394.054326,0.005979,0,0,0.026311,0,0,0,0,0,0,0.151728,3.933904712,0.00043979,4.1102E-05,0
1,200,7.952,6.229488199,394.054326,0.008333,0,0,0,0,0,0,0,0,0,0.273384,1.600969904,0.00043979,4.1102E-05,0
1,200,7.952,6.229488199,394.054326,0,0,0,0,0,4.0839,0,0,0,0,0,1.629841853,0.00043979,4.1102E-05,0
1,200,7.952,6.229488199,394.054326,0.019152,0,0,0,0.73688,0.008935,0,0,0,0,0.38949,2.473634728,0.00043979,4.1102E-05,0
1,200,7.952,6.229488199,394.054326,0,0,0,0.26453,0,0,0,0,0,0,0,2.473634728,0.00043979,4.1102E-05,0
1,200,7.952,6.229488199,394.054326,0.041249,0,0,0,0,0,0,0,0,0,2.76954,1.082901411,0.00043979,4.1102E-05,0
1,200,7.952,6.229488199,394.054326,0.00524,0,0,0,0,0,0.13028,0,0,0,0,4.791523591,0.00043979,4.1102E-05,0
1,200,7.952,6.229488199,394.054326,2.7267,0,0,0,0,0,0,0,0,0,0.65616,2.282103912,0.00043979,4.1102E-05,0
1,200,7.952,6.229488199,394.054326,0,0,0,0,0.007102,0,0,0,0,0,0,2.742428507,0.00043979,4.1102E-05,0
1,200,7.952,6.229488199,394.054326,0,0,0,0,0.034463,0,0.13028,0,0,0,0,0.51278208,0.00043979,4.1102E-05,0
1,200,7.952,6.229488199,394.054326,0,0,0,0,0,0,0,0,0,0,0,2.282103912,0.00043979,4.1102E-05,0
1,200,7.952,6.229488199,394.054326,0.48229,0,0,0.3794,0,0,0,0,0,0,0,1.629841853,0.00043979,4.1102E-05,0
1,200,7.952,6.229488199,394.054326,0.008333,0,0,0.008333,0,0,0,0,0,0,0,1.629841853,0.00043979,4.1102E-05,0
1,200,7.952,6.229488199,394.054326,4.5748,0,0,0.65249,0,0,0,0,0,0,0,0.533114438,0.00043979,4.1102E-05,0
1,200,7.952,6.229488199,394.054326,0,0,1.261,0.081032,0,0,0,0,0,0,0,3.37110503,0.00043979,4.1102E-05,0
1,200,7.952,6.229488199,394.054326,0.005239,0,0,0,0.086094,0,0,0,0,0,0.151728,5.751441887,0.00043979,4.1102E-05,0
1,200,7.952,6.229488199,394.054326,1.2774,0,0,0,0,0,0,0,0,0,0,1.753869239,0.00043979,4.1102E-05,0
1,200,7.952,6.229488199,394.054326,0.00036,0,0,3.2487,0,0.0899,0,0,0,0,0,1.926287639,0.00043979,4.1102E-05,0
1,200,7.952,6.229488199,394.054326,0.062652,0,0,0,0,0,0,0,0,0,0.151728,3.294248715,0.00043979,4.1102E-05,0
1,200,7.952,6.229488199,394.054326,0.23451,0,0,0.19366,0,0,0,0,0,0,0.181728,1.788434249,0.00043979,4.1102E-05,0
1,200,7.952,6.229488199,394.054326,0,0,0,0.044269,0,0,0,0,0,0,0,1.629841853,0.00043979,4.1102E-05,0
1,200,7.952,6.229488199,394.054326,0,0,0,0,0,0,0,0,0,0,0.151728,0.51278208,0.00043979,4.1102E-05,0
1,200,7.952,6.229488199,394.054326,0,0,0,0.0068531,0.00524,0,0,0,0,0,0,0.506275725,0.00043979,4.1102E-05,0
1,200,7.952,6.229488199,394.054326,0.011479,0,0,0.00524,0.008333,0,0,0,0,0,0.151728,0.403800639,0.00043979,4.1102E-05,0
1,200,7.952,6.229488199,394.054326,0.00753,0,0,0,0.12099,0.90378,0,0,0,0,0,3.294248715,0.00043979,4.1102E-05,0
1,200,7.952,6.229488199,394.054326,0.0964,0,0,0,0,0,0,0,0,0,0,2.473634728,0.00043979,4.1102E-05,0
1,200,7.952,6.229488199,394.054326,0.011015,0,0,0.00524,1.5408,0,0,0,0,0,0.151728,2.626534064,0.00043979,4.1102E-05,0
1,200,7.952,6.229488199,394.054326,0,0,0,0,0,0,0,0,0,0,0,3.294248715,0.00043979,4.1102E-05,0
1,200,7.952,6.229488199,394.054326,0,0,0,0.0065058,0.000251,0,0,0,0,0,0,3.37110503,0.00043979,4.1102E-05,0
1,200,7.952,6.229488199,394.054326,0,0,0,0.27563,0,0.77921,0,0,0,0,0.151728,3.27635624,0.00043979,4.1102E-05,0
1,200,7.952,6.229488199,394.054326,0,0,0,2.4172,0,0,0,0,0,0,0,2.282103912,0.00043979,4.1102E-05,0
1,200,7.952,6.229488199,394.054326,0,0,0,0,0,0,0,0,0,0,0.151728,2.473634728,0.00043979,4.1102E-05,0
1,200,7.952,6.229488199,394.054326,0.008333,0,0,0,0,0.03757,0,0,0,0,0,0.533114438,0.00043979,4.1102E-05,0
1,200,7.952,6.229488199,394.054326,0.10994,0,0,0.3794,0,0,0,0,0,0,0,1.629841853,0.00043979,4.1102E-05,0
1,200,7.952,6.229488199,394.054326,0,0,0,0.68671,0,0,0,0,0,0,0.151728,3.27635624,0.00043979,4.1102E-05,0
1,200,7.952,6.229488199,394.054326,0,0,0,1.788,0,0,0,0,0,0,0.151728,2.282103912,0.00043979,4.1102E-05,0
1,200,7.952,6.229488199,394.054326,0.005769,0,0,0,0,0,0,0,0,0,1.31526,2.742428507,0.00043979,4.1102E-05,0
1,200,7.952,6.229488199,394.054326,0.23451,0,0,0.014602,0.081175,0.78238,0,0,0.019861,0,0,0.506275725,0.00043979,4.1102E-05,0
1,200,7.952,6.229488199,394.054326,0,0,0,0,0,0,0,0,0,0,0,1.480602342,0.00043979,4.1102E-05,0
1,200,7.952,6.229488199,394.054326,0.038936,0,0,0.002868,0,2.5002,0,0,0,0,0,3.294248715,0.00043979,4.1102E-05,0
1,200,7.952,6.229488199,394.054326,0.081094,0,0,0,0,0,0,0,0,0,0.151728,0.677067536,0.00043979,4.1102E-05,0
1,200,7.952,6.229488199,394.054326,0,0,0,0,1.0192,0,0,0,0,0,0.288579,4.862686845,0.00043979,4.1102E-05,0
1,200,7.952,6.229488199,394.054326,0.000545,0,0,0,0.008335,0,0,0,0,0,0.151728,0.403800639,0.00043979,4.1102E-05,0
1,200,7.952,6.229488199,394.054326,0.0068531,0,0,1.1174,0.00524,0.57086,0,0,0,0,0.151728,1.082901411,0.00043979,4.1102E-05,0
1,200,7.952,6.229488199,394.054326,0,0,0,0,0.00524,0.79321,0,0,0,0,2.39772,0.163878809,0.00043979,4.1102E-05,0
1,200,7.952,6.229488199,394.054326,2.1473,0,0,0.008333,0,0,0,0,0,0,0,0.496109546,0.00043979,4.1102E-05,0
1,200,7.952,6.229488199,394.054326,0,0,0,0,0.011131,0,0,0,0,0,4.4787,1.629841853,0.00043979,4.1102E-05,0
1,200,7.952,6.229488199,394.054326,0.000739,0,0,0,0,0,0,0,0,0,0,3.370698383,0.00043979,4.1102E-05,0
1,200,7.952,6.229488199,394.054326,0.008585,0,0,0,0,0,0,0,0,0,0,1.082901411,0.00043979,4.1102E-05,0
1,200,7.952,6.229488199,394.054326,0,0,0,0.062249,0,0,0,0,0,0,0,4.748825638,0.00043979,4.1102E-05,0
1,200,7.952,6.229488199,394.054326,0,0,0,0.33242,0.030073,0,0,0,0,0,0.151728,1.788434249,0.00043979,4.1102E-05,0
1,200,7.952,6.229488199,394.054326,0,0,0,0,0.013476,0,0,0,0,0,0.151728,0.533114438,0.00043979,4.1102E-05,0
1,200,7.952,6.229488199,394.054326,0.003416,0,0,0.005239,0.007148,0,0,0,0,0,1.57107,3.37110503,0.00043979,4.1102E-05,0
1,200,7.952,6.229488199,394.054326,0,0,0,0,0,0,0,0,0,0,0.78174,3.370698383,0.00043979,4.1102E-05,0
1,200,7.952,6.229488199,394.054326,0.036852,0,0,0.70621,0,0,0,0,0,0,3.1278,0.533114438,0.00043979,4.1102E-05,0
1,200,7.952,6.229488199,394.054326,0,0,0,0,0,0,0,0,0,0,0.285792,0.533114438,0.00043979,4.1102E-05,0
1,200,7.952,6.229488199,394.054326,0,0,0,0,0.013973,0,0,0,0,0,0.151728,3.933904712,0.00043979,4.1102E-05,0
1,200,7.952,6.229488199,394.054326,0.008333,0,0,0,0,0,0,0,0,0,0.151728,3.933904712,0.00043979,4.1102E-05,0
1,200,7.952,6.229488199,394.054326,0.11748,0,0,0,0.90312,0.78245,0,0,0,0,0,0.533114438,0.00043979,4.1102E-05,0
1,200,7.952,6.229488199,394.054326,0.016638,0,0,0,0,0,0,0,0,0,0.86343,3.332473549,0.00043979,4.1102E-05,0
1,200,7.952,6.229488199,394.054326,0,0,0,0.008336,0.17103,0,0,0,0,0,0.28866,3.50611189,0.00043979,4.1102E-05,0
1,200,7.952,6.229488199,394.054326,0.19126,0,0,0.02191,0,0,0,0,0,0,0.151728,1.611949377,0.00043979,4.1102E-05,0
1,200,7.952,6.229488199,394.054326,0.019714,0,0,0,0,0.005269,0,0,0,0,0,1.480602342,0.00043979,4.1102E-05,0
1,200,7.952,6.229488199,394.054326,0,0,0,0,0,0,0,0,0,0,0.151728,0.757177028,0.00043979,4.1102E-05,0
1,200,7.952,6.229488199,394.054326,0.5201,0,0,0.27563,0,0,0,0,0,0,0.151728,0.090682319,0.00043979,4.1102E-05,0
1,200,7.952,6.229488199,394.054326,0.008333,0,0,0.003538,0,0,0,0,0,0,0,0.506275725,0.00043979,4.1102E-05,0
1,200,7.952,6.229488199,394.054326,0.39529,0,0,0,0,0,0,0,0,0,0.151728,4.286874454,0.00043979,4.1102E-05,0
1,200,7.952,6.229488199,394.054326,0.050392,0,0,0.001326,0,0,0,0,0,0,0.278526,0.496109546,0.00043979,4.1102E-05,0
1,200,7.952,6.229488199,394.054326,0.18763,0,0,0,0,0,0,0,0,0,0.181728,3.933904712,0.00043979,4.1102E-05,0
1,200,7.952,6.229488199,394.054326,0,0,0,0,0,0,0,0,0,0,0,1.753869239,0.00043979,4.1102E-05,0
1,200,7.952,6.229488199,394.054326,0,0,0,0.16809,0.00062,0,0,0,0,0,0,4.286874454,0.00043979,4.1102E-05,0
1,200,7.952,6.229488199,394.054326,0.00524,0,0,0,1.3821,0,0,0,0,0,3.0075,0.308645201,0.00043979,4.1102E-05,0
1,200,7.952,6.229488199,394.054326,0,0,0,0,0,0,0,0,0,0,1.5003,3.50611189,0.00043979,4.1102E-05,0
1,200,7.952,6.229488199,394.054326,0,0,0,0,0,0.77921,0,0,0.018415,0,0,4.286874454,0.00043979,4.1102E-05,0
1,200,7.952,6.229488199,394.054326,0.008699,0,0,0,0.00833,0,0,0,0,0,0.151728,1.600969904,0.00043979,4.1102E-05,0
1,200,7.952,6.229488199,394.054326,0,0,0,0,0,0,0,0,0,0,0.151728,0.757177028,0.00043979,4.1102E-05,0
1,200,7.952,6.229488199,394.054326,0.0152,0,0,0.00524,0,1.0289,0,0,0,0,0.151728,0.090682319,0.00043979,4.1102E-05,0
1,200,7.952,6.229488199,394.054326,0.008333,0,0,0,0,0,0,0,0,0,0,1.611949377,0.00043979,4.1102E-05,0
1,200,7.952,6.229488199,394.054326,1.6744,0,0,0,0.008333,0.002774,0,0,0,0,0.78174,2.742428507,0.00043979,4.1102E-05,0
1,200,7.952,6.229488199,394.054326,0,0,0,0,0.00014,0,0,0,0,0,0.151728,2.473634728,0.00043979,4.1102E-05,0
1,200,7.952,6.229488199,394.054326,0.008333,0,0,0,0,0,0,0,0,0,0,1.480602342,0.00043979,4.1102E-05,0
1,200,7.952,6.229488199,394.054326,0,0,0,0.65591,0,0,0.021726,0,0,0,0.151728,1.611949377,0.00043979,4.1102E-05,0
1,200,7.952,6.229488199,394.054326,0.062652,0,0,0,0,0,0,0,0,0,0,4.286874454,0.00043979,4.1102E-05,0
1,200,7.952,6.229488199,394.054326,0.43058,0,0,0.040507,0.007102,0,0,0,0,0,0,1.912461635,0.00043979,4.1102E-05,0
1,200,7.952,6.229488199,394.054326,2.5794,0,0,0.007214,0,0,0,0,0,0,0.151728,0.163878809,0.00043979,4.1102E-05,0
1,200,7.952,6.229488199,394.054326,0.00043,0,0,0,0,0,0,0,0,0,0.151728,2.550491043,0.00043979,4.1102E-05,0
1,200,7.952,6.229488199,394.054326,0.015333,0,0,0,0,0,0,0,0,0,0.99864,1.629841853,0.00043979,4.1102E-05,0
1,200,7.952,6.229488199,394.054326,0,0,0,0,0,0,0,0,0,0,0,0.403800639,0.00043979,4.1102E-05,0
1,200,7.952,6.229488199,394.054326,0,0,0,0,0.008333,0,0,0,0,0,0,2.282103912,0.00043979,4.1102E-05,0
1,200,7.952,6.229488199,394.054326,0,0,0,2.7308,0.024251,0,0,0,0,0,0.181728,0.51278208,0.00043979,4.1102E-05,0
1,200,7.952,6.229488199,394.054326,0,0,0,0,0,0,0.021726,0,0,0,0.151728,0.757177028,0.00043979,4.1102E-05,0
1,200,7.952,6.229488199,394.054326,0,0,0,0,0,0,0,0,0,0,0,1.926287639,0.00043979,4.1102E-05,0
1,200,7.952,6.229488199,394.054326,0,0,0,0.14311,0.090777,0,0,0,0,0,0.151728,2.626534064,0.00043979,4.1102E-05,0
1,200,7.952,6.229488199,394.054326,0.022279,0,0,0.0011005,0,0,0,0,0,0,0.88596,0.403800639,0.00043979,4.1102E-05,0
1,200,7.952,6.229488199,394.054326,0,0,0,0,0,0,0,0,0,0,0,1.953939646,0.00043979,4.1102E-05,0
1,200,7.952,6.229488199,394.054326,0.0019345,0,0,0.006674,0,0,0,0,0,0,2.22174,3.50611189,0.00043979,4.1102E-05,0
1,200,7.952,6.229488199,394.054326,0,0,0,0.008333,0.042129,0,0,0,0,0,0.78174,4.286874454,0.00043979,4.1102E-05,0
1,200,7.952,6.229488199,394.054326,0,0,0,0,0.0062156,0,0,0,0,0,0,3.539348854,0.00043979,4.1102E-05,0
1,200,7.952,6.229488199,394.054326,0.001326,0,0,0,0,0,0,0,0,0,0.151728,1.082901411,0.00043979,4.1102E-05,0
1,200,7.952,6.229488199,394.054326,0,0,0,0,0.0088426,0.011,0,0,0,0,0.84174,0.403800639,0.00043979,4.1102E-05,0
1,200,7.952,6.229488199,394.054326,0.008333,0,0,0,0,0,0,0,0,0,0,1.753869239,0.00043979,4.1102E-05,0
1,200,7.952,6.229488199,394.054326,0.007148,0,0,0.002868,0,0,0.59876,0,0,0,0.53757,1.788434249,0.00043979,4.1102E-05,0
1,200,7.952,6.229488199,394.054326,0.011957,0,0,0.008335,3.1902,0,0,0,0,0,0.151728,0.403800639,0.00043979,4.1102E-05,0
1,200,7.952,6.229488199,394.054326,0.01048,0,0,0,0,0,0,0,0,0,1.57179,0.403800639,0.00043979,4.1102E-05,0
1,200,7.952,6.229488199,394.054326,0,0,0.0021738,0.020093,0.000739,0,0,0,0,0,2.39772,1.753869239,0.00043979,4.1102E-05,0
1,200,7.952,6.229488199,394.054326,0,0,0,0.008333,1.6602,0,0,0,0,0,0,0.533114438,0.00043979,4.1102E-05,0
1,200,7.952,6.229488199,394.054326,2.1218,0,0,0,0,0,0,0,0,0,0.273021,0.496109546,0.00043979,4.1102E-05,0
1,200,7.952,6.229488199,394.054326,0.008335,0,0,0.005239,0,0,0,0,0,0,0,2.742428507,0.00043979,4.1102E-05,0
1,200,7.952,6.229488199,394.054326,0.00524,0,0,0,0,0,0,0,0,0,0,0.533114438,0.00043979,4.1102E-05,0
1,200,7.952,6.229488199,394.054326,0,0,0,0,0,0,0,0,0,0,4.1406,0.403800639,0.00043979,4.1102E-05,0
1,200,7.952,6.229488199,394.054326,0.008333,0,0,0,0,0,0.002308,0,0,0,1.19187,4.748825638,0.00043979,4.1102E-05,0
1,200,7.952,6.229488199,394.054326,0.0068531,0,0,0,0,0,0.67845,0,0,0,0,0.51278208,0.00043979,4.1102E-05,0
1,200,7.952,6.229488199,394.054326,0,0,0,0.55992,0.2943,3.1357,0,0,0,0,0,0.51278208,0.00043979,4.1102E-05,0
1,200,7.952,6.229488199,394.054326,0,0,0,0,0.0084565,0,0,0,0,0,0.151728,1.926287639,0.00043979,4.1102E-05,0
1,200,7.952,6.229488199,394.054326,0.000688,0,0,0.031407,0,0,0,0,0,0,0.151728,1.480602342,0.00043979,4.1102E-05,0
1,200,7.952,6.229488199,394.054326,0,0,0,0.0065058,0,0,0,0,0,0,1.57179,1.437091095,0.00043979,4.1102E-05,0
1,200,7.952,6.229488199,394.054326,0.0056959,0,0,0,0,0,0,0,0,0,0.151728,0.677067536,0.00043979,4.1102E-05,0
1,200,7.952,6.229488199,394.054326,2.2987,0,0,1.1831,0,0,0,0,0,0,0.151728,1.740043236,0.00043979,4.1102E-05,0
1,200,7.952,6.229488199,394.054326,0.001478,0,0,0.14897,1.0171,0,0,0,0,0,2.34936,0.757177028,0.00043979,4.1102E-05,0
1,200,7.952,6.229488199,394.054326,0,0,0,0,2.0298,2.3282,0,0,0,0,0,1.629841853,0.00043979,4.1102E-05,0
1,200,7.952,6.229488199,394.054326,0,0,0,0,0,0,0,0.60083,0,0,0,0.090682319,0.00043979,4.1102E-05,0
1,200,7.952,6.229488199,394.054326,0.3067,0,0,0,0,0,0,0,0,0,0,4.286874454,0.00043979,4.1102E-05,0
1,200,7.952,6.229488199,394.054326,0,0,0,0.024145,0,0,0,0,0,0,2.37174,2.550491043,0.00043979,4.1102E-05,0
1,200,7.952,6.229488199,394.054326,0.00524,0,0,0,0,0,0,0,0,0,0,1.629841853,0.00043979,4.1102E-05,0
1,200,7.952,6.229488199,394.054326,0.65673,0,0,0,0,0,0,0,0,0,0.28509,4.791523591,0.00043979,4.1102E-05,0
1,200,7.952,6.229488199,394.054326,0,0,0,0,0,0,0,0,0,0,0,1.611949377,0.00043979,4.1102E-05,0
1,200,7.952,6.229488199,394.054326,0.000251,0,0,0,0,0.79321,0,0,0,0,0,0.677067536,0.00043979,4.1102E-05,0
1,200,7.952,6.229488199,394.054326,0.37708,0,0,0,0,0,0,0,0.008333,0,0.181728,1.753869239,0.00043979,4.1102E-05,0
1,200,7.952,6.229488199,394.054326,0,0,0,0,0,0,0.67845,0,0,0,2.6481,2.742428507,0.00043979,4.1102E-05,0
1,200,7.952,6.229488199,394.054326,0.00014,0,0,0,0.47436,0,0,0,0,0,0.181728,1.480602342,0.00043979,4.1102E-05,0
1,200,7.952,6.229488199,394.054326,0,0,0,0.17658,0.005239,0,0,0,0,0,0,2.742428507,0.00043979,4.1102E-05,0
1,200,7.952,6.229488199,394.054326,0.008333,0,0,0.013421,0.00524,0,0,0,0,0,1.33368,1.753869239,0.00043979,4.1102E-05,0
1,200,7.952,6.229488199,394.054326,0,0,0,0,0.32888,1.0436,0,0,0,0,0,0.163878809,0.00043979,4.1102E-05,0
1,200,7.952,6.229488199,394.054326,0,0,0.0056435,0,0,0,0,2.738,0,0,0.151728,1.740043236,0.00043979,4.1102E-05,0
1,200,7.952,6.229488199,394.054326,0.000376,0,0,0,0,0,0,0,0,0,0,2.742428507,0.00043979,4.1102E-05,0
1,200,7.952,6.229488199,394.054326,0,0,2.792,0,0.14829,0,0,0,0,0,0,2.282103912,0.00043979,4.1102E-05,0
1,200,7.952,6.229488199,394.054326,0.052214,0,0,0,0,0.77921,0,0,0,0,0,1.437091095,0.00043979,4.1102E-05,0
1,200,7.952,6.229488199,394.054326,0.00524,0,0,0,0,0,0.13028,0,0,0,0.151728,0.496109546,0.00043979,4.1102E-05,0
1,200,7.952,6.229488199,394.054326,0.11399,0,0,0.044269,0.007697,0,0,0,0,0,0.151728,4.286874454,0.00043979,4.1102E-05,0
1,200,7.952,6.229488199,394.054326,0.018322,0,0,0,0,0,0,0,0,0,0.151728,0.403800639,0.00043979,4.1102E-05,0
1,200,7.952,6.229488199,394.054326,0.010054,0,0,0,0.011841,0,0,0,0,0,0,0.51278208,0.00043979,4.1102E-05,0
1,200,7.952,6.229488199,394.054326,0.0055384,0,0,0.008335,0.00036,0,0,0,0,0,0.151728,0.51278208,0.00043979,4.1102E-05,0
1,200,7.952,6.229488199,394.054326,0,0,0,0,0,0,0,0,0,0,0.151728,2.282103912,0.00043979,4.1102E-05,0
1,200,7.952,6.229488199,394.054326,0,0,0,0,0,0,0,0,0.008332,0,0,3.37110503,0.00043979,4.1102E-05,0
1,200,7.952,6.229488199,394.054326,0.002382,0,0,0,0,0,0,0,0,0,0,4.286874454,0.00043979,4.1102E-05,0
1,200,7.952,6.229488199,394.054326,0.016058,0,0,0,0.000739,0,0.88059,0,0,0,0,4.286874454,0.00043979,4.1102E-05,0
1,200,7.952,6.229488199,394.054326,0.74435,0,0,0.47974,0.008333,0,0,0,0,0,0,1.788434249,0.00043979,4.1102E-05,0
1,200,7.952,6.229488199,394.054326,0,0,0,0.12252,0.007148,0,0,0,0,0,1.95174,1.753869239,0.00043979,4.1102E-05,0
1,200,7.952,6.229488199,394.054326,0.00524,0,0,0,0,0,0,0,0,0,0.90174,2.626534064,0.00043979,4.1102E-05,0
1,200,7.952,6.229488199,394.054326,0.14827,0,0,0.013606,0.78045,0,0,0,0,0,0.273384,3.37110503,0.00043979,4.1102E-05,0
1,200,7.952,6.229488199,394.054326,0.008333,0,0,2.1101,0.000063,0,0,0,0,0,0,0.757177028,0.00043979,4.1102E-05,0
1,200,7.952,6.229488199,394.054326,3.9799,0,0,0,0.013036,0,0,0,0,0,0,1.082901411,0.00043979,4.1102E-05,0
1,200,7.952,6.229488199,394.054326,0,0,0,0,0,0,0,0,0,0,0,0.308645201,0.00043979,4.1102E-05,0
1,200,7.952,6.229488199,394.054326,0.007697,0,0,0,0.01048,0,0,0,0,0,0.31059,2.742428507,0.00043979,4.1102E-05,0
1,200,7.952,6.229488199,394.054326,0.007353,0,0.9608,0.11243,0,0,0,0,0.00062,0,0.273021,0.403800639,0.00043979,4.1102E-05,0
1,200,7.952,6.229488199,394.054326,0,0,0,0.0062753,0,0.014181,0,0,0,0,0.276939,4.044970118,0.00043979,4.1102E-05,0
1,200,7.952,6.229488199,394.054326,0,0,0,0.001493,0,0,0,0,0,0,0,1.629841853,0.00043979,4.1102E-05,0
1,200,7.952,6.229488199,394.054326,1.5202,0,0,0,0,0,0,0,0,0,0,3.370698383,0.00043979,4.1102E-05,0
1,200,7.952,6.229488199,394.054326,0.0021738,0,0,0,0,0,0,0,0,0,0.273018,1.912461635,0.00043979,4.1102E-05,0
1,200,7.952,6.229488199,394.054326,0,0,0,0,0,0,0.13028,0,0,0,0.78174,0.506275725,0.00043979,4.1102E-05,0
1,200,7.952,6.229488199,394.054326,0,0,0,0,0.027174,0,0,0,0,0,0,5.721119019,0.00043979,4.1102E-05,0
1,200,7.952,6.229488199,394.054326,0,0,0,0,0.79075,0,0,0,0,0,0.151728,0.308645201,0.00043979,4.1102E-05,0
1,200,7.952,6.229488199,394.054326,0,0,0,0,0,0,0,0,0,0,0.151728,2.550491043,0.00043979,4.1102E-05,0
1,200,7.952,6.229488199,394.054326,0,0,0,0,0,0,0.13028,0,0,0,0,3.66575417,0.00043979,4.1102E-05,0
1,200,7.952,6.229488199,394.054326,0.008333,0,0,0,0,0,0,0,0,0,2.64756,0.308645201,0.00043979,4.1102E-05,0
1,200,7.952,6.229488199,394.054326,0.006702,0,0,0,0.049462,0,0,0,0,0,0.151728,1.082901411,0.00043979,4.1102E-05,0
1,200,7.952,6.229488199,394.054326,0.21588,0,0,0.223,0,0,0,0,0,0,0,3.539348854,0.00043979,4.1102E-05,0
1,200,7.952,6.229488199,394.054326,0.008333,0,0,0.008335,0,0,0,0,0,0,0.276924,4.286874454,0.00043979,4.1102E-05,0
1,200,7.952,6.229488199,394.054326,0,0,0,0,0,0,0,0,0,0,0,1.082901411,0.00043979,4.1102E-05,0
1,200,7.952,6.229488199,394.054326,0,0,0,0,0,0,0,2.1816,0,0,0.75174,1.480602342,0.00043979,4.1102E-05,0
1,200,7.952,6.229488199,394.054326,0.053886,0,0,0,0,0,0,0,0,0,0,3.933904712,0.00043979,4.1102E-05,0
1,200,7.952,6.229488199,394.054326,3.4031,0,0,0,0,0,0,0,0,0,0,0.403800639,0.00043979,4.1102E-05,0
1,200,7.952,6.229488199,394.054326,0,0,0,0,0,0,0,0,0,0,0,0.677067536,0.00043979,4.1102E-05,0
1,200,7.952,6.229488199,394.054326,0,0,0,0.15168,0.00524,0,0,0,0,0,0.151728,3.37110503,0.00043979,4.1102E-05,0
1,200,7.952,6.229488199,394.054326,0,0,0,0,1.4612,0,0,0,0,0,3.9402,0.090682319,0.00043979,4.1102E-05,0
1,200,7.952,6.229488199,394.054326,0,0,0,0,0.008333,0,0,0,0,0,0,4.286874454,0.00043979,4.1102E-05,0
1,200,7.952,6.229488199,394.054326,0.007697,0,0,0,0.002741,0,0,0,0,0,0.151728,2.550491043,0.00043979,4.1102E-05,0
1,200,7.952,6.229488199,394.054326,0.022279,0,0,0,0.008321,0,0,0,0,0,0.151728,2.473634728,0.00043979,4.1102E-05,0
1,200,7.952,6.229488199,394.054326,0.00524,0,0,0,0,0.78033,0,0,0,0,0,1.926287639,0.00043979,4.1102E-05,0
1,200,7.952,6.229488199,394.054326,0,0,0.016176,0,0.000251,0,0,0,0,0,0.273372,3.933904712,0.00043979,4.1102E-05,0
1,200,7.952,6.229488199,394.054326,0,0,0,0,0,0,0,0,0,0,0.151728,4.791523591,0.00043979,4.1102E-05,0
1,200,7.952,6.229488199,394.054326,0.53043,0,0,0.008333,0,0,0,0,0,0,0,1.480602342,0.00043979,4.1102E-05,0
1,200,7.952,6.229488199,394.054326,0,0,0,0,0.61065,0,0,0,0,0,0,1.912461635,0.00043979,4.1102E-05,0
1,200,7.952,6.229488199,394.054326,0,0,0,0.014206,0,0,0,0,0,0,0.151728,3.27635624,0.00043979,4.1102E-05,0
1,200,7.952,6.229488199,394.054326,0,0,0,0.01836,0.003538,0,0,0,0,0,0.151728,3.27635624,0.00043979,4.1102E-05,0
1,200,7.952,6.229488199,394.054326,0,0,0,0,0,0.77921,0.10863,0,0,0,0.151728,2.626534064,0.00043979,4.1102E-05,0
1,200,7.952,6.229488199,394.054326,0.000376,0,0,0.021603,0,0,0,0,0,0,0,2.282103912,0.00043979,4.1102E-05,0
1,200,7.952,6.229488199,394.054326,0.013573,0,0,0.008333,0,0,0,0,0,0,0.151728,5.721119019,0.00043979,4.1102E-05,0
1,200,7.952,6.229488199,394.054326,0,0,0,0.11243,1.1676,0,0,0,0,0,0.151728,0.51278208,0.00043979,4.1102E-05,0
1,200,7.952,6.229488199,394.054326,0,0,0,0,0.000251,0.77921,0,0,0,0,0.151728,1.912461635,0.00043979,4.1102E-05,0
1,200,7.952,6.229488199,394.054326,1.3203,0,0,0,0,0,0,0,0,0,0.151728,0.757177028,0.00043979,4.1102E-05,0
1,200,7.952,6.229488199,394.054326,0,0,0,0,0.008333,0,0,0,0,0,0.48174,1.740043236,0.00043979,4.1102E-05,0
1,200,7.952,6.229488199,394.054326,0,0,0,0.0088426,1.6602,0,0,0,0,0,0,0.533114438,0.00043979,4.1102E-05,0
1,200,7.952,6.229488199,394.054326,1.2774,0,0,0.46711,0,0,0,0,0,0,0.151728,3.294248715,0.00043979,4.1102E-05,0
1,200,7.952,6.229488199,394.054326,0.014773,0,0,0,0,0,0,0,0,0,0.278703,1.600969904,0.00043979,4.1102E-05,0
1,200,7.952,6.229488199,394.054326,0,0,0,0,0.49136,0,0,0,0,0,0.151728,1.629841853,0.00043979,4.1102E-05,0
1,200,7.952,6.229488199,394.054326,0,0,0,0,0,0,0.42744,0,0,0,1.08339,4.044970118,0.00043979,4.1102E-05,0
1,200,7.952,6.229488199,394.054326,0,0,0.000739,0,0,0,0,0,0,0,0,1.953939646,0.00043979,4.1102E-05,0
1,200,7.952,6.229488199,394.054326,0,0,0,2.0817,0,0,0,0,0,0,0.151728,1.912461635,0.00043979,4.1102E-05,0
1,200,7.952,6.229488199,394.054326,0,0,0,0.008333,0,0,0,0,0,0,0,3.370698383,0.00043979,4.1102E-05,0
1,200,7.952,6.229488199,394.054326,0.0045845,0,0,0,0,0,0,0,0,0,0.151728,2.282103912,0.00043979,4.1102E-05,0
1,200,7.952,6.229488199,394.054326,0.67038,0,0,0,0.016012,0,0,0,0,0,0.151728,2.550491043,0.00043979,4.1102E-05,0
1,200,7.952,6.229488199,394.054326,0.023786,0,0.00524,0,0.00524,0,0,0,0,0,0.151728,1.788434249,0.00043979,4.1102E-05,0
1,200,7.952,6.229488199,394.054326,0,0,0,0.00524,0,0.022157,0,0,0,0,0,1.788434249,0.00043979,4.1102E-05,0
1,200,7.952,6.229488199,394.054326,0,0,0,0,0,0,0,0,0,0,0,1.611949377,0.00043979,4.1102E-05,0
1,200,7.952,6.229488199,394.054326,0.008333,0,0,0,0,0,0,0,0,0,0.268926,4.044970118,0.00043979,4.1102E-05,0
1,200,7.952,6.229488199,394.054326,0.030003,0,0,0,0,0,0,0,0,0,0,0.757177028,0.00043979,4.1102E-05,0
1,200,7.952,6.229488199,394.054326,0.002868,0,0,0.22843,0,0,0,0,0,0,0.45174,1.600969904,0.00043979,4.1102E-05,0
1,200,7.952,6.229488199,394.054326,0.16397,0,0,0,0,0,0,0,0,0,0.151728,0.533114438,0.00043979,4.1102E-05,0
1,200,7.952,6.229488199,394.054326,0,0,0,0,0,0,0,0,0,0,1.08798,4.748825638,0.00043979,4.1102E-05,0
1,200,7.952,6.229488199,394.054326,0.000172,0,0,0,1.5408,0,0,0,0,0,0,1.926287639,0.00043979,4.1102E-05,0
1,200,7.952,6.229488199,394.054326,0,0,0,0,0,0,0,0,0,0,0,4.862686845,0.00043979,4.1102E-05,0
1,200,7.952,6.229488199,394.054326,0,0,0,0,1.1453,0,0,0,0,0,0.77829,0.677067536,0.00043979,4.1102E-05,0
1,200,7.952,6.229488199,394.054326,0.39409,0,0.80244,0,0,0,0.13028,0,0,0,3.3018,0.757177028,0.00043979,4.1102E-05,0
1,200,7.952,6.229488199,394.054326,0.0045845,0,0,0,0,0,0.13028,0,0,0,0.151728,3.933904712,0.00043979,4.1102E-05,0
1,200,7.952,6.229488199,394.054326,0.0964,0,0,0,0.1098,0,0,0,0,0,0,5.721119019,0.00043979,4.1102E-05,0
1,200,7.952,6.229488199,394.054326,0.018235,0,0,0,0,0,0,0,0,0,0.151728,1.926287639,0.00043979,4.1102E-05,0
1,200,7.952,6.229488199,394.054326,0.000063,0,0,0,0.003346,0,0,0,0,0,0.2871,5.721119019,0.00043979,4.1102E-05,0
1,200,7.952,6.229488199,394.054326,0.041249,0,0,0.84472,0.0022594,0,0,0.042941,0,0,0.151728,0.308645201,0.00043979,4.1102E-05,0
1,200,7.952,6.229488199,394.054326,0,0,0,0.00387,0.00524,0.77921,0,0,0,0,0,1.753869239,0.00043979,4.1102E-05,0
1,200,7.952,6.229488199,394.054326,0,0,0,0,0.001192,0,0.008333,0,0,0,0.278694,1.912461635,0.00043979,4.1102E-05,0
1,200,7.952,6.229488199,394.054326,1.7741,0,0,0.008333,0,0,0,0,0,0,0,0.506275725,0.00043979,4.1102E-05,0
1,200,7.952,6.229488199,394.054326,0,0,0,0.0093259,0,0,0,0,0,0,0,4.044970118,0.00043979,4.1102E-05,0
1,200,7.952,6.229488199,394.054326,0.000063,0,0,0.14897,2.3758,0,0,0,0,0,0,1.082901411,0.00043979,4.1102E-05,0
1,200,7.952,6.229488199,394.054326,0.0072895,0,0,0.008333,0.002868,0,0,0,0,0,0,0.757177028,0.00043979,4.1102E-05,0
1,200,7.952,6.229488199,394.054326,0.008333,0,0,0,0,0,0,0,0,0,0.151728,5.751441887,0.00043979,4.1102E-05,0
1,200,7.952,6.229488199,394.054326,0.063798,0,0,0.014602,0,0,0,0,0,0,0.27711,1.082901411,0.00043979,4.1102E-05,0
1,200,7.952,6.229488199,394.054326,0.008335,0,0,0,0,0,0,0,0,0,0.273357,0.757177028,0.00043979,4.1102E-05,0
1,200,7.952,6.229488199,394.054326,0.010963,0,3.002,0,0,0,0,0,0,0,0,1.437091095,0.00043979,4.1102E-05,0
1,200,7.952,6.229488199,394.054326,0,0,0,0.047701,0.010507,0,0,0,0,0,0.35643,2.550491043,0.00043979,4.1102E-05,0
1,200,7.952,6.229488199,394.054326,0.1613,0,0,0.44439,0,0,0,0,0,0,0,2.473634728,0.00043979,4.1102E-05,0
1,200,7.952,6.229488199,394.054326,0.000739,0,0,0,0.00062,0,0,0,0,0,0,5.751441887,0.00043979,4.1102E-05,0
1,200,7.952,6.229488199,394.054326,0,0,0,0,0.028193,0,0,0,0,0,0.151728,0.090682319,0.00043979,4.1102E-05,0
1,200,7.952,6.229488199,394.054326,0,0,0,0,0.007328,0,0.13028,0,0,0,0,2.742428507,0.00043979,4.1102E-05,0
1,200,7.952,6.229488199,394.054326,0.007697,0,0,0,0.016012,0,0,0,0,0,0,4.791523591,0.00043979,4.1102E-05,0
1,200,7.952,6.229488199,394.054326,0.15083,0,0,0.011074,0,0,0,0,0,0,0.151728,4.748825638,0.00043979,4.1102E-05,0
1,200,7.952,6.229488199,394.054326,0.002031,0,0,0.040274,0.011526,0,0,0,0,0,3.6486,2.282103912,0.00043979,4.1102E-05,0
1,200,7.952,6.229488199,394.054326,0,0,0,0,0,0,0,0,0,0,0.151728,1.082901411,0.00043979,4.1102E-05,0
1,200,7.952,6.229488199,394.054326,0,0,0,0,0,0,0,0,0,0,0.151728,2.742428507,0.00043979,4.1102E-05,0
1,200,7.952,6.229488199,394.054326,0.00833,0,0,0,0,0,0,0,0,0,0,2.282103912,0.00043979,4.1102E-05,0
1,200,7.952,6.229488199,394.054326,0.005769,0,0,0,0.00524,0,0,0,0,0,0,3.370698383,0.00043979,4.1102E-05,0
1,200,7.952,6.229488199,394.054326,0.4515,0,0,0,0,0,0,0,0,0,0,0.090682319,0.00043979,4.1102E-05,0
1,200,7.952,6.229488199,394.054326,0,0,0,0,0.008333,0,0,0,0,0,0,5.924849251,0.00043979,4.1102E-05,0
1,200,7.952,6.229488199,394.054326,0.008333,0,0,0,0.002055,0,0,0,0,0,0.151728,3.37110503,0.00043979,4.1102E-05,0
1,200,7.952,6.229488199,394.054326,0,0,0,0.0097027,0,0,0.008333,0,0,0,0.151728,1.788434249,0.00043979,4.1102E-05,0
1,200,7.952,6.229488199,394.054326,0,0,0,0,0,0,0,0,0,0,0.151728,5.751441887,0.00043979,4.1102E-05,0
1,200,7.952,6.229488199,394.054326,0,0,0.003465,0.003538,0,0,0,0,0,0,0.151728,4.748825638,0.00043979,4.1102E-05,0
1,200,7.952,6.229488199,394.054326,0,0,0,0,0,0,0,0,0,0,0.87174,4.791523591,0.00043979,4.1102E-05,0
1,200,7.952,6.229488199,394.054326,0.35231,0,0,0,0,0,0,0,0,0,0,0.506275725,0.00043979,4.1102E-05,0
1,200,7.952,6.229488199,394.054326,0.00524,0,0,0,2.529,0,0,0,0,0,0.151728,1.480602342,0.00043979,4.1102E-05,0
1,200,7.952,6.229488199,394.054326,0,0,0,0.008333,0,0,0,0,0,0,0.151728,5.924849251,0.00043979,4.1102E-05,0
1,200,7.952,6.229488199,394.054326,0,0,0,0.01172,0.013973,0,0,0,0,0,0.181728,1.788434249,0.00043979,4.1102E-05,0
1,200,7.952,6.229488199,394.054326,0,0,0,0.0067015,0.18217,0,0,0,0,0,0.151728,2.742428507,0.00043979,4.1102E-05,0
1,200,7.952,6.229488199,394.054326,0.29343,0,0,2.1757,0,0,0,0,0,0,0.78174,1.611949377,0.00043979,4.1102E-05,0
1,200,7.952,6.229488199,394.054326,0,0,0,0.008333,0,0,0,0,0,0,0.151728,0.506275725,0.00043979,4.1102E-05,0
1,200,7.952,6.229488199,394.054326,0.48229,0,0,1.4947,3.0408,0,0,0,0,0,0,0.533114438,0.00043979,4.1102E-05,0
1,200,7.952,6.229488199,394.054326,0,0,0,0,0.010122,0,0,0,0,0,0.151728,0.757177028,0.00043979,4.1102E-05,0
1,200,7.952,6.229488199,394.054326,0.006702,0,0,0.00036,0,0,0,0,0,0,2.6931,2.626534064,0.00043979,4.1102E-05,0
1,200,7.952,6.229488199,394.054326,0,0,0,0,0,0,0,0,0,0,0.151728,1.629841853,0.00043979,4.1102E-05,0
1,200,7.952,6.229488199,394.054326,0.1613,0,0,0,0.012187,0,0,0,0,0,0.151728,0.506275725,0.00043979,4.1102E-05,0
1,200,7.952,6.229488199,394.054326,0,0,0,2.6259,0,0,0,0,0,0,0.273324,0.496109546,0.00043979,4.1102E-05,0
1,200,7.952,6.229488199,394.054326,0,0,0,0,0.52975,0,0,0,0,0,0.48174,1.437091095,0.00043979,4.1102E-05,0
1,200,7.952,6.229488199,394.054326,0.00833,0,0,0,0,0,0,0,0,0,1.57107,1.082901411,0.00043979,4.1102E-05,0
1,200,7.952,6.229488199,394.054326,0.000251,0,0,0.002741,0.008333,1.5684,0,0,0,0,0.151728,3.37110503,0.00043979,4.1102E-05,0
1,200,7.952,6.229488199,394.054326,0.48229,0,0,0,0.008333,0,0,0,0,0,0.151728,3.37110503,0.00043979,4.1102E-05,0
1,200,7.952,6.229488199,394.054326,0,0,0,0,0,0,0,0,0,0,1.88184,0.506275725,0.00043979,4.1102E-05,0
1,200,7.952,6.229488199,394.054326,0,0,0,0.013421,0,2.4162,0,0,0,0,0.35643,1.629841853,0.00043979,4.1102E-05,0
1,200,7.952,6.229488199,394.054326,0,0,0,0,1.0784,0,0,0,0,0,0.151728,2.742428507,0.00043979,4.1102E-05,0
1,200,7.952,6.229488199,394.054326,1.2325,0,0,0,0,0,0,0,0,0,0,1.600969904,0.00043979,4.1102E-05,0
1,200,7.952,6.229488199,394.054326,0.2494,0,0,0,0.2943,0,0,0,0,0,0.276939,3.294248715,0.00043979,4.1102E-05,0
1,200,7.952,6.229488199,394.054326,0,0,0,0,0,0,0,0,0,0,2.10972,3.27635624,0.00043979,4.1102E-05,0
1,200,7.952,6.229488199,394.054326,0.001493,0,0,0,0,0,0.42744,0,0,0,1.47333,3.66575417,0.00043979,4.1102E-05,0
1,200,7.952,6.229488199,394.054326,0,0,0,0.007102,0,0,0,0,0,0,0.279822,1.082901411,0.00043979,4.1102E-05,0
1,200,7.952,6.229488199,394.054326,0.58468,0,0,0,0,0.032076,0,0,0,0,0.42399,1.611949377,0.00043979,4.1102E-05,0
1,200,7.952,6.229488199,394.054326,0,0,0,0,0,0,0,0,0,0,0.276939,0.51278208,0.00043979,4.1102E-05,0
1,200,7.952,6.229488199,394.054326,0,0,0,0,0.13896,0,0.13028,0,0,0,0,0.496109546,0.00043979,4.1102E-05,0
1,200,7.952,6.229488199,394.054326,0,0,0,0,0.42442,0,0,0,0,0,0.151728,2.742428507,0.00043979,4.1102E-05,0
1,200,7.952,6.229488199,394.054326,0.018381,0,0,0,0,0,0,0,0,0,0.151728,1.611949377,0.00043979,4.1102E-05,0
1,200,7.952,6.229488199,394.054326,0.003355,0,0,0,0,0,0,0,0,0,0.151728,2.626534064,0.00043979,4.1102E-05,0
1,200,7.952,6.229488199,394.054326,0.014662,0,0,0,0,0.065724,0,0,0,0,0.36174,2.626534064,0.00043979,4.1102E-05,0
1,200,7.952,6.229488199,394.054326,0.28712,0,0,0,0,0,0,0,0,0,0,1.926287639,0.00043979,4.1102E-05,0
1,200,7.952,6.229488199,394.054326,0,0,0,0.003539,0,0,0,0,0,0,0,0.757177028,0.00043979,4.1102E-05,0
1,200,7.952,6.229488199,394.054326,0.00524,0,0,0,0.008333,0.000668,0,0,0,0,0.151728,3.294248715,0.00043979,4.1102E-05,0
1,200,7.952,6.229488199,394.054326,0.00524,0,0,0,0,0,0,0,0,0,0,4.748825638,0.00043979,4.1102E-05,0
1,200,7.952,6.229488199,394.054326,0.008333,0,0,0,0,0,0,0,0,0,0.151728,4.286874454,0.00043979,4.1102E-05,0
1,200,7.952,6.229488199,394.054326,0.002382,0,0,0,0,0,0,0,0,0,0,0.090682319,0.00043979,4.1102E-05,0
1,200,7.952,6.229488199,394.054326,0,0,0,0,0,0,0,0,0,0,1.70622,0.757177028,0.00043979,4.1102E-05,0
1,200,7.952,6.229488199,394.054326,0.000688,0,0,0.000688,0,0,0,0,0,0,0.151728,4.286874454,0.00043979,4.1102E-05,0
1,200,7.952,6.229488199,394.054326,0.005769,0,0,0,0,0,0,0,0,0,0,2.473634728,0.00043979,4.1102E-05,0
1,200,7.952,6.229488199,394.054326,0.008333,0,0,0,0,0,0,0,0,0,0.151728,1.437091095,0.00043979,4.1102E-05,0
1,200,7.952,6.229488199,394.054326,0.13903,0,0,0,0,0.78033,0,0,0,0,0.151728,1.753869239,0.00043979,4.1102E-05,0
1,200,7.952,6.229488199,394.054326,0.002868,0,0,0,0,0,0,0,0,0,0,2.473634728,0.00043979,4.1102E-05,0
1,200,7.952,6.229488199,394.054326,0.005239,0,0,0.00524,0,0,0,0,0,0,0.279585,3.539348854,0.00043979,4.1102E-05,0
1,200,7.952,6.229488199,394.054326,0.032537,0,0,0.005239,0,0,0,0,0,0,0,0.496109546,0.00043979,4.1102E-05,0
1,200,7.952,6.229488199,394.054326,0.015667,0,0,0.015045,0,0,0,0,0,0,0,1.611949377,0.00043979,4.1102E-05,0
1,200,7.952,6.229488199,394.054326,0.000376,0,0,1.4947,0.05414,0,0,0,0,0,0.151728,2.742428507,0.00043979,4.1102E-05,0
1,200,7.952,6.229488199,394.054326,0,0,0,0,0,0,0,0,0,0,0.44541,0.757177028,0.00043979,4.1102E-05,0
1,200,7.952,6.229488199,394.054326,0,0,0,0,0.008336,0.015921,0,0,0,0,1.41975,0.51278208,0.00043979,4.1102E-05,0
1,200,7.952,6.229488199,394.054326,0,0,0,0,0,0,0,0,0,0,0.151728,1.740043236,0.00043979,4.1102E-05,0
1,200,7.952,6.229488199,394.054326,0,0,0,0,0,0,0,0,0,0,0.276939,3.933904712,0.00043979,4.1102E-05,0
1,200,7.952,6.229488199,394.054326,0,0,0,0,0.62723,0,0,0,0,0,0.31755,3.539348854,0.00043979,4.1102E-05,0
1,200,7.952,6.229488199,394.054326,0.015379,0,0,0,0,0,0,0,0,0,0,3.933904712,0.00043979,4.1102E-05,0
1,200,7.952,6.229488199,394.054326,0.008333,0,0,0,0,0,0,0,0,0,0.151728,3.50611189,0.00043979,4.1102E-05,0
1,200,7.952,6.229488199,394.054326,0.045123,0,0,0,0.64611,0.0024365,0,0,0,0,0,3.66575417,0.00043979,4.1102E-05,0
1,200,7.952,6.229488199,394.054326,0.003295,0,0.79845,0.223,0,0,0,0,0,0,0.151728,1.611949377,0.00043979,4.1102E-05,0
1,200,7.952,6.229488199,394.054326,0,0,0,0.001677,0.12938,0,0,0,0,0,0,4.862686845,0.00043979,4.1102E-05,0
1,200,7.952,6.229488199,394.054326,0,0,0,0.007251,0.059735,0,0,0,0,0,0.151728,5.721119019,0.00043979,4.1102E-05,0
1,200,7.952,6.229488199,394.054326,0.5201,0,0,0,0,0,0,0,0,0,0,1.926287639,0.00043979,4.1102E-05,0
1,200,7.952,6.229488199,394.054326,0.045123,0,0,0,0.053112,0,0,0,0,0,3.8946,1.953939646,0.00043979,4.1102E-05,0
1,200,7.952,6.229488199,394.054326,0.008333,0,0,2.8607,0,0,0,0,0,0,0.181728,0.308645201,0.00043979,4.1102E-05,0
1,200,7.952,6.229488199,394.054326,0,0,0,0,0,0,0,0,0,0,0.151728,0.506275725,0.00043979,4.1102E-05,0
1,200,7.952,6.229488199,394.054326,0.011479,0,0,0.003821,0,0,0,0,0,0,0.151728,0.757177028,0.00043979,4.1102E-05,0
1,200,7.952,6.229488199,394.054326,2.5794,0,0,0,0,0,0,0,0,0,0,1.788434249,0.00043979,4.1102E-05,0
1,200,7.952,6.229488199,394.054326,0.40788,0,0,0.48873,0,0,0,0,0,0,0,1.788434249,0.00043979,4.1102E-05,0
1,200,7.952,6.229488199,394.054326,0,0,0,0.22843,0.005239,0,0,0,0,0,0.151728,3.539348854,0.00043979,4.1102E-05,0
1,200,7.952,6.229488199,394.054326,0,0,0,3.4325,0,0,0,0,0,0,0.151728,1.953939646,0.00043979,4.1102E-05,0
1,200,7.952,6.229488199,394.054326,0,0,0,0.013024,0,0,0,0,0,0,0.151728,3.37110503,0.00043979,4.1102E-05,0
1,200,7.952,6.229488199,394.054326,0,0,0,1.0487,0.053112,0,0,0,0,0,0.151728,2.282103912,0.00043979,4.1102E-05,0
1,200,7.952,6.229488199,394.054326,0,0,0,0,0.008335,0,0,0,0,0,0,2.742428507,0.00043979,4.1102E-05,0
1,200,7.952,6.229488199,394.054326,0,0,0,0.7793,0.008321,0,0,0,0,0,0,1.740043236,0.00043979,4.1102E-05,0
1,200,7.952,6.229488199,394.054326,0.005239,0,0,0,0.21192,0,0,0,0,0,2.52933,0.506275725,0.00043979,4.1102E-05,0
1,200,7.952,6.229488199,394.054326,0,0,0,0.030631,0,0.781,0,0,0,0,0.70503,1.611949377,0.00043979,4.1102E-05,0
1,200,7.952,6.229488199,394.054326,0.013575,0,0,0,0,0,0,0,0,0,0,1.753869239,0.00043979,4.1102E-05,0
1,200,7.952,6.229488199,394.054326,0.007353,0,0,0,0,0,0,0,0,0,1.31526,1.912461635,0.00043979,4.1102E-05,0
1,200,7.952,6.229488199,394.054326,0.00524,0,0,0,0.0088426,0,0,0,0,0,0,4.044970118,0.00043979,4.1102E-05,0
1,200,7.952,6.229488199,394.054326,0.7988,0,0,0,0,0,0,0,0,0,0.151728,1.753869239,0.00043979,4.1102E-05,0
1,200,7.952,6.229488199,394.054326,0.008333,0,0,0,0.00062,0,0,0,0,0,0.151728,5.721119019,0.00043979,4.1102E-05,0
1,200,7.952,6.229488199,394.054326,0.002011,0,0,0,0.12099,0,0,0,0,0,0,1.480602342,0.00043979,4.1102E-05,0
1,200,7.952,6.229488199,394.054326,0,0,0,0.00524,0,0,0,0,0,0,0,4.862686845,0.00043979,4.1102E-05,0
1,200,7.952,6.229488199,394.054326,0,0,0,0,0,0,0,0,0,0,0.151728,1.953939646,0.00043979,4.1102E-05,0
1,200,7.952,6.229488199,394.054326,0,0,0,0,0,0,0,0,0,0,0.151728,1.926287639,0.00043979,4.1102E-05,0
1,200,7.952,6.229488199,394.054326,0,0,0,0.15168,0,0,0,0,0,0,0,4.862686845,0.00043979,4.1102E-05,0
1,200,7.952,6.229488199,394.054326,0.002508,0,0,0,1.2446,0,0,0,0,0,0.75174,0.677067536,0.00043979,4.1102E-05,0
1,200,7.952,6.229488199,394.054326,0.010521,0,0,0.0306,0,0,0,0,0,0,0,5.924849251,0.00043979,4.1102E-05,0
1,200,7.952,6.229488199,394.054326,0.011679,0,0,0,0.49136,0,0,0,0,0,0.151728,1.480602342,0.00043979,4.1102E-05,0
1,200,7.952,6.229488199,394.054326,0.98086,0,0,0.036193,0.03958,0,0,0,0,0,0.151728,0.403800639,0.00043979,4.1102E-05,0
1,200,7.952,6.229488199,394.054326,0,0,0,0,0,0,0.60778,0,0,0,0.151728,2.742428507,0.00043979,4.1102E-05,0
1,200,7.952,6.229488199,394.054326,0,0,0,0,0.013746,0,0,0,0,0,0.151728,0.308645201,0.00043979,4.1102E-05,0
1,200,7.952,6.229488199,394.054326,0,0,0,0.067813,0.065813,0,0,0,0,0,0.151728,0.533114438,0.00043979,4.1102E-05,0
1,200,7.952,6.229488199,394.054326,0.013573,0,0,0,1.7509,0,0,0,0,0,0,1.912461635,0.00043979,4.1102E-05,0
1,200,7.952,6.229488199,394.054326,0.003295,0,0,0.005239,0,0,0.42744,0,0,0,0.276939,0.51278208,0.00043979,4.1102E-05,0
1,200,7.952,6.229488199,394.054326,0.062194,0,0.000124,0.000739,0.42442,0,0,0,0,0,0.151728,0.757177028,0.00043979,4.1102E-05,0
1,200,7.952,6.229488199,394.054326,0,0,0,0.0011005,0.001192,0,0,0,0,0,0,3.50611189,0.00043979,4.1102E-05,0
1,200,7.952,6.229488199,394.054326,0.0964,0,0,0,1.4612,0.50544,0,0,0,0,0,3.294248715,0.00043979,4.1102E-05,0
1,200,7.952,6.229488199,394.054326,0,0,0,0,0,0,0,0,0,0,1.73121,1.480602342,0.00043979,4.1102E-05,0
1,200,7.952,6.229488199,394.054326,0.01367,0,0,0,0,0.77921,0,0,0,0,0.68376,0.163878809,0.00043979,4.1102E-05,0
1,200,7.952,6.229488199,394.054326,0.040702,0,0,0,0.00524,0,0,0,0,0,0.151728,1.753869239,0.00043979,4.1102E-05,0
1,200,7.952,6.229488199,394.054326,0,0,0,0,4.9078,0,0,0,0,0,0,0.403800639,0.00043979,4.1102E-05,0
1,200,7.952,6.229488199,394.054326,0.013408,0,0,0.37666,0,0,0.67845,0,0,0,0.151728,0.163878809,0.00043979,4.1102E-05,0
1,200,7.952,6.229488199,394.054326,0,0,0,0,0.008333,0,0,0,0,0,0.151728,5.721119019,0.00043979,4.1102E-05,0
1,200,7.952,6.229488199,394.054326,0.032537,0,0,0,0.032706,0,0.74966,0,0,0,0.151728,1.953939646,0.00043979,4.1102E-05,0
1,200,7.952,6.229488199,394.054326,0.008489,0,0,0,0,0,0,0,0,0,0.151728,2.742428507,0.00043979,4.1102E-05,0
1,200,7.952,6.229488199,394.054326,0,0,2.4044,0.70621,0.014258,0,0,0,0,0,0,1.082901411,0.00043979,4.1102E-05,0
1,200,7.952,6.229488199,394.054326,0,0,0,0,0,0,0,0,0,0,0.151728,1.740043236,0.00043979,4.1102E-05,0
1,200,7.952,6.229488199,394.054326,0.46343,0,0,0,0.93395,0,0,0,0,0,0.65616,0.757177028,0.00043979,4.1102E-05,0
1,200,7.952,6.229488199,394.054326,0,0,0,0,0,0,0,0,0,0,0.151728,1.753869239,0.00043979,4.1102E-05,0
1,200,7.952,6.229488199,394.054326,0.00524,0,0,0.030237,0.008333,0.78209,0,0,0,0,0,0.403800639,0.00043979,4.1102E-05,0
1,200,7.952,6.229488199,394.054326,0.035255,0,0,0,2.3758,0.03757,0,0,0,0,0,0.496109546,0.00043979,4.1102E-05,0
1,200,7.952,6.229488199,394.054326,0.00524,0,0,0,0.016012,0,0,0,0,0,0.151728,1.740043236,0.00043979,4.1102E-05,0
1,200,7.952,6.229488199,394.054326,0,0,0,0.27563,0.007697,0,0,0,0,0,0.151728,0.403800639,0.00043979,4.1102E-05,0
1,200,7.952,6.229488199,394.054326,0,0,0,0,0,4.8967,0,0,0,0,0.151728,0.677067536,0.00043979,4.1102E-05,0
1,200,7.952,6.229488199,394.054326,0.70554,0,0,0.18118,0,0,0,0,0,0,0.151728,2.282103912,0.00043979,4.1102E-05,0
1,200,7.952,6.229488199,394.054326,0.013573,0,0,0,0.016012,0.77904,0,0,0,0,0,1.912461635,0.00043979,4.1102E-05,0
1,200,7.952,6.229488199,394.054326,0,0,0,0,0,0,0,0,0,0,2.37174,1.953939646,0.00043979,4.1102E-05,0
1,200,7.952,6.229488199,394.054326,0.008333,0,0,0.12679,0.008333,0,0,0,0,0,0.151728,5.721119019,0.00043979,4.1102E-05,0
1,200,7.952,6.229488199,394.054326,2.1473,0,0,0.038288,0.007328,0,0,0,0,0,0.44541,3.370698383,0.00043979,4.1102E-05,0
1,200,7.952,6.229488199,394.054326,0,0,0,0.00524,0.008335,0,0,0,0,0,0,1.953939646,0.00043979,4.1102E-05,0
1,200,7.952,6.229488199,394.054326,0,0,0,0.02191,0,0,0,0,0,0,0.151728,0.403800639,0.00043979,4.1102E-05,0
1,200,7.952,6.229488199,394.054326,0.19687,0,0,0,0.008133,0,0,0,0,0,0,2.473634728,0.00043979,4.1102E-05,0
1,200,7.952,6.229488199,394.054326,1.5202,0,0,1.7556,0,0.008333,0.093171,0,0,0,0,1.953939646,0.00043979,4.1102E-05,0
1,200,7.952,6.229488199,394.054326,0,0,0,0,0,0,0,0,0,0,0,1.600969904,0.00043979,4.1102E-05,0
1,200,7.952,6.229488199,394.054326,0.023275,0,0,0,0.00524,0,0,0,0,0,0.151728,0.533114438,0.00043979,4.1102E-05,0
1,200,7.952,6.229488199,394.054326,0,0,0,0,0,0,0,0,0,0,0,3.50611189,0.00043979,4.1102E-05,0
1,200,7.952,6.229488199,394.054326,3.0939,0,0,0,0.0001405,0,0,0,0,0,0.151728,0.090682319,0.00043979,4.1102E-05,0
1,200,7.952,6.229488199,394.054326,0,0,0,0.020575,0.21732,0,0,0,0,0,0,5.924849251,0.00043979,4.1102E-05,0
1,200,7.952,6.229488199,394.054326,0,0,0,0,0,0,0,0,0,0,0,3.539348854,0.00043979,4.1102E-05,0
1,200,7.952,6.229488199,394.054326,0,0,0,0,0.008333,0,0,0,0,0,0.241728,5.721119019,0.00043979,4.1102E-05,0
1,200,7.952,6.229488199,394.054326,0.60993,0,0,0.008335,0,0,0,0,0,0,0.45174,1.753869239,0.00043979,4.1102E-05,0
1,200,7.952,6.229488199,394.054326,0.008333,0,0,0.002011,0,0,0,0,0,0,1.42239,2.742428507,0.00043979,4.1102E-05,0
1,200,7.952,6.229488199,394.054326,0,0,0,0,0.17103,0,0,0,0,0,0.151728,1.788434249,0.00043979,4.1102E-05,0
1,200,7.952,6.229488199,394.054326,2.7267,0,0,0.011527,0,0,0,0,0.80203,0,1.02366,1.437091095,0.00043979,4.1102E-05,0
1,200,7.952,6.229488199,394.054326,0.60993,0,0,0,0,0,0,0,0,0,3.3018,0.757177028,0.00043979,4.1102E-05,0
1,200,7.952,6.229488199,394.054326,2.6701,0,0,0,0.21732,0.78866,0.13028,0,0,0,0.151728,1.740043236,0.00043979,4.1102E-05,0
1,200,7.952,6.229488199,394.054326,0,0,0,0,0.31656,0,0,0,0,0,0.151728,1.437091095,0.00043979,4.1102E-05,0
1,200,7.952,6.229488199,394.054326,0,0,0,0,0.070777,0,0,0,0,0,1.38174,3.294248715,0.00043979,4.1102E-05,0
1,200,7.952,6.229488199,394.054326,0.001192,0,0,0,0,0,0,0,0,0,4.8618,0.533114438,0.00043979,4.1102E-05,0
1,200,7.952,6.229488199,394.054326,0,0,0,0.0021738,0.008336,0,0.13028,0,0,0,0.151728,3.370698383,0.00043979,4.1102E-05,0
2,201,5.428,6.230371013,394.1101695,0.35231,0,0,0.008333,0,0,0,0,0,0,0,0.541773565,0.000432315,4.04035E-05,0
2,201,5.428,6.230371013,394.1101695,0.35231,0,0,0.008333,0,0,0,0,0,0,0.285792,0.99739448,0.000432315,4.04035E-05,0
2,201,5.428,6.230371013,394.1101695,0.00524,0,0,0,0,0,0,0,0,0,0,0.541773565,0.000432315,4.04035E-05,0
2,201,5.428,6.230371013,394.1101695,0,0,0,0,0.008332,0,0,0.79359,0,0,0,0.423815456,0.000432315,4.04035E-05,0
2,201,5.428,6.230371013,394.1101695,0.0021738,0,0,0.007251,0,0,0,0,0,0,0,0.541773565,0.000432315,4.04035E-05,0
2,201,5.428,6.230371013,394.1101695,1.5374,0,0,0.008336,0,0,0,0,0,0,0.151728,2.124635517,0.000432315,4.04035E-05,0
2,201,5.428,6.230371013,394.1101695,0,0,0,0,0,0,0,0,0,0,0.151728,3.789481443,0.000432315,4.04035E-05,0
2,201,5.428,6.230371013,394.1101695,0,0,0,1.9259,0,0,0.13028,0,0,0,0.278526,0.423815456,0.000432315,4.04035E-05,0
2,201,5.428,6.230371013,394.1101695,0,0,0,0,0.00014,0,0,0.78852,0,0,0.28509,3.237208988,0.000432315,4.04035E-05,0
2,201,5.428,6.230371013,394.1101695,0,0,0,0,0,0,0,0,0,0,0,0.301225485,0.000432315,4.04035E-05,0
2,201,5.428,6.230371013,394.1101695,0,0,0,0,0,0,0,0,0,0,0,2.007567612,0.000432315,4.04035E-05,0
2,201,5.428,6.230371013,394.1101695,0,0,0,0.008333,0,0,0,0,0,0,0,0.423815456,0.000432315,4.04035E-05,0
2,201,5.428,6.230371013,394.1101695,0,0,0,0,0,0,0.021726,0,0,0,0,0.423815456,0.000432315,4.04035E-05,0
2,201,5.428,6.230371013,394.1101695,0,0,0,2.853,0,0,0,0,0,0,0.151728,1.651413523,0.000432315,4.04035E-05,0
2,201,5.428,6.230371013,394.1101695,0.018235,0,0,0.021603,0,0,0,0,0,0,0,0.301225485,0.000432315,4.04035E-05,0
2,201,5.428,6.230371013,394.1101695,0,0,0,0,0.008332,0,0,0,0,0,0.151728,1.651413523,0.000432315,4.04035E-05,0
2,201,5.428,6.230371013,394.1101695,0.00524,0,0,0,0,0.000138,0.021726,0,0,0,0.151728,0.423815456,0.000432315,4.04035E-05,0
2,201,5.428,6.230371013,394.1101695,0,0,0,0.1451,0.008321,0,0,0,0,0,0,2.124635517,0.000432315,4.04035E-05,0
2,201,5.428,6.230371013,394.1101695,0,0,0,0,0,0,0,0,0,0,4.1943,0.219704697,0.000432315,4.04035E-05,0
2,201,5.428,6.230371013,394.1101695,0.002382,0,0,0.53462,0,0,0.059897,0,0,0,1.5003,0.99739448,0.000432315,4.04035E-05,0
2,201,5.428,6.230371013,394.1101695,0.0068531,0,0,0.0062753,0,1.9943,0,0,0,0,0,0.423815456,0.000432315,4.04035E-05,0
2,201,5.428,6.230371013,394.1101695,0.009021,0,0,3.325,0.90312,0,0,0,0,0,0.151728,0.085689464,0.000432315,4.04035E-05,0
2,201,5.428,6.230371013,394.1101695,0,0,0,0,0,0,0,0,0,0,0,2.474804353,0.000432315,4.04035E-05,0
2,201,5.428,6.230371013,394.1101695,0.005239,0,0,0,4.2931,0,0,0,0,0,0.276939,1.035375756,0.000432315,4.04035E-05,0
2,201,5.428,6.230371013,394.1101695,0.00524,0,0,0,0,0,0,0,0,0,0.151728,0.99739448,0.000432315,4.04035E-05,0
2,201,5.428,6.230371013,394.1101695,0.17481,0,0,0.008335,0,0,0,0,0,0,0,0.99739448,0.000432315,4.04035E-05,0
2,201,5.428,6.230371013,394.1101695,0.0088426,0,0,0,2.0298,1.0992,0,0,0,0,0,2.124635517,0.000432315,4.04035E-05,0
2,201,5.428,6.230371013,394.1101695,0.001326,0,0,0,0,0,0.002308,0,0,0,0.151728,0.219704697,0.000432315,4.04035E-05,0
2,201,5.428,6.230371013,394.1101695,0,0,0,0,0.005239,0,0,0,0,0,0.181728,0.301225485,0.000432315,4.04035E-05,0
2,201,5.428,6.230371013,394.1101695,0,0,0,0.18118,0.52251,0,0,0,0,0,0,0.99739448,0.000432315,4.04035E-05,0
2,201,5.428,6.230371013,394.1101695,0,0,0,0,0.008333,0,0,0,0,0,0,1.035375756,0.000432315,4.04035E-05,0
2,201,5.428,6.230371013,394.1101695,0.015764,0,0,0.2491,0,0,0,0,0,0,0.273018,1.035375756,0.000432315,4.04035E-05,0
2,201,5.428,6.230371013,394.1101695,0,0,0.00036,0,0,0,0,0,0,0,0,1.035375756,0.000432315,4.04035E-05,0
2,201,5.428,6.230371013,394.1101695,0.078253,0,0,0.91042,0,0,0,0,0,0,0,0.301225485,0.000432315,4.04035E-05,0
2,201,5.428,6.230371013,394.1101695,0.01357,0,0,0,0.003346,0,0,0,0,0,0.75903,3.789481443,0.000432315,4.04035E-05,0
2,201,5.428,6.230371013,394.1101695,0,0,0,0,0,0,0,0,0,0,0,0.085689464,0.000432315,4.04035E-05,0
2,201,5.428,6.230371013,394.1101695,0.000251,0,0.01603,0.002868,0,0,0,0,0,0,0.151728,0.541773565,0.000432315,4.04035E-05,0
2,201,5.428,6.230371013,394.1101695,0.008333,0,0,0,0.016012,0,0,0,0,0,0.151728,3.789481443,0.000432315,4.04035E-05,0
2,201,5.428,6.230371013,394.1101695,0,0,0,0,0,0,0,0,0,0,2.76468,0.219704697,0.000432315,4.04035E-05,0
2,201,5.428,6.230371013,394.1101695,2.5147,0,0.000376,0,0,0,0,0,0,0,0.151728,3.237208988,0.000432315,4.04035E-05,0
2,201,5.428,6.230371013,394.1101695,0.013404,0,0,0,0.19458,0,0,0,0,0,0.31059,0.541773565,0.000432315,4.04035E-05,0
2,201,5.428,6.230371013,394.1101695,0.034133,0,0,0.002031,0.0099455,0,0.13028,0,0,0,0.151728,0.301225485,0.000432315,4.04035E-05,0
2,201,5.428,6.230371013,394.1101695,0.72108,0,0,0,2.3758,0,0,0,0,0,0,0.541773565,0.000432315,4.04035E-05,0
2,201,5.428,6.230371013,394.1101695,0.008335,0,0,0,5.0207,0,0,0,0,0,0,0.99739448,0.000432315,4.04035E-05,0
2,201,5.428,6.230371013,394.1101695,0.01048,0,0,1.8616,0,0,0,0,0,0,0.151728,3.237208988,0.000432315,4.04035E-05,0
2,201,5.428,6.230371013,394.1101695,0,0,0,0,0,0,0,0,0,0,0.151728,1.035375756,0.000432315,4.04035E-05,0
2,201,5.428,6.230371013,394.1101695,0.005769,0,0,0,0,0,0,0,0,0,0,2.474804353,0.000432315,4.04035E-05,0
2,201,5.428,6.230371013,394.1101695,0.10994,0,0,0.012395,0.0099455,0,0,0,0,0,0.280446,3.789481443,0.000432315,4.04035E-05,0
2,201,5.428,6.230371013,394.1101695,0,0,0,0,0.008333,0.56078,0,0,0,0,0.151728,0.423815456,0.000432315,4.04035E-05,0
2,201,5.428,6.230371013,394.1101695,0.00524,0,0,0,0,0,0,0,0,0,0.73911,2.474804353,0.000432315,4.04035E-05,0
2,201,5.428,6.230371013,394.1101695,0.019714,0,0,0,2.006,0,0,0,0,0,0,0.423815456,0.000432315,4.04035E-05,0
2,201,5.428,6.230371013,394.1101695,0,0,0,0.7793,0,0,0,0,0,0,0,0.423815456,0.000432315,4.04035E-05,0
2,201,5.428,6.230371013,394.1101695,1.5374,0,0,0.030965,0.013476,0,0,0,0,0,0,0.541773565,0.000432315,4.04035E-05,0
2,201,5.428,6.230371013,394.1101695,0.65673,0,0,0.014341,0.021909,0,0,0,0,0,0.241728,2.124635517,0.000432315,4.04035E-05,0
2,201,5.428,6.230371013,394.1101695,0,0,0,0,0,0,0,0,0,0,0.273357,0.301225485,0.000432315,4.04035E-05,0
2,201,5.428,6.230371013,394.1101695,0.023786,0,0,0,0,0,0,0,0,0,1.70622,0.085689464,0.000432315,4.04035E-05,0
2,201,5.428,6.230371013,394.1101695,0.14827,0,0,0.0043235,1.5099,0.79321,0,0,0,0,2.61366,0.541773565,0.000432315,4.04035E-05,0
2,201,5.428,6.230371013,394.1101695,0.014773,0,0,0.008333,0,0,0,0,0,0,0.151728,3.237208988,0.000432315,4.04035E-05,0
2,201,5.428,6.230371013,394.1101695,0.0072895,0,0,0,0,0,0,0,0,0,0,4.278895437,0.000432315,4.04035E-05,0
2,201,5.428,6.230371013,394.1101695,0,0,0,0,0,0,0,0,0,0,0.151728,3.237208988,0.000432315,4.04035E-05,0
2,201,5.428,6.230371013,394.1101695,0,0,0,0,0,0,0,0,0,0,0,2.474804353,0.000432315,4.04035E-05,0
2,201,5.428,6.230371013,394.1101695,0.001434,0,0,0,0.00524,0,0,0,0,0,0,3.237208988,0.000432315,4.04035E-05,0
2,201,5.428,6.230371013,394.1101695,0,0,0,0,0,0,0.10863,0,0,0,0,0.541773565,0.000432315,4.04035E-05,0
2,201,5.428,6.230371013,394.1101695,1.5374,0,0,0,0,0,0,0,0,0,0,0.301225485,0.000432315,4.04035E-05,0
2,201,5.428,6.230371013,394.1101695,0,0,0,0.01836,0.000124,0,0,0,0,0,0,1.035375756,0.000432315,4.04035E-05,0
2,201,5.428,6.230371013,394.1101695,0.0055799,0,0,0,0,0.79482,0,0,0,0,0,1.651413523,0.000432315,4.04035E-05,0
2,201,5.428,6.230371013,394.1101695,0.032537,0,0,0,2.8821,0,0,0,0,0,0.33174,0.423815456,0.000432315,4.04035E-05,0
2,201,5.428,6.230371013,394.1101695,0.21588,0,0,0,0,0,0.008333,0,0,0,0.151728,0.423815456,0.000432315,4.04035E-05,0
2,201,5.428,6.230371013,394.1101695,0.003346,0,0,0,0,0.77904,0,0,0,0,0,0.99739448,0.000432315,4.04035E-05,0
2,201,5.428,6.230371013,394.1101695,0,0,0,0,0.003144,0,0,0,0,0,5.4765,0.085689464,0.000432315,4.04035E-05,0
2,201,5.428,6.230371013,394.1101695,0.93731,0,0,0,0.014258,0,0,0,0,0,0.73911,1.651413523,0.000432315,4.04035E-05,0
2,201,5.428,6.230371013,394.1101695,0,0,0,0.000063,0.013551,2.1024,0,0,0,0,0.288579,2.124635517,0.000432315,4.04035E-05,0
2,201,5.428,6.230371013,394.1101695,0,0,0,0.003538,0,0,0.59876,0,0,0,0.287505,0.301225485,0.000432315,4.04035E-05,0
2,201,5.428,6.230371013,394.1101695,0.007697,0,0,0,0,0,0,0,0,0,0.33174,1.035375756,0.000432315,4.04035E-05,0
2,201,5.428,6.230371013,394.1101695,0,0,0,0.067813,0,0,0,0,0,0,0.288579,1.035375756,0.000432315,4.04035E-05,0
2,201,5.428,6.230371013,394.1101695,0,0,0,0,0.21192,0,0,0,0,0,0.151728,1.651413523,0.000432315,4.04035E-05,0
2,201,5.428,6.230371013,394.1101695,0.024955,0,0,0,0,0,0.002308,0,0,0,0.288579,1.035375756,0.000432315,4.04035E-05,0
2,201,5.428,6.230371013,394.1101695,0,0,0,0,0,0,0,0,0,0,0.151728,2.124635517,0.000432315,4.04035E-05,0
2,201,5.428,6.230371013,394.1101695,0,0,0,1.8563,0,0.26686,0,0,0,0,0.151728,3.789481443,0.000432315,4.04035E-05,0
2,201,5.428,6.230371013,394.1101695,0.00524,0,0,0,0.00062,0,0.059897,0,0,0,0,0.085689464,0.000432315,4.04035E-05,0
2,201,5.428,6.230371013,394.1101695,0,0,0,0,0,0,0,0,0,0,0.151728,0.085689464,0.000432315,4.04035E-05,0
2,201,5.428,6.230371013,394.1101695,5.6933,0,0,0.0029965,0.011532,0,0,0,0,0,0,0.085689464,0.000432315,4.04035E-05,0
2,201,5.428,6.230371013,394.1101695,0,0,0,0,0.0041885,0,0,0,0,0,0,0.085689464,0.000432315,4.04035E-05,0
2,201,5.428,6.230371013,394.1101695,0,0,0.79774,0,0,0,0,0,0,0,0,0.085689464,0.000432315,4.04035E-05,0
2,201,5.428,6.230371013,394.1101695,0.01048,0,0,2.2778,0.008333,0,0,0,0,0,0.151728,0.085689464,0.000432315,4.04035E-05,0
2,201,5.428,6.230371013,394.1101695,0,0,0,0,0,0,0,0,0,0,0.151728,0.085689464,0.000432315,4.04035E-05,0
2,201,5.428,6.230371013,394.1101695,1.7741,0,0.09243,0,0,0,0.13028,0,0,0,0.151728,2.124635517,0.000432315,4.04035E-05,0
2,201,5.428,6.230371013,394.1101695,0.74435,0,0,0.008333,0,0.781,0,0,0,0,1.33728,2.474804353,0.000432315,4.04035E-05,0
2,201,5.428,6.230371013,394.1101695,0,0,0,0,1.0784,0,0.13028,0,0,0,0.151728,1.035375756,0.000432315,4.04035E-05,0
2,201,5.428,6.230371013,394.1101695,0,0,0,0.1451,0,0,0,0,0,0,0.151728,0.99739448,0.000432315,4.04035E-05,0
2,201,5.428,6.230371013,394.1101695,0,0,0,0,0.028193,1.692,0,0,0,0,0,0.541773565,0.000432315,4.04035E-05,0
2,201,5.428,6.230371013,394.1101695,0,0,0,0.00524,0,0,0,0,0,0,2.94174,0.541773565,0.000432315,4.04035E-05,0
2,201,5.428,6.230371013,394.1101695,0,0,0,0,0,0,0,0,0,0,0.290478,1.651413523,0.000432315,4.04035E-05,0
2,201,5.428,6.230371013,394.1101695,1.8115,0,0,0,0.008333,0,0,0,0,0,3.3057,0.301225485,0.000432315,4.04035E-05,0
2,201,5.428,6.230371013,394.1101695,2.3556,0,0,0,0.008333,0.77421,0,0,0,0,0.151728,1.651413523,0.000432315,4.04035E-05,0
2,201,5.428,6.230371013,394.1101695,0,0,0,0.008333,0,0,0,0,0,0,0,3.789481443,0.000432315,4.04035E-05,0
2,201,5.428,6.230371013,394.1101695,0,0,0.54712,0,0.013551,0,0,0,0,0,0.151728,2.474804353,0.000432315,4.04035E-05,0
2,201,5.428,6.230371013,394.1101695,0.010054,0,0,0,0,0,0,0,0,0,0.151728,4.278895437,0.000432315,4.04035E-05,0
2,201,5.428,6.230371013,394.1101695,0,0,0.0021738,0,0.008333,0,0,0,0,0,0.151728,1.651413523,0.000432315,4.04035E-05,0
2,201,5.428,6.230371013,394.1101695,0.0062156,0,0,0,0,0,0,0,0,0,0,0.301225485,0.000432315,4.04035E-05,0
2,201,5.428,6.230371013,394.1101695,0,0,0,0,0,0,0,0,0,0,0.293307,1.651413523,0.000432315,4.04035E-05,0
2,201,5.428,6.230371013,394.1101695,0,0,0,0,0,0,0.059897,0,0,0,3.4818,0.423815456,0.000432315,4.04035E-05,0
2,201,5.428,6.230371013,394.1101695,0,0,0,0,0,0,0,0,0,0,0.273357,0.085689464,0.000432315,4.04035E-05,0
2,201,5.428,6.230371013,394.1101695,0.005239,0,0,0,0.027077,0,0,0,0,0,0,0.301225485,0.000432315,4.04035E-05,0
2,201,5.428,6.230371013,394.1101695,0,0,0,0,0,0,0.13028,0,0,0,1.03647,1.651413523,0.000432315,4.04035E-05,0
2,201,5.428,6.230371013,394.1101695,0,0,0,0.10345,0,0,0,0,0,0,0.279489,0.085689464,0.000432315,4.04035E-05,0
2,201,5.428,6.230371013,394.1101695,0,0,0,0,0,0,0.67053,0,0,0,0.151728,1.035375756,0.000432315,4.04035E-05,0
2,201,5.428,6.230371013,394.1101695,0.18244,0,0,0.008333,0.008333,0.005198,0,0,0,0,0.37014,3.789481443,0.000432315,4.04035E-05,0
2,201,5.428,6.230371013,394.1101695,0,0,0,0.36044,0.52975,0,0,0,0,0,0.88596,1.035375756,0.000432315,4.04035E-05,0
2,201,5.428,6.230371013,394.1101695,3.5296,0,0,0,0,0,0,0,0,0,0,0.219704697,0.000432315,4.04035E-05,0
2,201,5.428,6.230371013,394.1101695,0.67499,0,0,0,0.14993,0,0,0,0,0,0.278694,2.474804353,0.000432315,4.04035E-05,0
2,201,5.428,6.230371013,394.1101695,0.90611,0,0,0,0,0,0,0,0,0,0,0.423815456,0.000432315,4.04035E-05,0
2,201,5.428,6.230371013,394.1101695,0,0,0,0,0.14172,0,0,0,0,0,0,3.237208988,0.000432315,4.04035E-05,0
2,201,5.428,6.230371013,394.1101695,0,0,0,0,0.003821,0,0,0,0,0,0,2.124635517,0.000432315,4.04035E-05,0
2,201,5.428,6.230371013,394.1101695,0.008333,0,0,0,0,0,0,0,0,0,0,0.99739448,0.000432315,4.04035E-05,0
2,201,5.428,6.230371013,394.1101695,0,0,0,0,0.009056,0.14124,0,0,0,0,1.17966,0.541773565,0.000432315,4.04035E-05,0
2,201,5.428,6.230371013,394.1101695,0,0,0,0,0,0,0,1.0018,0,0,0,0.541773565,0.000432315,4.04035E-05,0
2,201,5.428,6.230371013,394.1101695,0,0,0,0,0.008333,0,0,0,0,0,0.151728,2.124635517,0.000432315,4.04035E-05,0
2,201,5.428,6.230371013,394.1101695,0.031802,0,0,0,0,0,0,0,0,0,0,3.237208988,0.000432315,4.04035E-05,0
2,201,5.428,6.230371013,394.1101695,0,0,0,0,0,0,0,0,0,0,0,3.789481443,0.000432315,4.04035E-05,0
2,201,5.428,6.230371013,394.1101695,0,0,0.029402,0.000688,0.008333,0.000668,0.002308,0,0,0,0.151728,3.789481443,0.000432315,4.04035E-05,0
2,201,5.428,6.230371013,394.1101695,0,0,0.087942,0.002508,0,0,0.13028,0,0,0,0.151728,0.99739448,0.000432315,4.04035E-05,0
2,201,5.428,6.230371013,394.1101695,0,0,0,0,0,0,0,0,0,0,0.181728,0.219704697,0.000432315,4.04035E-05,0
2,201,5.428,6.230371013,394.1101695,0,0,0.90036,0,0,2.7565,0,0,0,0,0,0.541773565,0.000432315,4.04035E-05,0
2,201,5.428,6.230371013,394.1101695,0.00524,0,0,0.38795,0,0,0,0,0,0,0.70485,3.237208988,0.000432315,4.04035E-05,0
2,201,5.428,6.230371013,394.1101695,3.8952,0,0,0,0,0,0,0,0,0,0.151728,1.035375756,0.000432315,4.04035E-05,0
2,201,5.428,6.230371013,394.1101695,0,0,0,0.007148,0.32888,0,0,0,0,0,0,0.423815456,0.000432315,4.04035E-05,0
2,201,5.428,6.230371013,394.1101695,0.037775,0,0,0,0.010122,0,0,0,0,0,0.53757,1.035375756,0.000432315,4.04035E-05,0
2,201,5.428,6.230371013,394.1101695,0,0,0,0,0,0.77904,0,0,0,0,0,0.301225485,0.000432315,4.04035E-05,0
2,201,5.428,6.230371013,394.1101695,0,0,0,0.00524,0,0,0,0.98694,0,0,0.292407,0.541773565,0.000432315,4.04035E-05,0
2,201,5.428,6.230371013,394.1101695,0,0,0,0,0,0,0,0,0,0,2.06073,3.789481443,0.000432315,4.04035E-05,0
2,201,5.428,6.230371013,394.1101695,0,0,0,0.01409,0,0,0,0,0,0,0,2.474804353,0.000432315,4.04035E-05,0
2,201,5.428,6.230371013,394.1101695,0.000251,0,0,0,0.01564,1.3939,0,0,0,0,0,0.541773565,0.000432315,4.04035E-05,0
2,201,5.428,6.230371013,394.1101695,0.000081,0,0,0,0,0,0,0,0,0,2.22174,3.789481443,0.000432315,4.04035E-05,0
2,201,5.428,6.230371013,394.1101695,0,0,0,0.15605,0,0,0,0,0,0,0.278532,0.085689464,0.000432315,4.04035E-05,0
2,201,5.428,6.230371013,394.1101695,0,0,0,0.02891,0.000124,0,0,0,0,0,0.271728,2.124635517,0.000432315,4.04035E-05,0
2,201,5.428,6.230371013,394.1101695,0,0,0,0,0,0,0,0,0,0,0.78174,0.301225485,0.000432315,4.04035E-05,0
2,201,5.428,6.230371013,394.1101695,0.74435,0,0,0,0.008333,0,0,0,0,0,0,0.541773565,0.000432315,4.04035E-05,0
2,201,5.428,6.230371013,394.1101695,0,0,0,0,0,0,0,0,0,0,0.181728,3.237208988,0.000432315,4.04035E-05,0
2,201,5.428,6.230371013,394.1101695,0,0,0,0.18602,0.14993,0,0,0,0,0,0.90174,3.789481443,0.000432315,4.04035E-05,0
2,201,5.428,6.230371013,394.1101695,0,0,0,0.83912,0,0,0,0,0,0,0.151728,3.237208988,0.000432315,4.04035E-05,0
2,201,5.428,6.230371013,394.1101695,0,0,0,0.00524,0,0.006508,0,0,0,0,0.37014,0.301225485,0.000432315,4.04035E-05,0
2,201,5.428,6.230371013,394.1101695,0,0,0,3.325,0,0.59584,0,0,0,0,0.151728,1.035375756,0.000432315,4.04035E-05,0
2,201,5.428,6.230371013,394.1101695,0.00036,0,0,0.00524,0.0094528,4.0019,0,0,0,0,0.151728,1.035375756,0.000432315,4.04035E-05,0
2,201,5.428,6.230371013,394.1101695,0.12797,0,0,0,0,0,0,0,0,0,0.75903,1.651413523,0.000432315,4.04035E-05,0
2,201,5.428,6.230371013,394.1101695,0.034521,0,0,0,0.007148,0.014181,0,0,0,0,0.151728,2.474804353,0.000432315,4.04035E-05,0
2,201,5.428,6.230371013,394.1101695,0,0,0,0,0,0.26686,0,0,0,0,0.151728,1.035375756,0.000432315,4.04035E-05,0
2,201,5.428,6.230371013,394.1101695,0.047389,0,0,0,0,0,0,0,0,0,0.151728,0.301225485,0.000432315,4.04035E-05,0
2,201,5.428,6.230371013,394.1101695,0.008336,0,0,0.081032,0,0.77921,0,0,0,0,0.151728,1.035375756,0.000432315,4.04035E-05,0
2,201,5.428,6.230371013,394.1101695,0,0,0,0,0,0,0,0,0,0,4.4313,0.219704697,0.000432315,4.04035E-05,0
2,201,5.428,6.230371013,394.1101695,3.0031,0,0,0,0,0,0,0,0,0,0.99864,0.085689464,0.000432315,4.04035E-05,0
2,201,5.428,6.230371013,394.1101695,0.003538,0,0,0,0,0,0,0,0,0,2.3544,1.035375756,0.000432315,4.04035E-05,0
2,201,5.428,6.230371013,394.1101695,0.00833,0,0,0,4.0421,0,0,0,0,0,0,0.423815456,0.000432315,4.04035E-05,0
2,201,5.428,6.230371013,394.1101695,0,0,0,0.001677,0.47436,0,0,0,0,0,1.38174,0.219704697,0.000432315,4.04035E-05,0
2,201,5.428,6.230371013,394.1101695,0.76883,0,0,0,0,0,0.10863,0,0,0,0.271728,0.085689464,0.000432315,4.04035E-05,0
2,201,5.428,6.230371013,394.1101695,0.98357,0,0,0.2491,0.009056,0,0,0,0,0,0,2.474804353,0.000432315,4.04035E-05,0
2,201,5.428,6.230371013,394.1101695,0.00524,0,4.0368,0.001436,0.008333,0,0,0,0,0,0,1.035375756,0.000432315,4.04035E-05,0
2,201,5.428,6.230371013,394.1101695,0,0,0,0,0.014941,0,0,0,0,0,0.68376,0.99739448,0.000432315,4.04035E-05,0
2,201,5.428,6.230371013,394.1101695,0.00021,0,0,0.007102,0,0,0,0,0,0,0,0.541773565,0.000432315,4.04035E-05,0
2,201,5.428,6.230371013,394.1101695,0,0,0,0,0,0,0,0,0,0,0.151728,0.085689464,0.000432315,4.04035E-05,0
2,201,5.428,6.230371013,394.1101695,0,0,0,0,0.17103,0,0,0,0,0,0.273357,0.301225485,0.000432315,4.04035E-05,0
2,201,5.428,6.230371013,394.1101695,0.005769,0,0,0,0.007148,0,0,0,0,0,1.62018,1.651413523,0.000432315,4.04035E-05,0
2,201,5.428,6.230371013,394.1101695,0.002139,0,0,0.026311,0,0,0,0,0,0,0.273372,3.789481443,0.000432315,4.04035E-05,0
2,201,5.428,6.230371013,394.1101695,0.12797,0,0,0,1.2845,0,0,2.1035,0,0,0,1.035375756,0.000432315,4.04035E-05,0
2,201,5.428,6.230371013,394.1101695,0,0,0,0.026311,0,0,0,0,0,0,0.273372,3.237208988,0.000432315,4.04035E-05,0
2,201,5.428,6.230371013,394.1101695,0.00524,0,0,2.9167,0.011527,0,0,0,0,0,0,2.124635517,0.000432315,4.04035E-05,0
2,201,5.428,6.230371013,394.1101695,0.11748,0,0.19195,0,0.027077,0,0.13028,0,0,0,2.6931,0.219704697,0.000432315,4.04035E-05,0
2,201,5.428,6.230371013,394.1101695,0.011203,0,0,0,0.00524,0,0,0,0,0,0.151728,0.423815456,0.000432315,4.04035E-05,0
2,201,5.428,6.230371013,394.1101695,0.00644,0,0,0,0.00524,1.5693,0,0,0,0,0,3.789481443,0.000432315,4.04035E-05,0
2,201,5.428,6.230371013,394.1101695,0.002139,0,0,0,0.0306,0,0,0,0,0,0.70341,3.237208988,0.000432315,4.04035E-05,0
2,201,5.428,6.230371013,394.1101695,0,0,0,0.00524,0,0,0,0,0,0,0,0.219704697,0.000432315,4.04035E-05,0
2,201,5.428,6.230371013,394.1101695,0.008335,0,0,0,0,0.77921,0,0,0,0,0,0.301225485,0.000432315,4.04035E-05,0
2,201,5.428,6.230371013,394.1101695,0,0,0,1.8616,0,0,0,0,0,0,0.273357,1.651413523,0.000432315,4.04035E-05,0
2,201,5.428,6.230371013,394.1101695,0,0,0,0,0,0,0,0,0,0,0.151728,0.99739448,0.000432315,4.04035E-05,0
2,201,5.428,6.230371013,394.1101695,0.000172,0,0.003346,0,0,0,0,0,0,0,0.73911,0.541773565,0.000432315,4.04035E-05,0
2,201,5.428,6.230371013,394.1101695,0.60993,0,0,0,0,0,0,0,0,0,0.181728,0.301225485,0.000432315,4.04035E-05,0
2,201,5.428,6.230371013,394.1101695,0,0,0,0.33642,0,0,0,0,0,0,0.31755,3.789481443,0.000432315,4.04035E-05,0
2,201,5.428,6.230371013,394.1101695,0.067102,0,0,0,0.0057595,0,0,0,0,0,0.292407,0.219704697,0.000432315,4.04035E-05,0
2,201,5.428,6.230371013,394.1101695,0.00021,0,0,0,0,0.060187,0.93424,0,0,0,0,0.423815456,0.000432315,4.04035E-05,0
2,201,5.428,6.230371013,394.1101695,0,0,0,0,0.31016,0,0,0,0,0,0.36174,0.301225485,0.000432315,4.04035E-05,0
2,201,5.428,6.230371013,394.1101695,0.44516,0,0,0,0.008333,0.50544,0,0,0,0,2.22174,0.541773565,0.000432315,4.04035E-05,0
2,201,5.428,6.230371013,394.1101695,3.7455,0,0,0.008333,0.008333,0,0,0,0,0,0.151728,0.541773565,0.000432315,4.04035E-05,0
2,201,5.428,6.230371013,394.1101695,0.01061,0,0,0,0.00524,0,0,0,0,0,0.151728,0.301225485,0.000432315,4.04035E-05,0
2,201,5.428,6.230371013,394.1101695,0,0,0,0,0,0,0,0,0,0,0.151728,0.301225485,0.000432315,4.04035E-05,0
2,201,5.428,6.230371013,394.1101695,2.2494,0,0,0.008333,0.1136,0,0,0,0,0,0.151728,0.219704697,0.000432315,4.04035E-05,0
2,201,5.428,6.230371013,394.1101695,0.002011,0,0,0,1.7509,0,0,0,0,0,0,0.219704697,0.000432315,4.04035E-05,0
2,201,5.428,6.230371013,394.1101695,0.008333,0,0,0,0.008321,0,0,0,0,0,0.151728,1.035375756,0.000432315,4.04035E-05,0
2,201,5.428,6.230371013,394.1101695,0,0,0,0,1.1039,0,0,0,0,0,0,2.474804353,0.000432315,4.04035E-05,0
2,201,5.428,6.230371013,394.1101695,0,0,0,0,0,0,0,0,0,0,0.151728,0.423815456,0.000432315,4.04035E-05,0
2,201,5.428,6.230371013,394.1101695,0,0,0,0,0,0,0,0,0,0,0,3.789481443,0.000432315,4.04035E-05,0
2,201,5.428,6.230371013,394.1101695,0.00524,0,0,0.008333,0.0014495,0,0,0,0,0,0,0.219704697,0.000432315,4.04035E-05,0
2,201,5.428,6.230371013,394.1101695,0,0,0,0,0.003144,0,0,0,0,0,0,0.99739448,0.000432315,4.04035E-05,0
2,201,5.428,6.230371013,394.1101695,0.008335,0,0,0.0067015,0.008133,0.94061,0,0,0,0,1.31526,0.219704697,0.000432315,4.04035E-05,0
2,201,5.428,6.230371013,394.1101695,0.013573,0,0,0,0,0,0,0,0,0,0.151728,0.541773565,0.000432315,4.04035E-05,0
2,201,5.428,6.230371013,394.1101695,0,0,0,0.001326,0.008333,0,0,0,0,0,0.151728,0.99739448,0.000432315,4.04035E-05,0
2,201,5.428,6.230371013,394.1101695,0.011957,0,0,0.008333,0,0,0,0,0,0,4.8618,0.541773565,0.000432315,4.04035E-05,0
2,201,5.428,6.230371013,394.1101695,0,0,0,0,0.010996,0,0,0,0,0,0.50493,4.278895437,0.000432315,4.04035E-05,0
2,201,5.428,6.230371013,394.1101695,0.0068531,0,0,0,0,0,0,0,0,0,0,0.085689464,0.000432315,4.04035E-05,0
2,201,5.428,6.230371013,394.1101695,0,0,0,0,0,0,0,0,0,0,0.151728,0.423815456,0.000432315,4.04035E-05,0
2,201,5.428,6.230371013,394.1101695,0.000739,0,0,0,0,0,0,0,0,0,0,0.301225485,0.000432315,4.04035E-05,0
2,201,5.428,6.230371013,394.1101695,0,0,0,0,0,0,0,0,0,0,0.151728,0.219704697,0.000432315,4.04035E-05,0
2,201,5.428,6.230371013,394.1101695,0,0,0,0.011201,0,0,0,0,0,0,0.151728,2.124635517,0.000432315,4.04035E-05,0
2,201,5.428,6.230371013,394.1101695,0,0,0,0.008333,0,0,0,0,0,0,0,0.541773565,0.000432315,4.04035E-05,0
2,201,5.428,6.230371013,394.1101695,0.10994,0,0,0.00524,0.26036,0.089117,0,0,0,0,0.33174,2.474804353,0.000432315,4.04035E-05,0
2,201,5.428,6.230371013,394.1101695,0.043527,0,0,0,0,0,0,0,0,0,0.27948,0.541773565,0.000432315,4.04035E-05,0
2,201,5.428,6.230371013,394.1101695,0,0,0,0,0,0,0,0,0,0,0,3.237208988,0.000432315,4.04035E-05,0
2,201,5.428,6.230371013,394.1101695,0,0,0,0,0,0,0,0,0,0,0.151728,3.237208988,0.000432315,4.04035E-05,0
2,201,5.428,6.230371013,394.1101695,0.008335,0,0,0.71875,0,2.6999,0,0,0,0,0,0.423815456,0.000432315,4.04035E-05,0
2,201,5.428,6.230371013,394.1101695,0,0,0,0,0,0,0,0,0,0,1.52439,1.035375756,0.000432315,4.04035E-05,0
2,201,5.428,6.230371013,394.1101695,0.71313,0,0,0.008333,0,0,0.093171,0,0,0,0,0.085689464,0.000432315,4.04035E-05,0
2,201,5.428,6.230371013,394.1101695,0.00524,0,0,0,0,0,0,0,0,0,1.62048,1.035375756,0.000432315,4.04035E-05,0
2,201,5.428,6.230371013,394.1101695,0,0,0,0,0.0094073,0,0,0,0,0,0,3.789481443,0.000432315,4.04035E-05,0
2,201,5.428,6.230371013,394.1101695,0.000752,0,0,0.030631,0,0,0.13028,0,0,0,0.151728,3.789481443,0.000432315,4.04035E-05,0
2,201,5.428,6.230371013,394.1101695,0.00524,0,0,0.01254,0,0,0,0,0,0,4.4103,1.035375756,0.000432315,4.04035E-05,0
2,201,5.428,6.230371013,394.1101695,0,0,0,0,0,0.77927,0,0,0,0,0,1.651413523,0.000432315,4.04035E-05,0
2,201,5.428,6.230371013,394.1101695,0.39409,0,0,0.000251,0,0,0,0,0,0,0.285792,2.474804353,0.000432315,4.04035E-05,0
2,201,5.428,6.230371013,394.1101695,0,0,0,0,0.64611,0,0,0,0,0,1.47252,0.085689464,0.000432315,4.04035E-05,0
2,201,5.428,6.230371013,394.1101695,0,0,0,0.008333,0,0.000064,0,0,0,0,0,0.541773565,0.000432315,4.04035E-05,0
2,201,5.428,6.230371013,394.1101695,0.008333,0,0,1.244,0,0,0,0,0,0,0.151728,0.541773565,0.000432315,4.04035E-05,0
2,201,5.428,6.230371013,394.1101695,0.026942,0,0,0,0.008333,0,0,0,0,0,0,2.124635517,0.000432315,4.04035E-05,0
2,201,5.428,6.230371013,394.1101695,0.011569,0,0,0,0.008333,1.3382,0,0,0,0,0,1.651413523,0.000432315,4.04035E-05,0
2,201,5.428,6.230371013,394.1101695,0.00753,0,0,0,0,0.786,0,0,0,0,0,0.301225485,0.000432315,4.04035E-05,0
2,201,5.428,6.230371013,394.1101695,0,0,0,0,0,0,0,0,0,0,0.151728,0.301225485,0.000432315,4.04035E-05,0
2,201,5.428,6.230371013,394.1101695,0,0,0,0,0,0,0,0,0,0,1.62018,0.301225485,0.000432315,4.04035E-05,0
2,201,5.428,6.230371013,394.1101695,0.023275,0,0,0.008333,0,0,0,0,0,0,0.151728,4.278895437,0.000432315,4.04035E-05,0
2,201,5.428,6.230371013,394.1101695,0.5201,0,0,0,0,0,0,0,0,0,0.279822,0.085689464,0.000432315,4.04035E-05,0
2,201,5.428,6.230371013,394.1101695,0.014402,0,0,0.081032,0.034463,0,0.13028,0,0,0,0,0.301225485,0.000432315,4.04035E-05,0
2,201,5.428,6.230371013,394.1101695,0.72108,0,0,0,0.70741,0,0,0,0,0,0.75174,0.423815456,0.000432315,4.04035E-05,0
2,201,5.428,6.230371013,394.1101695,0,0,0,1.9259,0.00524,0,0,0,0,0,0.151728,3.789481443,0.000432315,4.04035E-05,0
2,201,5.428,6.230371013,394.1101695,0.008333,0,0,0,3.1902,0,0,0,0,0,0.273021,2.474804353,0.000432315,4.04035E-05,0
2,201,5.428,6.230371013,394.1101695,0,0,0,1.7274,0.008333,0,0,0,0,0,0,0.085689464,0.000432315,4.04035E-05,0
2,201,5.428,6.230371013,394.1101695,0,0,0.81432,0.00524,2.0529,0,0,0,0,0,0.151728,1.651413523,0.000432315,4.04035E-05,0
2,201,5.428,6.230371013,394.1101695,0.011203,0,0,0,3.8185,0,0,0,0,0,0.151728,0.99739448,0.000432315,4.04035E-05,0
2,201,5.428,6.230371013,394.1101695,0,0,0,0,0,0,0,0,0,0,0.151728,0.085689464,0.000432315,4.04035E-05,0
2,201,5.428,6.230371013,394.1101695,0,0,0.0021738,0.003346,0,0,0,0,0,0,1.02366,0.423815456,0.000432315,4.04035E-05,0
2,201,5.428,6.230371013,394.1101695,0.00524,0,0,0,0,0.78972,0,0,0,0,1.42239,0.423815456,0.000432315,4.04035E-05,0
2,201,5.428,6.230371013,394.1101695,0.27066,0,0,0,0,0,0,0,0,0,0,1.035375756,0.000432315,4.04035E-05,0
2,201,5.428,6.230371013,394.1101695,0,0,0,0.00524,0.038297,0.78099,0,0,0,0,0.151728,0.219704697,0.000432315,4.04035E-05,0
2,201,5.428,6.230371013,394.1101695,0.001009,0,0,0,0,0,0,0,0,0,0.181728,1.035375756,0.000432315,4.04035E-05,0
2,201,5.428,6.230371013,394.1101695,0.040702,0,0,0.008333,0,0,0,0,0,0,0,0.301225485,0.000432315,4.04035E-05,0
2,201,5.428,6.230371013,394.1101695,0.0964,0,0,0,0.001478,0,0,0,0,0,0.151728,0.219704697,0.000432315,4.04035E-05,0
2,201,5.428,6.230371013,394.1101695,0,0,0,0,0.0033865,0,0,0,0,0,1.21974,3.789481443,0.000432315,4.04035E-05,0
2,201,5.428,6.230371013,394.1101695,0.008333,0,0,0,0.000739,0,0,0,0,0,1.95174,3.237208988,0.000432315,4.04035E-05,0
2,201,5.428,6.230371013,394.1101695,0.00524,0,0,0.071721,0.014119,0,0,0,0,0,0,0.085689464,0.000432315,4.04035E-05,0
2,201,5.428,6.230371013,394.1101695,0,0,0,0,4.0421,0,0,0,0,0,0.73911,0.219704697,0.000432315,4.04035E-05,0
2,201,5.428,6.230371013,394.1101695,0.00524,0,0,0.007697,0.14172,1.0289,0,0,0,0,0.181728,2.474804353,0.000432315,4.04035E-05,0
2,201,5.428,6.230371013,394.1101695,0.008335,0,0.64381,0.00524,0,0,0,0,0,0,1.05978,3.789481443,0.000432315,4.04035E-05,0
2,201,5.428,6.230371013,394.1101695,0.011203,0,0,0,0,0,0,0,0,0,0.36594,3.237208988,0.000432315,4.04035E-05,0
2,201,5.428,6.230371013,394.1101695,0.005239,0,0,0,1.4315,0,0,0,0,0,0.73911,2.474804353,0.000432315,4.04035E-05,0
2,201,5.428,6.230371013,394.1101695,5.15,0,0,0.33642,0,0,0,0,0,0,0,0.301225485,0.000432315,4.04035E-05,0
2,201,5.428,6.230371013,394.1101695,0.39529,0,0,0,0,0,0,0,0,0,3.3018,2.474804353,0.000432315,4.04035E-05,0
2,201,5.428,6.230371013,394.1101695,0,0,0,0,0.31656,0,0,0,0,0,0,0.423815456,0.000432315,4.04035E-05,0
2,201,5.428,6.230371013,394.1101695,0,0,0,0,0,0.78033,0,0,0,0,2.68779,0.99739448,0.000432315,4.04035E-05,0
2,201,5.428,6.230371013,394.1101695,0,0,0,0.002139,0,0,0,0,0,0,0.151728,1.035375756,0.000432315,4.04035E-05,0
2,201,5.428,6.230371013,394.1101695,1.1189,0,0,0,0,0,0,0,0,0,0.151728,2.474804353,0.000432315,4.04035E-05,0
2,201,5.428,6.230371013,394.1101695,0,0,0,0.007697,0,0,0,0,0,0,0.151728,3.789481443,0.000432315,4.04035E-05,0
2,201,5.428,6.230371013,394.1101695,0,0,0,0,5.2021,0,0.13028,0,0,0,0.151728,0.301225485,0.000432315,4.04035E-05,0
2,201,5.428,6.230371013,394.1101695,0.14827,0,0,0,0.18655,0,0,0,0,0,0,1.035375756,0.000432315,4.04035E-05,0
2,201,5.428,6.230371013,394.1101695,0,0,0,0,0,0,0,0,0,0,0.151728,0.085689464,0.000432315,4.04035E-05,0
2,201,5.428,6.230371013,394.1101695,0,0,0,0.00043,0,0,0,0,0,0,1.65174,0.541773565,0.000432315,4.04035E-05,0
2,201,5.428,6.230371013,394.1101695,1.8115,0,0,0.00524,0,0.79321,0,0,0,0,0.151728,0.085689464,0.000432315,4.04035E-05,0
2,201,5.428,6.230371013,394.1101695,0,0,1.8344,0,0.14829,0,0.13028,0,0,0,0.151728,1.651413523,0.000432315,4.04035E-05,0
2,201,5.428,6.230371013,394.1101695,0,0,0,0,0,0,2.7921,0,0,0,0.151728,0.219704697,0.000432315,4.04035E-05,0
2,201,5.428,6.230371013,394.1101695,0.013573,0,0,0.82457,0.00524,0,0,0,0,0,0,0.085689464,0.000432315,4.04035E-05,0
2,201,5.428,6.230371013,394.1101695,0.024492,0,0,0,0,0,0.13028,0,0.00524,0,0,0.541773565,0.000432315,4.04035E-05,0
2,201,5.428,6.230371013,394.1101695,0,0,0,0.42984,0,0,0,0,0,0,1.17432,0.085689464,0.000432315,4.04035E-05,0
2,201,5.428,6.230371013,394.1101695,0,0,0,0,1.1676,0,0,0,0,0,0.273324,3.789481443,0.000432315,4.04035E-05,0
2,201,5.428,6.230371013,394.1101695,0,0,0,0,0,0,0,0,0,0,0.151728,1.035375756,0.000432315,4.04035E-05,0
2,201,5.428,6.230371013,394.1101695,0.17903,0,0,0.00644,0.007148,0,0,0,0,0,0.151728,1.035375756,0.000432315,4.04035E-05,0
2,201,5.428,6.230371013,394.1101695,0.00644,0,0,0,1.2208,0,0,0,0,0,0,0.219704697,0.000432315,4.04035E-05,0
2,201,5.428,6.230371013,394.1101695,0.000251,0,0,0,0,0,0.021726,1.2173,0,0,0,2.474804353,0.000432315,4.04035E-05,0
2,201,5.428,6.230371013,394.1101695,0.0088426,0,0,0,0.010507,0,0,0,0,0,0.151728,1.651413523,0.000432315,4.04035E-05,0
2,201,5.428,6.230371013,394.1101695,0,0,0,0.00043,0,0,0,0,0,0,0,0.301225485,0.000432315,4.04035E-05,0
2,201,5.428,6.230371013,394.1101695,0.013572,0,0,0,0,0,0.60778,0,0,0,0.27432,2.474804353,0.000432315,4.04035E-05,0
2,201,5.428,6.230371013,394.1101695,0.4515,0,0,0,0.008333,0,0,0,0,0,4.4313,0.219704697,0.000432315,4.04035E-05,0
2,201,5.428,6.230371013,394.1101695,1.5202,0,0.11682,0,0.007102,0,0.021726,0,0,0,0.151728,2.124635517,0.000432315,4.04035E-05,0
2,201,5.428,6.230371013,394.1101695,0.00524,0,0,0,0,0,0,0,0,0,0,1.651413523,0.000432315,4.04035E-05,0
2,201,5.428,6.230371013,394.1101695,0.00524,0,0,0,0,0,0.002308,0,0,0,0,2.474804353,0.000432315,4.04035E-05,0
2,201,5.428,6.230371013,394.1101695,0.15083,0,0,0.00524,0.008335,0,0,0,0,0,0.151728,2.474804353,0.000432315,4.04035E-05,0
2,201,5.428,6.230371013,394.1101695,1.1189,0,0,0.013565,0,0,0,0,0,0,0.151728,0.219704697,0.000432315,4.04035E-05,0
2,201,5.428,6.230371013,394.1101695,0.001267,0,0,0.29765,0,0,0,0,0,0,0,1.651413523,0.000432315,4.04035E-05,0
2,201,5.428,6.230371013,394.1101695,0.51774,0,0.21206,0,0,0,0,0,0,0,0,2.474804353,0.000432315,4.04035E-05,0
2,201,5.428,6.230371013,394.1101695,0,0,0,0,0.11919,0.78033,0,0,0,0,0,1.651413523,0.000432315,4.04035E-05,0
2,201,5.428,6.230371013,394.1101695,0.012423,0,0,0,0,0,0,0,0,0,1.26477,0.219704697,0.000432315,4.04035E-05,0
2,201,5.428,6.230371013,394.1101695,0,0,0,0,0,0,0,0,0,0,0.151728,0.423815456,0.000432315,4.04035E-05,0
2,201,5.428,6.230371013,394.1101695,0.007835,0,0,0,0.14829,0,0,0,0,0,0,0.99739448,0.000432315,4.04035E-05,0
2,201,5.428,6.230371013,394.1101695,0.00062,0,0,0,0.008133,0,0,0,0,0,0.273324,0.99739448,0.000432315,4.04035E-05,0
2,201,5.428,6.230371013,394.1101695,0,0,0,0.26453,0.007102,2.879,0,0,0,0,0.276939,1.651413523,0.000432315,4.04035E-05,0
2,201,5.428,6.230371013,394.1101695,0.00036,0,0,0.14897,0.11919,0,0,0,0,0,0.151728,0.301225485,0.000432315,4.04035E-05,0
2,201,5.428,6.230371013,394.1101695,0,0,0,0,0,0,0,0,0,0,0,3.237208988,0.000432315,4.04035E-05,0
2,201,5.428,6.230371013,394.1101695,0.001434,0,0,0,0,0,0.59876,0,0,0,0.151728,2.124635517,0.000432315,4.04035E-05,0
2,201,5.428,6.230371013,394.1101695,0.002031,0,0,0.0065058,0.13092,0.59584,0,0,0,0,0,0.541773565,0.000432315,4.04035E-05,0
2,201,5.428,6.230371013,394.1101695,0,0,0,0,0,0,0,0,0,0,0.151728,4.03418844,0.000432315,4.04035E-05,0
2,201,5.428,6.230371013,394.1101695,0,0,0,0,2.1125,0,0,0,0,0,0.77829,3.237208988,0.000432315,4.04035E-05,0
2,201,5.428,6.230371013,394.1101695,0.0097027,0,0,0,0.029406,0.25711,0,0,0,0,0.75903,3.237208988,0.000432315,4.04035E-05,0
2,201,5.428,6.230371013,394.1101695,0.87352,0,0,0.030965,0.0001405,0,0.059897,0,0,0,0.90174,0.219704697,0.000432315,4.04035E-05,0
2,201,5.428,6.230371013,394.1101695,0.008333,0,0,0,0.93395,0.13226,0,0,0,0,2.64756,0.99739448,0.000432315,4.04035E-05,0
2,201,5.428,6.230371013,394.1101695,0.18763,0,0,4.7441,0,0,0,0,0,0,0.151728,0.301225485,0.000432315,4.04035E-05,0
2,201,5.428,6.230371013,394.1101695,0.020418,0,0,0,0,0,0.021726,0,0,0,0,0.99739448,0.000432315,4.04035E-05,0
2,201,5.428,6.230371013,394.1101695,0.010338,0,0,0.00524,0.93679,0,0.13028,0,0,0,0,0.541773565,0.000432315,4.04035E-05,0
2,201,5.428,6.230371013,394.1101695,0.60993,0,0,0.017238,0.002156,0,0,0,0,0,0.151728,1.651413523,0.000432315,4.04035E-05,0
2,201,5.428,6.230371013,394.1101695,0,0,0,0,0,0,0,0,0,0,0.151728,1.651413523,0.000432315,4.04035E-05,0
2,201,5.428,6.230371013,394.1101695,2.1571,0,0,0.008336,0,0.29431,0,0,0,0,0,1.035375756,0.000432315,4.04035E-05,0
2,201,5.428,6.230371013,394.1101695,0,0,0,0.88687,0,0,0,0,0,0,0.151728,2.124635517,0.000432315,4.04035E-05,0
2,201,5.428,6.230371013,394.1101695,0.007148,0,0,0.008333,0,0,0,0,0,0,0.290478,1.035375756,0.000432315,4.04035E-05,0
2,201,5.428,6.230371013,394.1101695,0.1789,0,0,0,0,0,0,0,0,0,0,3.237208988,0.000432315,4.04035E-05,0
2,201,5.428,6.230371013,394.1101695,0.008333,0,0,0.008321,0,0,0,0,0,0,0.278532,2.124635517,0.000432315,4.04035E-05,0
2,201,5.428,6.230371013,394.1101695,0.0056,0,0,0,0.020274,0,0.59876,0,0,0,0.151728,0.541773565,0.000432315,4.04035E-05,0
2,201,5.428,6.230371013,394.1101695,0.008333,0,0,0,0,0,0,0,0,0,4.8618,0.423815456,0.000432315,4.04035E-05,0
2,201,5.428,6.230371013,394.1101695,0,0,0,0,0,0,0,0,0,0,0,2.124635517,0.000432315,4.04035E-05,0
2,201,5.428,6.230371013,394.1101695,0.71313,0,0,0.0067015,0.003538,0,0.13028,0,0,0,0,0.301225485,0.000432315,4.04035E-05,0
2,201,5.428,6.230371013,394.1101695,0,0,3.9852,0,0,0,0,0,0,0,0.151728,0.423815456,0.000432315,4.04035E-05,0
2,201,5.428,6.230371013,394.1101695,0,0,0,0.29765,0.008321,0,0,0,0,0,0.181728,0.423815456,0.000432315,4.04035E-05,0
2,201,5.428,6.230371013,394.1101695,0,0,0,0,0.11919,0,0,0,0,0,3.8823,2.124635517,0.000432315,4.04035E-05,0
2,201,5.428,6.230371013,394.1101695,0,0,0,0,0,0,0,0,0,0,0,1.035375756,0.000432315,4.04035E-05,0
2,201,5.428,6.230371013,394.1101695,0.070781,0,0,0,0.008333,0,0,0,0,0,0,1.651413523,0.000432315,4.04035E-05,0
2,201,5.428,6.230371013,394.1101695,0,0,0,0,0.36581,0,0,0,0,0,0.151728,0.219704697,0.000432315,4.04035E-05,0
2,201,5.428,6.230371013,394.1101695,4.5748,0,0,0,0,0,0,0,0,0,0.273357,0.423815456,0.000432315,4.04035E-05,0
2,201,5.428,6.230371013,394.1101695,0.00524,0,0,0.008333,0,0.89381,0,0,0,0,0.151728,0.085689464,0.000432315,4.04035E-05,0
2,201,5.428,6.230371013,394.1101695,0.005239,0,0,0.008335,0,0,0,0,0,0,0.151728,3.789481443,0.000432315,4.04035E-05,0
2,201,5.428,6.230371013,394.1101695,0.014773,0,0,0,0,0,0,0,0,0,1.72038,0.301225485,0.000432315,4.04035E-05,0
2,201,5.428,6.230371013,394.1101695,0,0,0,0,0,0,0,0,0,0,3.5568,0.085689464,0.000432315,4.04035E-05,0
2,201,5.428,6.230371013,394.1101695,0.00524,0,0,0.013565,0.3855,0,0,0,0,0,0,0.99739448,0.000432315,4.04035E-05,0
2,201,5.428,6.230371013,394.1101695,0,0,0,0,0.44929,0,0.74966,0,0,0,0,0.541773565,0.000432315,4.04035E-05,0
2,201,5.428,6.230371013,394.1101695,0.007697,0,0,0,0,0,0,0,0,0,1.88184,3.237208988,0.000432315,4.04035E-05,0
2,201,5.428,6.230371013,394.1101695,0.00644,0,0,0,0,0,0,0,0,0,0.151728,3.237208988,0.000432315,4.04035E-05,0
2,201,5.428,6.230371013,394.1101695,0,0,0,0,0,0,0.60778,0,0,0,0.151728,4.278895437,0.000432315,4.04035E-05,0
2,201,5.428,6.230371013,394.1101695,0.0724,0,0,0,0,0,0,0,0,0,0,0.541773565,0.000432315,4.04035E-05,0
2,201,5.428,6.230371013,394.1101695,0,0,0,0,0.00524,0,0,0,0,0,0.151728,2.124635517,0.000432315,4.04035E-05,0
2,201,5.428,6.230371013,394.1101695,0,0,0,0,0,0,0,0,0,0,0,0.99739448,0.000432315,4.04035E-05,0
2,201,5.428,6.230371013,394.1101695,0.3628,0,0,0,0,0,0,0,0,0,0.271128,0.423815456,0.000432315,4.04035E-05,0
2,201,5.428,6.230371013,394.1101695,0,0,0,1.9259,0,0,0,0,0,0,0,1.035375756,0.000432315,4.04035E-05,0
2,201,5.428,6.230371013,394.1101695,0.27365,0,0,0,0,0,0,0,0,0,0.151728,1.651413523,0.000432315,4.04035E-05,0
2,201,5.428,6.230371013,394.1101695,0.00322,0,0,0,0.003468,0,0,0,0,0,0.151728,3.789481443,0.000432315,4.04035E-05,0
2,201,5.428,6.230371013,394.1101695,0,0,0,1.788,0,0,0,0,0,0,0.44541,2.007567612,0.000432315,4.04035E-05,0
2,201,5.428,6.230371013,394.1101695,0,0,0,0.002508,0,0.39637,0,0,0,0,0.151728,1.035375756,0.000432315,4.04035E-05,0
2,201,5.428,6.230371013,394.1101695,0,0,0,0,0,0,0,0,0,0,0.151728,2.007567612,0.000432315,4.04035E-05,0
2,201,5.428,6.230371013,394.1101695,0,0,0,0,0.00524,0,0,0,0,0,3.5568,0.423815456,0.000432315,4.04035E-05,0
2,201,5.428,6.230371013,394.1101695,0,0,0,0,0,0,0,0,0,0,0.28509,1.035375756,0.000432315,4.04035E-05,0
2,201,5.428,6.230371013,394.1101695,0.005239,0,0,0,0,0,0,0,0,0,0.151728,0.541773565,0.000432315,4.04035E-05,0
2,201,5.428,6.230371013,394.1101695,0.001192,0,0,1.3952,0,0,0,0,0,0,0.151728,0.423815456,0.000432315,4.04035E-05,0
2,201,5.428,6.230371013,394.1101695,0,0,0,0,0,0.80154,0,0,0,0,0.151728,0.085689464,0.000432315,4.04035E-05,0
2,201,5.428,6.230371013,394.1101695,0.007328,0,0,0,0,0,0,0,0,0,0,0.423815456,0.000432315,4.04035E-05,0
2,201,5.428,6.230371013,394.1101695,0.013573,0,0,0,0,0,0,0,0,0,0.151728,0.085689464,0.000432315,4.04035E-05,0
2,201,5.428,6.230371013,394.1101695,0,0,0,0.0011005,0,0,0,0,0,0,2.94174,1.651413523,0.000432315,4.04035E-05,0
2,201,5.428,6.230371013,394.1101695,4.1811,0,0,0,0,0,0,0,0,0,0.151728,0.219704697,0.000432315,4.04035E-05,0
2,201,5.428,6.230371013,394.1101695,0.011679,0,0,0,0,0,0,0,0,0,0.151728,0.301225485,0.000432315,4.04035E-05,0
2,201,5.428,6.230371013,394.1101695,0,0,0,0.11243,1.3024,0,0,0,0,0,0,0.423815456,0.000432315,4.04035E-05,0
2,201,5.428,6.230371013,394.1101695,0,0,0,0,0,0,0,0,0,0,1.04805,0.085689464,0.000432315,4.04035E-05,0
2,201,5.428,6.230371013,394.1101695,0,0,0,0,0.014119,0,0,0,0,0,0.151728,0.541773565,0.000432315,4.04035E-05,0
2,201,5.428,6.230371013,394.1101695,0,0,0,0,0.000063,0,0,0,0,0,3.8823,0.085689464,0.000432315,4.04035E-05,0
2,201,5.428,6.230371013,394.1101695,0.045123,0,0,0,0.13896,1.9943,0,0,0,0,0.151728,1.035375756,0.000432315,4.04035E-05,0
2,201,5.428,6.230371013,394.1101695,0.90611,0,0,0.0014795,2.8291,0.19707,0,0,0,0,0.151728,1.651413523,0.000432315,4.04035E-05,0
2,201,5.428,6.230371013,394.1101695,3.7455,0,0,0.0002525,0,0,0,0,0,0,0,0.219704697,0.000432315,4.04035E-05,0
2,201,5.428,6.230371013,394.1101695,0.3267,0,0,0,0.008321,0,0,0,0,0,0,1.035375756,0.000432315,4.04035E-05,0
2,201,5.428,6.230371013,394.1101695,0.043506,0,0,0,0.013973,0,0,0,0,0,3.9018,0.301225485,0.000432315,4.04035E-05,0
2,201,5.428,6.230371013,394.1101695,0,0,0,0.00524,0.008333,0,0,0,0,0,0.279585,3.789481443,0.000432315,4.04035E-05,0
2,201,5.428,6.230371013,394.1101695,0.014662,0,0.00036,0,0.05414,0,0,0,0,0,0,0.219704697,0.000432315,4.04035E-05,0
2,201,5.428,6.230371013,394.1101695,0.0045845,0,0,0,0,0,0,0,0,0,0,0.301225485,0.000432315,4.04035E-05,0
2,201,5.428,6.230371013,394.1101695,0.0068531,0,0,0.27563,0,0,0,0,0,0,0.151728,3.237208988,0.000432315,4.04035E-05,0
2,201,5.428,6.230371013,394.1101695,0,0,0,0.00524,0,0,0,0,0,0,0,0.219704697,0.000432315,4.04035E-05,0
2,201,5.428,6.230371013,394.1101695,0,0,0.005722,0,0,0,0,0,0,0,0.151728,3.237208988,0.000432315,4.04035E-05,0
2,201,5.428,6.230371013,394.1101695,2.5147,0,0,0,0,0.0899,0.67053,0,0,0,0.151728,0.301225485,0.000432315,4.04035E-05,0
2,201,5.428,6.230371013,394.1101695,0,0,0,0.005239,0,0,0,0,0,0,1.65174,0.085689464,0.000432315,4.04035E-05,0
2,201,5.428,6.230371013,394.1101695,0,0,0,0.00524,1.8824,0,0,0,0,0,0.151728,1.035375756,0.000432315,4.04035E-05,0
2,201,5.428,6.230371013,394.1101695,0.011679,0,0,0.003539,0,0,0,0,0,0,0,2.474804353,0.000432315,4.04035E-05,0
2,201,5.428,6.230371013,394.1101695,0.85316,0,0,0,0,0,0,0,0,0,0.151728,3.237208988,0.000432315,4.04035E-05,0
2,201,5.428,6.230371013,394.1101695,0.004864,0,0,0,0.00014,0,0,0,0,0,0.151728,0.301225485,0.000432315,4.04035E-05,0
2,201,5.428,6.230371013,394.1101695,0.008332,0,0,0.00247,0,0,0,0,0,0,0,1.035375756,0.000432315,4.04035E-05,0
2,201,5.428,6.230371013,394.1101695,0.005239,0,0,0.0043235,0,0,0,0,0,0,0,1.651413523,0.000432315,4.04035E-05,0
2,201,5.428,6.230371013,394.1101695,0,0,0.005246,0.11243,0.0041885,0,0,0,0,0,2.64756,1.651413523,0.000432315,4.04035E-05,0
2,201,5.428,6.230371013,394.1101695,0.10527,0,0,0,0,0,0,0,0,0,0.84174,1.035375756,0.000432315,4.04035E-05,0
2,201,5.428,6.230371013,394.1101695,0.023705,0,0,0,0,0,0,0,0,0,0,0.301225485,0.000432315,4.04035E-05,0
2,201,5.428,6.230371013,394.1101695,0,0,0,0,0,0,0,0,0,0,1.74174,0.301225485,0.000432315,4.04035E-05,0
2,201,5.428,6.230371013,394.1101695,0.002868,0,0,0.008333,0,1.0289,0,0,0,0,0,0.085689464,0.000432315,4.04035E-05,0
2,201,5.428,6.230371013,394.1101695,0.014662,0,0,0,0,0,0.59876,0,0,0,0,1.651413523,0.000432315,4.04035E-05,0
2,201,5.428,6.230371013,394.1101695,0.001478,0,0,0,0.32888,0,0,0,0,0,4.5105,0.423815456,0.000432315,4.04035E-05,0
2,201,5.428,6.230371013,394.1101695,0.002031,0,0,0.005239,0,0,0,0,0,0,0,3.789481443,0.000432315,4.04035E-05,0
2,201,5.428,6.230371013,394.1101695,0,0,0,0.000688,0,0,0,0,0,0,0,2.124635517,0.000432315,4.04035E-05,0
2,201,5.428,6.230371013,394.1101695,3.0116,0,0,0,0.008333,0,0,0,0,0,1.72038,0.99739448,0.000432315,4.04035E-05,0
2,201,5.428,6.230371013,394.1101695,0,0,0,0.47974,0.17103,0.096353,0,0,0,0,0.280587,2.124635517,0.000432315,4.04035E-05,0
2,201,5.428,6.230371013,394.1101695,0,0,0,0.008333,0.059735,0,0,0,0,0,0,0.301225485,0.000432315,4.04035E-05,0
2,201,5.428,6.230371013,394.1101695,1.6091,0,0,0,0.018484,0,0,0,0,0,0,0.085689464,0.000432315,4.04035E-05,0
2,201,5.428,6.230371013,394.1101695,0,0,0,0,0,0,0,0,0,0,1.33368,3.237208988,0.000432315,4.04035E-05,0
2,201,5.428,6.230371013,394.1101695,0,0,0,0.007148,0.0214,0,0,0,0,0,0,2.124635517,0.000432315,4.04035E-05,0
2,201,5.428,6.230371013,394.1101695,0,0,0,0,0.90312,0,0,0,0,0,1.85526,0.219704697,0.000432315,4.04035E-05,0
2,201,5.428,6.230371013,394.1101695,0,0,0,0,0.68784,0.78642,0,0,0,0,0.44541,0.423815456,0.000432315,4.04035E-05,0
2,201,5.428,6.230371013,394.1101695,0,0,0,0,0,0,0.84965,0,0,0,0,0.541773565,0.000432315,4.04035E-05,0
2,201,5.428,6.230371013,394.1101695,0.039743,0,0,0,0,0.000012,0,0,0,0,0.151728,0.301225485,0.000432315,4.04035E-05,0
2,201,5.428,6.230371013,394.1101695,0.00524,0,0,1.3084,0,0,0,0,0,0,0,2.474804353,0.000432315,4.04035E-05,0
2,201,5.428,6.230371013,394.1101695,0,0,0,0.3488,0,0,0,0,0,0,0,2.474804353,0.000432315,4.04035E-05,0
2,201,5.428,6.230371013,394.1101695,0,0,0,1.1174,0,0,0,0,0,0,0,0.423815456,0.000432315,4.04035E-05,0
2,201,5.428,6.230371013,394.1101695,0,0,0,0,0.00524,0,0,0,0,0,0,0.085689464,0.000432315,4.04035E-05,0
2,201,5.428,6.230371013,394.1101695,0,0,0,0.12679,0,0,0,0,0,0,0.151728,2.474804353,0.000432315,4.04035E-05,0
2,201,5.428,6.230371013,394.1101695,0.00524,0,0,1.3632,0.008333,0,0,0,0,0,0.151728,0.301225485,0.000432315,4.04035E-05,0
2,201,5.428,6.230371013,394.1101695,0,0,0,0.020093,0,0,0.059897,0,0,0,0,0.99739448,0.000432315,4.04035E-05,0
2,201,5.428,6.230371013,394.1101695,0,0,0,0.22843,0,0,0,0,0,0,0.204657,0.99739448,0.000432315,4.04035E-05,0
2,201,5.428,6.230371013,394.1101695,0,0,0,0.008333,0,0,0,0,0,0,0,2.007567612,0.000432315,4.04035E-05,0
2,201,5.428,6.230371013,394.1101695,0,0,0,0,0,0.77806,0,1.3358,0,0,0.2871,0.541773565,0.000432315,4.04035E-05,0
2,201,5.428,6.230371013,394.1101695,0.008333,0,0,0,0,0,0.13028,0,0,0,0.151728,0.541773565,0.000432315,4.04035E-05,0
2,201,5.428,6.230371013,394.1101695,0.001326,0,0,4.1588,0,0,0.86583,0,0,0,0.151728,0.301225485,0.000432315,4.04035E-05,0
2,201,5.428,6.230371013,394.1101695,0.0066265,0,0,0.0067817,0,0,0.13028,0,0,0,0,2.124635517,0.000432315,4.04035E-05,0
2,201,5.428,6.230371013,394.1101695,0.00524,0,0,0,0,0,0,0,0,0,4.4787,1.651413523,0.000432315,4.04035E-05,0
2,201,5.428,6.230371013,394.1101695,0.28712,0,0,0.15874,0,0,0,0,0,0,0,0.541773565,0.000432315,4.04035E-05,0
2,201,5.428,6.230371013,394.1101695,0,0,0,0.0306,0,0,0,0,0,0,0,0.085689464,0.000432315,4.04035E-05,0
2,201,5.428,6.230371013,394.1101695,0.00524,0,0,0,1.5895,0,0,0,0,0,0.45174,0.541773565,0.000432315,4.04035E-05,0
2,201,5.428,6.230371013,394.1101695,0,0,0,0,0,0,0,0,0,0,0.278694,2.474804353,0.000432315,4.04035E-05,0
2,201,5.428,6.230371013,394.1101695,0,0,0,0.000688,0,0,0,0,0,0,0.88596,2.124635517,0.000432315,4.04035E-05,0
2,201,5.428,6.230371013,394.1101695,0.003416,0,0,0,0,0,0,0,0,0,0.151728,0.301225485,0.000432315,4.04035E-05,0
2,201,5.428,6.230371013,394.1101695,0.00524,0,0,0,0,0,0,0,0,0,0.151728,0.99739448,0.000432315,4.04035E-05,0
2,201,5.428,6.230371013,394.1101695,0,0,0,0,0,0.41195,0,0,0,0,1.17966,0.541773565,0.000432315,4.04035E-05,0
2,201,5.428,6.230371013,394.1101695,3.7455,0,0,0.019748,0,0,0,0,0,0,0.211728,0.085689464,0.000432315,4.04035E-05,0
2,201,5.428,6.230371013,394.1101695,0.021605,0,0,0,0,0,0,0,0,0,0,1.035375756,0.000432315,4.04035E-05,0
2,201,5.428,6.230371013,394.1101695,0.034521,0,0,0,0.001434,0,0,0,0,0,0.65616,2.474804353,0.000432315,4.04035E-05,0
2,201,5.428,6.230371013,394.1101695,2.1218,0,0,0.081032,0,0,0,0,0,0,0.87174,0.085689464,0.000432315,4.04035E-05,0
2,201,5.428,6.230371013,394.1101695,0.17903,0,0,0.0088426,0,0,0,0,0,0,0,0.99739448,0.000432315,4.04035E-05,0
2,201,5.428,6.230371013,394.1101695,0.70554,0,0,0.003821,0,0,0,0,0,0,0.151728,0.085689464,0.000432315,4.04035E-05,0
2,201,5.428,6.230371013,394.1101695,0,0,0,0,0,0,0,0,0,0,0.151728,2.474804353,0.000432315,4.04035E-05,0
2,201,5.428,6.230371013,394.1101695,0,0,0,0,0.42442,0,0,0,0,0,0.151728,3.789481443,0.000432315,4.04035E-05,0
2,201,5.428,6.230371013,394.1101695,0,0,0,0,0,0.79321,0,0,0,0,0.44541,0.541773565,0.000432315,4.04035E-05,0
2,201,5.428,6.230371013,394.1101695,0.25336,0,0,0.00524,3.1081,0,0,0,0,0,0,0.219704697,0.000432315,4.04035E-05,0
2,201,5.428,6.230371013,394.1101695,0,0,0.000124,0.025929,0,0,0,0,0,0,0,0.541773565,0.000432315,4.04035E-05,0
2,201,5.428,6.230371013,394.1101695,0.038936,0,0,0,0.00524,0,0,0,0,0,0,2.124635517,0.000432315,4.04035E-05,0
2,201,5.428,6.230371013,394.1101695,0.003822,0,0,0,0,0,0,0,0,0,2.06073,0.219704697,0.000432315,4.04035E-05,0
2,201,5.428,6.230371013,394.1101695,0,0,0,0,0.00524,0,0,0,0.38696,0,3.8946,0.541773565,0.000432315,4.04035E-05,0
2,201,5.428,6.230371013,394.1101695,0,0,0,0,0,0,0.059897,0,0,0,0.151728,0.301225485,0.000432315,4.04035E-05,0
2,201,5.428,6.230371013,394.1101695,0,0,0,0,0.00524,0.56087,0,0,0,0,0.151728,3.789481443,0.000432315,4.04035E-05,0
2,201,5.428,6.230371013,394.1101695,0.013012,0,0,0.012154,0.007102,0,0,0,0,0,0,0.219704697,0.000432315,4.04035E-05,0
2,201,5.428,6.230371013,394.1101695,0,0,0,0,0,0,0,0,0,0,0.27948,0.301225485,0.000432315,4.04035E-05,0
2,201,5.428,6.230371013,394.1101695,0,0,0,0.0074133,1.2208,0,0,0,0,0,3.8823,0.085689464,0.000432315,4.04035E-05,0
2,201,5.428,6.230371013,394.1101695,0,0,0,0,0,0,0,0,0,0,0.151728,2.474804353,0.000432315,4.04035E-05,0
2,201,5.428,6.230371013,394.1101695,0.008333,0,0,0,0.008336,0,0,0,0,0,2.41287,0.423815456,0.000432315,4.04035E-05,0
2,201,5.428,6.230371013,394.1101695,0.000251,0,0,0,0,0,0,0,0,0,0.151728,1.035375756,0.000432315,4.04035E-05,0
2,201,5.428,6.230371013,394.1101695,0.98086,0,0,0.01048,0,0,0,0,0,0,0.151728,2.124635517,0.000432315,4.04035E-05,0
2,201,5.428,6.230371013,394.1101695,0,0,0,0,0.00062,0,0.13028,0,0,0,2.37174,0.423815456,0.000432315,4.04035E-05,0
2,201,5.428,6.230371013,394.1101695,0,0,0,0.029402,0,0,0,0,0,0,0.37014,3.789481443,0.000432315,4.04035E-05,0
2,201,5.428,6.230371013,394.1101695,0,0,0,0,0,0,0,0,0,0,0,3.789481443,0.000432315,4.04035E-05,0
2,201,5.428,6.230371013,394.1101695,0,0,0,0,0.011841,0,0,0,0,0,0.151728,2.474804353,0.000432315,4.04035E-05,0
2,201,5.428,6.230371013,394.1101695,0.1789,0,0,0,0,0,0,0,0,0,0,0.423815456,0.000432315,4.04035E-05,0
2,201,5.428,6.230371013,394.1101695,0,0,0,0,1.3821,0,0,0,0,0,0.151728,2.474804353,0.000432315,4.04035E-05,0
2,201,5.428,6.230371013,394.1101695,0,0,0,0,0,0,0,0,0,0,1.72038,2.474804353,0.000432315,4.04035E-05,0
2,201,5.428,6.230371013,394.1101695,0.001669,0,0,0.011527,0,0,0,0,0,0,0,0.219704697,0.000432315,4.04035E-05,0
2,201,5.428,6.230371013,394.1101695,0,0,0,0,0.008333,0,0,0,0,0,0.90174,3.789481443,0.000432315,4.04035E-05,0
2,201,5.428,6.230371013,394.1101695,0.001669,0,0,0,0.18655,0,0,0,0,0,0,3.237208988,0.000432315,4.04035E-05,0
2,201,5.428,6.230371013,394.1101695,0.3628,0,1.475,0,0,0,0,0,0,0,0.151728,1.651413523,0.000432315,4.04035E-05,0
2,201,5.428,6.230371013,394.1101695,0,0,0,0,0.008335,0,0,0,0,0,1.62048,3.789481443,0.000432315,4.04035E-05,0
2,201,5.428,6.230371013,394.1101695,0,0,0,3.5574,0,0,0,0,0,0,0.151728,1.651413523,0.000432315,4.04035E-05,0
2,201,5.428,6.230371013,394.1101695,0,0,0,0,0,0,0,0,0,0,0.73911,0.423815456,0.000432315,4.04035E-05,0
2,201,5.428,6.230371013,394.1101695,0,0,0,0,0,0,0,0,0,0,0,2.124635517,0.000432315,4.04035E-05,0
2,201,5.428,6.230371013,394.1101695,0.001434,0,0,0,0.0014495,0,0,0,0,0,0,2.124635517,0.000432315,4.04035E-05,0
2,201,5.428,6.230371013,394.1101695,0.019305,0,0,0.001669,3.5933,0,0,0,0,0,0,2.007567612,0.000432315,4.04035E-05,0
2,201,5.428,6.230371013,394.1101695,0.00753,0,0,1.0205,2.3147,0,0,0,0,0,0.151728,2.474804353,0.000432315,4.04035E-05,0
2,201,5.428,6.230371013,394.1101695,0.011679,0,0,2.0429,0.008333,0,0,0,0,0,0,2.007567612,0.000432315,4.04035E-05,0
2,201,5.428,6.230371013,394.1101695,0.007697,0,0,0,0.009767,0.79321,0,0,0,0,1.64742,0.423815456,0.000432315,4.04035E-05,0
2,201,5.428,6.230371013,394.1101695,0,0,0,0,0,0,0,0,0,0,0,1.035375756,0.000432315,4.04035E-05,0
2,201,5.428,6.230371013,394.1101695,0,0,0,0,0,1.0657,0,0,0,0,0,0.219704697,0.000432315,4.04035E-05,0
2,201,5.428,6.230371013,394.1101695,0.043527,0,0,0,0,0,0,0,0,0,0.151728,0.219704697,0.000432315,4.04035E-05,0
2,201,5.428,6.230371013,394.1101695,4.616,0,0,0.000688,0.008763,0,0.13028,0,0,0,0,0.541773565,0.000432315,4.04035E-05,0
2,201,5.428,6.230371013,394.1101695,0.0019345,0,0,0.008333,0.005239,1.9376,0,0,0,0,0.151728,3.789481443,0.000432315,4.04035E-05,0
2,201,5.428,6.230371013,394.1101695,0.008333,0,0,0,0,0,0,0,0,0,0.34593,0.301225485,0.000432315,4.04035E-05,0
2,201,5.428,6.230371013,394.1101695,0.013575,0,0,3.8138,0,0,0,0,0,0,0,0.085689464,0.000432315,4.04035E-05,0
2,201,5.428,6.230371013,394.1101695,0.010054,0,0,3.325,0.00328,0,0,0,0,0,0,0.541773565,0.000432315,4.04035E-05,0
2,201,5.428,6.230371013,394.1101695,0.008333,0,0,0,0.13092,0,0,0,0,0,1.67382,1.651413523,0.000432315,4.04035E-05,0
2,201,5.428,6.230371013,394.1101695,0,0,0.018689,0,0.007697,0,0,0,0,0,0.151728,0.541773565,0.000432315,4.04035E-05,0
2,201,5.428,6.230371013,394.1101695,0.024492,0,0,0.008333,0.90312,0,0,0,0,0,0.151728,0.423815456,0.000432315,4.04035E-05,0
2,201,5.428,6.230371013,394.1101695,0.000251,0,0,0,0,0,0,0,0,0,1.05978,2.124635517,0.000432315,4.04035E-05,0
2,201,5.428,6.230371013,394.1101695,0,0,0,0,0,0,0,0,0,0,1.27794,2.124635517,0.000432315,4.04035E-05,0
2,201,5.428,6.230371013,394.1101695,0.006702,0,0,0.0067817,1.7912,0,0,0,0,0,1.72038,1.651413523,0.000432315,4.04035E-05,0
2,201,5.428,6.230371013,394.1101695,0.010122,0,0,0,0.52975,0.000024,0,0,0,0,0,1.035375756,0.000432315,4.04035E-05,0
2,201,5.428,6.230371013,394.1101695,0.00644,0,2.1639,0,0,0,0,0,0,0,0,0.541773565,0.000432315,4.04035E-05,0
2,201,5.428,6.230371013,394.1101695,0,0,0,0.80704,0.01564,0,0,0,0,0,0.42399,3.237208988,0.000432315,4.04035E-05,0
2,201,5.428,6.230371013,394.1101695,0.018235,0,0,0,0,0,0,0,0,0,0,0.541773565,0.000432315,4.04035E-05,0
2,201,5.428,6.230371013,394.1101695,0.006702,0,0,0.001326,0,0,0,0,0,0,0.151728,3.789481443,0.000432315,4.04035E-05,0
2,201,5.428,6.230371013,394.1101695,0,0,0,0,0.008333,0,0,0,0.008803,0,0.151728,0.423815456,0.000432315,4.04035E-05,0
2,201,5.428,6.230371013,394.1101695,0,0,0,0,0.003821,0,0,0,0,0,2.10972,3.237208988,0.000432315,4.04035E-05,0
2,201,5.428,6.230371013,394.1101695,0,0,0,0,0.62723,0,0,0,0,0,0,2.474804353,0.000432315,4.04035E-05,0
2,201,5.428,6.230371013,394.1101695,0.025372,0,0,0,0,0,0,0,0,0,0,1.651413523,0.000432315,4.04035E-05,0
2,201,5.428,6.230371013,394.1101695,0.045123,0,0,0,0.00833,0,0,0,0,0,0.151728,0.085689464,0.000432315,4.04035E-05,0
2,201,5.428,6.230371013,394.1101695,0.17713,0,0,0,0.0062156,0,0,0,0,0,1.02351,0.219704697,0.000432315,4.04035E-05,0
2,201,5.428,6.230371013,394.1101695,0,0,0,0.016337,0.61065,0,0,0,0,0,0.151728,2.124635517,0.000432315,4.04035E-05,0
2,201,5.428,6.230371013,394.1101695,0.1613,0,0,0.026977,0.030073,0.41195,0.13028,0,0,0,1.09155,3.789481443,0.000432315,4.04035E-05,0
2,201,5.428,6.230371013,394.1101695,0.1789,0,0,0.008333,0.008333,0,0,0,0,0,0.151728,1.035375756,0.000432315,4.04035E-05,0
2,201,5.428,6.230371013,394.1101695,0.026942,0,0,0,0,0,0,0,0,0,0,3.789481443,0.000432315,4.04035E-05,0
2,201,5.428,6.230371013,394.1101695,0.011776,0,0,0.010165,0,0,0,0,0,0,2.3544,0.99739448,0.000432315,4.04035E-05,0
2,201,5.428,6.230371013,394.1101695,0,0,0,0.19366,0,0,0,0,0,0,0,0.085689464,0.000432315,4.04035E-05,0
2,201,5.428,6.230371013,394.1101695,0.013012,0,0.81432,0.01391,0.028193,0,0,0,0,0,1.1697,1.651413523,0.000432315,4.04035E-05,0
2,201,5.428,6.230371013,394.1101695,0.0068619,0,0,0.008333,1.2845,0,0.002308,0,0,0,0.151728,1.035375756,0.000432315,4.04035E-05,0
2,201,5.428,6.230371013,394.1101695,0.011679,0,0,0,0,0,0,0,0,0,0.151728,3.789481443,0.000432315,4.04035E-05,0
2,201,5.428,6.230371013,394.1101695,0.008332,0,0,0,0.005239,0,0,0,0,0,0,0.99739448,0.000432315,4.04035E-05,0
2,201,5.428,6.230371013,394.1101695,0,0,0,0,0,0,0,0,0,0,0.278532,3.237208988,0.000432315,4.04035E-05,0
2,201,5.428,6.230371013,394.1101695,1.2774,0,0,0,0,0.17478,0,0,0,0,0.151728,1.035375756,0.000432315,4.04035E-05,0
2,201,5.428,6.230371013,394.1101695,0.005239,0,0,0,0,0,0,0,0,0,0.151728,0.085689464,0.000432315,4.04035E-05,0
2,201,5.428,6.230371013,394.1101695,0.018235,0,0,0.00524,0.00328,0,0,0,0,0,0.151728,0.99739448,0.000432315,4.04035E-05,0
2,201,5.428,6.230371013,394.1101695,0,0,0,0,0.12099,0,0.13028,0,0,0,0,0.423815456,0.000432315,4.04035E-05,0
2,201,5.428,6.230371013,394.1101695,0,0,0,0.94228,0,0,0.13028,0,0,0,0,1.651413523,0.000432315,4.04035E-05,0
2,201,5.428,6.230371013,394.1101695,1.0702,0,0,0.005239,0,1.4857,0,0,0,0,0.151728,0.541773565,0.000432315,4.04035E-05,0
2,201,5.428,6.230371013,394.1101695,0,0,0,0,0.008333,0,0,0,0,0,0,0.219704697,0.000432315,4.04035E-05,0
2,201,5.428,6.230371013,394.1101695,0.013404,0,0,0.021603,0.73113,0,0,0,0,0,0,0.301225485,0.000432315,4.04035E-05,0
2,201,5.428,6.230371013,394.1101695,0.047912,0,0,0,0.005239,0,0,0,0,0,0,2.124635517,0.000432315,4.04035E-05,0
2,201,5.428,6.230371013,394.1101695,0,0,0,0,0,0,0.021726,0,0,0,0.151728,0.219704697,0.000432315,4.04035E-05,0
3,202,63.072,6.230354317,394.1091134,0,0,0,0,0,0,0,0,0,0,0,0,0.000419625,3.92174E-05,0
3,202,63.072,6.230354317,394.1091134,0.008333,0,0,0.36044,0,0,0,0,0,0,0.151728,0,0.000419625,3.92174E-05,0
3,202,63.072,6.230354317,394.1091134,0,0,0,0,0,0,0,0,0,0,0,0,0.000419625,3.92174E-05,0
3,202,63.072,6.230354317,394.1091134,0,0,0,0,0,0,0,0,0,0,0,0,0.000419625,3.92174E-05,0
3,202,63.072,6.230354317,394.1091134,0,0,0,0,0,0,0.67053,0,0,0,0.151728,0,0.000419625,3.92174E-05,0
3,202,63.072,6.230354317,394.1091134,0.00524,0,0,0,0,5.6833,0,0,0,0,0.151728,0,0.000419625,3.92174E-05,0
3,202,63.072,6.230354317,394.1091134,3.0116,0,0,0.002031,0.008333,0,0,0,0,0,0,0,0.000419625,3.92174E-05,0
3,202,63.072,6.230354317,394.1091134,0.010364,0,0,0,0.73113,0,0.13028,0,0,0,3.4926,0,0.000419625,3.92174E-05,0
3,202,63.072,6.230354317,394.1091134,0,0,0,0.044269,0.16189,0,0,0,0,0,0,0,0.000419625,3.92174E-05,0
3,202,63.072,6.230354317,394.1091134,0,0,0,0,0.52251,0,0,0,0,0,2.6931,0,0.000419625,3.92174E-05,0
3,202,63.072,6.230354317,394.1091134,1.5561,0,0,0,0,0,0,0,0,0,0.151728,0,0.000419625,3.92174E-05,0
3,202,63.072,6.230354317,394.1091134,0.007697,0,0,0,0,0,0,0,0,0,0.151728,0,0.000419625,3.92174E-05,0
3,202,63.072,6.230354317,394.1091134,0.008333,0,0,0,0.13896,0.026763,0,0,0.4163,0,0,0,0.000419625,3.92174E-05,0
3,202,63.072,6.230354317,394.1091134,0.87352,0,0,0,0,0,0,0,0,0,0.151728,0,0.000419625,3.92174E-05,0
3,202,63.072,6.230354317,394.1091134,0.18449,0,0,0,0,0,0,0,0,0,0.151728,0,0.000419625,3.92174E-05,0
3,202,63.072,6.230354317,394.1091134,0,0,0,0.00524,0.002741,0,0,0,0,0,0,0,0.000419625,3.92174E-05,0
3,202,63.072,6.230354317,394.1091134,0,0,0,0.65249,0,0,0,3.2182,0,0,0,0,0.000419625,3.92174E-05,0
3,202,63.072,6.230354317,394.1091134,0.008699,0,0,0,0.027077,0,0,0,0,0,1.5003,0,0.000419625,3.92174E-05,0
3,202,63.072,6.230354317,394.1091134,0.013408,0,0,0.040274,0,0.79385,0,0,0,0,0.151728,0,0.000419625,3.92174E-05,0
3,202,63.072,6.230354317,394.1091134,0.008335,0,0,0,0.018484,0.77921,0.13028,0,0,0,0.151728,0,0.000419625,3.92174E-05,0
3,202,63.072,6.230354317,394.1091134,0,0,0,0,5.9309,0,0,0,0,0,0,0,0.000419625,3.92174E-05,0
3,202,63.072,6.230354317,394.1091134,0.008335,0,0,0,0.3855,0,0,0,0,0,0,0,0.000419625,3.92174E-05,0
3,202,63.072,6.230354317,394.1091134,0.10527,0,0,0,0,0,0,0,0,0,0.151728,0,0.000419625,3.92174E-05,0
3,202,63.072,6.230354317,394.1091134,0,0,0,0.0076281,0.79075,0,0,0,0,0,0.151728,0,0.000419625,3.92174E-05,0
3,202,63.072,6.230354317,394.1091134,0,0,0,0.15275,0.008333,0,0,0,0,0,0.278532,0,0.000419625,3.92174E-05,0
3,202,63.072,6.230354317,394.1091134,0,0,0,0,0.081175,0,0.13028,0,0,0,0,0,0.000419625,3.92174E-05,0
3,202,63.072,6.230354317,394.1091134,0,0,0,0,0,0,0,0,0,0,0.151728,0,0.000419625,3.92174E-05,0
3,202,63.072,6.230354317,394.1091134,0,0,0,0.003346,0.027174,0,0,0,0,0,1.57404,0,0.000419625,3.92174E-05,0
3,202,63.072,6.230354317,394.1091134,0.007102,0,0,0.80704,0,0,0,0,0,0,0,0,0.000419625,3.92174E-05,0
3,202,63.072,6.230354317,394.1091134,0.0152,0,0,0.017238,0,0,0,0,0,0,0,0,0.000419625,3.92174E-05,0
3,202,63.072,6.230354317,394.1091134,0,0,0,0.50869,0,0,0,0,0,0,1.02351,0,0.000419625,3.92174E-05,0
3,202,63.072,6.230354317,394.1091134,0.000172,0,0,0,0,0,0.13028,0,0,0,0.70764,0,0.000419625,3.92174E-05,0
3,202,63.072,6.230354317,394.1091134,0.008333,0,0,0.013024,3.1081,0,0.75031,0,0,0,1.41975,0,0.000419625,3.92174E-05,0
3,202,63.072,6.230354317,394.1091134,0,0,0,0.001669,3.9118,0,0,0,0,0,0.151728,0,0.000419625,3.92174E-05,0
3,202,63.072,6.230354317,394.1091134,0,0,0.009214,0,0,0,0,0,0,0,0.151728,0,0.000419625,3.92174E-05,0
3,202,63.072,6.230354317,394.1091134,0.17094,0,0,0.021906,0.008335,0,0,0,0,0,0.151728,0,0.000419625,3.92174E-05,0
3,202,63.072,6.230354317,394.1091134,0.025372,0,0,0,0,0,0,0,0,0,0.286419,0,0.000419625,3.92174E-05,0
3,202,63.072,6.230354317,394.1091134,0,0,0,0,0,0,0,0,0,0,0,0,0.000419625,3.92174E-05,0
3,202,63.072,6.230354317,394.1091134,0.048638,0,0,1.4153,0.14993,0,0,0,0,0,0.273384,0,0.000419625,3.92174E-05,0
3,202,63.072,6.230354317,394.1091134,0,0,0,0,0,0.77921,0,0,0,0,0,0,0.000419625,3.92174E-05,0
3,202,63.072,6.230354317,394.1091134,0,0,0,0.03272,0,0,0,0,0,0,0.151728,0,0.000419625,3.92174E-05,0
3,202,63.072,6.230354317,394.1091134,0.035255,0,0,0,0.23723,0,0,0,0,0,0,0,0.000419625,3.92174E-05,0
3,202,63.072,6.230354317,394.1091134,0.008335,0,0,0,0,0,0,0,0,0,0,0,0.000419625,3.92174E-05,0
3,202,63.072,6.230354317,394.1091134,0.27365,0,0,0.0067015,0,0,0,0,0,0,0,0,0.000419625,3.92174E-05,0
3,202,63.072,6.230354317,394.1091134,0.002031,0,0,0,0.4786,0,0.67053,0,0,0,0,0,0.000419625,3.92174E-05,0
3,202,63.072,6.230354317,394.1091134,0.008333,0,0,0,0.009056,0,0.002308,0,0,0,0,0,0.000419625,3.92174E-05,0
3,202,63.072,6.230354317,394.1091134,0.008333,0,0,0,0,0,0,0,0,0,0,0,0.000419625,3.92174E-05,0
3,202,63.072,6.230354317,394.1091134,0,0,0,0,0.008333,0,0,0,0,0,0.278703,0,0.000419625,3.92174E-05,0
3,202,63.072,6.230354317,394.1091134,0,0,0,0,0.14346,0,0,0,0,0,0,0,0.000419625,3.92174E-05,0
3,202,63.072,6.230354317,394.1091134,0.009056,0,0,0,0,0,0,0,0,0,0,0,0.000419625,3.92174E-05,0
3,202,63.072,6.230354317,394.1091134,6.0303,0,0,0.009056,0.001326,0,0,0,0,0,0,0,0.000419625,3.92174E-05,0
3,202,63.072,6.230354317,394.1091134,0,0,0,0,0.008333,0,0,0,0,0,2.6931,0,0.000419625,3.92174E-05,0
3,202,63.072,6.230354317,394.1091134,0,0,0,0,0.034463,0,0,0,0.00524,0,0.151728,0,0.000419625,3.92174E-05,0
3,202,63.072,6.230354317,394.1091134,0,0,0,0,0,0,0,0,0,0,0.151728,0,0.000419625,3.92174E-05,0
3,202,63.072,6.230354317,394.1091134,0.00824,0,0,0.01836,0.13896,0,0.42744,0,0,0,1.42239,0,0.000419625,3.92174E-05,0
3,202,63.072,6.230354317,394.1091134,0.043527,0,0,0,0.008333,0,0,0,0,0,0.151728,0,0.000419625,3.92174E-05,0
3,202,63.072,6.230354317,394.1091134,0.000376,0,0,0,0,0,0,0,0,0,0.151728,0,0.000419625,3.92174E-05,0
3,202,63.072,6.230354317,394.1091134,0,0,0,0,0.008333,0,0,0,0,0,0,0,0.000419625,3.92174E-05,0
3,202,63.072,6.230354317,394.1091134,3.2038,0,0,0,0.0099455,0,0,0,0,0,0.151728,0,0.000419625,3.92174E-05,0
3,202,63.072,6.230354317,394.1091134,0.011297,0,0,0.049787,0,0,0,0,0,0,3.9402,0,0.000419625,3.92174E-05,0
3,202,63.072,6.230354317,394.1091134,0,0,0,0.20517,0,0,0,0,0,0,0.31098,0,0.000419625,3.92174E-05,0
3,202,63.072,6.230354317,394.1091134,0.001478,0,0,0.11621,1.7912,0,0,0,0,0,3.1278,0,0.000419625,3.92174E-05,0
3,202,63.072,6.230354317,394.1091134,0.032537,0,0,0,0.005239,0,0,0,0,0,0,0,0.000419625,3.92174E-05,0
3,202,63.072,6.230354317,394.1091134,0.1613,0,0,0.0068531,0.002139,0,0,0,0,0,0.273366,0,0.000419625,3.92174E-05,0
3,202,63.072,6.230354317,394.1091134,0.00524,0,0,0,0,0,0,0,0,0,0.273384,0,0.000419625,3.92174E-05,0
3,202,63.072,6.230354317,394.1091134,0.091719,0,0,0,0,0,0,0,0,0,4.521,0,0.000419625,3.92174E-05,0
3,202,63.072,6.230354317,394.1091134,0.023786,0,0,4.0096,0,0,0,0,0,0,0.151728,0,0.000419625,3.92174E-05,0
3,202,63.072,6.230354317,394.1091134,0.037775,0,0,0.008333,1.2208,0,0,0,0,0,0,0,0.000419625,3.92174E-05,0
3,202,63.072,6.230354317,394.1091134,0,0,0,0,0,0.78099,0,0,0,0,2.13174,0,0.000419625,3.92174E-05,0
3,202,63.072,6.230354317,394.1091134,0.001669,0,0,0.13825,0,0,0,0,0,0,0.151728,0,0.000419625,3.92174E-05,0
3,202,63.072,6.230354317,394.1091134,0.60993,0,0,0,0,0,0,0,0,0,0,0,0.000419625,3.92174E-05,0
3,202,63.072,6.230354317,394.1091134,1.7472,0,0,0,0.0306,0,0,0,0,0,0,0,0.000419625,3.92174E-05,0
3,202,63.072,6.230354317,394.1091134,1.366,0,0.005312,0,0.000688,0,0,0,0,0,0,0,0.000419625,3.92174E-05,0
3,202,63.072,6.230354317,394.1091134,1.2325,0,0,0,0,0,0,0,0,0,0,0,0.000419625,3.92174E-05,0
3,202,63.072,6.230354317,394.1091134,0,0,0,0,0,0,0,0,0,0,0,0,0.000419625,3.92174E-05,0
3,202,63.072,6.230354317,394.1091134,0.00062,0,0,0.58718,0,0,0,0,0,0,2.66157,0,0.000419625,3.92174E-05,0
3,202,63.072,6.230354317,394.1091134,0,0,0,0.02762,1.0363,0,0,0,0,0,2.28174,0,0.000419625,3.92174E-05,0
3,202,63.072,6.230354317,394.1091134,0,0,0,0,5.0207,0.99064,0,0,0,0,0,0,0.000419625,3.92174E-05,0
3,202,63.072,6.230354317,394.1091134,0.70554,0,0,0,0,0,0,0,0,0,0.286419,0,0.000419625,3.92174E-05,0
3,202,63.072,6.230354317,394.1091134,0.000081,0,0,0,0.00524,0,0.67053,0,0,0,0.151728,0,0.000419625,3.92174E-05,0
3,202,63.072,6.230354317,394.1091134,0,0,0,0,0,0,0,0,0,0,0.151728,0,0.000419625,3.92174E-05,0
3,202,63.072,6.230354317,394.1091134,0,0,0,0,0.027077,0,0,0,0,0,0.151728,0,0.000419625,3.92174E-05,0
3,202,63.072,6.230354317,394.1091134,0,0,0,0.65046,0,0,0,0,0,0,3.6159,0,0.000419625,3.92174E-05,0
3,202,63.072,6.230354317,394.1091134,0.00062,0,0,0,0,0.093315,0,0,0,0,0.151728,0,0.000419625,3.92174E-05,0
3,202,63.072,6.230354317,394.1091134,0,0,0,0,0,0.60215,0,0,0,0,0,0,0.000419625,3.92174E-05,0
3,202,63.072,6.230354317,394.1091134,3.7455,0,0.063045,0,0,0.008332,0,0,0,0,0,0,0.000419625,3.92174E-05,0
3,202,63.072,6.230354317,394.1091134,1.8115,0,0,0,0.000251,0,0,0,0,0,2.3544,0,0.000419625,3.92174E-05,0
3,202,63.072,6.230354317,394.1091134,0,0,0,1.0487,0.003144,0,0,0,0,0,0,0,0.000419625,3.92174E-05,0
3,202,63.072,6.230354317,394.1091134,0.005239,0,0,0.70621,0.52975,0,0,0,0,0,0,0,0.000419625,3.92174E-05,0
3,202,63.072,6.230354317,394.1091134,0,0,0,0,0,0,0,0.20413,0,0,0.151728,0,0.000419625,3.92174E-05,0
3,202,63.072,6.230354317,394.1091134,0.008333,0,0,0,0,0,0,0,0,0,0.151728,0,0.000419625,3.92174E-05,0
3,202,63.072,6.230354317,394.1091134,0.00524,0,0,0.008333,0,0,0,0,0,0,0,0,0.000419625,3.92174E-05,0
3,202,63.072,6.230354317,394.1091134,0,0,0,0.00524,0,0,0,0,0,0,0,0,0.000419625,3.92174E-05,0
3,202,63.072,6.230354317,394.1091134,0,0,0,0,5.1226,0,0.13028,0,0,0,0.70485,0,0.000419625,3.92174E-05,0
3,202,63.072,6.230354317,394.1091134,0,0,0,0,0,0,0,0,0,0,0.151728,0,0.000419625,3.92174E-05,0
3,202,63.072,6.230354317,394.1091134,0.008333,0,0,0,0,0.77921,0,0,0,0,0,0,0.000419625,3.92174E-05,0
3,202,63.072,6.230354317,394.1091134,0.00014,0,0,0.008333,0.002492,0,0,0,0,0,2.13174,0,0.000419625,3.92174E-05,0
3,202,63.072,6.230354317,394.1091134,0.29003,0,0,0,0,0,0,0,0,0,0.151728,0,0.000419625,3.92174E-05,0
3,202,63.072,6.230354317,394.1091134,0.008333,0,0,0,0,0,0,0,0,0,0,0,0.000419625,3.92174E-05,0
3,202,63.072,6.230354317,394.1091134,0,0,0,0,0,0,0,0,0,0,0.57,0,0.000419625,3.92174E-05,0
3,202,63.072,6.230354317,394.1091134,0,0,0,0,0,0,0,0,0,0,0.151728,0,0.000419625,3.92174E-05,0
3,202,63.072,6.230354317,394.1091134,0.071675,0,0,0.02891,0,0,0,0,0,0,1.52439,0,0.000419625,3.92174E-05,0
3,202,63.072,6.230354317,394.1091134,0,0,0,0,0.012187,0,0,0,0,0,4.4787,0,0.000419625,3.92174E-05,0
3,202,63.072,6.230354317,394.1091134,0.061886,0,0,0,0,0,0,0,0,0,1.08339,0,0.000419625,3.92174E-05,0
3,202,63.072,6.230354317,394.1091134,0,0,0,0,0.0094528,0,0.10863,0,0.18533,0,0.273018,0,0.000419625,3.92174E-05,0
3,202,63.072,6.230354317,394.1091134,0.0097027,0,0,0,0,0.54889,0.13028,0,0,0,1.86174,0,0.000419625,3.92174E-05,0
3,202,63.072,6.230354317,394.1091134,0,0,0,0.030631,0,0,0,0,0,0,0.279585,0,0.000419625,3.92174E-05,0
3,202,63.072,6.230354317,394.1091134,0,0,0,3.2487,0.00524,0,0,0,0,0,0,0,0.000419625,3.92174E-05,0
3,202,63.072,6.230354317,394.1091134,0.007328,0,0,0,0.25607,0,0,0,0,0,0,0,0.000419625,3.92174E-05,0
3,202,63.072,6.230354317,394.1091134,0,0,0,0.00524,0,0,0,0,0,0,0.292407,0,0.000419625,3.92174E-05,0
3,202,63.072,6.230354317,394.1091134,0,0,0,0,5.0207,0,0,0,0,0,0.151728,0,0.000419625,3.92174E-05,0
3,202,63.072,6.230354317,394.1091134,0.023786,0,0,0,0,0,0,0,0,0,0.151728,0,0.000419625,3.92174E-05,0
3,202,63.072,6.230354317,394.1091134,0,0,0,0,0,0.77921,0,0,0,0,0.151728,0,0.000419625,3.92174E-05,0
3,202,63.072,6.230354317,394.1091134,0.024492,0,0,0,0.003468,0,0,0,0,0,0.151728,0,0.000419625,3.92174E-05,0
3,202,63.072,6.230354317,394.1091134,1.8379,0,0,0,0,0,0,0,0,0,0.151728,0,0.000419625,3.92174E-05,0
3,202,63.072,6.230354317,394.1091134,0,0,0,0,0.01564,0.003718,0,0,0,0,4.1568,0,0.000419625,3.92174E-05,0
3,202,63.072,6.230354317,394.1091134,0,0,0,0.008333,0,0,0,0,0,0,0,0,0.000419625,3.92174E-05,0
3,202,63.072,6.230354317,394.1091134,0,0,0,0,0.007102,0,0,0,0,0,0.75903,0,0.000419625,3.92174E-05,0
3,202,63.072,6.230354317,394.1091134,0.008333,0,0,0.00524,0,0,0,0,0,0,0,0,0.000419625,3.92174E-05,0
3,202,63.072,6.230354317,394.1091134,0.001309,0,0,0,0,0,0,0,0,0,0,0,0.000419625,3.92174E-05,0
3,202,63.072,6.230354317,394.1091134,0.003821,0,0,0,0,0,0.42744,0,0,0,0.151728,0,0.000419625,3.92174E-05,0
3,202,63.072,6.230354317,394.1091134,0,0,0,0.37527,0,0,0,0,0,0,1.86174,0,0.000419625,3.92174E-05,0
3,202,63.072,6.230354317,394.1091134,2.1218,0,0,0.00833,0,0.057823,0,0,0,0,0,0,0.000419625,3.92174E-05,0
3,202,63.072,6.230354317,394.1091134,0,0,0,0,2.3147,0,0,0,0,0,0.151728,0,0.000419625,3.92174E-05,0
3,202,63.072,6.230354317,394.1091134,0,0,0,0,0,0,0,0,0,0,0,0,0.000419625,3.92174E-05,0
3,202,63.072,6.230354317,394.1091134,1.8709,0,0,0.007251,0.14993,0,0,0,0,0,0.28866,0,0.000419625,3.92174E-05,0
3,202,63.072,6.230354317,394.1091134,0.001493,0,0,0,0,0,0,0,0,0,0.151728,0,0.000419625,3.92174E-05,0
3,202,63.072,6.230354317,394.1091134,0.015379,0,0,0,2.5837,0,0,0,0,0,0.73911,0,0.000419625,3.92174E-05,0
3,202,63.072,6.230354317,394.1091134,0.010338,0,0.005246,0.008335,0.013518,0.014982,0,0,0.007697,0,0,0,0.000419625,3.92174E-05,0
3,202,63.072,6.230354317,394.1091134,0.067102,0,0,0.018148,0.008333,0,0,0,0,0,0,0,0.000419625,3.92174E-05,0
3,202,63.072,6.230354317,394.1091134,0.0055384,0,0,0,0,0,0.059897,0,0,0,0,0,0.000419625,3.92174E-05,0
3,202,63.072,6.230354317,394.1091134,0.000752,0,0,0.040507,0.0214,0,0,0,0,0,5.0406,0,0.000419625,3.92174E-05,0
3,202,63.072,6.230354317,394.1091134,0.019152,0,0,0.002011,0,0,0,0,0,0,0,0,0.000419625,3.92174E-05,0
3,202,63.072,6.230354317,394.1091134,0,0,0,0,3.7158,0,0,0,0,0,0.151728,0,0.000419625,3.92174E-05,0
3,202,63.072,6.230354317,394.1091134,0,0,0,0.008335,0.011532,0.78092,0.13028,0,0,0,0,0,0.000419625,3.92174E-05,0
3,202,63.072,6.230354317,394.1091134,0.001478,0,0,0,5.2021,0,0,0,0,0,0.151728,0,0.000419625,3.92174E-05,0
3,202,63.072,6.230354317,394.1091134,0.00644,0,0,0,0.008333,0,0,0,0,0,0.151728,0,0.000419625,3.92174E-05,0
3,202,63.072,6.230354317,394.1091134,1.2325,0,0,0,0.00524,0,0,0,0,0,0.151728,0,0.000419625,3.92174E-05,0
3,202,63.072,6.230354317,394.1091134,0,0,0,0.081032,0,0,0,0,0,0,0,0,0.000419625,3.92174E-05,0
3,202,63.072,6.230354317,394.1091134,0.0094528,0,0,0.041531,2.1125,0,0,0,0,0,0,0,0.000419625,3.92174E-05,0
3,202,63.072,6.230354317,394.1091134,0,0,0,0.008333,0,0,0.42744,0,0,0,0,0,0.000419625,3.92174E-05,0
3,202,63.072,6.230354317,394.1091134,0.0064565,0,0,0,0,0,0,0,0,0,0,0,0.000419625,3.92174E-05,0
3,202,63.072,6.230354317,394.1091134,2.1821,0,0,1.3385,0.008321,0.79321,0.42744,0,0,0,0,0,0.000419625,3.92174E-05,0
3,202,63.072,6.230354317,394.1091134,0.73427,0,0,0.049787,0.005769,0,0.40452,0,0,0,0.271728,0,0.000419625,3.92174E-05,0
3,202,63.072,6.230354317,394.1091134,0,0,0,3.9449,0,0,0,0,0,0,0.151728,0,0.000419625,3.92174E-05,0
3,202,63.072,6.230354317,394.1091134,0.010338,0,0,5.8999,0,0,0,0,0,0,0.151728,0,0.000419625,3.92174E-05,0
3,202,63.072,6.230354317,394.1091134,2.3556,0,0,0.018148,0,0,0,0,0,0,0.151728,0,0.000419625,3.92174E-05,0
3,202,63.072,6.230354317,394.1091134,0.00524,0,0,0,0,0,0,0,0,0,0.276939,0,0.000419625,3.92174E-05,0
3,202,63.072,6.230354317,394.1091134,0.002031,0,0,0.0062753,0.007148,0,0,0,0,0,0.283572,0,0.000419625,3.92174E-05,0
3,202,63.072,6.230354317,394.1091134,0.013573,0,0,0,0,0,0,0,0,0,0,0,0.000419625,3.92174E-05,0
3,202,63.072,6.230354317,394.1091134,2.0814,0,0.01603,0.008333,0.008333,0,0,0,0,0,0.151728,0,0.000419625,3.92174E-05,0
3,202,63.072,6.230354317,394.1091134,0.01367,0,0,0.75591,0.16189,0,0,0,0,0,0.286419,0,0.000419625,3.92174E-05,0
3,202,63.072,6.230354317,394.1091134,0,0,0,0,1.4315,0,0,0,0,0,0,0,0.000419625,3.92174E-05,0
3,202,63.072,6.230354317,394.1091134,0,0,0,0,0,0,0,0,0,0,0.37014,0,0.000419625,3.92174E-05,0
3,202,63.072,6.230354317,394.1091134,0,0,0,0,0.0022594,0.77904,0,0,0,0,0.151728,0,0.000419625,3.92174E-05,0
3,202,63.072,6.230354317,394.1091134,0.0064565,0,0,0.42984,0.012187,0,1.8682,0,0,0,0,0,0.000419625,3.92174E-05,0
3,202,63.072,6.230354317,394.1091134,0,0,0,0,0,0,0,0,0.00524,0,0.151728,0,0.000419625,3.92174E-05,0
3,202,63.072,6.230354317,394.1091134,0.000376,0,0,0,0,0.080226,0.13028,0,0,0,4.8864,0,0.000419625,3.92174E-05,0
3,202,63.072,6.230354317,394.1091134,1.0702,0,0,4.7441,0.008333,0,0,0,0,0,0.151728,0,0.000419625,3.92174E-05,0
3,202,63.072,6.230354317,394.1091134,0.012671,0,0,0,0.1667,0,0,0,0,0,0,0,0.000419625,3.92174E-05,0
3,202,63.072,6.230354317,394.1091134,0.00524,0,0,0.001326,0,0,0,0,0,0,0.151728,0,0.000419625,3.92174E-05,0
3,202,63.072,6.230354317,394.1091134,0.005239,0,0,0.0088426,0,0,0,0,0,0,0,0,0.000419625,3.92174E-05,0
3,202,63.072,6.230354317,394.1091134,0.008333,0,0,0,0.23265,0,0,0,0,0,3.3018,0,0.000419625,3.92174E-05,0
3,202,63.072,6.230354317,394.1091134,0.008333,0,0,0.003538,0,0,0,0,0,0,0.268926,0,0.000419625,3.92174E-05,0
3,202,63.072,6.230354317,394.1091134,0,0,0,0.0068531,4.1692,0,0,0,0,0,0.2871,0,0.000419625,3.92174E-05,0
3,202,63.072,6.230354317,394.1091134,0,0,0,0,0.72843,0,0,0,0,0,0,0,0.000419625,3.92174E-05,0
3,202,63.072,6.230354317,394.1091134,0.008004,0,0,0.008333,0,0,0,0,0,0,0,0,0.000419625,3.92174E-05,0
3,202,63.072,6.230354317,394.1091134,0,0,0.93655,0,0.018282,0,0,0,0,0,0,0,0.000419625,3.92174E-05,0
3,202,63.072,6.230354317,394.1091134,0,0,0,0.020575,0,0,0,0,0,0,0.151728,0,0.000419625,3.92174E-05,0
3,202,63.072,6.230354317,394.1091134,1.385,0,0,0,0,0,0,0,0,0,0.30174,0,0.000419625,3.92174E-05,0
3,202,63.072,6.230354317,394.1091134,0,0,0,0,0,0,0,0,0,0,0.151728,0,0.000419625,3.92174E-05,0
3,202,63.072,6.230354317,394.1091134,0,0,0,0.011527,0,0,0,0,0,0,1.08339,0,0.000419625,3.92174E-05,0
3,202,63.072,6.230354317,394.1091134,2.8708,0,0,0,0.64611,0,0.13028,0,0,0,0,0,0.000419625,3.92174E-05,0
3,202,63.072,6.230354317,394.1091134,0.008333,0,0,3.4325,2.006,0,0,0,0,0,0.31755,0,0.000419625,3.92174E-05,0
3,202,63.072,6.230354317,394.1091134,0,0,0,0.005239,0,0,0,0,0,0,0.151728,0,0.000419625,3.92174E-05,0
3,202,63.072,6.230354317,394.1091134,0,0,0,0,0,0,0,0,0,0,0.151728,0,0.000419625,3.92174E-05,0
3,202,63.072,6.230354317,394.1091134,0.028169,0,0,5.2482,0.008333,0.000033,0,0,0,0,0.151728,0,0.000419625,3.92174E-05,0
3,202,63.072,6.230354317,394.1091134,0.46343,0,0,0,0,0,0,0,0,0,0.151728,0,0.000419625,3.92174E-05,0
3,202,63.072,6.230354317,394.1091134,0,0,0,0,0.013973,0,0,0,0,0,0,0,0.000419625,3.92174E-05,0
3,202,63.072,6.230354317,394.1091134,0.026038,0,0,0,3.1339,0,0,0,0,0,0.151728,0,0.000419625,3.92174E-05,0
3,202,63.072,6.230354317,394.1091134,0,0,0,0,0,2.1773,0,0,0,0,0.278526,0,0.000419625,3.92174E-05,0
3,202,63.072,6.230354317,394.1091134,0.08383,0,0,0,0,0,0,0,0,0,3.2364,0,0.000419625,3.92174E-05,0
3,202,63.072,6.230354317,394.1091134,0.091719,0,0,0.19366,0,0,0,0,0,0,3.8946,0,0.000419625,3.92174E-05,0
3,202,63.072,6.230354317,394.1091134,0,0,0,0,0,0,0,0,0,0,0.31059,0,0.000419625,3.92174E-05,0
3,202,63.072,6.230354317,394.1091134,0.007697,0,0,0.008335,0.002868,0,0,0,0,0,0,0,0.000419625,3.92174E-05,0
3,202,63.072,6.230354317,394.1091134,0.0097975,0,0,0,0,0,0,0,0,0,0,0,0.000419625,3.92174E-05,0
3,202,63.072,6.230354317,394.1091134,2.1473,0,0,0,0,0,0,0,0,0,0.70503,0,0.000419625,3.92174E-05,0
3,202,63.072,6.230354317,394.1091134,0.00644,0,0,0,0,0,0.008333,0,0,0,0,0,0.000419625,3.92174E-05,0
3,202,63.072,6.230354317,394.1091134,0.44516,0,0,0.00524,0,0,0,0,0,0,0,0,0.000419625,3.92174E-05,0
3,202,63.072,6.230354317,394.1091134,0,0,0,0,0.042129,0,0,0,0,0,0,0,0.000419625,3.92174E-05,0
3,202,63.072,6.230354317,394.1091134,0,0,0,0,0,0,0,0,0,0,0,0,0.000419625,3.92174E-05,0
3,202,63.072,6.230354317,394.1091134,0,0,0,0,0,0,0,0,0,0,0.151728,0,0.000419625,3.92174E-05,0
3,202,63.072,6.230354317,394.1091134,0,0,0,0,0.021907,0,0,0,0,0,0,0,0.000419625,3.92174E-05,0
3,202,63.072,6.230354317,394.1091134,0,0,0,0,0,0,0,0,0,0,0,0,0.000419625,3.92174E-05,0
3,202,63.072,6.230354317,394.1091134,0.005239,0,0,0,0.00524,1.1637,0,0,0,0,1.26477,0,0.000419625,3.92174E-05,0
3,202,63.072,6.230354317,394.1091134,0,0,0,0,0,0,0,0,0,0,0.286419,0,0.000419625,3.92174E-05,0
3,202,63.072,6.230354317,394.1091134,0,0,0,0,0,0,0,0,0,0,0,0,0.000419625,3.92174E-05,0
3,202,63.072,6.230354317,394.1091134,0,0,0,0.00043,0,0,0,0,0,0,1.70622,0,0.000419625,3.92174E-05,0
3,202,63.072,6.230354317,394.1091134,0.01048,0,0,0,0,0,0,0,0,0,5.6418,0,0.000419625,3.92174E-05,0
3,202,63.072,6.230354317,394.1091134,0,0,0,0,0,1.5693,0,0,0,0,0,0,0.000419625,3.92174E-05,0
3,202,63.072,6.230354317,394.1091134,0.0083909,0,0,0,0,0,0,0,0,0,0,0,0.000419625,3.92174E-05,0
3,202,63.072,6.230354317,394.1091134,0,0,0,0.25593,0.36581,0,0,0,0,0,0,0,0.000419625,3.92174E-05,0
3,202,63.072,6.230354317,394.1091134,0,0,0,0,0.68315,0,0,0,0,0,0,0,0.000419625,3.92174E-05,0
3,202,63.072,6.230354317,394.1091134,0,0,0,0.36044,0,2.4302,0,0,0,0,0,0,0.000419625,3.92174E-05,0
3,202,63.072,6.230354317,394.1091134,0,0,0,0,0.52251,0,0,0,0,0,0.151728,0,0.000419625,3.92174E-05,0
3,202,63.072,6.230354317,394.1091134,0.0021738,0,0,0,0,0,0,0,0,0,0.204657,0,0.000419625,3.92174E-05,0
3,202,63.072,6.230354317,394.1091134,0,0,0,0,0,0,0,0,0,0,0,0,0.000419625,3.92174E-05,0
3,202,63.072,6.230354317,394.1091134,0.003822,0,0,0,0,0,0,0,0,0,0.151728,0,0.000419625,3.92174E-05,0
3,202,63.072,6.230354317,394.1091134,0.008333,0,0,0,0.008335,0.77921,0,0,0,0,0.151728,0,0.000419625,3.92174E-05,0
3,202,63.072,6.230354317,394.1091134,0.036852,0,0,0,0,0,0,0,0,0,0.151728,0,0.000419625,3.92174E-05,0
3,202,63.072,6.230354317,394.1091134,0.008333,0,0,0,0.049462,0,0,0,0,0,0,0,0.000419625,3.92174E-05,0
3,202,63.072,6.230354317,394.1091134,0.016858,0,0,0.027172,0,0,0.13028,0,0,0,0,0,0.000419625,3.92174E-05,0
3,202,63.072,6.230354317,394.1091134,0.01332,0,0,0,0,0,0,0,0,0,0.27948,0,0.000419625,3.92174E-05,0
3,202,63.072,6.230354317,394.1091134,0.74435,0,0,0,0.27367,4.6961,0,0,0,0,0.275259,0,0.000419625,3.92174E-05,0
3,202,63.072,6.230354317,394.1091134,0.002382,0,0,0,0,0,0,0,0,0,0.273384,0,0.000419625,3.92174E-05,0
3,202,63.072,6.230354317,394.1091134,0,0,0,0.008333,0,0,0,0,0,0,0.151728,0,0.000419625,3.92174E-05,0
3,202,63.072,6.230354317,394.1091134,0.008333,0,0,0,0.005239,0,0,0,0,0,0.151728,0,0.000419625,3.92174E-05,0
3,202,63.072,6.230354317,394.1091134,0.008333,0,0,0.0078558,0.49136,0,0,0,0,0,0.151728,0,0.000419625,3.92174E-05,0
3,202,63.072,6.230354317,394.1091134,0.15083,0,0,0,0,0,0,0,0,0,0,0,0.000419625,3.92174E-05,0
3,202,63.072,6.230354317,394.1091134,0,0,0,0,0.00062,0.77921,0,0,0,0,0.151728,0,0.000419625,3.92174E-05,0
3,202,63.072,6.230354317,394.1091134,0.16583,0,0,0,0.008333,0,0,0,0,0,5.2875,0,0.000419625,3.92174E-05,0
3,202,63.072,6.230354317,394.1091134,0,0,0,0.00524,0,0,0,0,0,0,0,0,0.000419625,3.92174E-05,0
3,202,63.072,6.230354317,394.1091134,0.7554,0,0,0,0.62723,0,0,0,0,0,0.151728,0,0.000419625,3.92174E-05,0
3,202,63.072,6.230354317,394.1091134,1.4262,0,0,0.11621,0,0,0,0,0,0,0,0,0.000419625,3.92174E-05,0
3,202,63.072,6.230354317,394.1091134,0.028169,0,0.015636,0.14897,0,0,0,0,0,0,0,0,0.000419625,3.92174E-05,0
3,202,63.072,6.230354317,394.1091134,0.85316,0,0,0.10345,0.007697,0,0.13028,0,0,0,0.151728,0,0.000419625,3.92174E-05,0
3,202,63.072,6.230354317,394.1091134,0.008333,0,0,0,0,0.79351,0,0,0,0,0,0,0.000419625,3.92174E-05,0
3,202,63.072,6.230354317,394.1091134,0,0,0,1.3084,0.90312,0.62172,0,0,0,0,0.68376,0,0.000419625,3.92174E-05,0
3,202,63.072,6.230354317,394.1091134,0.00524,0,0,1.244,0,0.15887,0,0,0,0,2.94174,0,0.000419625,3.92174E-05,0
3,202,63.072,6.230354317,394.1091134,0,0,0,0,0,0,0,0,0,0,0.151728,0,0.000419625,3.92174E-05,0
3,202,63.072,6.230354317,394.1091134,0,0,0,0.38795,0.01787,0,0,0,0,0,0,0,0.000419625,3.92174E-05,0
3,202,63.072,6.230354317,394.1091134,0.005239,0,0,0.11797,0,0,0,0,0,0,3.4635,0,0.000419625,3.92174E-05,0
3,202,63.072,6.230354317,394.1091134,0.65673,0,0,0,0.005239,0,0,0,0,0,0.151728,0,0.000419625,3.92174E-05,0
3,202,63.072,6.230354317,394.1091134,0.0094073,0,0,0,0.008333,0.008333,0,0,0,0,0.151728,0,0.000419625,3.92174E-05,0
3,202,63.072,6.230354317,394.1091134,0,0,0,0,0.008333,0,0,0,0,0,0,0,0.000419625,3.92174E-05,0
3,202,63.072,6.230354317,394.1091134,0.0088426,0,0,0,0,0,0,0,0,0,3.3018,0,0.000419625,3.92174E-05,0
3,202,63.072,6.230354317,394.1091134,3.3665,0,0,0.23606,0.005239,0,0.13028,0,0,0,0.151728,0,0.000419625,3.92174E-05,0
3,202,63.072,6.230354317,394.1091134,0,0,0,0,0.013746,0.000064,0,0,0,0,3.0075,0,0.000419625,3.92174E-05,0
3,202,63.072,6.230354317,394.1091134,0,0,0,0.00014,2.557,0,0,0,0,0,1.04805,0,0.000419625,3.92174E-05,0
3,202,63.072,6.230354317,394.1091134,0,0,0,0.008333,0,0,0,0,0,0,0,0,0.000419625,3.92174E-05,0
3,202,63.072,6.230354317,394.1091134,0,0,0,0,0,0,0,0,0,0,0,0,0.000419625,3.92174E-05,0
3,202,63.072,6.230354317,394.1091134,0.0055799,0,0,0,0,0.79351,0,0,0,0,0.151728,0,0.000419625,3.92174E-05,0
3,202,63.072,6.230354317,394.1091134,0,0,0,0,0.019035,0,0,0,0,0,3.5568,0,0.000419625,3.92174E-05,0
3,202,63.072,6.230354317,394.1091134,0.16583,0,0,0,0.011841,3.3641,0.13028,0,0,0,0.151728,0,0.000419625,3.92174E-05,0
3,202,63.072,6.230354317,394.1091134,0.080184,0,0,0,0,0,0,0,0,0,2.06073,0,0.000419625,3.92174E-05,0
3,202,63.072,6.230354317,394.1091134,0.008333,0,0,0.55992,0,0,0,0,0,0,0,0,0.000419625,3.92174E-05,0
3,202,63.072,6.230354317,394.1091134,0,0,0,0,4.6346,0,0,0,0,0,0.278526,0,0.000419625,3.92174E-05,0
3,202,63.072,6.230354317,394.1091134,0.012154,0,0,0,0,0,0,0,0,0,2.37174,0,0.000419625,3.92174E-05,0
3,202,63.072,6.230354317,394.1091134,1.7472,0,0,0,0,0,0,0,0,0,0.70341,0,0.000419625,3.92174E-05,0
3,202,63.072,6.230354317,394.1091134,0,0,0,0.008333,2.3758,0,0,0,0,0,0.42399,0,0.000419625,3.92174E-05,0
3,202,63.072,6.230354317,394.1091134,0,0,0,0,0.008333,1.0992,0,0,0,0,0,0,0.000419625,3.92174E-05,0
3,202,63.072,6.230354317,394.1091134,0,0,0,1.2021,0.008133,0,0,0,0,0,0.70764,0,0.000419625,3.92174E-05,0
3,202,63.072,6.230354317,394.1091134,1.1697,0,0,0.011527,0,0,0,0,0,0,0.151728,0,0.000419625,3.92174E-05,0
3,202,63.072,6.230354317,394.1091134,0,0,0,0.1451,0.090777,0,0,0,0,0,3.6918,0,0.000419625,3.92174E-05,0
3,202,63.072,6.230354317,394.1091134,0.0097975,0,0,1.5881,0.008333,0,0,0,0,0,0,0,0.000419625,3.92174E-05,0
3,202,63.072,6.230354317,394.1091134,1.1984,0,0,0,0,0,0,0,0,0,0.151728,0,0.000419625,3.92174E-05,0
3,202,63.072,6.230354317,394.1091134,0,0,0.26609,4.1588,0.011532,0,0,0,0,0,0.151728,0,0.000419625,3.92174E-05,0
3,202,63.072,6.230354317,394.1091134,0.0094528,0,0,0.014043,0.52975,0.80945,0,0,0,0,0.286419,0,0.000419625,3.92174E-05,0
3,202,63.072,6.230354317,394.1091134,0,0,0,0.0060235,0.074576,0,0,0,0,0,0.151728,0,0.000419625,3.92174E-05,0
3,202,63.072,6.230354317,394.1091134,0.008335,0,0,0,0,0,0,0,0,0,0,0,0.000419625,3.92174E-05,0
3,202,63.072,6.230354317,394.1091134,0.19126,0,0,0.007102,0,0,0,0,0,0,0.151728,0,0.000419625,3.92174E-05,0
3,202,63.072,6.230354317,394.1091134,0,0,0,0.00524,0.1136,0,0,0,0,0,0,0,0.000419625,3.92174E-05,0
3,202,63.072,6.230354317,394.1091134,0.003416,0,0,0,0.024251,0.13226,0,0,0,0,2.10972,0,0.000419625,3.92174E-05,0
3,202,63.072,6.230354317,394.1091134,0,0,0,0.45906,0.00524,0.043533,0,0,0,0,3.4926,0,0.000419625,3.92174E-05,0
3,202,63.072,6.230354317,394.1091134,2.6701,0,0,0.11243,0,0,0,0,0,0,3.1278,0,0.000419625,3.92174E-05,0
3,202,63.072,6.230354317,394.1091134,1.0344,0,0,0.01409,0,0,0.13028,0,0,0,0.9426,0,0.000419625,3.92174E-05,0
3,202,63.072,6.230354317,394.1091134,0.026038,0,0,0,0.14993,3.738,0,0,0,0,0.151728,0,0.000419625,3.92174E-05,0
3,202,63.072,6.230354317,394.1091134,0.00524,0,0,0,0,0,0,0,0,0,0.151728,0,0.000419625,3.92174E-05,0
3,202,63.072,6.230354317,394.1091134,0.001326,0,0,0,0.053112,0,0,0,0,0,0.151728,0,0.000419625,3.92174E-05,0
3,202,63.072,6.230354317,394.1091134,0.00524,0,0,0,0.013551,0,0,0,0,0,0.151728,0,0.000419625,3.92174E-05,0
3,202,63.072,6.230354317,394.1091134,0.14827,0,0,0,0,0,0,0,0,0,0.151728,0,0.000419625,3.92174E-05,0
3,202,63.072,6.230354317,394.1091134,3.8421,0,0.45975,0,0,0,0,0,0,0,0,0,0.000419625,3.92174E-05,0
3,202,63.072,6.230354317,394.1091134,0.0055384,0,0,0,0,0,0,0,0,0,0.151728,0,0.000419625,3.92174E-05,0
3,202,63.072,6.230354317,394.1091134,2.1165,0,0,0.68671,0,0,0,0,0,0,1.31526,0,0.000419625,3.92174E-05,0
3,202,63.072,6.230354317,394.1091134,0,0,0,0,0.013036,0,0,0,0,0,0.151728,0,0.000419625,3.92174E-05,0
3,202,63.072,6.230354317,394.1091134,3.7455,0,0,0,0.00524,0,0,0,0,0,0.151728,0,0.000419625,3.92174E-05,0
3,202,63.072,6.230354317,394.1091134,0,0,0,0,0,0,0,0,0.3295,0,0,0,0.000419625,3.92174E-05,0
3,202,63.072,6.230354317,394.1091134,0.0062156,0,0,2.4172,0,0,0,0,0,0,1.74174,0,0.000419625,3.92174E-05,0
3,202,63.072,6.230354317,394.1091134,0,0,0,0.007102,0,0,0,0,0,0,0.151728,0,0.000419625,3.92174E-05,0
3,202,63.072,6.230354317,394.1091134,0,0,0,0.11243,0,0.017446,0,0,0,0,0,0,0.000419625,3.92174E-05,0
3,202,63.072,6.230354317,394.1091134,2.2987,0,1.565,0.00062,0,0,0,0,0,0,0,0,0.000419625,3.92174E-05,0
3,202,63.072,6.230354317,394.1091134,0,0,0,0,0.000063,0,0,0,0,0,0,0,0.000419625,3.92174E-05,0
3,202,63.072,6.230354317,394.1091134,0.00644,0,0,0.75591,0,0,0,0,0,0,0.151728,0,0.000419625,3.92174E-05,0
3,202,63.072,6.230354317,394.1091134,0.024955,0,0,0.008333,0,0,0,0,0,0,3.3057,0,0.000419625,3.92174E-05,0
3,202,63.072,6.230354317,394.1091134,0.00524,0,0,0,0,0,0,0,0,0,2.3544,0,0.000419625,3.92174E-05,0
3,202,63.072,6.230354317,394.1091134,0.00322,0,0,4.3923,0,0.79321,0,0,0,0,0,0,0.000419625,3.92174E-05,0
3,202,63.072,6.230354317,394.1091134,0.003355,0,0,0,0.61065,1.5527,0,0,0,0,0,0,0.000419625,3.92174E-05,0
3,202,63.072,6.230354317,394.1091134,0.5201,0,0,0.01254,0,0,0,0,0,0,0.33174,0,0.000419625,3.92174E-05,0
3,202,63.072,6.230354317,394.1091134,0,0,0,0.19366,0.0094528,0.012727,0,0,0,0,0,0,0.000419625,3.92174E-05,0
3,202,63.072,6.230354317,394.1091134,0.2494,0,0,0,0.008133,0.080373,0,0,0,0,0,0,0.000419625,3.92174E-05,0
3,202,63.072,6.230354317,394.1091134,0,0,0,0,0.014178,0,0,0,0,0,0.151728,0,0.000419625,3.92174E-05,0
3,202,63.072,6.230354317,394.1091134,0.067102,0,0,0.081032,0,0,0,0,0,0,0.151728,0,0.000419625,3.92174E-05,0
3,202,63.072,6.230354317,394.1091134,0.0068531,0,0,0,2.3147,0,0,0,0,0,0.151728,0,0.000419625,3.92174E-05,0
3,202,63.072,6.230354317,394.1091134,0.002011,0,0,0,0,0.26686,0,0,0,0,0.88596,0,0.000419625,3.92174E-05,0
3,202,63.072,6.230354317,394.1091134,0.98086,0,0,0,0,0,0,0,0,0,2.34936,0,0.000419625,3.92174E-05,0
3,202,63.072,6.230354317,394.1091134,0,0,0,5.4015,0.008333,0,0,0,0,0,0.151728,0,0.000419625,3.92174E-05,0
3,202,63.072,6.230354317,394.1091134,0,0,0,0,0.79075,0,0,0,0,0,4.2768,0,0.000419625,3.92174E-05,0
3,202,63.072,6.230354317,394.1091134,0,0,0,0,0.008335,0,0,0,0,0,5.1363,0,0.000419625,3.92174E-05,0
3,202,63.072,6.230354317,394.1091134,0,0,0,0,0,1.5701,0,0,0,0,0,0,0.000419625,3.92174E-05,0
3,202,63.072,6.230354317,394.1091134,0,0,0,0,0,0,0,0,0,0,0,0,0.000419625,3.92174E-05,0
3,202,63.072,6.230354317,394.1091134,0.008333,0,0,0,0,0,0,0,0,0,0.276939,0,0.000419625,3.92174E-05,0
3,202,63.072,6.230354317,394.1091134,0.011527,0,0,0,0.013551,0,0,0,0,0,4.9119,0,0.000419625,3.92174E-05,0
3,202,63.072,6.230354317,394.1091134,0,0,0,0,0,0,0,0,0,0,0,0,0.000419625,3.92174E-05,0
3,202,63.072,6.230354317,394.1091134,0,0,0,0,0.008333,0,0,0,0,0,0.273018,0,0.000419625,3.92174E-05,0
3,202,63.072,6.230354317,394.1091134,0,0,0,0.0306,0.008336,0,0,0,0,0,0.151728,0,0.000419625,3.92174E-05,0
3,202,63.072,6.230354317,394.1091134,0,0,0,0,0,0,0,0,0,0,0,0,0.000419625,3.92174E-05,0
3,202,63.072,6.230354317,394.1091134,0.00062,0,0,0,0,0,0,0,0,0,0.278532,0,0.000419625,3.92174E-05,0
3,202,63.072,6.230354317,394.1091134,0,0,0,0,0.007148,0,0,0,0,0,0.151728,0,0.000419625,3.92174E-05,0
3,202,63.072,6.230354317,394.1091134,0.0964,0,0.021503,0,0.008333,0,0,0,0,0,1.47333,0,0.000419625,3.92174E-05,0
3,202,63.072,6.230354317,394.1091134,0,0,0,0,0.008133,0,0,0,0,0,0.27711,0,0.000419625,3.92174E-05,0
3,202,63.072,6.230354317,394.1091134,0,0,0.005239,0,0,0,0,0,0,0,0.151728,0,0.000419625,3.92174E-05,0
3,202,63.072,6.230354317,394.1091134,0,0,0,0,2.8291,0.77904,0,0,0,0,0.151728,0,0.000419625,3.92174E-05,0
3,202,63.072,6.230354317,394.1091134,0.51613,0,0,0,0,0,0,0,0,0,0.93561,0,0.000419625,3.92174E-05,0
3,202,63.072,6.230354317,394.1091134,0,0,3.2536,1.8563,0.01787,0.000064,0,0,0,0,0.151728,0,0.000419625,3.92174E-05,0
3,202,63.072,6.230354317,394.1091134,0,0,0,0,0.008333,0,0,0,0,0,0.151728,0,0.000419625,3.92174E-05,0
3,202,63.072,6.230354317,394.1091134,0.032537,0,0,2.6259,0,0.77927,0,0,0,0,1.57404,0,0.000419625,3.92174E-05,0
3,202,63.072,6.230354317,394.1091134,0.002784,0,0,0,0,0.008333,0,0,0,0,0.151728,0,0.000419625,3.92174E-05,0
3,202,63.072,6.230354317,394.1091134,0.0068531,0,0,0,0,0,0,0,0,0,0.151728,0,0.000419625,3.92174E-05,0
3,202,63.072,6.230354317,394.1091134,5.0534,0,0,0,0,0.008335,0,0,0,0,0,0,0.000419625,3.92174E-05,0
3,202,63.072,6.230354317,394.1091134,0,0,0,0.003346,0.003144,0,0,0,0,0,1.27794,0,0.000419625,3.92174E-05,0
3,202,63.072,6.230354317,394.1091134,0.0088426,0,0.005908,0.000688,0.44929,0,0.13028,0,0,0,0,0,0.000419625,3.92174E-05,0
3,202,63.072,6.230354317,394.1091134,0.98086,0,0,0,0,0.79321,0,0,0,0,0,0,0.000419625,3.92174E-05,0
3,202,63.072,6.230354317,394.1091134,0,0,0,0,2.8821,0,0,0,0,0,0.151728,0,0.000419625,3.92174E-05,0
3,202,63.072,6.230354317,394.1091134,0,0,0,0,0,0,0,0,0,0,2.60853,0,0.000419625,3.92174E-05,0
3,202,63.072,6.230354317,394.1091134,0,0,0,0,0,0,0.67845,0,0,0,0.151728,0,0.000419625,3.92174E-05,0
3,202,63.072,6.230354317,394.1091134,0,0,0,4.8058,0.008321,0,0,0,0,0,0.151728,0,0.000419625,3.92174E-05,0
3,202,63.072,6.230354317,394.1091134,0,0,0,0,0,0,0,0,0,0,0,0,0.000419625,3.92174E-05,0
3,202,63.072,6.230354317,394.1091134,0.037775,0,0,0,0,0,0,0,0,0,0.290478,0,0.000419625,3.92174E-05,0
3,202,63.072,6.230354317,394.1091134,0,0,0,0.016337,0.005239,0,0,0,0,0,0.70764,0,0.000419625,3.92174E-05,0
3,202,63.072,6.230354317,394.1091134,0.000251,0,0,0,0.003538,0,0,0,0,0,0.73911,0,0.000419625,3.92174E-05,0
3,202,63.072,6.230354317,394.1091134,0,0,0,0.073717,0.008133,0,0,0,0,0,0.151728,0,0.000419625,3.92174E-05,0
3,202,63.072,6.230354317,394.1091134,0.013892,0,0,0,0,0,0.60778,0,0,0,0.151728,0,0.000419625,3.92174E-05,0
3,202,63.072,6.230354317,394.1091134,0,0,0,0,0.001434,0,0,0,0,0,1.41975,0,0.000419625,3.92174E-05,0
3,202,63.072,6.230354317,394.1091134,0.0019345,0,0,3.7669,0.18217,0,0,0,0.62958,0,1.52439,0,0.000419625,3.92174E-05,0
3,202,63.072,6.230354317,394.1091134,0,0,0,0.80704,0.00524,0,0,0,0,0,2.23266,0,0.000419625,3.92174E-05,0
3,202,63.072,6.230354317,394.1091134,0,0,0,0,0.002055,0,0,0,0.000124,0,0,0,0.000419625,3.92174E-05,0
3,202,63.072,6.230354317,394.1091134,0.015764,0,0,0.016555,0.008333,0,0,0,0,0,0,0,0.000419625,3.92174E-05,0
3,202,63.072,6.230354317,394.1091134,0,0,0,0,0,0,0,0,0,0,0.151728,0,0.000419625,3.92174E-05,0
3,202,63.072,6.230354317,394.1091134,0.046194,0,0,0,0,0,0,0,0,0,0.151728,0,0.000419625,3.92174E-05,0
3,202,63.072,6.230354317,394.1091134,0,0,0,0,0.0088426,5.0956,0,0,0,0,0.151728,0,0.000419625,3.92174E-05,0
3,202,63.072,6.230354317,394.1091134,5.6933,0,0,0.0097027,0,0,0,0,0,0,0.276939,0,0.000419625,3.92174E-05,0
3,202,63.072,6.230354317,394.1091134,0.008335,0,1.7055,0.030965,2.3147,0,0,0,0,0,0.273324,0,0.000419625,3.92174E-05,0
3,202,63.072,6.230354317,394.1091134,0.007697,0,0.3747,0,0.018282,0,0,0,0,0,0,0,0.000419625,3.92174E-05,0
3,202,63.072,6.230354317,394.1091134,0,0,0.000124,0,0,0,0,0,0,0,3.6423,0,0.000419625,3.92174E-05,0
3,202,63.072,6.230354317,394.1091134,0.043506,0,0,0,0.00014,0,0.67845,0,0,0,0,0,0.000419625,3.92174E-05,0
3,202,63.072,6.230354317,394.1091134,0.0055384,0,0.005239,0,0,0,0,0,0,0,0.151728,0,0.000419625,3.92174E-05,0
3,202,63.072,6.230354317,394.1091134,0,0,0,5.2482,0,0,0,0,0,0,0.151728,0,0.000419625,3.92174E-05,0
3,202,63.072,6.230354317,394.1091134,0.008333,0,0,0,0,0,0,0,0,0,0,0,0.000419625,3.92174E-05,0
3,202,63.072,6.230354317,394.1091134,0.71313,0,0,0.008333,0,0,0,0,0,0,0,0,0.000419625,3.92174E-05,0
3,202,63.072,6.230354317,394.1091134,0,0,0,0,0,0,0,0,0,0,0,0,0.000419625,3.92174E-05,0
3,202,63.072,6.230354317,394.1091134,0.27066,0,0,0,0.0041885,0,0,0,0,0,0,0,0.000419625,3.92174E-05,0
3,202,63.072,6.230354317,394.1091134,0,0,0,0,0,0,0,0,0,0,0.151728,0,0.000419625,3.92174E-05,0
3,202,63.072,6.230354317,394.1091134,0,0,0,0.0021738,0,0,0,0,0,0,0.286419,0,0.000419625,3.92174E-05,0
3,202,63.072,6.230354317,394.1091134,0,0,0,0,0.026162,0,0,0,0,0,0.30174,0,0.000419625,3.92174E-05,0
3,202,63.072,6.230354317,394.1091134,0.008333,0,0,0,0,0,0,0,0,0,1.19187,0,0.000419625,3.92174E-05,0
3,202,63.072,6.230354317,394.1091134,0,0,0,0,0.000376,0,0,0,0,0,0.151728,0,0.000419625,3.92174E-05,0
3,202,63.072,6.230354317,394.1091134,0,0,0,0.00524,0.00524,0,0,0,0,0,0,0,0.000419625,3.92174E-05,0
3,202,63.072,6.230354317,394.1091134,0.58468,0,0,0,0,0,0.84965,0,0,0,0.33174,0,0.000419625,3.92174E-05,0
3,202,63.072,6.230354317,394.1091134,0,0,0,0,0,0,0,0,0,0,0.151728,0,0.000419625,3.92174E-05,0
3,202,63.072,6.230354317,394.1091134,0.00021,0,0,0.37666,0,0,0,0,0,0,0,0,0.000419625,3.92174E-05,0
3,202,63.072,6.230354317,394.1091134,0,0,0,0,0.018484,0,0,0,0,0,4.4787,0,0.000419625,3.92174E-05,0
3,202,63.072,6.230354317,394.1091134,0,0,0,0,0,0,0,0,0,0,0.151728,0,0.000419625,3.92174E-05,0
3,202,63.072,6.230354317,394.1091134,0,0,0,0,0.000251,0,0,0,0,0,0,0,0.000419625,3.92174E-05,0
3,202,63.072,6.230354317,394.1091134,0,0,0,0,0,0,0,0,0,0,0,0,0.000419625,3.92174E-05,0
3,202,63.072,6.230354317,394.1091134,0,0,0,0,0.014719,0,0.021726,0,0,0,0,0,0.000419625,3.92174E-05,0
3,202,63.072,6.230354317,394.1091134,0.00824,0,0,0,0,0,0,0,0,0,0,0,0.000419625,3.92174E-05,0
3,202,63.072,6.230354317,394.1091134,0,0,0,0,3.6586,0,0,0,0,0,0,0,0.000419625,3.92174E-05,0
3,202,63.072,6.230354317,394.1091134,3.9799,0,0,0,0,0,0,0,0,0,1.62048,0,0.000419625,3.92174E-05,0
3,202,63.072,6.230354317,394.1091134,0,0,0,0.008333,0.046926,0,0,0,0,0,0,0,0.000419625,3.92174E-05,0
3,202,63.072,6.230354317,394.1091134,0,0,0,0,0,0,0,0,0,0,0.35643,0,0.000419625,3.92174E-05,0
3,202,63.072,6.230354317,394.1091134,0,0,0,0,0.008475,0,0,0,0,0,0.151728,0,0.000419625,3.92174E-05,0
3,202,63.072,6.230354317,394.1091134,0.008335,0,0,0,0,0,0,0,0,0,0,0,0.000419625,3.92174E-05,0
3,202,63.072,6.230354317,394.1091134,0.016638,0,2.4833,0,0,0,0.008333,0,0,0,0.288579,0,0.000419625,3.92174E-05,0
3,202,63.072,6.230354317,394.1091134,0.001493,0,0,0,0,0,0,0,0,0,0.151728,0,0.000419625,3.92174E-05,0
3,202,63.072,6.230354317,394.1091134,0.037775,0,0,0,0.00833,0,0,0,0,0,0,0,0.000419625,3.92174E-05,0
3,202,63.072,6.230354317,394.1091134,0,0,0,0,0.86472,0,0,0,0,0,1.65174,0,0.000419625,3.92174E-05,0
3,202,63.072,6.230354317,394.1091134,0.016699,0,0,0,0,0,0,0,0,0,0.151728,0,0.000419625,3.92174E-05,0
3,202,63.072,6.230354317,394.1091134,0,0,0,0,0.014178,0,0,0,0,0,0,0,0.000419625,3.92174E-05,0
3,202,63.072,6.230354317,394.1091134,0.15083,0,0,0.008333,0,0.91771,0,0,0,0,0,0,0.000419625,3.92174E-05,0
3,202,63.072,6.230354317,394.1091134,0.4515,0,0,0.37527,0,0,0.021726,0,0,0,4.4403,0,0.000419625,3.92174E-05,0
3,202,63.072,6.230354317,394.1091134,0,0,0,0,0,1.0166,0,0,0,0,0.151728,0,0.000419625,3.92174E-05,0
3,202,63.072,6.230354317,394.1091134,0,0,0,0,0,2.0371,0,0,0,0,2.37174,0,0.000419625,3.92174E-05,0
3,202,63.072,6.230354317,394.1091134,1.5561,0,0,0,0.000124,4.1439,0,0,0,0,0,0,0.000419625,3.92174E-05,0
3,202,63.072,6.230354317,394.1091134,2.6701,0,0,0,0,0,0,0,0,0,0.151728,0,0.000419625,3.92174E-05,0
3,202,63.072,6.230354317,394.1091134,0,0,0,0.86967,0,0.77921,0,0,0,0,1.57107,0,0.000419625,3.92174E-05,0
3,202,63.072,6.230354317,394.1091134,0.008333,0,0,0,0,0,0,0,0,0,1.33728,0,0.000419625,3.92174E-05,0
3,202,63.072,6.230354317,394.1091134,0,0,0,0.030237,0,0,0,0,0,0,5.6418,0,0.000419625,3.92174E-05,0
3,202,63.072,6.230354317,394.1091134,0.008333,0,0,0,0,0,0,0,0,0,3.3057,0,0.000419625,3.92174E-05,0
3,202,63.072,6.230354317,394.1091134,0,0,0,0.073717,0,0.77921,0,0,0,0,0.151728,0,0.000419625,3.92174E-05,0
3,202,63.072,6.230354317,394.1091134,0.008333,0,0.11086,0,0,0,0,0,0,0,0.275259,0,0.000419625,3.92174E-05,0
3,202,63.072,6.230354317,394.1091134,0,0,0,0.18602,0,0,0,0,0,0,0,0,0.000419625,3.92174E-05,0
3,202,63.072,6.230354317,394.1091134,0.13903,0,0,0.005239,0,0,0,0,0,0,0,0,0.000419625,3.92174E-05,0
3,202,63.072,6.230354317,394.1091134,0,0,0,0.00524,0.014719,0,0,0,0,0,1.33728,0,0.000419625,3.92174E-05,0
3,202,63.072,6.230354317,394.1091134,0.008333,0,0,0,0,0,0.60778,0,0,0,0,0,0.000419625,3.92174E-05,0
3,202,63.072,6.230354317,394.1091134,0.20881,0,0,0.013455,0,0,0,0,0,0,2.39871,0,0.000419625,3.92174E-05,0
3,202,63.072,6.230354317,394.1091134,0,0,0,0,0.19458,0,0,0,0,0,0.151728,0,0.000419625,3.92174E-05,0
3,202,63.072,6.230354317,394.1091134,0,0,0,0,0.013973,0,0,0,0,0,0.151728,0,0.000419625,3.92174E-05,0
3,202,63.072,6.230354317,394.1091134,0,0,0.002868,0,0,0,0,0,0,0,0,0,0.000419625,3.92174E-05,0
3,202,63.072,6.230354317,394.1091134,0.0094073,0,0,0.015552,0,0,0,0,0,0,0.151728,0,0.000419625,3.92174E-05,0
3,202,63.072,6.230354317,394.1091134,0.58468,0,0,2.1757,0,0,0,0,0,0,0.44541,0,0.000419625,3.92174E-05,0
3,202,63.072,6.230354317,394.1091134,0.020885,0,0,0,0,0,0,0,0,0,0,0,0.000419625,3.92174E-05,0
3,202,63.072,6.230354317,394.1091134,0.002011,0,0,0.024145,0.008333,0,0,0,0,0,0,0,0.000419625,3.92174E-05,0
3,202,63.072,6.230354317,394.1091134,1.1394,0,0,0,1.2208,0.79321,0,0,0,0,0.50493,0,0.000419625,3.92174E-05,0
3,202,63.072,6.230354317,394.1091134,0,0,0,0.22843,0,0,0.60778,0,0,0,0.273324,0,0.000419625,3.92174E-05,0
3,202,63.072,6.230354317,394.1091134,0.01061,0,0,0,0.14993,0,0.42744,0,0,0,0,0,0.000419625,3.92174E-05,0
3,202,63.072,6.230354317,394.1091134,0,0,0.10287,0,0,0,0,0,0,0,3.0075,0,0.000419625,3.92174E-05,0
3,202,63.072,6.230354317,394.1091134,0,0,0,0,0,0,0,0,0,0,0.151728,0,0.000419625,3.92174E-05,0
3,202,63.072,6.230354317,394.1091134,0.018338,0,0,0,0,0,0,0,0,0,0,0,0.000419625,3.92174E-05,0
3,202,63.072,6.230354317,394.1091134,0.011569,0,0,0,0,0,0,0,0,0,5.0406,0,0.000419625,3.92174E-05,0
3,202,63.072,6.230354317,394.1091134,0.008333,0,0,0,0,0,0,0,0,0,0.151728,0,0.000419625,3.92174E-05,0
3,202,63.072,6.230354317,394.1091134,0,0,0,0.55992,0,0,0,0,0,0,0.151728,0,0.000419625,3.92174E-05,0
3,202,63.072,6.230354317,394.1091134,0.013012,0,0,0,0,0,0,0,0,0,1.86174,0,0.000419625,3.92174E-05,0
3,202,63.072,6.230354317,394.1091134,0.002011,0,0,0,3.0251,0,0,0,0,0,1.62048,0,0.000419625,3.92174E-05,0
3,202,63.072,6.230354317,394.1091134,0.005239,0,0,0.00524,0.00524,0,0,0,0,0,0.151728,0,0.000419625,3.92174E-05,0
3,202,63.072,6.230354317,394.1091134,0.001434,0,0,0,0.010507,0,0,0,0,0,0,0,0.000419625,3.92174E-05,0
3,202,63.072,6.230354317,394.1091134,0,0,0,3.2487,0,0,0,0,0,0,0.45174,0,0.000419625,3.92174E-05,0
3,202,63.072,6.230354317,394.1091134,0.01332,0,0,0.62945,1.3024,0,0,0,0,0,0,0,0.000419625,3.92174E-05,0
3,202,63.072,6.230354317,394.1091134,0.005239,0,0,0.002741,0,0,0,0,0,0,0,0,0.000419625,3.92174E-05,0
3,202,63.072,6.230354317,394.1091134,0.001192,0,0,0,3.3385,0,0,0,0,0,0,0,0.000419625,3.92174E-05,0
3,202,63.072,6.230354317,394.1091134,0.63883,0,0.61757,0,0.003538,0,0,0,0,0,0.78174,0,0.000419625,3.92174E-05,0
3,202,63.072,6.230354317,394.1091134,2.2494,0,0,0,0.009056,0,0,0,0,0,0,0,0.000419625,3.92174E-05,0
3,202,63.072,6.230354317,394.1091134,0,0,0,0,0.007328,0,0,0,0,0,2.3544,0,0.000419625,3.92174E-05,0
3,202,63.072,6.230354317,394.1091134,0.031098,0,0,0,0.0306,0,0,0,0,0,0.151728,0,0.000419625,3.92174E-05,0
3,202,63.072,6.230354317,394.1091134,2.2494,0,0,0,0.008763,0,0.13028,0,0,0,0.151728,0,0.000419625,3.92174E-05,0
3,202,63.072,6.230354317,394.1091134,0.008333,0,0,0,0.0062716,0,0,0,0,0,0.151728,0,0.000419625,3.92174E-05,0
3,202,63.072,6.230354317,394.1091134,0.013573,0,0,0.021907,0,0,0,0,0,0,3.0075,0,0.000419625,3.92174E-05,0
3,202,63.072,6.230354317,394.1091134,0.001434,0,0,1.231,0,0,0,0,0,0,3.3018,0,0.000419625,3.92174E-05,0
3,202,63.072,6.230354317,394.1091134,0.010338,0,0,0,0,0,0,0,0,0,2.93637,0,0.000419625,3.92174E-05,0
3,202,63.072,6.230354317,394.1091134,0.009021,0,0,0,0,0,0,0,0,0,0,0,0.000419625,3.92174E-05,0
3,202,63.072,6.230354317,394.1091134,0.00062,0,0,0,0,0,0,0,0,0,0,0,0.000419625,3.92174E-05,0
3,202,63.072,6.230354317,394.1091134,0.0067502,0,0,0.073717,0,0,0,0,0,0,2.6481,0,0.000419625,3.92174E-05,0
3,202,63.072,6.230354317,394.1091134,0,0,0,0,0,0,0,0,0,0,0,0,0.000419625,3.92174E-05,0
3,202,63.072,6.230354317,394.1091134,0,0,0,2.4172,0,0,0,0,0,0,0,0,0.000419625,3.92174E-05,0
3,202,63.072,6.230354317,394.1091134,0.0088108,0,0,0,0.008333,0,0,0,0,0,0,0,0.000419625,3.92174E-05,0
3,202,63.072,6.230354317,394.1091134,0.00644,0,0,0,0,0,0,0,0,0,0.287505,0,0.000419625,3.92174E-05,0
3,202,63.072,6.230354317,394.1091134,0.25336,0,0,0,0,0.97535,0,0,0,0,0,0,0.000419625,3.92174E-05,0
3,202,63.072,6.230354317,394.1091134,0.008336,0,0,0,0.000124,0,0,0,0,0,2.3544,0,0.000419625,3.92174E-05,0
3,202,63.072,6.230354317,394.1091134,0.008333,0,0,0,0,0,0,0,0,0,0,0,0.000419625,3.92174E-05,0
3,202,63.072,6.230354317,394.1091134,0,0,0,0.008333,0,0,0,0,0,0,0,0,0.000419625,3.92174E-05,0
3,202,63.072,6.230354317,394.1091134,0.90611,0,0,0.011527,0,0,0,0,0,0,2.76468,0,0.000419625,3.92174E-05,0
3,202,63.072,6.230354317,394.1091134,0,0,0,0,0,0,0,0,0,0,0.151728,0,0.000419625,3.92174E-05,0
3,202,63.072,6.230354317,394.1091134,0,0,0,0,0,0,0,0,0,0,0.181728,0,0.000419625,3.92174E-05,0
3,202,63.072,6.230354317,394.1091134,0,0,0,0,0.0094528,2.8066,0,0,0,0,0,0,0.000419625,3.92174E-05,0
3,202,63.072,6.230354317,394.1091134,0.007697,0,0,0,0,0.66655,0,0,0,0,0,0,0.000419625,3.92174E-05,0
3,202,63.072,6.230354317,394.1091134,0.000688,0,0,0,0,0,0,0,0,0,0.151728,0,0.000419625,3.92174E-05,0
3,202,63.072,6.230354317,394.1091134,0,0,0,0.00524,0.006456,0,0,0,0,0,0,0,0.000419625,3.92174E-05,0
3,202,63.072,6.230354317,394.1091134,0.1613,0,0,0,0,0,0,0,0,0,0,0,0.000419625,3.92174E-05,0
3,202,63.072,6.230354317,394.1091134,0,0,0,0,1.8144,0,0,0,0,0,0.151728,0,0.000419625,3.92174E-05,0
3,202,63.072,6.230354317,394.1091134,0.005239,0,0,0,0,0,0,0,0,0,0,0,0.000419625,3.92174E-05,0
3,202,63.072,6.230354317,394.1091134,0,0,0,0,0,0,0,0,0,0,0.34434,0,0.000419625,3.92174E-05,0
3,202,63.072,6.230354317,394.1091134,0.00322,0,0,0.34605,0.00036,0,0,0,0,0,4.4787,0,0.000419625,3.92174E-05,0
3,202,63.072,6.230354317,394.1091134,0.002011,0,0.81358,0,0.37101,0,0,0,0,0,4.1568,0,0.000419625,3.92174E-05,0
3,202,63.072,6.230354317,394.1091134,0.011679,0,0,0,2.439,0,0,0,0,0,0.45174,0,0.000419625,3.92174E-05,0
3,202,63.072,6.230354317,394.1091134,0.041249,0,0.01603,0.005239,0,0,0,0,0,0,0.151728,0,0.000419625,3.92174E-05,0
3,202,63.072,6.230354317,394.1091134,0.008004,0,0,0.008333,0,0,0,0,0,0,0,0,0.000419625,3.92174E-05,0
3,202,63.072,6.230354317,394.1091134,0.023222,0,0.14787,0,0,0,0,0,0,0,1.62018,0,0.000419625,3.92174E-05,0
3,202,63.072,6.230354317,394.1091134,0.042136,0,0,0.55992,0.008133,0,0,0,0,0,0,0,0.000419625,3.92174E-05,0
3,202,63.072,6.230354317,394.1091134,0.48229,0,0.79962,0,0.000063,0.000886,0,0,0,0,0.151728,0,0.000419625,3.92174E-05,0
3,202,63.072,6.230354317,394.1091134,0.008335,0,0,0.011406,0,0,0,0,0,0,2.37174,0,0.000419625,3.92174E-05,0
3,202,63.072,6.230354317,394.1091134,0.55531,0,0,0,2.4885,0,0,0,0,0,0,0,0.000419625,3.92174E-05,0
3,202,63.072,6.230354317,394.1091134,0,0,0,2.8113,1.7912,0,0,0,0,0,0.241728,0,0.000419625,3.92174E-05,0
3,202,63.072,6.230354317,394.1091134,0,0,0,0,0,0,0,0,0,0,5.0718,0,0.000419625,3.92174E-05,0
3,202,63.072,6.230354317,394.1091134,1.8905,0,0,0,0,0.79321,0,0,0,0,0.37014,0,0.000419625,3.92174E-05,0
3,202,63.072,6.230354317,394.1091134,0.007148,0,0,0.9504,3.1081,0,0,0,0,0,0.151728,0,0.000419625,3.92174E-05,0
3,202,63.072,6.230354317,394.1091134,3.8952,0,0,0,0,0,0.40452,0,0,0,0,0,0.000419625,3.92174E-05,0
3,202,63.072,6.230354317,394.1091134,0.061886,0,0,0.018148,0,0,0,0,0,0,2.05122,0,0.000419625,3.92174E-05,0
3,202,63.072,6.230354317,394.1091134,0.023705,0,0,0.00524,0,0,0,0,0.00014,0,0.27711,0,0.000419625,3.92174E-05,0
3,202,63.072,6.230354317,394.1091134,0,0,0,0,0,0,0,0,0,0,0.151728,0,0.000419625,3.92174E-05,0
3,202,63.072,6.230354317,394.1091134,1.8115,0,0,0,0.000124,0,0,0,0,0,0,0,0.000419625,3.92174E-05,0
3,202,63.072,6.230354317,394.1091134,0.025372,0,0,0.005239,0.000251,0.080226,0,0,0,0,0,0,0.000419625,3.92174E-05,0
3,202,63.072,6.230354317,394.1091134,0.017603,0,0,0,0,0.78033,0,0,0,0,0.151728,0,0.000419625,3.92174E-05,0
3,202,63.072,6.230354317,394.1091134,0.0088108,0,0,0.012904,0,0,0,1.1944,0,0,0,0,0.000419625,3.92174E-05,0
3,202,63.072,6.230354317,394.1091134,0,0,0,0,0,0,0,0,0,0,0.151728,0,0.000419625,3.92174E-05,0
3,202,63.072,6.230354317,394.1091134,0.0056,0,0,0.00524,0,0,0,0,0,0,0.151728,0,0.000419625,3.92174E-05,0
3,202,63.072,6.230354317,394.1091134,0,0,0,0,0,0,0,0,0,0,0.151728,0,0.000419625,3.92174E-05,0
3,202,63.072,6.230354317,394.1091134,0.00524,0,0,0,0.000739,0,0,0,0,0,0,0,0.000419625,3.92174E-05,0
3,202,63.072,6.230354317,394.1091134,0,0,0,0.000078,0.007221,0,0,0,0,0,3.8946,0,0.000419625,3.92174E-05,0
3,202,63.072,6.230354317,394.1091134,0,0,0,0,0,0.2468,0,0.000251,0,0,0,0,0.000419625,3.92174E-05,0
3,202,63.072,6.230354317,394.1091134,0,0,0,0.0098389,0.008333,0,0,0,0,0,0.151728,0,0.000419625,3.92174E-05,0
3,202,63.072,6.230354317,394.1091134,0,0,0,0,0,0,0,0,0,0,2.76468,0,0.000419625,3.92174E-05,0
3,202,63.072,6.230354317,394.1091134,0,0,0,0,0.67961,0,0,0,0,0,0.151728,0,0.000419625,3.92174E-05,0
3,202,63.072,6.230354317,394.1091134,0.0067817,0,0,0.0043235,0,0,0,0,0,0,0,0,0.000419625,3.92174E-05,0
3,202,63.072,6.230354317,394.1091134,0.29343,0,0,0,0,0,0,0,0,0,0.287505,0,0.000419625,3.92174E-05,0
3,202,63.072,6.230354317,394.1091134,0.50457,0,0,0,0,0,0,0,0,0,0,0,0.000419625,3.92174E-05,0
3,202,63.072,6.230354317,394.1091134,0.008333,0,0,0.007328,0.014078,0,0,0,0,0,0,0,0.000419625,3.92174E-05,0
3,202,63.072,6.230354317,394.1091134,0,0,0,0.003538,0.26036,0,0,0,0,0,0,0,0.000419625,3.92174E-05,0
3,202,63.072,6.230354317,394.1091134,0,0,0,0,0,0,0,0,0,0,0.181728,0,0.000419625,3.92174E-05,0
3,202,63.072,6.230354317,394.1091134,0.011203,0,0,0,0.008321,0.000012,0,0,0,0,0,0,0.000419625,3.92174E-05,0
3,202,63.072,6.230354317,394.1091134,0.039743,0,0,0,0,0,0,0,0,0,0.27711,0,0.000419625,3.92174E-05,0
3,202,63.072,6.230354317,394.1091134,0.18763,0,0.79774,0,0.11919,1.5743,0,0,0,0,0.45174,0,0.000419625,3.92174E-05,0
3,202,63.072,6.230354317,394.1091134,0.01367,0,0,0,0,0,0,0,0,0,0.151728,0,0.000419625,3.92174E-05,0
3,202,63.072,6.230354317,394.1091134,0,0,0,0,0.026162,0,0,0,0,0,0.151728,0,0.000419625,3.92174E-05,0
3,202,63.072,6.230354317,394.1091134,0,0,0,0,0,0,0,0,0,0,0.151728,0,0.000419625,3.92174E-05,0
3,202,63.072,6.230354317,394.1091134,0.23451,0,0,0,0.007102,0,0,0,0,0,0.151728,0,0.000419625,3.92174E-05,0
3,202,63.072,6.230354317,394.1091134,0.004143,0,0,0,4.2216,0,0,0,0,0,0,0,0.000419625,3.92174E-05,0
3,202,63.072,6.230354317,394.1091134,0.002784,0,0,0,0,0,0,0,0,0,3.2364,0,0.000419625,3.92174E-05,0
3,202,63.072,6.230354317,394.1091134,0,0,0.002139,0.008335,0,0,0,0,0,0,0,0,0.000419625,3.92174E-05,0
3,202,63.072,6.230354317,394.1091134,0,0,0,0.37527,1.7912,0,0.13028,0,0,0,3.3018,0,0.000419625,3.92174E-05,0
3,202,63.072,6.230354317,394.1091134,0,0,0,4.8779,0,0.0024365,0,0,0,0,0.151728,0,0.000419625,3.92174E-05,0
3,202,63.072,6.230354317,394.1091134,0,0,0,0,0,0,0,0,0,0,0,0,0.000419625,3.92174E-05,0
4,203,13.55,43.76110607,2768.165314,0.032101,0,0,0,0,0,0,0,0,0,18.849,1.437091095,0.003010348,0.000281342,0
4,203,13.55,43.76110607,2768.165314,0.14827,0,0,0,8.688,0,0,0,0,0,0.273018,0.163878809,0.003010348,0.000281342,0
4,203,13.55,43.76110607,2768.165314,0,0,0,0.01172,0,0,16.74,0,0,0,0.151728,1.082901411,0.003010348,0.000281342,0
4,203,13.55,43.76110607,2768.165314,0,0,0,0,0,0,0,0,0,0,0.151728,2.473634728,0.003010348,0.000281342,0
4,203,13.55,43.76110607,2768.165314,0,0,0,0,0,0,0,0,0,0,0,19.16080795,0.003010348,0.000281342,0
4,203,13.55,43.76110607,2768.165314,0.008333,0,0,14.532,0,0,0,0,0,0,0,19.16080795,0.003010348,0.000281342,0
4,203,13.55,43.76110607,2768.165314,0,0,0,0.99417,0,0.080226,0,0,0,0,0,1.788434249,0.003010348,0.000281342,0
4,203,13.55,43.76110607,2768.165314,0.008333,0,0,2.8113,5.2021,0,0,0,0,0,0.278532,2.626534064,0.003010348,0.000281342,0
4,203,13.55,43.76110607,2768.165314,0,0,0,0.008333,0.008333,0,0,0,0,0,2.34429,1.611949377,0.003010348,0.000281342,0
4,203,13.55,43.76110607,2768.165314,6.3539,0,0,0.000739,0,0,0,0,0,0,28.8018,2.282103912,0.003010348,0.000281342,0
4,203,13.55,43.76110607,2768.165314,0.008333,0,0,5.1219,0,0,0,0,0,0,0.78174,3.37110503,0.003010348,0.000281342,0
4,203,13.55,43.76110607,2768.165314,6.0739,0,0,0,0.007328,0,0,0,0,0,0,9.094257285,0.003010348,0.000281342,0
4,203,13.55,43.76110607,2768.165314,0.98086,0,0,0,14.569,0.000209,0,0,0,0,0,1.912461635,0.003010348,0.000281342,0
4,203,13.55,43.76110607,2768.165314,0,0,0,17.164,0,0,0,0,0,0,1.97832,0.308645201,0.003010348,0.000281342,0
4,203,13.55,43.76110607,2768.165314,0,0,0,0,0.002868,0,0,0,0,0,0,1.082901411,0.003010348,0.000281342,0
4,203,13.55,43.76110607,2768.165314,0,0,0,0,0.000063,0,0,0,0,0,0.273357,1.629841853,0.003010348,0.000281342,0
4,203,13.55,43.76110607,2768.165314,0.00524,0,0,0.001677,0,0,0,0,0,0,0.290478,1.611949377,0.003010348,0.000281342,0
4,203,13.55,43.76110607,2768.165314,2.3556,0,0,0,0,0.012727,0,0,0,0,11.5818,1.953939646,0.003010348,0.000281342,0
4,203,13.55,43.76110607,2768.165314,8.3092,0,0,1.0312,0.008763,0,0,0,0,0,0,0.677067536,0.003010348,0.000281342,0
4,203,13.55,43.76110607,2768.165314,0,0,0,0,0,0.29716,0,0,0,0,0,3.50611189,0.003010348,0.000281342,0
4,203,13.55,43.76110607,2768.165314,0.001478,0,0,0,0.64611,0,0,0,0,0,0,3.50611189,0.003010348,0.000281342,0
4,203,13.55,43.76110607,2768.165314,0,0,0,0.86967,0.053112,0,0,0,0,0,0,1.740043236,0.003010348,0.000281342,0
4,203,13.55,43.76110607,2768.165314,0,0,0.000254,0,0.007102,0,0,0,0,0,0.273384,4.791523591,0.003010348,0.000281342,0
4,203,13.55,43.76110607,2768.165314,0.078253,0,0,0.00524,0,0,0,0,0,0,0.151728,4.286874454,0.003010348,0.000281342,0
4,203,13.55,43.76110607,2768.165314,0.15083,0,0,0,0,0,0,0,0,0,1.35936,3.66575417,0.003010348,0.000281342,0
4,203,13.55,43.76110607,2768.165314,0.22048,0,0,0,0,0,0,0,0,0,6.108,0.496109546,0.003010348,0.000281342,0
4,203,13.55,43.76110607,2768.165314,0,0,0,8.0353,0.00328,0,0,0,0,0,18.5811,6.85281809,0.003010348,0.000281342,0
4,203,13.55,43.76110607,2768.165314,0.005769,0,0,0,6.2079,0,0.13028,0,0,0,1.17456,1.629841853,0.003010348,0.000281342,0
4,203,13.55,43.76110607,2768.165314,0.001309,0,0,0,3.2048,0.79321,0,0,0,0,0.151728,3.37110503,0.003010348,0.000281342,0
4,203,13.55,43.76110607,2768.165314,0.46343,0,0,0,5.7051,0,0,0,0,0,22.6218,4.791523591,0.003010348,0.000281342,0
4,203,13.55,43.76110607,2768.165314,0,0,0,0,0,0,0,0,0,0,0,0.163878809,0.003010348,0.000281342,0
4,203,13.55,43.76110607,2768.165314,0,0,0,0.008265,0,0,0,0,0,0,1.09155,5.751441887,0.003010348,0.000281342,0
4,203,13.55,43.76110607,2768.165314,0.007697,0,0,0,0.0073964,0,0,0,0,0,5.1363,4.286874454,0.003010348,0.000281342,0
4,203,13.55,43.76110607,2768.165314,0.004143,0,0.00524,0.008333,2.6315,0,0,0,0,0,9.4467,4.044970118,0.003010348,0.000281342,0
4,203,13.55,43.76110607,2768.165314,0,0,0,0.020093,0,0.79321,0,0,0,0,8.9118,2.282103912,0.003010348,0.000281342,0
4,203,13.55,43.76110607,2768.165314,0.0067502,0,0,0.030965,0,0,0,0,0,0,19.6818,1.629841853,0.003010348,0.000281342,0
4,203,13.55,43.76110607,2768.165314,0.93731,0,0,0,0.0067709,0,0,0,0,0,0,0.677067536,0.003010348,0.000281342,0
4,203,13.55,43.76110607,2768.165314,9.146,0,0,0.00524,0,0,4.8562,0,0,0,0,8.563989377,0.003010348,0.000281342,0
4,203,13.55,43.76110607,2768.165314,0.008335,0,0.00744,0.16809,0,0,0,0,0,0,0,34.6982593,0.003010348,0.000281342,0
4,203,13.55,43.76110607,2768.165314,4.3384,0,0,0,0.14829,0,11.551,0,0,0,0.276924,0.51278208,0.003010348,0.000281342,0
4,203,13.55,43.76110607,2768.165314,0.080184,0,0,0,0,0.074131,0,0,0,0,2.39772,0.403800639,0.003010348,0.000281342,0
4,203,13.55,43.76110607,2768.165314,0,0,0,0,0,0,0,0,0,0,0.151728,1.926287639,0.003010348,0.000281342,0
4,203,13.55,43.76110607,2768.165314,0.014901,0,0,0,0.012452,0,0,0,0,0,0,27.05073767,0.003010348,0.000281342,0
4,203,13.55,43.76110607,2768.165314,0,0,0,0,0,0,0,0,0,0,0.151728,8.563989377,0.003010348,0.000281342,0
4,203,13.55,43.76110607,2768.165314,7.9784,0,0,0.94228,1.0784,0.008333,0,0,0,0,0.68376,7.432290306,0.003010348,0.000281342,0
4,203,13.55,43.76110607,2768.165314,0.002868,0,0.2087,0,0.002139,0,0,0,0,0,0,5.751441887,0.003010348,0.000281342,0
4,203,13.55,43.76110607,2768.165314,0.008333,0,7.1966,0,0.0094073,3.0433,0,0,0,0,3.9018,9.094257285,0.003010348,0.000281342,0
4,203,13.55,43.76110607,2768.165314,1.6989,0,0,0.015258,10.444,0,0,0,0,0,0.45174,5.721119019,0.003010348,0.000281342,0
4,203,13.55,43.76110607,2768.165314,16.603,0,0,0,1.3024,0,0,0,0,0,0,1.740043236,0.003010348,0.000281342,0
4,203,13.55,43.76110607,2768.165314,3.2852,0,0,0,0,0,24.186,0,0,0,3.6423,1.600969904,0.003010348,0.000281342,0
4,203,13.55,43.76110607,2768.165314,0.001267,0,0.00524,0.3794,4.5941,0,0,0,0,0,0.151728,0.533114438,0.003010348,0.000281342,0
4,203,13.55,43.76110607,2768.165314,4.616,0,0,0,0,0,0,0,0,0,0.151728,3.50611189,0.003010348,0.000281342,0
4,203,13.55,43.76110607,2768.165314,0.042738,0,0,0,0.001267,0,0,0,0.00949,0,1.52439,3.539348854,0.003010348,0.000281342,0
4,203,13.55,43.76110607,2768.165314,1.898,0,0,3.8138,0,0,10.868,0,0,0,11.7102,10.8444667,0.003010348,0.000281342,0
4,203,13.55,43.76110607,2768.165314,5.6933,0,0,0,5.6507,0,0,0,0,0,0,27.05073767,0.003010348,0.000281342,0
4,203,13.55,43.76110607,2768.165314,1.6091,0,0,0.44439,0.001267,0,0,0,0,0,0.151728,2.550491043,0.003010348,0.000281342,0
4,203,13.55,43.76110607,2768.165314,0,0,0,0,0,0,19.544,0,0,0,0,7.61406159,0.003010348,0.000281342,0
4,203,13.55,43.76110607,2768.165314,0.01367,0,0,0.37527,0,0,0,0,0,0,0,3.370698383,0.003010348,0.000281342,0
4,203,13.55,43.76110607,2768.165314,0,0,0,0.00524,0,0.0077375,0.60778,0,0,0,1.91388,34.6982593,0.003010348,0.000281342,0
4,203,13.55,43.76110607,2768.165314,0.48229,0,0,0.005769,0,0,0,0,0,0,0.151728,1.629841853,0.003010348,0.000281342,0
4,203,13.55,43.76110607,2768.165314,6.8591,0,0,0,0,0,0,0,0,0,8.9118,7.432290306,0.003010348,0.000281342,0
4,203,13.55,43.76110607,2768.165314,0.00036,0,0,0,0.008321,32.552,0.59876,0,0,0,0,1.629841853,0.003010348,0.000281342,0
4,203,13.55,43.76110607,2768.165314,0,0,0,0,0.008332,12.13,0,0,0,0,18.7944,1.753869239,0.003010348,0.000281342,0
4,203,13.55,43.76110607,2768.165314,0,0,0,0,0,0,0,0,0,0,16.4517,0.308645201,0.003010348,0.000281342,0
4,203,13.55,43.76110607,2768.165314,0.00036,0,0,0.049787,0,0.78033,0,0,0,0,1.42239,0.506275725,0.003010348,0.000281342,0
4,203,13.55,43.76110607,2768.165314,0,0,0,0,0.000124,0,0,0,0,0,0,3.37110503,0.003010348,0.000281342,0
4,203,13.55,43.76110607,2768.165314,0,0,0,3.8959,0.013036,0,0,0,0,0,8.3718,1.912461635,0.003010348,0.000281342,0
4,203,13.55,43.76110607,2768.165314,0,0,0,0,0,0,0,0,0,0,0.151728,3.933904712,0.003010348,0.000281342,0
4,203,13.55,43.76110607,2768.165314,0.000376,0,0,1.6824,0,0,0,0,0,0,0.151728,4.791523591,0.003010348,0.000281342,0
4,203,13.55,43.76110607,2768.165314,0.070781,0,0,11.325,0,0,0,0,0,0,0.286419,14.97902997,0.003010348,0.000281342,0
4,203,13.55,43.76110607,2768.165314,0.005239,0,0,0,0,0,0,0,0,0,0.151728,20.03672595,0.003010348,0.000281342,0
4,203,13.55,43.76110607,2768.165314,0,0,27.253,0.005239,0,0,0.93424,0,0,0,0,1.926287639,0.003010348,0.000281342,0
4,203,13.55,43.76110607,2768.165314,1.7741,0,0,1.9259,0.0022594,0,0,8.0874,0,0,3.0075,3.933904712,0.003010348,0.000281342,0
4,203,13.55,43.76110607,2768.165314,0,0,0,0,0.00062,0,0,0,0,0,0.45174,4.044970118,0.003010348,0.000281342,0
4,203,13.55,43.76110607,2768.165314,1.7741,0,0,0,0.05414,0,0,0,0,0,0,0.757177028,0.003010348,0.000281342,0
4,203,13.55,43.76110607,2768.165314,1.8154,0,0,0,0.008335,0,0,0,0,0,0.30174,1.788434249,0.003010348,0.000281342,0
4,203,13.55,43.76110607,2768.165314,21.068,0,0,0,0,0,0,0,0,0,0.151728,4.748825638,0.003010348,0.000281342,0
4,203,13.55,43.76110607,2768.165314,2.7267,0,0,1.8563,0,0.781,0,0,0,0,1.47333,2.282103912,0.003010348,0.000281342,0
4,203,13.55,43.76110607,2768.165314,0.016699,0,0,0.008333,0,0,0,0,0,0,1.86174,3.50611189,0.003010348,0.000281342,0
4,203,13.55,43.76110607,2768.165314,0.012423,0,0,0.008333,0,0,0,0,0,0,0.181728,3.50611189,0.003010348,0.000281342,0
4,203,13.55,43.76110607,2768.165314,0,0,0,0,1.7249,0,0,0,0,0,0,5.721119019,0.003010348,0.000281342,0
4,203,13.55,43.76110607,2768.165314,0,0,0,0,0,0,0,0,0,0,3.2364,6.438851272,0.003010348,0.000281342,0
4,203,13.55,43.76110607,2768.165314,0.035255,0,0,0.008335,2.3147,0,0,0,0,0,9.7158,8.563989377,0.003010348,0.000281342,0
4,203,13.55,43.76110607,2768.165314,0,0,0,0,0,0.77921,0,0,0,0,0,0.090682319,0.003010348,0.000281342,0
4,203,13.55,43.76110607,2768.165314,0.007148,0,0,0,0,0,0,0,0,0,0.151728,0.403800639,0.003010348,0.000281342,0
4,203,13.55,43.76110607,2768.165314,0,0,0,0,0,0,0,0,0,0,0.151728,1.953939646,0.003010348,0.000281342,0
4,203,13.55,43.76110607,2768.165314,0,0,0,0,0.00524,0,0,0,0,0,1.97832,3.66575417,0.003010348,0.000281342,0
4,203,13.55,43.76110607,2768.165314,11.135,0,0,0,0,0,30.686,0,0,0,0.286419,1.082901411,0.003010348,0.000281342,0
4,203,13.55,43.76110607,2768.165314,0.93731,0,0,0,0.0041885,0,0,0,0,0,0.151728,0.757177028,0.003010348,0.000281342,0
4,203,13.55,43.76110607,2768.165314,0,0,0,0.00524,0,0,0,0,0,0,8.172,4.791523591,0.003010348,0.000281342,0
4,203,13.55,43.76110607,2768.165314,0,0,0.053861,0,3.5933,0,0,0,0,0,0,1.480602342,0.003010348,0.000281342,0
4,203,13.55,43.76110607,2768.165314,0,0,0,0,0,0,0,0,0,0,0.31755,5.924849251,0.003010348,0.000281342,0
4,203,13.55,43.76110607,2768.165314,0,0,0.00062,0.010986,0,0,0,0,0,0,0,1.437091095,0.003010348,0.000281342,0
4,203,13.55,43.76110607,2768.165314,0.008335,0,0,0,0.008333,0,0,0,0,0,0.151728,1.788434249,0.003010348,0.000281342,0
4,203,13.55,43.76110607,2768.165314,0.00644,0,0,0,0,0,0,0,0,0,0.151728,1.753869239,0.003010348,0.000281342,0
4,203,13.55,43.76110607,2768.165314,0.82366,0,0,0,0.000063,0,0,0,0,0,4.5198,3.50611189,0.003010348,0.000281342,0
4,203,13.55,43.76110607,2768.165314,0,0,0,0.002868,0,0,0,0,0,0,0.70503,3.370698383,0.003010348,0.000281342,0
4,203,13.55,43.76110607,2768.165314,0,0,0,0,0,0,0,0,0,0,0,3.50611189,0.003010348,0.000281342,0
4,203,13.55,43.76110607,2768.165314,0,0,0,0,0,0,20.9,0,0,0,10.4865,1.082901411,0.003010348,0.000281342,0
4,203,13.55,43.76110607,2768.165314,0,0,0,0.019748,0,0.77921,0,0,0,0,0.151728,2.626534064,0.003010348,0.000281342,0
4,203,13.55,43.76110607,2768.165314,0,0,0,27.797,0.4786,0,0,0,0,0,10.3692,3.294248715,0.003010348,0.000281342,0
4,203,13.55,43.76110607,2768.165314,0,0,0,0,0.000124,0,0,0,0,0,10.4415,5.924849251,0.003010348,0.000281342,0
4,203,13.55,43.76110607,2768.165314,0,0,0,0.0088426,2.3758,0,0,0,0,0,0,1.753869239,0.003010348,0.000281342,0
4,203,13.55,43.76110607,2768.165314,0,0,0,0,0,0,0,0,0,0,0.151728,2.626534064,0.003010348,0.000281342,0
4,203,13.55,43.76110607,2768.165314,0,0,0,0,0,0,0,0,0,0,0,1.788434249,0.003010348,0.000281342,0
4,203,13.55,43.76110607,2768.165314,0.008332,0,0.90373,0.41548,0,0,8.4952,0.089084,0,0,0.286419,13.58857149,0.003010348,0.000281342,0
4,203,13.55,43.76110607,2768.165314,0.011479,0,0,0,0,0,0,0,0,0,0.151728,2.626534064,0.003010348,0.000281342,0
4,203,13.55,43.76110607,2768.165314,1.0702,0,0,32.687,0.005239,0,0,0.011436,0,0,0.151728,1.600969904,0.003010348,0.000281342,0
4,203,13.55,43.76110607,2768.165314,0.14297,0,0,0.3794,0,0,0,0,0,0,0,0.403800639,0.003010348,0.000281342,0
4,203,13.55,43.76110607,2768.165314,12.084,0,0,0,0.008333,0,0.13028,0,0,0,0.151728,5.924849251,0.003010348,0.000281342,0
4,203,13.55,43.76110607,2768.165314,0,0,0,0,0,0,0,0,0,0,18.7944,3.933904712,0.003010348,0.000281342,0
4,203,13.55,43.76110607,2768.165314,0.011479,0,0,0,0,0,0,0,0,0,0.151728,2.282103912,0.003010348,0.000281342,0
4,203,13.55,43.76110607,2768.165314,0.014402,0,0,0.005239,0,0,0,0,0,0,0.151728,4.748825638,0.003010348,0.000281342,0
4,203,13.55,43.76110607,2768.165314,0,0,0,0,0.84234,0,0,0,0,0,21.2118,2.550491043,0.003010348,0.000281342,0
4,203,13.55,43.76110607,2768.165314,0.00524,0,0,0.005239,0,0,0,0,0,0,19.6818,3.332473549,0.003010348,0.000281342,0
4,203,13.55,43.76110607,2768.165314,0.0094528,0,0,0,0,0,0,0,0,0,0,0.757177028,0.003010348,0.000281342,0
4,203,13.55,43.76110607,2768.165314,0.001192,0,0,0,0,0,0,0,0,0,0.151728,1.629841853,0.003010348,0.000281342,0
4,203,13.55,43.76110607,2768.165314,0,0,0,0,0,0,0,0,0,0,0,0.403800639,0.003010348,0.000281342,0
4,203,13.55,43.76110607,2768.165314,0.74435,0,0,0,0.0014495,0,0,0,0,0,4.4103,4.286874454,0.003010348,0.000281342,0
4,203,13.55,43.76110607,2768.165314,0,0,0,0.013565,0,2.6999,0,0,0,0,0.151728,10.8444667,0.003010348,0.000281342,0
4,203,13.55,43.76110607,2768.165314,0,0,0,0,0,0,0,0,0,0,0,3.294248715,0.003010348,0.000281342,0
4,203,13.55,43.76110607,2768.165314,0,0,0,0.002868,4.6346,0,0,0,0,0,0.151728,5.924849251,0.003010348,0.000281342,0
4,203,13.55,43.76110607,2768.165314,0,0,0,0,0,0,0.13028,0,0,0,0,3.933904712,0.003010348,0.000281342,0
4,203,13.55,43.76110607,2768.165314,0,0,0,0,0,0,0,0,0,0,1.5003,8.563989377,0.003010348,0.000281342,0
4,203,13.55,43.76110607,2768.165314,0,0,0,0,2.529,0,0,0,0,0,25.2354,1.788434249,0.003010348,0.000281342,0
4,203,13.55,43.76110607,2768.165314,0,0,0,0,0,6.4369,0,0,0,0,0.275259,7.432290306,0.003010348,0.000281342,0
4,203,13.55,43.76110607,2768.165314,0,0,0,0.00524,0,0,0,0,0,0,0,1.753869239,0.003010348,0.000281342,0
4,203,13.55,43.76110607,2768.165314,0,0,0,0.000739,0,0,0,0,0,0,0,3.294248715,0.003010348,0.000281342,0
4,203,13.55,43.76110607,2768.165314,0,0,0,0,0,0,0,0,0,0,0.151728,8.643285575,0.003010348,0.000281342,0
4,203,13.55,43.76110607,2768.165314,0.008333,0,0,0.002031,0,0,0,0,0,0,0.278703,7.432290306,0.003010348,0.000281342,0
4,203,13.55,43.76110607,2768.165314,0,0,0,0,0,0.26686,0,0,0,0,8.8155,4.748825638,0.003010348,0.000281342,0
4,203,13.55,43.76110607,2768.165314,0.008333,0,0,0,0,0,0,0,0,0,1.02366,9.094257285,0.003010348,0.000281342,0
4,203,13.55,43.76110607,2768.165314,0,0,0,0,0,0,0,0,0,0,7.2168,4.748825638,0.003010348,0.000281342,0
4,203,13.55,43.76110607,2768.165314,0.001669,0,0,0,0,0,0,0,0,0,0,1.611949377,0.003010348,0.000281342,0
4,203,13.55,43.76110607,2768.165314,0.20435,0,0,0,2.7215,0,0,0,0,0,0.290478,5.924849251,0.003010348,0.000281342,0
4,203,13.55,43.76110607,2768.165314,0.51613,0,0,0.1451,0.79075,0,0,0,0,0,3.9018,8.153142895,0.003010348,0.000281342,0
4,203,13.55,43.76110607,2768.165314,12.084,0,0,0,0.014178,0,0,0,0,0,23.3337,1.611949377,0.003010348,0.000281342,0
4,203,13.55,43.76110607,2768.165314,0.0088426,0,0,0,0.090777,0,0.021726,0,0,0,0,4.165922286,0.003010348,0.000281342,0
4,203,13.55,43.76110607,2768.165314,0.00524,0,0,0.0081579,0.42442,0,0,0,0,0,8.9118,0.403800639,0.003010348,0.000281342,0
4,203,13.55,43.76110607,2768.165314,10.582,0,0,0,0,0,0,0,0,0,0.151728,0.403800639,0.003010348,0.000281342,0
4,203,13.55,43.76110607,2768.165314,10.582,0,0,0.70621,0,0,0,0,0,0,1.57404,5.924849251,0.003010348,0.000281342,0
4,203,13.55,43.76110607,2768.165314,0,0,0,0,0.019035,0,0,0,0,0,0.151728,8.643285575,0.003010348,0.000281342,0
4,203,13.55,43.76110607,2768.165314,0,0,0,0,0,0,0,0,0,0,18.5811,13.20935554,0.003010348,0.000281342,0
4,203,13.55,43.76110607,2768.165314,0.00043,0,3.6624,0.00524,0,0.79321,0,0,0,0,0.151728,7.432290306,0.003010348,0.000281342,0
4,203,13.55,43.76110607,2768.165314,0,0,0,0.000688,0,2.3282,0,0,0,0,0,0.506275725,0.003010348,0.000281342,0
4,203,13.55,43.76110607,2768.165314,0,0,0,0.00387,0,0,0,0.00021,0,0,2.39772,2.742428507,0.003010348,0.000281342,0
4,203,13.55,43.76110607,2768.165314,0,0,0,0,0,0,0,0,0,0,0,8.153142895,0.003010348,0.000281342,0
4,203,13.55,43.76110607,2768.165314,0.72108,0,0,0.15874,0,0,0,0,0,0,0.181728,3.50611189,0.003010348,0.000281342,0
4,203,13.55,43.76110607,2768.165314,0.001436,0,0,0.16809,0.0072705,0.023853,0,0,0,0,0,27.05073767,0.003010348,0.000281342,0
4,203,13.55,43.76110607,2768.165314,0.0021738,0,0,0,0,0,0,0,0,0,0.151728,9.094257285,0.003010348,0.000281342,0
4,203,13.55,43.76110607,2768.165314,0.20881,0,0,10.744,0,0,0,0,0,0,0.151728,13.20935554,0.003010348,0.000281342,0
4,203,13.55,43.76110607,2768.165314,0.29003,0,0,0,0.000078,0.089117,0,0,0,0,13.3746,7.432290306,0.003010348,0.000281342,0
4,203,13.55,43.76110607,2768.165314,0,0,0,0,0.00833,0,0,0,0,0,1.33368,8.153142895,0.003010348,0.000281342,0
4,203,13.55,43.76110607,2768.165314,3.9799,0,26.239,0,0.00524,0,0,0,0,0,0.151728,0.506275725,0.003010348,0.000281342,0
4,203,13.55,43.76110607,2768.165314,0,0,0,0,0,0,0,0,0,0,21.2118,4.862686845,0.003010348,0.000281342,0
4,203,13.55,43.76110607,2768.165314,0.00014,0,0,0,0,0,0,0,0,0,0,2.473634728,0.003010348,0.000281342,0
4,203,13.55,43.76110607,2768.165314,14.661,0,0,0,1.2072,0,0,14.441,0,0,0.84174,3.294248715,0.003010348,0.000281342,0
4,203,13.55,43.76110607,2768.165314,0.1789,0,0,0,0.013476,0,0,0,0,0,3.9402,1.753869239,0.003010348,0.000281342,0
4,203,13.55,43.76110607,2768.165314,3.7455,0,0.049251,20.576,0,0,0.13028,0,0,0,0.151728,0.090682319,0.003010348,0.000281342,0
4,203,13.55,43.76110607,2768.165314,0,0,0,0,0.000063,0,9.6768,0,0,0,0,0.677067536,0.003010348,0.000281342,0
4,203,13.55,43.76110607,2768.165314,0.0072895,0,0,0,2.0594,0,0,0,0,0,0,1.437091095,0.003010348,0.000281342,0
4,203,13.55,43.76110607,2768.165314,0.7554,0,0,0,0.00062,0,0,0,0,0,38.517,3.50611189,0.003010348,0.000281342,0
4,203,13.55,43.76110607,2768.165314,0,0,0,0.041531,0,0,0,0,0,0,0.276939,9.094257285,0.003010348,0.000281342,0
4,203,13.55,43.76110607,2768.165314,0.001493,0,0,0.001677,0,0,0.13028,0,0,0,0.72174,19.16080795,0.003010348,0.000281342,0
4,203,13.55,43.76110607,2768.165314,0.008333,0,0,0,0,0,0,0,6.8979,0,0,9.094257285,0.003010348,0.000281342,0
4,203,13.55,43.76110607,2768.165314,0,0,0,0,0.1098,1.1312,0,0,0,0,0.151728,19.16080795,0.003010348,0.000281342,0
4,203,13.55,43.76110607,2768.165314,0,0,0,0,0,0,0,0,0,0,11.1597,1.082901411,0.003010348,0.000281342,0
4,203,13.55,43.76110607,2768.165314,0.008333,0,0,0,0,0,0,0,0,0,0.151728,0.757177028,0.003010348,0.000281342,0
4,203,13.55,43.76110607,2768.165314,0.44516,0,0,0,0.001478,0,0,0,0,0,1.62018,6.85281809,0.003010348,0.000281342,0
4,203,13.55,43.76110607,2768.165314,5.2762,0,0,0.23606,3.1081,0,0.093171,0,0,0,0,1.926287639,0.003010348,0.000281342,0
4,203,13.55,43.76110607,2768.165314,0,0,0,0.14108,0,1.0289,0,0,0,0,0.151728,0.506275725,0.003010348,0.000281342,0
4,203,13.55,43.76110607,2768.165314,0.87352,0,0,0.48873,0,0,0,0,0,0,0.271128,4.862686845,0.003010348,0.000281342,0
4,203,13.55,43.76110607,2768.165314,0.018338,0,0,0,0,0,0,0,0,0,2.37174,0.090682319,0.003010348,0.000281342,0
4,203,13.55,43.76110607,2768.165314,0.047389,0,0,0,0,0,0,0,0,0,2.21025,5.924849251,0.003010348,0.000281342,0
4,203,13.55,43.76110607,2768.165314,0.15204,0,0,17.373,0,0.001185,0,0,0,0,0,4.862686845,0.003010348,0.000281342,0
4,203,13.55,43.76110607,2768.165314,0.0083909,0,0,0,0,0,0,0,0,0,0,8.153142895,0.003010348,0.000281342,0
4,203,13.55,43.76110607,2768.165314,3.4031,0,0,0.005341,0.002508,0,0,0,0,0,0.68376,1.480602342,0.003010348,0.000281342,0
4,203,13.55,43.76110607,2768.165314,2.6123,0,0,0.002011,0.008321,0,0,0,0,0,0.151728,6.85281809,0.003010348,0.000281342,0
4,203,13.55,43.76110607,2768.165314,0,0,0,0,0.00833,0,0.13028,0,0,0,7.3638,0.757177028,0.003010348,0.000281342,0
4,203,13.55,43.76110607,2768.165314,0.010054,0,0,0,8.8857,0,0.13028,0,0,0,0.70503,4.791523591,0.003010348,0.000281342,0
4,203,13.55,43.76110607,2768.165314,25.253,0,0,0,0,0,0,0,0.0021738,0,0,1.912461635,0.003010348,0.000281342,0
4,203,13.55,43.76110607,2768.165314,0.0062156,0,0,0,0,2.6216,0,0,0,0,0.278526,1.480602342,0.003010348,0.000281342,0
4,203,13.55,43.76110607,2768.165314,0,0,0,0,0.009767,0,0,0,0,0,2.6481,0.757177028,0.003010348,0.000281342,0
4,203,13.55,43.76110607,2768.165314,2.1571,0,0,0,0,0,0,0,0,0,0,3.50611189,0.003010348,0.000281342,0
4,203,13.55,43.76110607,2768.165314,0,0,0,0.001434,0,0,0,0,0,0,1.17966,20.03672595,0.003010348,0.000281342,0
4,203,13.55,43.76110607,2768.165314,0,0,0,0.038288,0,0,0.42744,0,0,0,0.38949,1.611949377,0.003010348,0.000281342,0
4,203,13.55,43.76110607,2768.165314,0.008333,0,0,0.049787,0,0,0.13028,0,0,0,9.1953,1.953939646,0.003010348,0.000281342,0
4,203,13.55,43.76110607,2768.165314,0,0,0,0.16809,0.010107,0,0,0,0,0,1.62018,0.51278208,0.003010348,0.000281342,0
4,203,13.55,43.76110607,2768.165314,0.17962,0,0,2.4911,8.0698,0.008333,0,0,0,0,0.53757,1.480602342,0.003010348,0.000281342,0
4,203,13.55,43.76110607,2768.165314,0.00524,0,0,0,0.00524,0,0,0,0,0,0.151728,0.51278208,0.003010348,0.000281342,0
4,203,13.55,43.76110607,2768.165314,0,0,0,0.027172,0,0,16.305,0,0,0,0.151728,0.677067536,0.003010348,0.000281342,0
4,203,13.55,43.76110607,2768.165314,0.3628,0,0,0,0,0,0,0,0,0,0.31059,8.643285575,0.003010348,0.000281342,0
4,203,13.55,43.76110607,2768.165314,1.8154,0,0,0.002741,0.008335,0,0,0,0,0,0.151728,0.496109546,0.003010348,0.000281342,0
4,203,13.55,43.76110607,2768.165314,0.000081,0,0,0,0,0,0,0,0,0,0.151728,0.163878809,0.003010348,0.000281342,0
4,203,13.55,43.76110607,2768.165314,0.008333,0,0,0,0,0,0,0,0,0,0,3.370698383,0.003010348,0.000281342,0
4,203,13.55,43.76110607,2768.165314,0,0,0,0,0,0,0,0,0,0,0.151728,3.37110503,0.003010348,0.000281342,0
4,203,13.55,43.76110607,2768.165314,0,0,0,0,0,0,9.569,0,0,0,6.5418,3.370698383,0.003010348,0.000281342,0
4,203,13.55,43.76110607,2768.165314,0.73427,0,0,0,0,0,0,0,0,0,0,0.403800639,0.003010348,0.000281342,0
4,203,13.55,43.76110607,2768.165314,0,0,0.82178,0,0.00524,0,0,0,0,0,0.151728,2.550491043,0.003010348,0.000281342,0
4,203,13.55,43.76110607,2768.165314,9.9965,0,0,0,0,0,0,0,0,0,9.7158,0.677067536,0.003010348,0.000281342,0
4,203,13.55,43.76110607,2768.165314,0.00644,0,0,0,0,0,0,0,0,0,0,1.912461635,0.003010348,0.000281342,0
4,203,13.55,43.76110607,2768.165314,0.008333,0,0,1.0205,0,0.77921,0,0,0,0,0,1.926287639,0.003010348,0.000281342,0
4,203,13.55,43.76110607,2768.165314,0.007697,0,0,0,0.009056,0,0,0,0,0,2.05122,3.933904712,0.003010348,0.000281342,0
4,203,13.55,43.76110607,2768.165314,0.042738,0,0,0,0,0,0,0,0,0,4.9119,19.71922933,0.003010348,0.000281342,0
4,203,13.55,43.76110607,2768.165314,0.46343,0,0,0,0,0,0,0,0,0,0,6.85281809,0.003010348,0.000281342,0
4,203,13.55,43.76110607,2768.165314,0,0,0,0,0,0,0,0,0,0,6.5418,1.480602342,0.003010348,0.000281342,0
4,203,13.55,43.76110607,2768.165314,0.002508,0,0,0,0.001434,0,0,0,0,0,0.70764,3.37110503,0.003010348,0.000281342,0
4,203,13.55,43.76110607,2768.165314,1.7403,0,0,0,0,0,0,0,0,0,2.34429,0.677067536,0.003010348,0.000281342,0
4,203,13.55,43.76110607,2768.165314,0.15083,0,0,1.3385,1.4315,0,0,0,0,0,0.151728,0.308645201,0.003010348,0.000281342,0
4,203,13.55,43.76110607,2768.165314,2.5794,0,0,0,0.007102,0,0,0,0,0,0,2.282103912,0.003010348,0.000281342,0
4,203,13.55,43.76110607,2768.165314,0,0,0,0,0,0,0,0,0,0,1.73121,3.37110503,0.003010348,0.000281342,0
4,203,13.55,43.76110607,2768.165314,0.0068531,0,0,0,0,0,0,0,0,0,0.151728,6.85281809,0.003010348,0.000281342,0
4,203,13.55,43.76110607,2768.165314,0,0,0,0,1.0784,0,0,0,0,0,1.65174,1.611949377,0.003010348,0.000281342,0
4,203,13.55,43.76110607,2768.165314,0,0,0,0.00043,0,0,0,0,0,0,0,9.094257285,0.003010348,0.000281342,0
4,203,13.55,43.76110607,2768.165314,0.21588,0,0,0,0.93395,1.2883,0,0,0,0,2.22174,1.611949377,0.003010348,0.000281342,0
4,203,13.55,43.76110607,2768.165314,0,0,0,2.853,0,0,0,0,0,0,0.31059,2.626534064,0.003010348,0.000281342,0
4,203,13.55,43.76110607,2768.165314,0.002868,0,0,0.086213,0,0.29716,0,0,0,0,0.271128,3.539348854,0.003010348,0.000281342,0
4,203,13.55,43.76110607,2768.165314,0.01357,0,0,0,0,0,0,0,0,0,0,1.082901411,0.003010348,0.000281342,0
4,203,13.55,43.76110607,2768.165314,0.00524,0,0,0.001677,0,0.00007,0,0,0,0,0,7.432290306,0.003010348,0.000281342,0
4,203,13.55,43.76110607,2768.165314,0,0,0,0.006674,0.00524,0,0,0,0,0,5.0406,0.757177028,0.003010348,0.000281342,0
4,203,13.55,43.76110607,2768.165314,0,0,0,0,0,0,0,0,0,0,28.1349,3.933904712,0.003010348,0.000281342,0
4,203,13.55,43.76110607,2768.165314,21.786,0,0,0.008335,0.0057595,0,0,0,0,0,0,1.629841853,0.003010348,0.000281342,0
4,203,13.55,43.76110607,2768.165314,0,0,0,0.020093,0.046032,0,0,0,0,0,0,0.403800639,0.003010348,0.000281342,0
4,203,13.55,43.76110607,2768.165314,0,0,0,0,0,0.084836,0,0,0,0,0.151728,4.791523591,0.003010348,0.000281342,0
4,203,13.55,43.76110607,2768.165314,0.0964,0,0,5.4015,32.03,0,0,0,0,0,0.151728,3.370698383,0.003010348,0.000281342,0
4,203,13.55,43.76110607,2768.165314,0,0,0,0.0056478,0.01564,0,0,0,0,0,0,3.27635624,0.003010348,0.000281342,0
4,203,13.55,43.76110607,2768.165314,6.4349,0,0,4.8779,0,0,0,0,0,0,0.38949,0.506275725,0.003010348,0.000281342,0
4,203,13.55,43.76110607,2768.165314,0.016699,0,0,0,0.002156,0,0,0,0,0,0.286086,1.953939646,0.003010348,0.000281342,0
4,203,13.55,43.76110607,2768.165314,0,0,0,0,0,0,0,0,0,0,0,2.473634728,0.003010348,0.000281342,0
4,203,13.55,43.76110607,2768.165314,0.0031025,0,0,0,0.353,0,0,0,0,0,0.151728,7.61406159,0.003010348,0.000281342,0
4,203,13.55,43.76110607,2768.165314,0.00524,0,0.023713,0.008333,0.00524,0,0,0,0,0,14.1318,3.370698383,0.003010348,0.000281342,0
4,203,13.55,43.76110607,2768.165314,0.007221,0,0,6.6789,0.012187,0,0,0,0,0,0.151728,5.751441887,0.003010348,0.000281342,0
4,203,13.55,43.76110607,2768.165314,0,0,0,15.984,0,0,0,0,0,0,0.151728,9.094257285,0.003010348,0.000281342,0
4,203,13.55,43.76110607,2768.165314,0.0098678,0,0,0,0,0,0,0,0,0,0.151728,1.753869239,0.003010348,0.000281342,0
4,203,13.55,43.76110607,2768.165314,0.008333,0,0,0.83912,0,0,0,0,0,0,0.211728,4.748825638,0.003010348,0.000281342,0
4,203,13.55,43.76110607,2768.165314,0,0,0,0,0.010122,0,0,0,0,0,0,2.626534064,0.003010348,0.000281342,0
4,203,13.55,43.76110607,2768.165314,0,0,0,0,0.013551,0,0,0,0,0,0.151728,1.480602342,0.003010348,0.000281342,0
4,203,13.55,43.76110607,2768.165314,0,0,0,0,0,0,0,0,0,0,0.151728,6.85281809,0.003010348,0.000281342,0
4,203,13.55,43.76110607,2768.165314,16.603,0,0,0.00524,0,0,0,0,0,0,10.6818,1.480602342,0.003010348,0.000281342,0
4,203,13.55,43.76110607,2768.165314,4.4514,0,0,0,0,0,0,0,0,0,6.8079,1.082901411,0.003010348,0.000281342,0
4,203,13.55,43.76110607,2768.165314,0.00014,0,0,0.008336,1.8824,0,0,0,0,0,0,8.643285575,0.003010348,0.000281342,0
4,203,13.55,43.76110607,2768.165314,0.002784,0,0,0,0,0,0,0,0,0,7.8318,0.677067536,0.003010348,0.000281342,0
4,203,13.55,43.76110607,2768.165314,0.00524,0,0,0.008333,0.000251,0,0,0,0,0,3.7518,4.791523591,0.003010348,0.000281342,0
4,203,13.55,43.76110607,2768.165314,0.00524,0,0,0,0.33405,0,0,0,0,0,19.4277,0.308645201,0.003010348,0.000281342,0
4,203,13.55,43.76110607,2768.165314,0,0,0,0.003821,0.008333,0,0,0,0,0,0.151728,0.533114438,0.003010348,0.000281342,0
4,203,13.55,43.76110607,2768.165314,0,0,0,0.00524,0,0,0,0,0,0,0,2.282103912,0.003010348,0.000281342,0
4,203,13.55,43.76110607,2768.165314,12.38,0,0,0,0,0,0,0,0,0,0.151728,3.50611189,0.003010348,0.000281342,0
4,203,13.55,43.76110607,2768.165314,3.2227,0,0,0,3.5933,0,0,0,0,0,0.204657,1.611949377,0.003010348,0.000281342,0
4,203,13.55,43.76110607,2768.165314,0.0045845,0,0,0.008333,0,0,0,0,0,0,5.7318,3.370698383,0.003010348,0.000281342,0
4,203,13.55,43.76110607,2768.165314,0,0,0,0,3.2048,0,0,0,0,0,0,1.082901411,0.003010348,0.000281342,0
4,203,13.55,43.76110607,2768.165314,0.017603,0,0,6.4627,0,0,0.021726,0,0,0,0.151728,3.27635624,0.003010348,0.000281342,0
4,203,13.55,43.76110607,2768.165314,0.008333,0,0,0,0,0,3.9418,0,0,0,0.151728,0.677067536,0.003010348,0.000281342,0
4,203,13.55,43.76110607,2768.165314,0,0,0,0,0,0,10.2,0,0,0,0,3.539348854,0.003010348,0.000281342,0
4,203,13.55,43.76110607,2768.165314,0.012671,0,0,0,5.7051,0.77921,0,0,0,0,11.682,0.403800639,0.003010348,0.000281342,0
4,203,13.55,43.76110607,2768.165314,0.002139,0,0,0,0,22.837,0.059897,0,0,0,9.4467,3.50611189,0.003010348,0.000281342,0
4,203,13.55,43.76110607,2768.165314,0,0,0,0,0.00062,0,0,0,0,0,0.151728,0.090682319,0.003010348,0.000281342,0
4,203,13.55,43.76110607,2768.165314,0,0,0,0,0,0,0,0,0,0,3.7518,0.403800639,0.003010348,0.000281342,0
4,203,13.55,43.76110607,2768.165314,0,0,0,0,0,0,0,0,0,0,0,0.506275725,0.003010348,0.000281342,0
4,203,13.55,43.76110607,2768.165314,0,0,0,0.91042,0,0,0.13028,0,0,0,8.9418,0.403800639,0.003010348,0.000281342,0
4,203,13.55,43.76110607,2768.165314,0,0,0,0,0.000739,0,0,0,0,0,0,8.563989377,0.003010348,0.000281342,0
4,203,13.55,43.76110607,2768.165314,0.13903,0,0,0,0.00524,5.0956,0,0,0,0,0,3.933904712,0.003010348,0.000281342,0
4,203,13.55,43.76110607,2768.165314,0,0,0,0.0014795,3.0408,0,0,0,0,0,0,7.61406159,0.003010348,0.000281342,0
4,203,13.55,43.76110607,2768.165314,0,0,0,1.3385,0,0,0,0,0,0,0,4.044970118,0.003010348,0.000281342,0
4,203,13.55,43.76110607,2768.165314,0,0,0,0,0,0,0,0,0,0,2.01174,0.496109546,0.003010348,0.000281342,0
4,203,13.55,43.76110607,2768.165314,0,0,0,0.038288,0.031711,0,0,0,0,0,7.8318,4.748825638,0.003010348,0.000281342,0
4,203,13.55,43.76110607,2768.165314,0.008333,0,0,0,0,0,0,0,0,0,4.3869,27.05073767,0.003010348,0.000281342,0
4,203,13.55,43.76110607,2768.165314,0.062194,0,0,0,0,0,0,0,0,0,1.52439,1.753869239,0.003010348,0.000281342,0
4,203,13.55,43.76110607,2768.165314,0,0,0,0.007148,0,0,0,0,0,0,14.3958,6.438851272,0.003010348,0.000281342,0
4,203,13.55,43.76110607,2768.165314,0.067102,0,0,0.73108,9.3522,0,0,0,0,0,4.4787,3.370698383,0.003010348,0.000281342,0
4,203,13.55,43.76110607,2768.165314,0.010338,0,0,0.11621,0,0,0,0,0,0,0.34593,8.643285575,0.003010348,0.000281342,0
4,203,13.55,43.76110607,2768.165314,0,0,0,0,0,2.2708,0,0,0,0,0.73911,1.753869239,0.003010348,0.000281342,0
4,203,13.55,43.76110607,2768.165314,0,0,0,0,0,0,0,7.3531,0,0,0,3.66575417,0.003010348,0.000281342,0
4,203,13.55,43.76110607,2768.165314,0.008335,0,0,0,0,0,20.673,0,0,0,0.151728,3.933904712,0.003010348,0.000281342,0
4,203,13.55,43.76110607,2768.165314,0.026827,0,0,0,0.008321,0,0,0,0,0,2.73105,0.51278208,0.003010348,0.000281342,0
4,203,13.55,43.76110607,2768.165314,3.7455,0,0,0.015552,0,0,0,0,0,0,0.151728,8.153142895,0.003010348,0.000281342,0
4,203,13.55,43.76110607,2768.165314,0.00524,0,0,0,0.72843,0,0,0,0,0,1.02351,19.71922933,0.003010348,0.000281342,0
4,203,13.55,43.76110607,2768.165314,0.070781,0,0,0,0.001192,0,0,0,0,0,0.151728,0.533114438,0.003010348,0.000281342,0
4,203,13.55,43.76110607,2768.165314,0,0,0,0,0.00524,0.0006805,0,0,0,0,0,10.8444667,0.003010348,0.000281342,0
4,203,13.55,43.76110607,2768.165314,0,0,0,0.00524,0,0,0,0,0,0,1.73121,0.403800639,0.003010348,0.000281342,0
4,203,13.55,43.76110607,2768.165314,0,0,0,0,0.26036,0,0,0,0,0,11.0184,17.06991896,0.003010348,0.000281342,0
4,203,13.55,43.76110607,2768.165314,0,0,0,1.0487,0,0,0,0,0,0,0.151728,9.094257285,0.003010348,0.000281342,0
4,203,13.55,43.76110607,2768.165314,0,0,0,0.0055291,0.17886,0.032076,0,0,0,0,6.8079,3.27635624,0.003010348,0.000281342,0
4,203,13.55,43.76110607,2768.165314,0,0,0,0,0.008333,0,0,0,0,0,6.2754,0.533114438,0.003010348,0.000281342,0
4,203,13.55,43.76110607,2768.165314,0.13903,0,0,0,0.003821,0.13226,0,0,0,0,5.7318,13.20935554,0.003010348,0.000281342,0
4,203,13.55,43.76110607,2768.165314,0,0,0,0.58718,0,0,0,0,0,0,0.93561,3.66575417,0.003010348,0.000281342,0
4,203,13.55,43.76110607,2768.165314,0.013476,0,0,0.50869,0,0,0,0,0,0,4.0518,1.753869239,0.003010348,0.000281342,0
4,203,13.55,43.76110607,2768.165314,0.009021,0,0,0,0.23723,0.16347,0,0,0,0,0.151728,0.506275725,0.003010348,0.000281342,0
4,203,13.55,43.76110607,2768.165314,0.008333,0,0,0,0,4.8967,0,0,0,0,0.151728,19.16080795,0.003010348,0.000281342,0
4,203,13.55,43.76110607,2768.165314,28.979,0,0,2.2778,0.00524,0,0,0,0,0,0.151728,8.643285575,0.003010348,0.000281342,0
4,203,13.55,43.76110607,2768.165314,0,0,0,0.00524,0.008333,0,28.076,0,0,0,1.65174,5.721119019,0.003010348,0.000281342,0
4,203,13.55,43.76110607,2768.165314,0,0,0,0,2.8291,0,0,0,0,0,16.6719,1.600969904,0.003010348,0.000281342,0
4,203,13.55,43.76110607,2768.165314,0.036852,0,0,0,0.013573,0,0,0,0,0,2.60853,0.677067536,0.003010348,0.000281342,0
4,203,13.55,43.76110607,2768.165314,0,0,0,0,0,0,0,0,0,0,0.151728,3.27635624,0.003010348,0.000281342,0
4,203,13.55,43.76110607,2768.165314,0.012423,0,0,0,0.016012,0,0,0,0,0,0.151728,20.03672595,0.003010348,0.000281342,0
4,203,13.55,43.76110607,2768.165314,0,0,0,0.58718,0.022119,0,0,0,0,0,0,1.480602342,0.003010348,0.000281342,0
4,203,13.55,43.76110607,2768.165314,0.008333,0,0,0,0,3.1357,0,0,0,0,3.2364,0.51278208,0.003010348,0.000281342,0
4,203,13.55,43.76110607,2768.165314,3.0116,0,0,0.008335,0.0041885,0,0,0,0,0,0.151728,34.6982593,0.003010348,0.000281342,0
4,203,13.55,43.76110607,2768.165314,0,0,0,0,0.00524,0,0,0,0,0,9.1953,1.082901411,0.003010348,0.000281342,0
4,203,13.55,43.76110607,2768.165314,0,0,0,1.7556,0,0,0,0,0,0,0,1.926287639,0.003010348,0.000281342,0
4,203,13.55,43.76110607,2768.165314,0.15712,0,0,0,0,0,0,0,0,0,0.151728,10.8444667,0.003010348,0.000281342,0
4,203,13.55,43.76110607,2768.165314,0,0,0,0,0.008321,0,0,0,0,0,8.7318,1.600969904,0.003010348,0.000281342,0
4,203,13.55,43.76110607,2768.165314,0.00036,0,0,0,0.014581,0,0,0,0,0,7.6407,3.66575417,0.003010348,0.000281342,0
4,203,13.55,43.76110607,2768.165314,0.00021,0,0,0.00524,3.5933,0,0,0,0,0,15.8232,3.933904712,0.003010348,0.000281342,0
4,203,13.55,43.76110607,2768.165314,0.18763,0,0,0,0.13592,0,0,0,0,0,0,0.308645201,0.003010348,0.000281342,0
4,203,13.55,43.76110607,2768.165314,0,0,0.1423,0,0,5.9264,0,0,0,0,0.151728,1.480602342,0.003010348,0.000281342,0
4,203,13.55,43.76110607,2768.165314,0.03314,0,0,0.33242,0.00833,0,0,0,0,0,0,0.757177028,0.003010348,0.000281342,0
4,203,13.55,43.76110607,2768.165314,0.008333,0,0,0,0.035884,0,0,0,0,0,0.151728,9.094257285,0.003010348,0.000281342,0
4,203,13.55,43.76110607,2768.165314,0,0,0,0,4.0421,0.79079,0,0,0,0,0,10.8444667,0.003010348,0.000281342,0
4,203,13.55,43.76110607,2768.165314,0,0,0,0,0,0.000024,0,0,0,0,0.280587,0.51278208,0.003010348,0.000281342,0
4,203,13.55,43.76110607,2768.165314,0.0068531,0,0,0.00014,0,0,0,0,0,0,0.151728,0.308645201,0.003010348,0.000281342,0
4,203,13.55,43.76110607,2768.165314,0,0,0,0,0.11608,0,0,14.441,0,0,0,1.437091095,0.003010348,0.000281342,0
4,203,13.55,43.76110607,2768.165314,0,0,0,5.4764,0.021907,0,0,0,0,0,0.292407,3.50611189,0.003010348,0.000281342,0
4,203,13.55,43.76110607,2768.165314,0,0,0,0,0,0,0,0,0,0,0.286419,8.563989377,0.003010348,0.000281342,0
4,203,13.55,43.76110607,2768.165314,0,0,0,0,0,0.18042,0,0,0,0,1.97832,4.748825638,0.003010348,0.000281342,0
4,203,13.55,43.76110607,2768.165314,1.4385,0,0,0.014602,6.2437,3.1357,0,0,0,0,0,0.757177028,0.003010348,0.000281342,0
4,203,13.55,43.76110607,2768.165314,0.008333,0,0,0,0.00524,0,0,0,0,0,0.151728,0.757177028,0.003010348,0.000281342,0
4,203,13.55,43.76110607,2768.165314,0.67499,0,0,0.008333,0,0,0,0,0,0,0,0.533114438,0.003010348,0.000281342,0
4,203,13.55,43.76110607,2768.165314,0.000081,0,0,0.015045,0,0,0.42744,0,0,0,0,19.16080795,0.003010348,0.000281342,0
4,203,13.55,43.76110607,2768.165314,0,0,2.3505,0.008336,0,0,0,0,0,0,0,6.438851272,0.003010348,0.000281342,0
4,203,13.55,43.76110607,2768.165314,0,0,0,0.25593,0,0.084836,0,0,0,0,1.02351,1.437091095,0.003010348,0.000281342,0
4,203,13.55,43.76110607,2768.165314,0.90611,0,0,0.10557,0,0.0024365,0.93424,0,0,0,0.151728,5.751441887,0.003010348,0.000281342,0
4,203,13.55,43.76110607,2768.165314,0,0,0,0.000739,0.13092,0,0,0,0,0,12.2682,3.50611189,0.003010348,0.000281342,0
4,203,13.55,43.76110607,2768.165314,0,0,0,0,0,0,0,0,0,0,22.7118,8.643285575,0.003010348,0.000281342,0
4,203,13.55,43.76110607,2768.165314,0.15204,0,0,0,0,0,0,0,0,0,0.65616,1.753869239,0.003010348,0.000281342,0
4,203,13.55,43.76110607,2768.165314,0,0,0,2.2017,0,0,35.433,0,0,0,0,1.600969904,0.003010348,0.000281342,0
4,203,13.55,43.76110607,2768.165314,0,0,0,0,1.0784,0,0,0,0,0,0.151728,5.924849251,0.003010348,0.000281342,0
4,203,13.55,43.76110607,2768.165314,8.2504,0,0,0,0,0,0,0,0,0,0,5.721119019,0.003010348,0.000281342,0
4,203,13.55,43.76110607,2768.165314,0,0,0,0.007214,0,0,0,0,0,0,0.151728,0.506275725,0.003010348,0.000281342,0
4,203,13.55,43.76110607,2768.165314,0,0,0,0,8.688,0,0.841,0,0,0,17.3718,0.506275725,0.003010348,0.000281342,0
4,203,13.55,43.76110607,2768.165314,23.582,0,0.84374,0,0,0,0,0,0,0,0,1.953939646,0.003010348,0.000281342,0
4,203,13.55,43.76110607,2768.165314,0.50457,0,0,0.00524,0,0,0,0,0,0,0.151728,3.37110503,0.003010348,0.000281342,0
4,203,13.55,43.76110607,2768.165314,0.027357,0,0,6.6309,0,0,0,0,0,0,0,1.629841853,0.003010348,0.000281342,0
4,203,13.55,43.76110607,2768.165314,0.051828,0,0,0,0,0,0,0,0,0,0.151728,4.748825638,0.003010348,0.000281342,0
4,203,13.55,43.76110607,2768.165314,0,0,0,0.021906,0,0.34845,0,0,0,0,0.151728,0.496109546,0.003010348,0.000281342,0
4,203,13.55,43.76110607,2768.165314,0,0,0,0,0,0,0,0,0,0,7.2051,10.8444667,0.003010348,0.000281342,0
4,203,13.55,43.76110607,2768.165314,0.00524,0,0,0,0.028193,0.043533,0.13028,0,0,0,0,8.643285575,0.003010348,0.000281342,0
4,203,13.55,43.76110607,2768.165314,0.000172,0,0,0,0.002868,0,0,0,0,0,2.41287,1.912461635,0.003010348,0.000281342,0
4,203,13.55,43.76110607,2768.165314,0,0,0,0,0.2943,0,0,0,0,0,0.151728,0.51278208,0.003010348,0.000281342,0
4,203,13.55,43.76110607,2768.165314,0,0,0,0.006674,1.4612,0,0,0,0,0,0,0.677067536,0.003010348,0.000281342,0
4,203,13.55,43.76110607,2768.165314,0,0,0,0,0.00524,0,0,0,0,0,0,38.6168241,0.003010348,0.000281342,0
4,203,13.55,43.76110607,2768.165314,1.5202,0,0,0,6.2079,0,0,0,0,0,0,1.082901411,0.003010348,0.000281342,0
4,203,13.55,43.76110607,2768.165314,0,0,0,0.00644,0.030662,0.014982,0,0,0,0,0,1.753869239,0.003010348,0.000281342,0
4,203,13.55,43.76110607,2768.165314,0,0,2.9807,2.7308,0,0.14124,0,0,0,0,0.151728,0.090682319,0.003010348,0.000281342,0
4,203,13.55,43.76110607,2768.165314,0.00524,0,0,0.000124,0,0,0,0,0,0,6.105,1.600969904,0.003010348,0.000281342,0
4,203,13.55,43.76110607,2768.165314,0,0,0,0.23606,0.67362,0,0,0,0,0,5.0757,14.97902997,0.003010348,0.000281342,0
4,203,13.55,43.76110607,2768.165314,0,0,0,0.03272,0.008332,0,0,0,0,0,0.271728,0.533114438,0.003010348,0.000281342,0
4,203,13.55,43.76110607,2768.165314,0.010963,0,0,0.005202,0,0.010345,0,0,0,0,30.123,4.791523591,0.003010348,0.000281342,0
4,203,13.55,43.76110607,2768.165314,0.21588,0,0,0.008335,0,0,0,0,0,0,0.151728,7.61406159,0.003010348,0.000281342,0
4,203,13.55,43.76110607,2768.165314,0,0,0,0,0.062887,0,0,0,0,0,0,27.05073767,0.003010348,0.000281342,0
4,203,13.55,43.76110607,2768.165314,0.00524,0,0,0,0,0,0,0,0,0,0,1.480602342,0.003010348,0.000281342,0
4,203,13.55,43.76110607,2768.165314,0.18763,0,0,0,0,0,0,0,0,0,1.84839,1.600969904,0.003010348,0.000281342,0
4,203,13.55,43.76110607,2768.165314,0,0,0,0.69261,0.001192,0.000024,0,0,0,0,2.96682,1.629841853,0.003010348,0.000281342,0
4,203,13.55,43.76110607,2768.165314,0.008333,0,0,0,0.007148,0,0,0,0,0,0,0.496109546,0.003010348,0.000281342,0
4,203,13.55,43.76110607,2768.165314,0.013573,0,0,0,0.014719,0,0,0,0,0,6.1116,1.437091095,0.003010348,0.000281342,0
4,203,13.55,43.76110607,2768.165314,0.15712,0,0,0,0,0,15.202,0,0,0,0,8.153142895,0.003010348,0.000281342,0
4,203,13.55,43.76110607,2768.165314,0,0,0,0.00524,0,0,0,0,0,0,1.5003,5.721119019,0.003010348,0.000281342,0
4,203,13.55,43.76110607,2768.165314,0.008333,0,0,3.7669,0,0,0,0,0,0,0.181728,1.740043236,0.003010348,0.000281342,0
4,203,13.55,43.76110607,2768.165314,0,0,0,0.0029965,0,0,0,0,0,0,0,1.437091095,0.003010348,0.000281342,0
4,203,13.55,43.76110607,2768.165314,0,0,0,0,0.059735,0.077537,0,0,0,0,0.151728,0.163878809,0.003010348,0.000281342,0
4,203,13.55,43.76110607,2768.165314,0,0,0,0.0093259,0,0,0,0,0,0,0.151728,14.97902997,0.003010348,0.000281342,0
4,203,13.55,43.76110607,2768.165314,0.001669,0,0,0.009056,0,0,0,0,0,0,0.151728,19.16080795,0.003010348,0.000281342,0
4,203,13.55,43.76110607,2768.165314,0,0,0,0,0,0,0,0,0,0,1.33368,0.677067536,0.003010348,0.000281342,0
4,203,13.55,43.76110607,2768.165314,0,0,0,0.000124,0.000124,0,0,0,0,0,12.8454,1.926287639,0.003010348,0.000281342,0
4,203,13.55,43.76110607,2768.165314,0,0,0,0,0,0,0.40452,0,0,0,0.151728,0.506275725,0.003010348,0.000281342,0
4,203,13.55,43.76110607,2768.165314,0.016058,0,0,0,0.00062,0,0,0,0,0,15.0003,1.629841853,0.003010348,0.000281342,0
4,203,13.55,43.76110607,2768.165314,0,0,0,0.11621,0,0,0,0,0,0,0.151728,3.37110503,0.003010348,0.000281342,0
4,203,13.55,43.76110607,2768.165314,0.009056,0,0,0,0,0.027754,0,0,0,0,2.93637,12.02691112,0.003010348,0.000281342,0
4,203,13.55,43.76110607,2768.165314,0.17094,0,0,0.002139,0.90312,0.047442,0.059897,0,0,0,0,6.438851272,0.003010348,0.000281342,0
4,203,13.55,43.76110607,2768.165314,0,0,0,0.008333,0,0,24.831,0,0,0,0.151728,1.953939646,0.003010348,0.000281342,0
4,203,13.55,43.76110607,2768.165314,0.008335,0,0,0.00524,0,0.77802,5.6931,0,0,0,0.151728,3.933904712,0.003010348,0.000281342,0
4,203,13.55,43.76110607,2768.165314,0.008333,0,0,0.0089655,0,0,0,0,0,0,0,9.094257285,0.003010348,0.000281342,0
4,203,13.55,43.76110607,2768.165314,0.014662,0,0,0,0,0,0,0,0,0,7.1259,3.50611189,0.003010348,0.000281342,0
4,203,13.55,43.76110607,2768.165314,0,0,0,0,0,0,0,0,0,0,4.8864,8.153142895,0.003010348,0.000281342,0
4,203,13.55,43.76110607,2768.165314,0,0,0,0,1.6408,0,0,0,0,0,0.27948,0.308645201,0.003010348,0.000281342,0
4,203,13.55,43.76110607,2768.165314,2.8708,0,0,0,0.005239,0.094623,0,0,0,0,0.151728,2.626534064,0.003010348,0.000281342,0
4,203,13.55,43.76110607,2768.165314,0.0152,0,0,1.7556,0,0,0,0,0,0,16.0221,8.563989377,0.003010348,0.000281342,0
4,203,13.55,43.76110607,2768.165314,0.0964,0,0,0.008332,0.008333,0,0,0,30.85,0,0.33174,5.721119019,0.003010348,0.000281342,0
4,203,13.55,43.76110607,2768.165314,0.010364,0,0,0,0,0,0,0,0,0,3.6423,1.606459641,0.003010348,0.000281342,0
4,203,13.55,43.76110607,2768.165314,0.00833,0,0,0.15275,0.4786,0,0,0,0,0,0,3.370698383,0.003010348,0.000281342,0
4,203,13.55,43.76110607,2768.165314,2.1473,0,0,0,0.009056,0,0,0,0,0,0.151728,9.094257285,0.003010348,0.000281342,0
4,203,13.55,43.76110607,2768.165314,0.0068531,0,0,0,0,0,0,0,0,0,1.05978,3.370698383,0.003010348,0.000281342,0
4,203,13.55,43.76110607,2768.165314,2.2987,0,0,0,0,0,0,0,0,0,0,2.282103912,0.003010348,0.000281342,0
4,203,13.55,43.76110607,2768.165314,3.8952,0,0,0,5.4878,0,0,0,0,0,0,0.403800639,0.003010348,0.000281342,0
4,203,13.55,43.76110607,2768.165314,0.070781,0,0,0,0,0,0,0,0,0,0,9.094257285,0.003010348,0.000281342,0
4,203,13.55,43.76110607,2768.165314,0.008321,0,0,0,0.002508,0,0,0,0,0,0,5.924849251,0.003010348,0.000281342,0
4,203,13.55,43.76110607,2768.165314,0.001434,0,0,0,0,0,0,0,0,0,0,0.677067536,0.003010348,0.000281342,0
4,203,13.55,43.76110607,2768.165314,0.032101,0,0,0,0.005239,2.8066,0,0,0,0,4.4103,7.61406159,0.003010348,0.000281342,0
4,203,13.55,43.76110607,2768.165314,0,0,0,0,0,0,0,0,0,0,1.27794,2.742428507,0.003010348,0.000281342,0
4,203,13.55,43.76110607,2768.165314,0,0,0,0,3.3385,0,0,0,0,0,0,8.563989377,0.003010348,0.000281342,0
4,203,13.55,43.76110607,2768.165314,0.00524,0,0,0,0.03958,0,0,0,0,0,10.4415,0.496109546,0.003010348,0.000281342,0
4,203,13.55,43.76110607,2768.165314,0.020885,0,0,30.329,0,0,0,0,0,0,0.181728,0.677067536,0.003010348,0.000281342,0
4,203,13.55,43.76110607,2768.165314,0,0,0,0,0,0,0,0,0,0,0.70341,0.677067536,0.003010348,0.000281342,0
4,203,13.55,43.76110607,2768.165314,0.023705,0,0,0.00524,6.9699,0.26686,0.059897,0,0,0,0.151728,1.611949377,0.003010348,0.000281342,0
4,203,13.55,43.76110607,2768.165314,0,0,0,0.005239,2.4885,0,0,0,0,0,0,10.8444667,0.003010348,0.000281342,0
4,203,13.55,43.76110607,2768.165314,0,0,0,0.008333,0,0,0,0,0,0,0.151728,1.788434249,0.003010348,0.000281342,0
4,203,13.55,43.76110607,2768.165314,2.8708,0,0,0,0,0,0,0,1.1964,0,0.151728,1.926287639,0.003010348,0.000281342,0
4,203,13.55,43.76110607,2768.165314,0.008333,0,0,0,0,0,0,1.9469,0,0,0.151728,5.924849251,0.003010348,0.000281342,0
4,203,13.55,43.76110607,2768.165314,0,0,0,0,0.013518,0,0,0,0,0,0.36594,4.791523591,0.003010348,0.000281342,0
4,203,13.55,43.76110607,2768.165314,0.55531,0,0,7.1031,0.008333,0,0,0,0,0,0.151728,0.496109546,0.003010348,0.000281342,0
4,203,13.55,43.76110607,2768.165314,0.007697,0,0,0,0,0,0,0,0,0,0,8.153142895,0.003010348,0.000281342,0
4,203,13.55,43.76110607,2768.165314,0.008333,0,0.015499,0,0,0.54465,0,0,0,0,0.151728,19.71922933,0.003010348,0.000281342,0
4,203,13.55,43.76110607,2768.165314,18.306,0,0,0,0.022119,0,0,0,0,0,0.151728,2.282103912,0.003010348,0.000281342,0
4,203,13.55,43.76110607,2768.165314,0.01061,0,0,0.99417,0,0,0.13028,0,0,0,0,6.438851272,0.003010348,0.000281342,0
4,203,13.55,43.76110607,2768.165314,0,0,0,0.041531,0,0,0,0,0,0,0.151728,0.677067536,0.003010348,0.000281342,0
4,203,13.55,43.76110607,2768.165314,2.6701,0,0,0,1.2072,0,0.13028,0,0,0,0.78999,2.282103912,0.003010348,0.000281342,0
4,203,13.55,43.76110607,2768.165314,0.052214,0,0,0,0,0,0,0,0,0,2.22174,3.50611189,0.003010348,0.000281342,0
4,203,13.55,43.76110607,2768.165314,0,0,0,0,0.0059348,0,0,0,0,0,19.2864,0.677067536,0.003010348,0.000281342,0
4,203,13.55,43.76110607,2768.165314,0,0,0,0.007148,0,0,0.13028,0,0,0,1.57179,1.611949377,0.003010348,0.000281342,0
4,203,13.55,43.76110607,2768.165314,0,0,0,0,0,0,0.13028,0,0,0,1.03647,2.742428507,0.003010348,0.000281342,0
4,203,13.55,43.76110607,2768.165314,0.20435,0,0,0.008333,0.001434,0,0,0,0,0,0,1.437091095,0.003010348,0.000281342,0
4,203,13.55,43.76110607,2768.165314,0.008333,0,0,0,0,0.77864,0,0,0,0,0.151728,1.740043236,0.003010348,0.000281342,0
4,203,13.55,43.76110607,2768.165314,0,0,0,0,0.52975,0,0,0,0,0,0.44541,1.740043236,0.003010348,0.000281342,0
4,203,13.55,43.76110607,2768.165314,0,0,0,0,0,0,0,0,0,0,0.57,10.8444667,0.003010348,0.000281342,0
4,203,13.55,43.76110607,2768.165314,8.3439,0,0,0,0,0,0,0,0,0,0,2.742428507,0.003010348,0.000281342,0
4,203,13.55,43.76110607,2768.165314,1.5561,0,0.14658,0,0.00524,0,0.40452,0,0,0,18.819,1.611949377,0.003010348,0.000281342,0
4,203,13.55,43.76110607,2768.165314,0,0,0,0,3.1902,0,0,0,0,0,0.275259,6.509873784,0.003010348,0.000281342,0
4,203,13.55,43.76110607,2768.165314,8.1913,0,0,0.011406,0.005239,0,0,0,0,0,11.1597,3.294248715,0.003010348,0.000281342,0
4,203,13.55,43.76110607,2768.165314,0,0,0.005239,0,0.008333,0,0,0,0,0,0,41.65055169,0.003010348,0.000281342,0
4,203,13.55,43.76110607,2768.165314,0,0,0,0,0,0.786,0,0,0,0,0.151728,5.721119019,0.003010348,0.000281342,0
4,203,13.55,43.76110607,2768.165314,1.0344,0,0,0,0,0.094623,0,0,0,0,0.151728,0.51278208,0.003010348,0.000281342,0
4,203,13.55,43.76110607,2768.165314,0.008333,0,0,0,0,0,0,0,0,0,0.151728,3.27635624,0.003010348,0.000281342,0
4,203,13.55,43.76110607,2768.165314,0,0,0,0.022218,0.001493,0,0,0,0,0,6.108,8.643285575,0.003010348,0.000281342,0
4,203,13.55,43.76110607,2768.165314,0,0,0,0.036193,0.00524,0,0,0,0,0,6.258,3.27635624,0.003010348,0.000281342,0
4,203,13.55,43.76110607,2768.165314,0,0,0,0,0,0,0,0,0,0,8.6688,4.791523591,0.003010348,0.000281342,0
4,203,13.55,43.76110607,2768.165314,0,0,0,0,0,0,0,0,0,0,0.151728,4.748825638,0.003010348,0.000281342,0
4,203,13.55,43.76110607,2768.165314,0.008335,0,0,0.58718,0,2.4162,0,0,0,0,3.6486,3.294248715,0.003010348,0.000281342,0
4,203,13.55,43.76110607,2768.165314,0,0,0,0,0.17886,0,0,0,0,0,7.6818,1.926287639,0.003010348,0.000281342,0
4,203,13.55,43.76110607,2768.165314,0,0,0,0,0,0.54889,0,0,0,0,5.2875,6.85281809,0.003010348,0.000281342,0
4,203,13.55,43.76110607,2768.165314,0.061886,0,0,0,0.014941,0.78029,0,0,0,0,3.3018,1.788434249,0.003010348,0.000281342,0
4,203,13.55,43.76110607,2768.165314,0.011479,0,0,0,0,0,0,0,0,0,15.7923,4.791523591,0.003010348,0.000281342,0
4,203,13.55,43.76110607,2768.165314,0,0,0,1.0905,0,0,0,0,0,0,0.151728,3.50611189,0.003010348,0.000281342,0
4,203,13.55,43.76110607,2768.165314,0,0,0,0,0,0.77921,0,0,0,0,0,5.721119019,0.003010348,0.000281342,0
4,203,13.55,43.76110607,2768.165314,0.013575,0,0,0,0.013973,0,0,0,0,0,18.3318,8.643285575,0.003010348,0.000281342,0
4,203,13.55,43.76110607,2768.165314,0,0,0.79845,0.008333,0.016012,0,0,0,0,0,0.54798,19.16080795,0.003010348,0.000281342,0
4,203,13.55,43.76110607,2768.165314,0.00524,0,0,8.5618,0,0.79321,0,0,0,0,1.62048,0.090682319,0.003010348,0.000281342,0
4,203,13.55,43.76110607,2768.165314,15.105,0,0,0.00524,0,0,0,0,0,0,0,2.550491043,0.003010348,0.000281342,0
4,203,13.55,43.76110607,2768.165314,0.003355,0,0,0,0,0,0,0,0,0,0.151728,6.438851272,0.003010348,0.000281342,0
4,203,13.55,43.76110607,2768.165314,0.000124,0,0,0.014602,0,0,0,0,0,0,0.151728,2.742428507,0.003010348,0.000281342,0
4,203,13.55,43.76110607,2768.165314,0.0068619,0,0,4.1106,0,0,0,0,0,0,13.494,9.094257285,0.003010348,0.000281342,0
4,203,13.55,43.76110607,2768.165314,0.053886,0,0.000537,0,0.008333,0,0,0,0,0,0,0.506275725,0.003010348,0.000281342,0
4,203,13.55,43.76110607,2768.165314,0.008333,0,0,0.012904,0.005239,0,0,0,0,0,0,7.432290306,0.003010348,0.000281342,0
4,203,13.55,43.76110607,2768.165314,7.1589,0,0,0.00524,2.0529,0,0,0,0,0,1.03647,4.748825638,0.003010348,0.000281342,0
4,203,13.55,43.76110607,2768.165314,0,0,0,0,0.23265,0,28.076,0,0,0,0.151728,1.788434249,0.003010348,0.000281342,0
4,203,13.55,43.76110607,2768.165314,0,0,0,0,0,0,0,0,0,0,0.151728,3.66575417,0.003010348,0.000281342,0
4,203,13.55,43.76110607,2768.165314,0.90611,0,0,16.558,0.074576,0,0,0,0,0,0,0.403800639,0.003010348,0.000281342,0
4,203,13.55,43.76110607,2768.165314,6.4349,0,0,0.0306,0,0,0,0,0,0,0.151728,6.509873784,0.003010348,0.000281342,0
4,203,13.55,43.76110607,2768.165314,0.040702,0,0,0,0.18217,0,1.9322,0,0,0,0,0.308645201,0.003010348,0.000281342,0
4,203,13.55,43.76110607,2768.165314,0.001434,0,0,0,0.0094073,0,0,0,0,0,0.278526,0.403800639,0.003010348,0.000281342,0
4,203,13.55,43.76110607,2768.165314,0,0,0,0.008333,0,0,0,0,0,0,0.151728,8.563989377,0.003010348,0.000281342,0
4,203,13.55,43.76110607,2768.165314,11.344,0,0,0,0,0,0,0,0,0,0,1.912461635,0.003010348,0.000281342,0
4,203,13.55,43.76110607,2768.165314,1.8905,0,0,0,0,0,0,0,0,0,5.1444,2.742428507,0.003010348,0.000281342,0
4,203,13.55,43.76110607,2768.165314,0.00524,0,0,0,16.858,0,0,0,0,0,0,4.044970118,0.003010348,0.000281342,0
4,203,13.55,43.76110607,2768.165314,0.0072895,0,0,0,0,0,0,0,0,0,0.78999,6.438851272,0.003010348,0.000281342,0
4,203,13.55,43.76110607,2768.165314,1.366,0,0,0.27312,0,0,0,0,0,0,0.279822,0.51278208,0.003010348,0.000281342,0
4,203,13.55,43.76110607,2768.165314,0.74435,0,0,0.011527,0,0,0.13028,0,0,0,0.151728,1.480602342,0.003010348,0.000281342,0
4,203,13.55,43.76110607,2768.165314,4.1811,0,0,0.15874,0.042129,0,0,0,0,0,0.271128,1.753869239,0.003010348,0.000281342,0
4,203,13.55,43.76110607,2768.165314,0,0,0.087942,0.00247,0,0,0,0,0,0,0,4.044970118,0.003010348,0.000281342,0
4,203,13.55,43.76110607,2768.165314,0,0,0,3.6568,0,0,0,0,0,0,0.151728,1.926287639,0.003010348,0.000281342,0
4,203,13.55,43.76110607,2768.165314,0,0,0,0.008333,0,0,0,0,0,0,0,10.8444667,0.003010348,0.000281342,0
4,203,13.55,43.76110607,2768.165314,3.3665,0,0,0.000124,0,0,0,0,0,0,0.151728,1.953939646,0.003010348,0.000281342,0
4,203,13.55,43.76110607,2768.165314,0.062194,0,0,0.01048,0,0,0,0,0,0,0,6.85281809,0.003010348,0.000281342,0
4,203,13.55,43.76110607,2768.165314,22.449,0,0,0,0,0,0,0,0,0,0,0.757177028,0.003010348,0.000281342,0
4,203,13.55,43.76110607,2768.165314,0.005769,0,0,0.000688,0,0,0,0,0,0,7.3638,1.753869239,0.003010348,0.000281342,0
4,203,13.55,43.76110607,2768.165314,0,0,0,0.003821,0,0.0083335,0,0,0,0,0,1.953939646,0.003010348,0.000281342,0
4,203,13.55,43.76110607,2768.165314,12.084,0,0,2.0429,0.78045,0,0,0,0,0,0,0.090682319,0.003010348,0.000281342,0
4,203,13.55,43.76110607,2768.165314,0.008333,0,0,0,0.0001875,0,0.002308,0,0,0,0.151728,1.480602342,0.003010348,0.000281342,0
4,203,13.55,43.76110607,2768.165314,5.5802,0,0,0,0,0,0,0,0,0,0.151728,4.791523591,0.003010348,0.000281342,0
4,203,13.55,43.76110607,2768.165314,0,0,0,1.2811,2.5837,0.79321,0.13028,0,0,0,0.151728,1.629841853,0.003010348,0.000281342,0
4,203,13.55,43.76110607,2768.165314,0.017603,0,0.4922,0,0.006456,0,0,0,0,0,0,3.66575417,0.003010348,0.000281342,0
4,203,13.55,43.76110607,2768.165314,0,0,0,0.42984,0,0,0,0,0,0,5.6418,0.51278208,0.003010348,0.000281342,0
4,203,13.55,43.76110607,2768.165314,2.1821,0,0,0,0,0.77927,0,0,0,0,2.68779,1.480602342,0.003010348,0.000281342,0
4,203,13.55,43.76110607,2768.165314,0.039743,0,0,0.017238,0,0,0.13028,0,0,0,0,34.6982593,0.003010348,0.000281342,0
4,203,13.55,43.76110607,2768.165314,0,0,0,0,0.030073,0,0,0,0,0,0.151728,19.16080795,0.003010348,0.000281342,0
4,203,13.55,43.76110607,2768.165314,1.385,0,0,6.1619,0.17103,0,0,0,0,0,0.151728,3.294248715,0.003010348,0.000281342,0
4,203,13.55,43.76110607,2768.165314,0.009056,0,0,0,0,0,0,0,0,0,0.151728,3.370698383,0.003010348,0.000281342,0
4,203,13.55,43.76110607,2768.165314,0.000688,0,0,0,0.007148,0,0.10863,0,0,0,0.151728,1.629841853,0.003010348,0.000281342,0
4,203,13.55,43.76110607,2768.165314,0.10527,0,0,0,0,0,0,0,0,0,5.4381,3.27635624,0.003010348,0.000281342,0
4,203,13.55,43.76110607,2768.165314,0.003416,0,0,0.047407,0,0,0,0,0,0,18.849,20.03672595,0.003010348,0.000281342,0
4,203,13.55,43.76110607,2768.165314,3.8952,0,3.8526,0,0,0,0,0,0,0,1.97832,1.600969904,0.003010348,0.000281342,0
4,203,13.55,43.76110607,2768.165314,0.008332,0,0,0,0,0.094623,0,0,0,0,0.151728,8.563989377,0.003010348,0.000281342,0
4,203,13.55,43.76110607,2768.165314,0,0,0,0,0,0.7828,0,0,0,0,0.151728,8.643285575,0.003010348,0.000281342,0
4,203,13.55,43.76110607,2768.165314,2.5147,0,0,0,0.73688,0,0,0,0,0,0,0.506275725,0.003010348,0.000281342,0
4,203,13.55,43.76110607,2768.165314,2.2602,0,0,0,0.035884,0,0,0,0,0,0.151728,17.06991896,0.003010348,0.000281342,0
4,203,13.55,43.76110607,2768.165314,0,0,0,0,0,0,0,0,0,0,2.93637,1.753869239,0.003010348,0.000281342,0
4,203,13.55,43.76110607,2768.165314,15.2,0,0,0,0,0.77921,0,0,0,0,0,1.082901411,0.003010348,0.000281342,0
4,203,13.55,43.76110607,2768.165314,0.008333,0,0,0,0,0,0,0,0,0,1.74174,0.757177028,0.003010348,0.000281342,0
4,203,13.55,43.76110607,2768.165314,0.11399,0,0,0.003539,0,0.781,0,0,0.022743,0,0.42399,13.20935554,0.003010348,0.000281342,0
4,203,13.55,43.76110607,2768.165314,0,0,0,13.409,0.006456,0,0,0,0,0,8.7318,3.933904712,0.003010348,0.000281342,0
4,203,13.55,43.76110607,2768.165314,14.875,0,0,0,0,0,0,0,0,0,0.151728,7.432290306,0.003010348,0.000281342,0
4,203,13.55,43.76110607,2768.165314,0,0,0,0,0,0.77921,0,0,0,0,8.3718,3.27635624,0.003010348,0.000281342,0
4,203,13.55,43.76110607,2768.165314,0,0,0,0,0.020274,0,0,0,0,0,0.151728,1.953939646,0.003010348,0.000281342,0
4,203,13.55,43.76110607,2768.165314,0,0,0,0,0,1.5701,0,0,0,0,4.521,0.533114438,0.003010348,0.000281342,0
4,203,13.55,43.76110607,2768.165314,0.039743,0,0,0,0,0,0,0,0,0,2.34936,6.438851272,0.003010348,0.000281342,0
4,203,13.55,43.76110607,2768.165314,7.1589,0,0,0,0.18217,0,0,0,0,0,0,0.757177028,0.003010348,0.000281342,0
4,203,13.55,43.76110607,2768.165314,0,0,0,0.33242,0,0,0,0,0,0,0,3.294248715,0.003010348,0.000281342,0
4,203,13.55,43.76110607,2768.165314,0.001192,0,0,0,0.64611,0,0,0,0,0,3.2364,3.50611189,0.003010348,0.000281342,0
4,203,13.55,43.76110607,2768.165314,0.17903,0,0,0,0,0,0,0,0,0,0.181728,0.090682319,0.003010348,0.000281342,0
4,203,13.55,43.76110607,2768.165314,0.008333,0,0,0,0,0.77921,0,0,0,0,7.6407,0.677067536,0.003010348,0.000281342,0
4,203,13.55,43.76110607,2768.165314,0.003416,0,0,0.008333,0,0,6.9504,0,0,0,0.279489,3.50611189,0.003010348,0.000281342,0
4,203,13.55,43.76110607,2768.165314,0,0,0,2.2294,0,0,0,0,0,0,4.4358,0.496109546,0.003010348,0.000281342,0
5,204,9.25,43.76338055,2768.309189,0.007697,0,0,0,0,0,0,0,0,0,1.10577,3.789481443,0.003015023,0.000281779,0
5,204,9.25,43.76338055,2768.309189,0.029004,0,0.82282,0,0.007328,0,0,0,0,0,0.151728,11.33524931,0.003015023,0.000281779,0
5,204,9.25,43.76338055,2768.309189,0.008333,0,0,0,0,0,0,0,0,0,0,15.12102526,0.003015023,0.000281779,0
5,204,9.25,43.76338055,2768.309189,0,0,0,0,0.0067709,0,0.60778,0,0,0,0.151728,1.651413523,0.003015023,0.000281779,0
5,204,9.25,43.76338055,2768.309189,0,0,0,0,0,0,0,0,0,0,0,0.219704697,0.003015023,0.000281779,0
5,204,9.25,43.76338055,2768.309189,0.001669,0,0,0,0,0.82806,0,0,0,0,5.5146,1.651413523,0.003015023,0.000281779,0
5,204,9.25,43.76338055,2768.309189,0.49815,0,0,0,4.9078,0,0,0,0,0,0,0.99739448,0.003015023,0.000281779,0
5,204,9.25,43.76338055,2768.309189,0,0,0.93655,0,0,0,0,0,0,0,18.9018,2.007567612,0.003015023,0.000281779,0
5,204,9.25,43.76338055,2768.309189,0.011297,0,0,0,0,0,0,32.543,0,0,0,1.035375756,0.003015023,0.000281779,0
5,204,9.25,43.76338055,2768.309189,0,0,0,1.231,17.934,0,0.021726,0,0,0,1.57404,11.33524931,0.003015023,0.000281779,0
5,204,9.25,43.76338055,2768.309189,0,0,0,0,9.5619,0,0,0,0,0,0.151728,0.99739448,0.003015023,0.000281779,0
5,204,9.25,43.76338055,2768.309189,0,0,0,0.18811,17.217,0,0,0,0,0,0.3897,0.301225485,0.003015023,0.000281779,0
5,204,9.25,43.76338055,2768.309189,0.014662,0,0,0.003821,0,0,0,0,0,0,0,6.472102045,0.003015023,0.000281779,0
5,204,9.25,43.76338055,2768.309189,0.002011,0,0,0,0,0,0,0,0,0,0,2.124635517,0.003015023,0.000281779,0
5,204,9.25,43.76338055,2768.309189,0,0,0,0.0067015,8.688,0,0,0,0,0,1.97832,0.99739448,0.003015023,0.000281779,0
5,204,9.25,43.76338055,2768.309189,0.29003,0,0,0,1.1676,0,0,0,0,0,16.0194,0.99739448,0.003015023,0.000281779,0
5,204,9.25,43.76338055,2768.309189,0.17962,0,0,0.008333,0,0.094623,0.59876,0,0,0,2.60853,15.12102526,0.003015023,0.000281779,0
5,204,9.25,43.76338055,2768.309189,0,0,0,0,0,0,0,0,0,0,7.0518,3.789481443,0.003015023,0.000281779,0
5,204,9.25,43.76338055,2768.309189,1.6744,0,0,0.007102,0,0,0.13028,0,0,0,10.3692,11.68233493,0.003015023,0.000281779,0
5,204,9.25,43.76338055,2768.309189,0,0,0,0,0.019681,0,0,0,0,0,0.151728,0.99739448,0.003015023,0.000281779,0
5,204,9.25,43.76338055,2768.309189,0.00524,0,0,0,0,17.305,0,0,0,0,0.151728,1.035375756,0.003015023,0.000281779,0
5,204,9.25,43.76338055,2768.309189,13.81,0,0,0,5.0207,0,0,0,0,0,0.151728,0.541773565,0.003015023,0.000281779,0
5,204,9.25,43.76338055,2768.309189,0,0,0,0,0.008333,0,0,0,0,0,0,2.474804353,0.003015023,0.000281779,0
5,204,9.25,43.76338055,2768.309189,0.00062,0,0,4.648,0.003538,0,0,0,0,0,0,11.33524931,0.003015023,0.000281779,0
5,204,9.25,43.76338055,2768.309189,0.007102,0,0,0,0.16189,0.79351,0,0,0,0,0.271728,25.71929039,0.003015023,0.000281779,0
5,204,9.25,43.76338055,2768.309189,0.008333,0,0,0,0,0.77921,0,0,0,0,17.1858,0.301225485,0.003015023,0.000281779,0
5,204,9.25,43.76338055,2768.309189,0.008333,0,0,0,0.0072705,0,0,0,0,0,0,0.085689464,0.003015023,0.000281779,0
5,204,9.25,43.76338055,2768.309189,0.00524,0,0.31036,0,0,0,0,0,0,0,3.4926,0.541773565,0.003015023,0.000281779,0
5,204,9.25,43.76338055,2768.309189,0.1613,0,0,0.049787,14.084,0,0,0,0,0,0,4.278895437,0.003015023,0.000281779,0
5,204,9.25,43.76338055,2768.309189,0,0,0,0,0,0.080373,0,0,0,0,0,25.71929039,0.003015023,0.000281779,0
5,204,9.25,43.76338055,2768.309189,0.00524,0,0,0,0,0,0,0,0,0,41.715,1.651413523,0.003015023,0.000281779,0
5,204,9.25,43.76338055,2768.309189,0.008335,0,0,0.002868,0.005239,0,0,0,0,0,0.211728,0.085689464,0.003015023,0.000281779,0
5,204,9.25,43.76338055,2768.309189,0.41786,0,0,6.9518,0,0,0,0,0,0,0.273021,0.085689464,0.003015023,0.000281779,0
5,204,9.25,43.76338055,2768.309189,0.005769,0,0,31.038,0.065813,0.77921,0,0,0,0,0,3.789481443,0.003015023,0.000281779,0
5,204,9.25,43.76338055,2768.309189,0.043527,0,0,4.5651,0,0,0,0,0,0,0,0.99739448,0.003015023,0.000281779,0
5,204,9.25,43.76338055,2768.309189,0.032101,0,0,0,0,0,0,0,0.88631,0,0.30174,0.219704697,0.003015023,0.000281779,0
5,204,9.25,43.76338055,2768.309189,27.506,0,0,0.024145,0,0,6.9504,0,0,0,0.151728,0.219704697,0.003015023,0.000281779,0
5,204,9.25,43.76338055,2768.309189,0,0,0,0,0.006456,4.4694,3.2846,0,0,0,16.0194,0.301225485,0.003015023,0.000281779,0
5,204,9.25,43.76338055,2768.309189,0.00524,0,0,0,0,0,0,0,0,0,0.151728,17.60572724,0.003015023,0.000281779,0
5,204,9.25,43.76338055,2768.309189,0,0,0,0,0,0,0,0,0,0,0,0.99739448,0.003015023,0.000281779,0
5,204,9.25,43.76338055,2768.309189,0,0,0,0.7793,0,0,0,0,0,0,2.39871,1.651413523,0.003015023,0.000281779,0
5,204,9.25,43.76338055,2768.309189,6.3539,0,0,0,0.4786,0,0,0,0,0,0,2.474804353,0.003015023,0.000281779,0
5,204,9.25,43.76338055,2768.309189,0.008333,0,0,0.29765,0.000063,0,0,0,0,0,0.151728,0.423815456,0.003015023,0.000281779,0
5,204,9.25,43.76338055,2768.309189,0,0,0,0,0.37101,0,0,0,0,0,16.0194,0.99739448,0.003015023,0.000281779,0
5,204,9.25,43.76338055,2768.309189,0,0,0,17.373,0.03958,0,0,0,0,0,0.151728,1.035375756,0.003015023,0.000281779,0
5,204,9.25,43.76338055,2768.309189,0,0,0.001669,0,0,0,0,0,0,0,0.151728,6.495762651,0.003015023,0.000281779,0
5,204,9.25,43.76338055,2768.309189,0,0,0,0,0,0,0,0,0,0,0.2871,6.472102045,0.003015023,0.000281779,0
5,204,9.25,43.76338055,2768.309189,0,0,0.00524,2.1757,0,0,0,0,0,0,3.1278,6.495762651,0.003015023,0.000281779,0
5,204,9.25,43.76338055,2768.309189,0.00833,0,0,0,0.1098,0,0,0,0,0,0,11.33524931,0.003015023,0.000281779,0
5,204,9.25,43.76338055,2768.309189,0,0,0,0,7.2444,0,0,0,0,0,0,17.60572724,0.003015023,0.000281779,0
5,204,9.25,43.76338055,2768.309189,0.002508,0,0,0,0,0.0083335,0,0,0,0,0,0.301225485,0.003015023,0.000281779,0
5,204,9.25,43.76338055,2768.309189,0.0097027,0,0.011238,0,0,0,0,0,0,0,0.151728,6.495762651,0.003015023,0.000281779,0
5,204,9.25,43.76338055,2768.309189,0.0088426,0,0,2.5432,0.70741,0,0,0,0,0,0,6.472102045,0.003015023,0.000281779,0
5,204,9.25,43.76338055,2768.309189,0.0062156,0,0,0,0,0,0,0,0,0,8.172,0.219704697,0.003015023,0.000281779,0
5,204,9.25,43.76338055,2768.309189,0,0,0,4.4534,0,0,0,0,0,0,1.62018,2.474804353,0.003015023,0.000281779,0
5,204,9.25,43.76338055,2768.309189,0.030381,0,0,0,0.014581,0,0,0,0,0,0,0.085689464,0.003015023,0.000281779,0
5,204,9.25,43.76338055,2768.309189,0,0,0.00524,0,0.086094,0,0,0,0,0,8.3751,0.085689464,0.003015023,0.000281779,0
5,204,9.25,43.76338055,2768.309189,0,0,0,0,0,0,0,0,0,0,0.278694,0.541773565,0.003015023,0.000281779,0
5,204,9.25,43.76338055,2768.309189,0.005239,0,0,0,0.008333,0,0,0,0,0,17.3718,1.035375756,0.003015023,0.000281779,0
5,204,9.25,43.76338055,2768.309189,0.013012,0,0,0,0.26036,0,0,0,0,0,0,0.301225485,0.003015023,0.000281779,0
5,204,9.25,43.76338055,2768.309189,0,0,0,0,0,0,0,0,0,0,0.151728,1.035375756,0.003015023,0.000281779,0
5,204,9.25,43.76338055,2768.309189,6.3539,0,0.80841,1.8563,0,0,0,0,0,0,11.5818,10.04744876,0.003015023,0.000281779,0
5,204,9.25,43.76338055,2768.309189,5.2762,0,0,2.1101,0,0,0,0,0,0,2.34936,0.219704697,0.003015023,0.000281779,0
5,204,9.25,43.76338055,2768.309189,0.00524,0,0,0,0.00524,0,0,0,0,0,12.0081,10.04744876,0.003015023,0.000281779,0
5,204,9.25,43.76338055,2768.309189,10.582,0,0,0,0,0,5.6931,0,0,0,0.151728,0.99739448,0.003015023,0.000281779,0
5,204,9.25,43.76338055,2768.309189,0.00524,0,0,0,0,0,0,0,0,0,0.151728,0.085689464,0.003015023,0.000281779,0
5,204,9.25,43.76338055,2768.309189,0.006702,0,0,0,1.5099,0,0.60778,0,0,0,0.151728,0.423815456,0.003015023,0.000281779,0
5,204,9.25,43.76338055,2768.309189,0.010054,0,0,0.001493,0,0,0,0,0,0,0,0.99739448,0.003015023,0.000281779,0
5,204,9.25,43.76338055,2768.309189,0.00644,0,0,0,0,0,0,0,0,0,0.151728,6.472102045,0.003015023,0.000281779,0
5,204,9.25,43.76338055,2768.309189,0,0,0,0,0,0,0,0,0,0,0.28866,25.71929039,0.003015023,0.000281779,0
5,204,9.25,43.76338055,2768.309189,0,0,0,0.054581,0,0,0,0,0,0,0.151728,4.03418844,0.003015023,0.000281779,0
5,204,9.25,43.76338055,2768.309189,0,0,0,0,0.00833,0,0,0,0,0,17.3718,0.99739448,0.003015023,0.000281779,0
5,204,9.25,43.76338055,2768.309189,0,0,0,0,0,0,0,0,0,0,0,22.79016382,0.003015023,0.000281779,0
5,204,9.25,43.76338055,2768.309189,1.7403,0,0,0,0.0214,0,0.59876,0,0,0,0.151728,15.12102526,0.003015023,0.000281779,0
5,204,9.25,43.76338055,2768.309189,0,0,0,0,0.0001405,0,0,0,0,0,0.276939,0.085689464,0.003015023,0.000281779,0
5,204,9.25,43.76338055,2768.309189,0.008333,0,0.022515,0,0,0,20.78,0,0,0,0,6.472102045,0.003015023,0.000281779,0
5,204,9.25,43.76338055,2768.309189,0,0,7.5877,0.002031,26.494,0,0,0,0,0,0.151728,3.237208988,0.003015023,0.000281779,0
5,204,9.25,43.76338055,2768.309189,0.004864,0,0,0,0,0,0,0,0,0,0.151728,2.007567612,0.003015023,0.000281779,0
5,204,9.25,43.76338055,2768.309189,0,0,0,0,0,0,0.13028,0,0,0,7.0518,2.124635517,0.003015023,0.000281779,0
5,204,9.25,43.76338055,2768.309189,5.6933,0,0.013146,0,0,0,0,0,0,0,5.0718,2.124635517,0.003015023,0.000281779,0
5,204,9.25,43.76338055,2768.309189,0.28712,0,0,0,0.4381,3.2273,0.74966,0,0,0,15.7923,6.472102045,0.003015023,0.000281779,0
5,204,9.25,43.76338055,2768.309189,0.03314,0,0,0.021603,0,0.34159,0,0,0,0,0.151728,0.541773565,0.003015023,0.000281779,0
5,204,9.25,43.76338055,2768.309189,18.306,0,0,0.051994,0,0.79321,0,0,0,0,0.285792,1.651413523,0.003015023,0.000281779,0
5,204,9.25,43.76338055,2768.309189,0.29003,0,0,0,15.439,0.79385,0,0,0,0,0,3.237208988,0.003015023,0.000281779,0
5,204,9.25,43.76338055,2768.309189,0.012423,0,0,0.008333,0,0,0.021726,0,0,0,0.211728,11.33524931,0.003015023,0.000281779,0
5,204,9.25,43.76338055,2768.309189,5.865,0,0,0,0,0,0,0,0,0,2.76954,0.085689464,0.003015023,0.000281779,0
5,204,9.25,43.76338055,2768.309189,0,0,0,0,0.005239,0,0,0,0,0,0.151728,6.472102045,0.003015023,0.000281779,0
5,204,9.25,43.76338055,2768.309189,3.619,0,0,0,0,0,0,0,0,0,0,0.423815456,0.003015023,0.000281779,0
5,204,9.25,43.76338055,2768.309189,0.12797,0,0,0,0.005239,0,0,0,0,0,0.151728,0.219704697,0.003015023,0.000281779,0
5,204,9.25,43.76338055,2768.309189,0,0,0,0.0083909,0,0,0,0,0.00644,0,1.57179,0.085689464,0.003015023,0.000281779,0
5,204,9.25,43.76338055,2768.309189,0,0,0,17.76,0,0,0,0,0,0,0.151728,0.99739448,0.003015023,0.000281779,0
5,204,9.25,43.76338055,2768.309189,0,0,0,0.0306,0.00524,0,0,0,0,0,0,0.085689464,0.003015023,0.000281779,0
5,204,9.25,43.76338055,2768.309189,10.582,0,0,0.18118,0,0.003334,0,0,0,0,0,0.541773565,0.003015023,0.000281779,0
5,204,9.25,43.76338055,2768.309189,0,0,0,0,0,0,0,0,0,0,4.3869,0.085689464,0.003015023,0.000281779,0
5,204,9.25,43.76338055,2768.309189,0,0,0,0.008333,0,0,0,0,0,0,0,10.04744876,0.003015023,0.000281779,0
5,204,9.25,43.76338055,2768.309189,28.979,0,0,0,2.3758,0,0,0,0,0,0.273324,3.237208988,0.003015023,0.000281779,0
5,204,9.25,43.76338055,2768.309189,0.050392,0,0.80841,0.00524,0,1.5527,0,0,0,0,1.27794,0.99739448,0.003015023,0.000281779,0
5,204,9.25,43.76338055,2768.309189,0,0,0,1.4153,0,0,0,0,0,0,0,3.789481443,0.003015023,0.000281779,0
5,204,9.25,43.76338055,2768.309189,36.945,0,0,0,0.15682,0,0,0,0,0,0.151728,0.085689464,0.003015023,0.000281779,0
5,204,9.25,43.76338055,2768.309189,0.028169,0,0,0,0,0,0,0,0,0,0,2.124635517,0.003015023,0.000281779,0
5,204,9.25,43.76338055,2768.309189,0.00014,0,0,0.00524,0.40097,0,0,0,0,0,0.280578,11.68233493,0.003015023,0.000281779,0
5,204,9.25,43.76338055,2768.309189,0.024492,0,0,10.744,0.49136,0,18.805,0,0,0,0,2.124635517,0.003015023,0.000281779,0
5,204,9.25,43.76338055,2768.309189,0.00524,0,1.2712,0.008333,0.26036,0,0,0,0,0,0,11.33524931,0.003015023,0.000281779,0
5,204,9.25,43.76338055,2768.309189,0.70554,0,0,0,0,0,0,0,0,0,0.151728,1.035375756,0.003015023,0.000281779,0
5,204,9.25,43.76338055,2768.309189,0.005239,0,0,0,0,0,0,0,0,0,0.151728,0.541773565,0.003015023,0.000281779,0
5,204,9.25,43.76338055,2768.309189,0.013573,0,0,0,0.008333,0,0,0,0,0,0,2.124635517,0.003015023,0.000281779,0
5,204,9.25,43.76338055,2768.309189,4.119,0,0,2.5863,0,0.77921,0,0,0,0,2.64756,6.472102045,0.003015023,0.000281779,0
5,204,9.25,43.76338055,2768.309189,0.00524,0,0,0,4.0421,2.9165,0,0,0,0,0,1.651413523,0.003015023,0.000281779,0
5,204,9.25,43.76338055,2768.309189,4.119,0,0,0,0,0,0,0,0,0,0,0.085689464,0.003015023,0.000281779,0
5,204,9.25,43.76338055,2768.309189,0,0,0,0,0,0,0,0.21824,0,0,39.753,0.085689464,0.003015023,0.000281779,0
5,204,9.25,43.76338055,2768.309189,0,0,0,0,0,0,0,0,0,0,0,0.085689464,0.003015023,0.000281779,0
5,204,9.25,43.76338055,2768.309189,0.043527,0,0,0,0,0,0,0,0,0,0,6.472102045,0.003015023,0.000281779,0
5,204,9.25,43.76338055,2768.309189,0.00644,0,0,0,0,0,0,0,0,0,0.151728,0.301225485,0.003015023,0.000281779,0
5,204,9.25,43.76338055,2768.309189,0.0055799,0,0,0,0.002031,0,0,0,0,0,0.278526,0.99739448,0.003015023,0.000281779,0
5,204,9.25,43.76338055,2768.309189,2.1821,0,0,0.00524,0,0,0.13028,0,0,0,7.3638,0.219704697,0.003015023,0.000281779,0
5,204,9.25,43.76338055,2768.309189,1.0702,0,0,14.532,0,0,0,0,0,0,0,2.124635517,0.003015023,0.000281779,0
5,204,9.25,43.76338055,2768.309189,8.933,0,0,0.008333,0,0,0,0,0.008321,0,0,1.651413523,0.003015023,0.000281779,0
5,204,9.25,43.76338055,2768.309189,0.005239,0,0,0.008333,0,0,0,0,0,0,0.151728,3.237208988,0.003015023,0.000281779,0
5,204,9.25,43.76338055,2768.309189,0,0,0,5.7854,0.12938,0,0,0,0,0,0.151728,15.12102526,0.003015023,0.000281779,0
5,204,9.25,43.76338055,2768.309189,0.10284,0,0,0,0,0,0,0,0,0,0,0.99739448,0.003015023,0.000281779,0
5,204,9.25,43.76338055,2768.309189,0,0,0,0,0,0,0,0.17161,0,0,0.276939,11.33524931,0.003015023,0.000281779,0
5,204,9.25,43.76338055,2768.309189,0.00524,0,0,0,0,0,0,0,0,0,0,0.99739448,0.003015023,0.000281779,0
5,204,9.25,43.76338055,2768.309189,0,0,0,0.15874,0,0,0,0,0,0,0.151728,1.035375756,0.003015023,0.000281779,0
5,204,9.25,43.76338055,2768.309189,0,0,0,0,0,0.77921,0,0,0,0,0.151728,0.301225485,0.003015023,0.000281779,0
5,204,9.25,43.76338055,2768.309189,0,0,0,11.552,0.002031,0.79321,0,0,0,0,0,3.789481443,0.003015023,0.000281779,0
5,204,9.25,43.76338055,2768.309189,0,0,0,1.2164,4.5941,0,0,0,0,0,0,15.12102526,0.003015023,0.000281779,0
5,204,9.25,43.76338055,2768.309189,0.001309,0,0,0.010986,0,0,0,0,0,0,0.151728,1.035375756,0.003015023,0.000281779,0
5,204,9.25,43.76338055,2768.309189,0.5002,0,0,0.12679,0.008333,0,0,0,0,0,0.151728,0.301225485,0.003015023,0.000281779,0
5,204,9.25,43.76338055,2768.309189,0,0,0,0.008335,0.002868,0,0,0,0,0,0.151728,1.035375756,0.003015023,0.000281779,0
5,204,9.25,43.76338055,2768.309189,0,0,0,0,0,0,0,0,0,0,0,1.035375756,0.003015023,0.000281779,0
5,204,9.25,43.76338055,2768.309189,0,0,0,0,0.0041885,0,0,0,0,0,0,3.237208988,0.003015023,0.000281779,0
5,204,9.25,43.76338055,2768.309189,0,0,0,0,0,0,0,0,0,0,0.151728,3.789481443,0.003015023,0.000281779,0
5,204,9.25,43.76338055,2768.309189,0.19687,0,0,1.2021,0,0,0,0,0,0,11.0184,3.789481443,0.003015023,0.000281779,0
5,204,9.25,43.76338055,2768.309189,0.000251,0,0,0,6.78,0,11.179,0,0,0,0.151728,6.472102045,0.003015023,0.000281779,0
5,204,9.25,43.76338055,2768.309189,0,0,0,0,1.4612,0,0,0,0,0,0.271728,11.33524931,0.003015023,0.000281779,0
5,204,9.25,43.76338055,2768.309189,0.7988,0,0,0,0.88295,0.10003,0,0,0,0,0.36594,1.035375756,0.003015023,0.000281779,0
5,204,9.25,43.76338055,2768.309189,0.003539,0,0,0.40202,0.03958,0.786,0,0,0,0,0,2.124635517,0.003015023,0.000281779,0
5,204,9.25,43.76338055,2768.309189,0,0,0,0,4.753,0.79321,0,0,0,0,0.151728,0.085689464,0.003015023,0.000281779,0
5,204,9.25,43.76338055,2768.309189,0,0,0,1.1486,0,0,0,0,0,0,0.181728,0.219704697,0.003015023,0.000281779,0
5,204,9.25,43.76338055,2768.309189,0.85316,0,0,0,0,0,1.8682,0,0,0,3.4635,1.035375756,0.003015023,0.000281779,0
5,204,9.25,43.76338055,2768.309189,0,0,0,2.2778,0.013518,0,0,0,0,0,0,0.301225485,0.003015023,0.000281779,0
5,204,9.25,43.76338055,2768.309189,0.71313,0,0,0,0,0,0.74966,0,0,0,0,2.474804353,0.003015023,0.000281779,0
5,204,9.25,43.76338055,2768.309189,0,0,0,0,0.008333,0,0,0,0,0,0.151728,3.237208988,0.003015023,0.000281779,0
5,204,9.25,43.76338055,2768.309189,0,0,0,0,4.0421,0,0,0,0,0,2.39871,0.423815456,0.003015023,0.000281779,0
5,204,9.25,43.76338055,2768.309189,0.005239,0,0,3.4325,1.8144,0,20.151,0,0,0,0.151728,11.33524931,0.003015023,0.000281779,0
5,204,9.25,43.76338055,2768.309189,0.016638,0,0,0,0,0,0,0,0,0,0.84174,1.035375756,0.003015023,0.000281779,0
5,204,9.25,43.76338055,2768.309189,14.661,0,0,0.75591,0,0,0,0,0,0,0.151728,6.472102045,0.003015023,0.000281779,0
5,204,9.25,43.76338055,2768.309189,0.001434,0,0,0.008333,8.1439,0.79482,0,0,0,0,2.94174,1.035375756,0.003015023,0.000281779,0
5,204,9.25,43.76338055,2768.309189,0,0,0,0,0.008333,0,0,0,0,0,0.151728,0.99739448,0.003015023,0.000281779,0
5,204,9.25,43.76338055,2768.309189,0,0,0,1.0905,0.003468,0,0,0,0,0,6.102,1.651413523,0.003015023,0.000281779,0
5,204,9.25,43.76338055,2768.309189,15.105,0,0,0,0,0,0,0,0,0,7.1259,0.301225485,0.003015023,0.000281779,0
5,204,9.25,43.76338055,2768.309189,0,0,0,0,1.0171,0,0,0,0,0,0,4.03418844,0.003015023,0.000281779,0
5,204,9.25,43.76338055,2768.309189,0,0,9.8554,1.1831,0,0,0,0,0,0,6.3561,0.301225485,0.003015023,0.000281779,0
5,204,9.25,43.76338055,2768.309189,0,0,0,0,0,0,0,0,0,0,0,3.789481443,0.003015023,0.000281779,0
5,204,9.25,43.76338055,2768.309189,0.7988,0,0,0,0.18217,0,0.13028,0,0,0,0.151728,0.219704697,0.003015023,0.000281779,0
5,204,9.25,43.76338055,2768.309189,0.4515,0,0,23.551,0,0,0,0,0,0,0,1.651413523,0.003015023,0.000281779,0
5,204,9.25,43.76338055,2768.309189,14.661,0,0,0,0,0,0,0,0,0,0,17.60572724,0.003015023,0.000281779,0
5,204,9.25,43.76338055,2768.309189,3.7455,0,0,0.48873,0,0,28.735,0,0,0,0,0.219704697,0.003015023,0.000281779,0
5,204,9.25,43.76338055,2768.309189,5.6933,0,0,0.0062753,0,0,0,0,0,0,1.26477,0.085689464,0.003015023,0.000281779,0
5,204,9.25,43.76338055,2768.309189,0.011569,0,0,0,0.059735,0,0,0,0,0,0.279615,6.472102045,0.003015023,0.000281779,0
5,204,9.25,43.76338055,2768.309189,0.014402,0,0,0,0.008321,0,0,0,0,0,0.151728,6.472102045,0.003015023,0.000281779,0
5,204,9.25,43.76338055,2768.309189,0.030003,0,0,0,0.019681,0,0,0,0,0,0.151728,3.237208988,0.003015023,0.000281779,0
5,204,9.25,43.76338055,2768.309189,4.3384,0,0,0,0,0,0,0,0,0,0,6.495762651,0.003015023,0.000281779,0
5,204,9.25,43.76338055,2768.309189,1.2548,0,0,4.7036,0.008333,0,0,0,0,0,0,1.035375756,0.003015023,0.000281779,0
5,204,9.25,43.76338055,2768.309189,2.2602,0,0,0,0,0,0,0,0,0,0.151728,0.541773565,0.003015023,0.000281779,0
5,204,9.25,43.76338055,2768.309189,0.002508,0,0,0,0,0,0,0,0,0,3.4635,6.495762651,0.003015023,0.000281779,0
5,204,9.25,43.76338055,2768.309189,0,0,0,0,2.4885,0,0,0,0,0,0,3.789481443,0.003015023,0.000281779,0
5,204,9.25,43.76338055,2768.309189,0,0,0,0,0.64611,0,0,0,0,0,0.151728,4.278895437,0.003015023,0.000281779,0
5,204,9.25,43.76338055,2768.309189,0.0062156,0,0,0,0,0,0,0,0,0,18.723,0.085689464,0.003015023,0.000281779,0
5,204,9.25,43.76338055,2768.309189,0.037775,0,0,0.049787,0.008335,0,0,0,0,0,1.57179,0.423815456,0.003015023,0.000281779,0
5,204,9.25,43.76338055,2768.309189,0.01367,0,0,0,1.4612,0,0,0,0,0,10.6335,0.423815456,0.003015023,0.000281779,0
5,204,9.25,43.76338055,2768.309189,0.011776,0,0,0,0,0,0,0,0,0,0,1.035375756,0.003015023,0.000281779,0
5,204,9.25,43.76338055,2768.309189,0.005979,0,0,0,3.5225,0,0,0,0,0,10.4415,11.33524931,0.003015023,0.000281779,0
5,204,9.25,43.76338055,2768.309189,0,0,0,0.14897,0,0,0,0,0,0,0.151728,1.035375756,0.003015023,0.000281779,0
5,204,9.25,43.76338055,2768.309189,0,0,0,0,0.0094073,0.56312,0,0,0,0,2.01174,1.035375756,0.003015023,0.000281779,0
5,204,9.25,43.76338055,2768.309189,0.41786,0,0,2.0817,3.8185,0,0,0,0,0,16.0221,1.035375756,0.003015023,0.000281779,0
5,204,9.25,43.76338055,2768.309189,2.3556,0,0,0.047407,0,0,0.10863,0,0,0,0,11.33524931,0.003015023,0.000281779,0
5,204,9.25,43.76338055,2768.309189,0.008333,0,0,0.42984,0,0,0.60778,0,0,0,18.849,4.278895437,0.003015023,0.000281779,0
5,204,9.25,43.76338055,2768.309189,0.008333,0,0,0.008333,0,0,0,0,0,0,7.0518,1.035375756,0.003015023,0.000281779,0
5,204,9.25,43.76338055,2768.309189,6.7661,0,0,0.3488,0.013036,0,0,0,0,0,0,3.789481443,0.003015023,0.000281779,0
5,204,9.25,43.76338055,2768.309189,0,0,0,0.011652,0,0,0,0,0,0,3.4926,0.541773565,0.003015023,0.000281779,0
5,204,9.25,43.76338055,2768.309189,0.0056,0,0,0.9504,0,37.958,0.059897,0,0,0,0,0.085689464,0.003015023,0.000281779,0
5,204,9.25,43.76338055,2768.309189,0.020885,0,0,0,0,0,0,0,0,0,0,2.474804353,0.003015023,0.000281779,0
5,204,9.25,43.76338055,2768.309189,0,0,0,0,0,0,0,1.6117,0,0,4.8507,15.12102526,0.003015023,0.000281779,0
5,204,9.25,43.76338055,2768.309189,0,0,0,0,0,0,0.841,0,0,0,0,1.651413523,0.003015023,0.000281779,0
5,204,9.25,43.76338055,2768.309189,0.005239,0,0,0,0,0.0006805,0,0,0,0,0.151728,11.68233493,0.003015023,0.000281779,0
5,204,9.25,43.76338055,2768.309189,0.007148,0,0,0.0098389,0.00524,0,30.781,0,0,0,3.3057,0.423815456,0.003015023,0.000281779,0
5,204,9.25,43.76338055,2768.309189,0,0,0,0,0,0,0,0,0,0,0,1.651413523,0.003015023,0.000281779,0
5,204,9.25,43.76338055,2768.309189,0,0,0,0,0,0,0,0,0,0,0.78174,0.541773565,0.003015023,0.000281779,0
5,204,9.25,43.76338055,2768.309189,0,0,0,0,0,0,0,0,0,0,0,13.06734301,0.003015023,0.000281779,0
5,204,9.25,43.76338055,2768.309189,11.506,0,0,0,0,0,0,0,0,0,1.97832,3.237208988,0.003015023,0.000281779,0
5,204,9.25,43.76338055,2768.309189,0.024492,0,0,0.013976,0,0,0,0,0,0,0.151728,0.085689464,0.003015023,0.000281779,0
5,204,9.25,43.76338055,2768.309189,0,0,0,0.22391,0.002741,0,0,0,0,0,0,0.301225485,0.003015023,0.000281779,0
5,204,9.25,43.76338055,2768.309189,0.58468,0,0,0,0,0.014181,0.10863,0,0,0,0.151728,2.124635517,0.003015023,0.000281779,0
5,204,9.25,43.76338055,2768.309189,0,0,0,0.013976,0.0014495,0.051019,0,0,0,0,2.21025,2.474804353,0.003015023,0.000281779,0
5,204,9.25,43.76338055,2768.309189,0,0,0,0,0,0,0,0,0,0,15.0003,2.007567612,0.003015023,0.000281779,0
5,204,9.25,43.76338055,2768.309189,0.43058,0,0,0,0,0,0,0,0,0,0,3.237208988,0.003015023,0.000281779,0
5,204,9.25,43.76338055,2768.309189,0,0,0,0.000739,0.84234,0,0.059897,0,0,0,0.30174,6.472102045,0.003015023,0.000281779,0
5,204,9.25,43.76338055,2768.309189,0.008333,0,0,2.853,0.008321,0,0,0,0,0,8.3718,1.035375756,0.003015023,0.000281779,0
5,204,9.25,43.76338055,2768.309189,4.3384,0,0,0,0.002508,0,0,0,0,0,10.6086,4.278895437,0.003015023,0.000281779,0
5,204,9.25,43.76338055,2768.309189,0,0,0,0,0,0.85321,0,0,0,0,0.151728,6.472102045,0.003015023,0.000281779,0
5,204,9.25,43.76338055,2768.309189,0.080184,0,0,5.0428,0,0,0,0,0,0,0.151728,4.278895437,0.003015023,0.000281779,0
5,204,9.25,43.76338055,2768.309189,0,0,0,5.2482,0.00524,0,0,0,0,0,0.151728,0.219704697,0.003015023,0.000281779,0
5,204,9.25,43.76338055,2768.309189,0.00524,0,0,0,3.7158,0,0,0,0,0,0,2.007567612,0.003015023,0.000281779,0
5,204,9.25,43.76338055,2768.309189,4.282,0,0,9.5845,0,1.1312,0,0,0,0,0,0.423815456,0.003015023,0.000281779,0
5,204,9.25,43.76338055,2768.309189,0,0,0,0.67703,0.008333,0,0,0,0,0,0.30174,2.474804353,0.003015023,0.000281779,0
5,204,9.25,43.76338055,2768.309189,7.2682,0,0,0.007221,0,0,0,0,0,0,0.151728,2.124635517,0.003015023,0.000281779,0
5,204,9.25,43.76338055,2768.309189,0,0,0,0,0,0.008332,0,0,0,0,25.2354,0.99739448,0.003015023,0.000281779,0
5,204,9.25,43.76338055,2768.309189,0.53043,0,0,1.244,0.000739,0,0,0,0,0,4.1568,1.651413523,0.003015023,0.000281779,0
5,204,9.25,43.76338055,2768.309189,0,0,0,0,0.00524,0,0,0,0,0,5.5146,13.06734301,0.003015023,0.000281779,0
5,204,9.25,43.76338055,2768.309189,0.00524,0,0,0,0,0,0,0,0,0,0.151728,2.124635517,0.003015023,0.000281779,0
5,204,9.25,43.76338055,2768.309189,0.008333,0,0,0.01391,0,0,0,0,0,0,8.6688,0.085689464,0.003015023,0.000281779,0
5,204,9.25,43.76338055,2768.309189,0,0,0,0.15874,0.086094,0,0,1.1944,0,0,0.151728,0.301225485,0.003015023,0.000281779,0
5,204,9.25,43.76338055,2768.309189,0,0,0,0,0,0,0,0.79321,0,0,1.17966,6.472102045,0.003015023,0.000281779,0
5,204,9.25,43.76338055,2768.309189,1.8709,0,0,0.38795,0,0.026763,0,0,0,0,5.0718,6.472102045,0.003015023,0.000281779,0
5,204,9.25,43.76338055,2768.309189,0.10284,0,0,0.71875,0,0,0,0,0,0,2.73105,15.12102526,0.003015023,0.000281779,0
5,204,9.25,43.76338055,2768.309189,0,0,1.4067,0,0,0,0,0,0,0,0.279585,1.651413523,0.003015023,0.000281779,0
5,204,9.25,43.76338055,2768.309189,0.003485,0,0,0.000251,9.5619,0,0,0,0,0,0.290478,0.085689464,0.003015023,0.000281779,0
5,204,9.25,43.76338055,2768.309189,0.008333,0,0,0,0.050892,0,21.198,0,0,0,0,0.423815456,0.003015023,0.000281779,0
5,204,9.25,43.76338055,2768.309189,0.030003,0,0,0,0,0,0,0,0,0,24.9618,11.33524931,0.003015023,0.000281779,0
5,204,9.25,43.76338055,2768.309189,0.000172,0,0,0,4.753,0,0,0,0,0,35.547,0.423815456,0.003015023,0.000281779,0
5,204,9.25,43.76338055,2768.309189,0.0094528,0,0,0.00524,0.008321,0,0,0,0,0,0.151728,0.219704697,0.003015023,0.000281779,0
5,204,9.25,43.76338055,2768.309189,0.043506,0,0,0,0,0,0,0,0,0,0,0.99739448,0.003015023,0.000281779,0
5,204,9.25,43.76338055,2768.309189,0.000063,0,0,0.22843,5.0207,0,0,0.16275,0,0,0.50493,2.474804353,0.003015023,0.000281779,0
5,204,9.25,43.76338055,2768.309189,2.4135,0,0,0,0,0.7814,0,0,0,0,0.151728,13.06734301,0.003015023,0.000281779,0
5,204,9.25,43.76338055,2768.309189,0.00524,0,0,0,0.008321,0,0,0,0,0,9.7158,1.035375756,0.003015023,0.000281779,0
5,204,9.25,43.76338055,2768.309189,0,0,0,0,0.069058,0,0,0,0,0,0.151728,11.68233493,0.003015023,0.000281779,0
5,204,9.25,43.76338055,2768.309189,0.01332,0,0,0.019748,0.00524,0.000182,0,0,0,0,0,0.541773565,0.003015023,0.000281779,0
5,204,9.25,43.76338055,2768.309189,0,0,0,0,11.73,0,0,0,0,0,2.3544,1.035375756,0.003015023,0.000281779,0
5,204,9.25,43.76338055,2768.309189,0,0,0.0056435,0.068295,0,0,0,0,0,0,0.151728,1.651413523,0.003015023,0.000281779,0
5,204,9.25,43.76338055,2768.309189,0.014773,0,0,0,0,0,0,0,0,0,0,0.301225485,0.003015023,0.000281779,0
5,204,9.25,43.76338055,2768.309189,2.8708,0,0,0.00524,0,0,0,0,0,0,1.97832,1.651413523,0.003015023,0.000281779,0
5,204,9.25,43.76338055,2768.309189,0,0,0,0,0,0.011,0,0.15091,0,0,0,6.472102045,0.003015023,0.000281779,0
5,204,9.25,43.76338055,2768.309189,6.8104,0,0.15557,0,0,0.026763,0,0,0,0,0.151728,0.219704697,0.003015023,0.000281779,0
5,204,9.25,43.76338055,2768.309189,0,0,0,0,2.529,0,0,0,0,0,0.151728,0.99739448,0.003015023,0.000281779,0
5,204,9.25,43.76338055,2768.309189,11.506,0,0,0,4.3986,0,0,0,0,0,3.8823,6.472102045,0.003015023,0.000281779,0
5,204,9.25,43.76338055,2768.309189,0,0,0,0,0,0,0,0,0,0,0.151728,0.423815456,0.003015023,0.000281779,0
5,204,9.25,43.76338055,2768.309189,0.010364,0,0,10.612,0,0,0,0,0,0,0.275769,0.301225485,0.003015023,0.000281779,0
5,204,9.25,43.76338055,2768.309189,0,0,0,0.47974,0.1098,0,0,0,0,0,0.78174,1.035375756,0.003015023,0.000281779,0
5,204,9.25,43.76338055,2768.309189,0.014402,0,0,0,0,0.0003,0,0,0,0,0.51381,3.789481443,0.003015023,0.000281779,0
5,204,9.25,43.76338055,2768.309189,0.008333,0,0,0.014206,0.14172,0,0,0,0,0,0.151728,2.474804353,0.003015023,0.000281779,0
5,204,9.25,43.76338055,2768.309189,7.8157,0,0,0.097569,0,0,0,0,0,0,4.1406,2.474804353,0.003015023,0.000281779,0
5,204,9.25,43.76338055,2768.309189,0,0,0,0,0,0,0,0,0,0,0.286419,0.541773565,0.003015023,0.000281779,0
5,204,9.25,43.76338055,2768.309189,0,0,0,0.008333,0.008335,0.0016135,0,0,0,0,18.7944,3.237208988,0.003015023,0.000281779,0
5,204,9.25,43.76338055,2768.309189,0.008333,0,0,0.077265,0.081175,0,0,0,0,0,1.10577,15.12102526,0.003015023,0.000281779,0
5,204,9.25,43.76338055,2768.309189,0.10994,0,0,0,0,0,0,0,0,0,0.151728,25.71929039,0.003015023,0.000281779,0
5,204,9.25,43.76338055,2768.309189,0.28712,0,0,0,0,0,0,0,0,0,0,0.219704697,0.003015023,0.000281779,0
5,204,9.25,43.76338055,2768.309189,0,0,0,0,4.2931,0,0,0,0,0,0.151728,0.085689464,0.003015023,0.000281779,0
5,204,9.25,43.76338055,2768.309189,0.004864,0,0,0,0.012187,0,8.872,0,0,0,7.6818,2.124635517,0.003015023,0.000281779,0
5,204,9.25,43.76338055,2768.309189,0,0,0,0,6.0919,0,0,0,0,0,1.5003,0.219704697,0.003015023,0.000281779,0
5,204,9.25,43.76338055,2768.309189,0.008332,0,0,0,0,0,0,0,0,0,1.27794,4.278895437,0.003015023,0.000281779,0
5,204,9.25,43.76338055,2768.309189,0.00644,0,0,0,0.008333,0,0,5.0762,0,0,0,3.789481443,0.003015023,0.000281779,0
5,204,9.25,43.76338055,2768.309189,0.060379,0,0,0,8.5334,0,0,0,0,0,0.151728,2.474804353,0.003015023,0.000281779,0
5,204,9.25,43.76338055,2768.309189,0.0019345,0,0,0.002139,3.3385,0,0,0,0,0,3.8823,22.79016382,0.003015023,0.000281779,0
5,204,9.25,43.76338055,2768.309189,0.008333,0,0.005312,0,0,0,0,0,0,0,12.2682,0.423815456,0.003015023,0.000281779,0
5,204,9.25,43.76338055,2768.309189,0.00524,0,0,0.008335,0,0,0,0,0,0,0,1.651413523,0.003015023,0.000281779,0
5,204,9.25,43.76338055,2768.309189,0,0,0,0.003538,0.00062,0,0,0,0,0,0.151728,15.12102526,0.003015023,0.000281779,0
5,204,9.25,43.76338055,2768.309189,0.0064565,0,0.066337,0,2.3758,0,0,0,0,0,11.1597,0.301225485,0.003015023,0.000281779,0
5,204,9.25,43.76338055,2768.309189,0.008333,0,0,0,0,0,0.021726,0,0,0,0.276924,0.99739448,0.003015023,0.000281779,0
5,204,9.25,43.76338055,2768.309189,9.5606,0,0,0.001493,0,0,0,0,0,0,0.151728,0.423815456,0.003015023,0.000281779,0
5,204,9.25,43.76338055,2768.309189,0,0,0,0,0,0,0.80877,0,0,0,0.151728,1.651413523,0.003015023,0.000281779,0
5,204,9.25,43.76338055,2768.309189,0.008335,0,0,0,0,0,0,0,0,0,0.151728,0.085689464,0.003015023,0.000281779,0
5,204,9.25,43.76338055,2768.309189,0.047912,0,0,0,0.00644,1.5684,0,0,0,0,0.151728,3.237208988,0.003015023,0.000281779,0
5,204,9.25,43.76338055,2768.309189,0.17713,0,0,0.00524,0,0,0,0,0,0,0.151728,6.472102045,0.003015023,0.000281779,0
5,204,9.25,43.76338055,2768.309189,0,0,0,10.898,0,0,0,0,0,0,0.181728,2.124635517,0.003015023,0.000281779,0
5,204,9.25,43.76338055,2768.309189,0.35231,0,0,0,0.003821,0,0.60778,0,0,0,0.151728,0.085689464,0.003015023,0.000281779,0
5,204,9.25,43.76338055,2768.309189,0.012154,0,0,0,0.007697,0.78209,0,0,0,0,0.30174,1.035375756,0.003015023,0.000281779,0
5,204,9.25,43.76338055,2768.309189,0,0,0,0.73108,0.013036,0,0,0,0,0,0,0.99739448,0.003015023,0.000281779,0
5,204,9.25,43.76338055,2768.309189,0,0,0,0.005769,0.047685,0,0,0,0,0,0.31755,1.651413523,0.003015023,0.000281779,0
5,204,9.25,43.76338055,2768.309189,0,0,0,0,5.7051,0,0,0,0,0,0.276939,11.33524931,0.003015023,0.000281779,0
5,204,9.25,43.76338055,2768.309189,16.8,0,0,24.36,0,0,0.13028,0,0,0,0,0.301225485,0.003015023,0.000281779,0
5,204,9.25,43.76338055,2768.309189,0.29003,0,0,1.0692,8.5334,0.781,0,0,0,0,8.6688,6.472102045,0.003015023,0.000281779,0
5,204,9.25,43.76338055,2768.309189,0,0,0,0,0,0,0,0,0,0,7.6818,3.789481443,0.003015023,0.000281779,0
5,204,9.25,43.76338055,2768.309189,0.29343,0,0,0,0.24663,0,0,0,0,0,7.4118,0.301225485,0.003015023,0.000281779,0
5,204,9.25,43.76338055,2768.309189,0.053886,0,0,0,0,0,24.479,0,0,0,7.2051,0.423815456,0.003015023,0.000281779,0
5,204,9.25,43.76338055,2768.309189,0,0,0,0,0,0,0,0,0,0,0.271128,11.33524931,0.003015023,0.000281779,0
5,204,9.25,43.76338055,2768.309189,0.00021,0,0,0,0,0,0,0,0,0,0.151728,0.423815456,0.003015023,0.000281779,0
5,204,9.25,43.76338055,2768.309189,3.0116,0,0,0,0,0,26.543,0,0,0,0,2.124635517,0.003015023,0.000281779,0
5,204,9.25,43.76338055,2768.309189,0.005239,0,6.3982,0,0,0,0,0,0,0,0.181728,3.237208988,0.003015023,0.000281779,0
5,204,9.25,43.76338055,2768.309189,0,0,0.8007,0,27.763,0,1.8833,0,0,0,1.47333,6.472102045,0.003015023,0.000281779,0
5,204,9.25,43.76338055,2768.309189,0.001434,0,0.009348,0,15.439,0,0,1.9469,0,0,0.151728,15.12102526,0.003015023,0.000281779,0
5,204,9.25,43.76338055,2768.309189,18.306,0,0,0,0,0,0,0,0,0,0.151728,1.651413523,0.003015023,0.000281779,0
5,204,9.25,43.76338055,2768.309189,0,0,0,0.008336,0,0,0,0,9.3306,0,0.273018,13.06734301,0.003015023,0.000281779,0
5,204,9.25,43.76338055,2768.309189,0,0,0,0,0,0,0,0.70822,0,0,3.9018,0.301225485,0.003015023,0.000281779,0
5,204,9.25,43.76338055,2768.309189,0.00524,0,0,0,0.013036,0,0,0,0,0,0,2.474804353,0.003015023,0.000281779,0
5,204,9.25,43.76338055,2768.309189,0.007835,0,0,0.0067015,0.003538,0.57086,0.841,0,0,0,0.151728,0.085689464,0.003015023,0.000281779,0
5,204,9.25,43.76338055,2768.309189,0.067102,0,0,0,0,0,0,0,0,0,0,11.68233493,0.003015023,0.000281779,0
5,204,9.25,43.76338055,2768.309189,0,0,0,8.389,0,0,3.2846,0,0,0,8.9418,6.472102045,0.003015023,0.000281779,0
5,204,9.25,43.76338055,2768.309189,0,0,0,0.007328,1.2845,0,0,0,0,0,1.38174,0.423815456,0.003015023,0.000281779,0
5,204,9.25,43.76338055,2768.309189,0,0,0,0,0,0.60215,0.86583,0,0,0,0,2.124635517,0.003015023,0.000281779,0
5,204,9.25,43.76338055,2768.309189,0,0,0,0,0.038932,0,0,0,0,0,0,2.124635517,0.003015023,0.000281779,0
5,204,9.25,43.76338055,2768.309189,0.0068531,0,0,0,0.003346,0,0,0,0,0,0.151728,0.219704697,0.003015023,0.000281779,0
5,204,9.25,43.76338055,2768.309189,1.898,0,0,0.29765,0.007102,0,0,0,0,0,30.123,0.085689464,0.003015023,0.000281779,0
5,204,9.25,43.76338055,2768.309189,0.023275,0,0,0,0,0,0,0,0,0,0.151728,22.79016382,0.003015023,0.000281779,0
5,204,9.25,43.76338055,2768.309189,0.031098,0,0,0.0043235,0,0,0,0,0,0,0,15.12102526,0.003015023,0.000281779,0
5,204,9.25,43.76338055,2768.309189,0,0,0,0,0,0,0,0,0,0,0.273384,6.495762651,0.003015023,0.000281779,0
5,204,9.25,43.76338055,2768.309189,4.282,0,0,0.0097027,0.014178,0,0,0,0,0,0,11.33524931,0.003015023,0.000281779,0
5,204,9.25,43.76338055,2768.309189,0,0,0,0,0.33405,0,0,0,0,0,0,15.12102526,0.003015023,0.000281779,0
5,204,9.25,43.76338055,2768.309189,0,0,0,0,0,0,0,0,0,0,0,0.085689464,0.003015023,0.000281779,0
5,204,9.25,43.76338055,2768.309189,0,0,0,0,0,0,0,0,0,0,0.151728,1.035375756,0.003015023,0.000281779,0
5,204,9.25,43.76338055,2768.309189,6.3539,0,0.01425,0,0.0306,0,0,0,0,0,0.73911,11.33524931,0.003015023,0.000281779,0
5,204,9.25,43.76338055,2768.309189,0.7554,0,0,0,0.003346,0,0,0,0,0,0,25.71929039,0.003015023,0.000281779,0
5,204,9.25,43.76338055,2768.309189,0,0,0,3.0263,0.008333,0,0,0,0,0,9.0018,11.33524931,0.003015023,0.000281779,0
5,204,9.25,43.76338055,2768.309189,0,0,0,0,0,0,0,0,0,0,0,17.60572724,0.003015023,0.000281779,0
5,204,9.25,43.76338055,2768.309189,0.22208,0,0,0,0,0.77921,1.8833,0,0,0,6.102,3.237208988,0.003015023,0.000281779,0
5,204,9.25,43.76338055,2768.309189,0.93731,0,0,0,1.7249,0.78058,0,0,0,0,29.2218,3.789481443,0.003015023,0.000281779,0
5,204,9.25,43.76338055,2768.309189,0.008332,0,0,0.007328,1.2845,0,0,0,0,0,7.2111,3.237208988,0.003015023,0.000281779,0
5,204,9.25,43.76338055,2768.309189,0.82366,0,0,0.011074,0.000124,0,0,0,0,0,0.151728,13.06734301,0.003015023,0.000281779,0
5,204,9.25,43.76338055,2768.309189,0.1613,0,0,0,0.72843,0.77921,0,0,0,0,0,0.219704697,0.003015023,0.000281779,0
5,204,9.25,43.76338055,2768.309189,4.282,0,0,0,0,0,0,0,0,0,0.271128,3.789481443,0.003015023,0.000281779,0
5,204,9.25,43.76338055,2768.309189,0,0,0,0.34605,0.001478,0,0,0,0,0,0,0.219704697,0.003015023,0.000281779,0
5,204,9.25,43.76338055,2768.309189,11.344,0,0,0,0,0,0.67053,0,0,0,16.0221,3.237208988,0.003015023,0.000281779,0
5,204,9.25,43.76338055,2768.309189,0.003416,0,0,0.18118,0,21.538,0,0,0,0,0,3.789481443,0.003015023,0.000281779,0
5,204,9.25,43.76338055,2768.309189,0,0,0,0.019748,5.2021,0,0,0,0,0,1.47252,1.035375756,0.003015023,0.000281779,0
5,204,9.25,43.76338055,2768.309189,0.008336,0,0,0,0,0,0,0,0,0,0,2.124635517,0.003015023,0.000281779,0
5,204,9.25,43.76338055,2768.309189,0.008333,0,0,0.79273,9.8934,0,0,0,0,0,0.78174,15.12102526,0.003015023,0.000281779,0
5,204,9.25,43.76338055,2768.309189,0.003539,0,0,0,0.18217,0,0,0,0,0,5.5146,0.085689464,0.003015023,0.000281779,0
5,204,9.25,43.76338055,2768.309189,1.1189,0,0,0,0.001326,0,0,0,0,0,0.30174,15.12102526,0.003015023,0.000281779,0
5,204,9.25,43.76338055,2768.309189,2.1218,0,0,0,0,0,0,0,0,0,0,0.301225485,0.003015023,0.000281779,0
5,204,9.25,43.76338055,2768.309189,0.008335,0,0,0,2.0594,0,0,0,0,0,2.10972,0.301225485,0.003015023,0.000281779,0
5,204,9.25,43.76338055,2768.309189,0,0,0,0.008333,0.007697,0.005198,0,0,0,0,0.151728,0.423815456,0.003015023,0.000281779,0
5,204,9.25,43.76338055,2768.309189,0,0,0,0,0,0,0,0,0,0,11.6058,3.237208988,0.003015023,0.000281779,0
5,204,9.25,43.76338055,2768.309189,0.00524,0,0,0,0,0,0.008333,0,0,0,11.6058,2.124635517,0.003015023,0.000281779,0
5,204,9.25,43.76338055,2768.309189,0,0,0,0,0,0.77921,0,0,0,0,28.0509,0.99739448,0.003015023,0.000281779,0
5,204,9.25,43.76338055,2768.309189,0.005769,0,0,0,0,0,0,0,0,0,0.181728,0.423815456,0.003015023,0.000281779,0
5,204,9.25,43.76338055,2768.309189,0.016638,0,0,0,0,0,14.243,0,0,0,0,1.651413523,0.003015023,0.000281779,0
5,204,9.25,43.76338055,2768.309189,1.0344,0,0,14.532,0.007328,0,0,0,0,0,0.151728,2.124635517,0.003015023,0.000281779,0
5,204,9.25,43.76338055,2768.309189,0,0,0,0,0,0,0,0,0,0,1.70622,3.789481443,0.003015023,0.000281779,0
5,204,9.25,43.76338055,2768.309189,0,0,0,0,0,0,0,0,0,0,0.27711,6.495762651,0.003015023,0.000281779,0
5,204,9.25,43.76338055,2768.309189,0,0,0,0.005239,0,0,0,0,0,0,8.5644,0.301225485,0.003015023,0.000281779,0
5,204,9.25,43.76338055,2768.309189,0.008335,0,0,0,0.010122,0,0,0,0,0,18.849,2.007567612,0.003015023,0.000281779,0
5,204,9.25,43.76338055,2768.309189,0.00524,0,0,0,0,0,0,0,0,0,0.283572,0.219704697,0.003015023,0.000281779,0
5,204,9.25,43.76338055,2768.309189,0.014773,0,0.003346,0,0.13092,0,0,0,0,0,0.151728,0.085689464,0.003015023,0.000281779,0
5,204,9.25,43.76338055,2768.309189,8.6108,0,0.02306,0,0,0.000209,0,0,0,0,4.8618,0.301225485,0.003015023,0.000281779,0
5,204,9.25,43.76338055,2768.309189,0,0,0,0,0,0,0,0,0,0,0.151728,22.79016382,0.003015023,0.000281779,0
5,204,9.25,43.76338055,2768.309189,0.005979,0,0,0,0,0,0,0,0,0,0,11.33524931,0.003015023,0.000281779,0
5,204,9.25,43.76338055,2768.309189,0,0,0,0,0.002868,0,0,0,0,0,0,0.219704697,0.003015023,0.000281779,0
5,204,9.25,43.76338055,2768.309189,37.409,0,0,0,0.008333,0,0,0,0,0,0.151728,4.278895437,0.003015023,0.000281779,0
5,204,9.25,43.76338055,2768.309189,0,0,0,0,0,0,0,0,0,0,7.0536,2.474804353,0.003015023,0.000281779,0
5,204,9.25,43.76338055,2768.309189,0,0,0,0,0,0,0,0,0,0,0,0.219704697,0.003015023,0.000281779,0
5,204,9.25,43.76338055,2768.309189,0,0,0,0.00524,0,0,0,0,0,0,0.151728,15.12102526,0.003015023,0.000281779,0
5,204,9.25,43.76338055,2768.309189,0.098565,0,0.11086,17.949,0,0,0,0,0,0,12.0405,0.301225485,0.003015023,0.000281779,0
5,204,9.25,43.76338055,2768.309189,0,0,0,0.00014,0,0,0,0,0,0,0.27711,17.60572724,0.003015023,0.000281779,0
5,204,9.25,43.76338055,2768.309189,0,0,0,0,0,0,0,0,0,0,0.151728,3.237208988,0.003015023,0.000281779,0
5,204,9.25,43.76338055,2768.309189,0.008333,0,0,0,0.008333,0,0,0,0,0,18.5811,6.472102045,0.003015023,0.000281779,0
5,204,9.25,43.76338055,2768.309189,0,0,0,0,0.001669,0,0,0,0,0,0.151728,0.219704697,0.003015023,0.000281779,0
5,204,9.25,43.76338055,2768.309189,0.013575,0,0,0,0,0,0.67053,0,0,0,0,3.789481443,0.003015023,0.000281779,0
5,204,9.25,43.76338055,2768.309189,0.081094,0,0,0.002508,20.177,0,0,0,0,0,0,2.007567612,0.003015023,0.000281779,0
5,204,9.25,43.76338055,2768.309189,0,0,0,7.1341,0.008333,0,0.93424,0,0,0,0.37014,0.423815456,0.003015023,0.000281779,0
5,204,9.25,43.76338055,2768.309189,0.00524,0,0,0,0,0,0,0,0,0,0.151728,25.71929039,0.003015023,0.000281779,0
5,204,9.25,43.76338055,2768.309189,0.007148,0,0,0,0,0,0,0,0,0,0,6.472102045,0.003015023,0.000281779,0
5,204,9.25,43.76338055,2768.309189,0,0,0,0,0,0,0,0,0,0,0.278526,11.33524931,0.003015023,0.000281779,0
5,204,9.25,43.76338055,2768.309189,0.008333,0,0,0,0,0,0,0,0,0,0,2.474804353,0.003015023,0.000281779,0
5,204,9.25,43.76338055,2768.309189,0.00524,0,0,0,0,0,0,0,0,0,1.62018,0.423815456,0.003015023,0.000281779,0
5,204,9.25,43.76338055,2768.309189,0.0094528,0,0,0,0,0,0,0,0,0,19.2864,10.04744876,0.003015023,0.000281779,0
5,204,9.25,43.76338055,2768.309189,0,0,0.8293,0,0.37101,0,0,0,0,0,0,6.495762651,0.003015023,0.000281779,0
5,204,9.25,43.76338055,2768.309189,0,0,0,0.094899,0,0,0,0,0,0,0,0.301225485,0.003015023,0.000281779,0
5,204,9.25,43.76338055,2768.309189,0,0,0,0,0,0.50544,0,0,0,0,3.0075,6.472102045,0.003015023,0.000281779,0
5,204,9.25,43.76338055,2768.309189,0.003539,0,0,0,0,0,0,0,0,0,0,11.68233493,0.003015023,0.000281779,0
5,204,9.25,43.76338055,2768.309189,0,0,0,0,0,0,0,0,0,0,8.5644,6.472102045,0.003015023,0.000281779,0
5,204,9.25,43.76338055,2768.309189,0.002139,0,0,0.0083909,0.0057595,0,0,0,0,0,16.6719,11.33524931,0.003015023,0.000281779,0
5,204,9.25,43.76338055,2768.309189,0.67038,0,0,7.1341,0,0,0,0,0,0,0.151728,3.237208988,0.003015023,0.000281779,0
5,204,9.25,43.76338055,2768.309189,0.008333,0,0,0.14395,0.00644,0,0,0,0,0,3.0075,3.237208988,0.003015023,0.000281779,0
5,204,9.25,43.76338055,2768.309189,0.008333,0,0,0,0,0.54889,0,0,0,0,7.431,1.651413523,0.003015023,0.000281779,0
5,204,9.25,43.76338055,2768.309189,0.008333,0,0,0,0.076792,0,0,0,0,0,1.70622,2.474804353,0.003015023,0.000281779,0
5,204,9.25,43.76338055,2768.309189,0,0,0,0.071721,0,0,0,0,0,0,0,6.472102045,0.003015023,0.000281779,0
5,204,9.25,43.76338055,2768.309189,0.008333,0,0,0,1.1453,0,0,0,0,0,1.57179,15.12102526,0.003015023,0.000281779,0
5,204,9.25,43.76338055,2768.309189,0.00644,0,0,0,2.1125,0,0,0,0,0,0,1.651413523,0.003015023,0.000281779,0
5,204,9.25,43.76338055,2768.309189,4.4514,0,0,0,0,0,0,0,0,0,12.0405,0.541773565,0.003015023,0.000281779,0
5,204,9.25,43.76338055,2768.309189,0.005769,0,0.041712,0.27226,0,0,0,0,3.7562,0,0.279615,2.124635517,0.003015023,0.000281779,0
5,204,9.25,43.76338055,2768.309189,0,0,0,0,0,0,0,0,0,0,0,11.68233493,0.003015023,0.000281779,0
5,204,9.25,43.76338055,2768.309189,0,0,0,0,0,0,0,0,0,0,11.0184,15.12102526,0.003015023,0.000281779,0
5,204,9.25,43.76338055,2768.309189,0.18449,0,0,0.012904,0.027174,0,8.1826,0,0,0,0,0.423815456,0.003015023,0.000281779,0
5,204,9.25,43.76338055,2768.309189,0.00524,0,0,0,0,0,0,0,0,0,0.36594,0.085689464,0.003015023,0.000281779,0
5,204,9.25,43.76338055,2768.309189,6.7661,0,0,0,0,0,0,0,0,0,5.5146,15.12102526,0.003015023,0.000281779,0
5,204,9.25,43.76338055,2768.309189,0,0,0,0.17658,0,0,0,0,0,0,0.151728,2.474804353,0.003015023,0.000281779,0
5,204,9.25,43.76338055,2768.309189,0.01061,0,0,4.2796,0,0,0,0,0,0,0.276939,0.301225485,0.003015023,0.000281779,0
5,204,9.25,43.76338055,2768.309189,0.0064565,0,0,0,0.001434,0,0,0,0,0,10.8618,2.474804353,0.003015023,0.000281779,0
5,204,9.25,43.76338055,2768.309189,0.005239,0,0,0.18118,0,0,36.808,0,0,0,0,2.474804353,0.003015023,0.000281779,0
5,204,9.25,43.76338055,2768.309189,0,0,0,0,0,0,0,0,0,0,18.5811,2.124635517,0.003015023,0.000281779,0
5,204,9.25,43.76338055,2768.309189,0.020885,0,0,0,0,0,0,0,0,0,0,11.33524931,0.003015023,0.000281779,0
5,204,9.25,43.76338055,2768.309189,0.000376,0,0,0.0088426,0,0,0,0,0,0,8.5524,0.541773565,0.003015023,0.000281779,0
5,204,9.25,43.76338055,2768.309189,0.19687,0,0,0.65591,0.008333,0,0,0,0,0,9.5499,2.124635517,0.003015023,0.000281779,0
5,204,9.25,43.76338055,2768.309189,0,0,0,0,0,0,0,0,0,0,0.151728,0.99739448,0.003015023,0.000281779,0
5,204,9.25,43.76338055,2768.309189,16.8,0,0,0.41548,9.0733,0,0.13028,0,0,0,1.41975,3.237208988,0.003015023,0.000281779,0
5,204,9.25,43.76338055,2768.309189,0,0,0,0.026311,0,0,0,0,0,0,0,0.301225485,0.003015023,0.000281779,0
5,204,9.25,43.76338055,2768.309189,0,0,0,0.003821,0,0,0,0,0,0,0.151728,2.124635517,0.003015023,0.000281779,0
5,204,9.25,43.76338055,2768.309189,0,0,0,0.62945,0,0,35.561,0,0,0,0.151728,0.541773565,0.003015023,0.000281779,0
5,204,9.25,43.76338055,2768.309189,0.005372,0,0,0,0.00833,0,20.151,0,0,0,10.4865,11.33524931,0.003015023,0.000281779,0
5,204,9.25,43.76338055,2768.309189,0.006702,0,0,0,0,0.05486,0,0,0,0,0,0.99739448,0.003015023,0.000281779,0
5,204,9.25,43.76338055,2768.309189,0,0,0,0,0,0,0,0,0,0,0.292407,2.124635517,0.003015023,0.000281779,0
5,204,9.25,43.76338055,2768.309189,0.018322,0,0,0,0,0,0,0,0,0,0,2.124635517,0.003015023,0.000281779,0
5,204,9.25,43.76338055,2768.309189,14.115,0,0,0,0,0,0,0,0,0,0,11.33524931,0.003015023,0.000281779,0
5,204,9.25,43.76338055,2768.309189,9.9965,0,0,4.1106,0,0,0.59876,0,0,0,0.151728,1.651413523,0.003015023,0.000281779,0
5,204,9.25,43.76338055,2768.309189,0.008333,0,0,0,0,0,29.399,0,0,0,10.8618,2.474804353,0.003015023,0.000281779,0
5,204,9.25,43.76338055,2768.309189,0.0097027,0,0,0,0,0,0,0,0,0,0,4.278895437,0.003015023,0.000281779,0
5,204,9.25,43.76338055,2768.309189,0.016058,0,0,0.015552,0,0,0,0,0,0,0,17.60572724,0.003015023,0.000281779,0
5,204,9.25,43.76338055,2768.309189,0.011479,0,0,0,0.024251,0,4.4928,0,0,0,0,0.99739448,0.003015023,0.000281779,0
5,204,9.25,43.76338055,2768.309189,0.20435,0,0,0,0,0,24.479,0,0,0,0,0.99739448,0.003015023,0.000281779,0
5,204,9.25,43.76338055,2768.309189,6.2048,0,0,0.13825,0.030964,0,0,0,0,0,0,2.124635517,0.003015023,0.000281779,0
5,204,9.25,43.76338055,2768.309189,0.28712,0,0,0,0,0,0,0,0,0,1.62018,4.278895437,0.003015023,0.000281779,0
5,204,9.25,43.76338055,2768.309189,0.00524,0,0,0,0.008333,0,0,0,0,0,0.48174,11.33524931,0.003015023,0.000281779,0
5,204,9.25,43.76338055,2768.309189,0,0,0,0,0,0.79321,0,0,0,0,5.7318,3.789481443,0.003015023,0.000281779,0
5,204,9.25,43.76338055,2768.309189,0.023705,0,0,0,0.00524,0,0,0,0,0,11.6058,15.12102526,0.003015023,0.000281779,0
5,204,9.25,43.76338055,2768.309189,0.030003,0,0,4.2796,0.14105,0.79482,0,0,0,0,0.53757,0.99739448,0.003015023,0.000281779,0
5,204,9.25,43.76338055,2768.309189,0,0,0,0,1.6602,0.1176,0.059897,0,0,0,1.74174,3.237208988,0.003015023,0.000281779,0
5,204,9.25,43.76338055,2768.309189,0,0,0,0,0,0,0.60778,0,0,0,0.151728,3.237208988,0.003015023,0.000281779,0
5,204,9.25,43.76338055,2768.309189,0,0,0,0,2.6315,0,0.021726,0,0,0,0,1.035375756,0.003015023,0.000281779,0
5,204,9.25,43.76338055,2768.309189,0.014402,0,0,0,0,0,0,0,0,0,4.4787,0.219704697,0.003015023,0.000281779,0
5,204,9.25,43.76338055,2768.309189,0,0,0,0.3794,0.68784,0,0,0,0,0,9.1953,6.472102045,0.003015023,0.000281779,0
5,204,9.25,43.76338055,2768.309189,0,0,0,0,0.566,0,0,0,0,0,0.151728,0.085689464,0.003015023,0.000281779,0
5,204,9.25,43.76338055,2768.309189,0,0,0,10.898,17.64,0,0,0,0,0,0.181728,1.651413523,0.003015023,0.000281779,0
5,204,9.25,43.76338055,2768.309189,0.0088108,0,0,0.0043235,0,0.59584,0,0,0,0,0.275769,6.472102045,0.003015023,0.000281779,0
5,204,9.25,43.76338055,2768.309189,0,0,0,9.0645,0,0,0,0,0,0,4.3869,3.789481443,0.003015023,0.000281779,0
5,204,9.25,43.76338055,2768.309189,0,0,0,0,0,0,0,0.00021,0,0,0.70341,3.789481443,0.003015023,0.000281779,0
5,204,9.25,43.76338055,2768.309189,7.1711,0,0.00524,0,0,0,0.059897,0,0,0,0.151728,3.789481443,0.003015023,0.000281779,0
5,204,9.25,43.76338055,2768.309189,11.344,0,0,0,0,0,0,0,0,0,6.5418,3.789481443,0.003015023,0.000281779,0
5,204,9.25,43.76338055,2768.309189,0.0088426,0,0,0.0081579,0,0,0,0,0,0,0.276939,15.12102526,0.003015023,0.000281779,0
5,204,9.25,43.76338055,2768.309189,0.03314,0,0,0,0.14172,0,0,0,0,0,13.5936,0.423815456,0.003015023,0.000281779,0
5,204,9.25,43.76338055,2768.309189,0,0,0,0,0,0.77921,0,0,0,0,13.5342,11.33524931,0.003015023,0.000281779,0
5,204,9.25,43.76338055,2768.309189,0,0,0,0.000716,0,0,2.7921,0,0,0,0.151728,6.472102045,0.003015023,0.000281779,0
5,204,9.25,43.76338055,2768.309189,0.00524,0,0,0,0.001434,0,0,0,0,0,0,2.474804353,0.003015023,0.000281779,0
5,204,9.25,43.76338055,2768.309189,1.8115,0,0,0,0.00524,0.99064,0,0,0,0,0.73911,3.237208988,0.003015023,0.000281779,0
5,204,9.25,43.76338055,2768.309189,0,0,0,0,0.003822,0,0.13028,0,0,0,0.151728,6.472102045,0.003015023,0.000281779,0
5,204,9.25,43.76338055,2768.309189,0,0,0,11.325,0,0,0,0,0,0,0.151728,0.423815456,0.003015023,0.000281779,0
5,204,9.25,43.76338055,2768.309189,0.16583,0,0,0,0,0,9.039,0,0,0,0.78999,6.472102045,0.003015023,0.000281779,0
5,204,9.25,43.76338055,2768.309189,2.1165,0,0,0,0,0,0,0,0,0,0,2.124635517,0.003015023,0.000281779,0
5,204,9.25,43.76338055,2768.309189,4.282,0,0,0.005239,0.01564,0,0,0,0,0,0.278526,3.789481443,0.003015023,0.000281779,0
5,204,9.25,43.76338055,2768.309189,0.032101,0,0,0.002084,0,0,0,0,0,0,0.151728,3.789481443,0.003015023,0.000281779,0
5,204,9.25,43.76338055,2768.309189,0,0,0,0,0,0,0,0,0,0,1.47333,15.12102526,0.003015023,0.000281779,0
5,204,9.25,43.76338055,2768.309189,9.3106,0,0,0,0.042129,0,0,0,0,0,0,11.33524931,0.003015023,0.000281779,0
5,204,9.25,43.76338055,2768.309189,3.6358,0,0,0,0,0,0,0,0,0,0,1.035375756,0.003015023,0.000281779,0
5,204,9.25,43.76338055,2768.309189,0,0,0,0.001493,0.01048,0,0,0,0,0,0,1.651413523,0.003015023,0.000281779,0
5,204,9.25,43.76338055,2768.309189,0.070781,0,0,0,0,0,0,0,0,0,0.151728,1.035375756,0.003015023,0.000281779,0
5,204,9.25,43.76338055,2768.309189,0.000688,0,0,0.008321,0,0,0,0,0,0,1.62048,3.789481443,0.003015023,0.000281779,0
5,204,9.25,43.76338055,2768.309189,0.011776,0,0,0.009056,0,0.77921,0,0,0,0,0,3.789481443,0.003015023,0.000281779,0
5,204,9.25,43.76338055,2768.309189,0.67499,0,0,0,0.00524,0,0,0,0,0,0.151728,0.99739448,0.003015023,0.000281779,0
5,204,9.25,43.76338055,2768.309189,0.01048,0,0,0.47974,0,0,24.186,0,0,0,0.273018,0.541773565,0.003015023,0.000281779,0
5,204,9.25,43.76338055,2768.309189,0.030003,0,0,0.005239,0.001434,0,0,0,0,0,0,3.237208988,0.003015023,0.000281779,0
5,204,9.25,43.76338055,2768.309189,0,0,0,3.4764,0,0,0,0,0,0,0,2.474804353,0.003015023,0.000281779,0
5,204,9.25,43.76338055,2768.309189,0,0,0,0,0,0,0,0,0,0,7.4118,0.541773565,0.003015023,0.000281779,0
5,204,9.25,43.76338055,2768.309189,0.00322,0,0,0,0.00524,0,0,0,0,0,2.06073,3.237208988,0.003015023,0.000281779,0
5,204,9.25,43.76338055,2768.309189,0.0083909,0,0,0,0.008333,0,23.619,0,0,0,0,3.789481443,0.003015023,0.000281779,0
5,204,9.25,43.76338055,2768.309189,0,0,0,0,0,0,0,0,0,0,0,22.79016382,0.003015023,0.000281779,0
5,204,9.25,43.76338055,2768.309189,0.51613,0,0,0.008333,0.011527,0,0,0,0,0,0.93561,0.301225485,0.003015023,0.000281779,0
5,204,9.25,43.76338055,2768.309189,0.00524,0,0,0.37666,0,0,0,0,0,0,2.34936,11.33524931,0.003015023,0.000281779,0
5,204,9.25,43.76338055,2768.309189,0.008321,0,0,0,17.64,0,0,0,0,0,0.151728,15.12102526,0.003015023,0.000281779,0
5,204,9.25,43.76338055,2768.309189,0.00753,0,0,15.592,0,0,0,1.0581,0,0,0.86343,6.472102045,0.003015023,0.000281779,0
5,204,9.25,43.76338055,2768.309189,0,0,0,0,10.361,0,0,0,0,0,0,17.60572724,0.003015023,0.000281779,0
5,204,9.25,43.76338055,2768.309189,0,0,0,0.026311,0,0,7.6576,0.79321,0,0,0,0.99739448,0.003015023,0.000281779,0
5,204,9.25,43.76338055,2768.309189,0.006702,0,0,4.7441,0.010479,0,0,0,0,0,0.151728,4.278895437,0.003015023,0.000281779,0
5,204,9.25,43.76338055,2768.309189,0.010963,0,0,0,18.998,0,18.805,0,0,0,0,2.124635517,0.003015023,0.000281779,0
5,204,9.25,43.76338055,2768.309189,0.15083,0,0,0,0,0,0,0,0,0,2.13174,3.789481443,0.003015023,0.000281779,0
5,204,9.25,43.76338055,2768.309189,0.0068619,0,0,1.4947,0,0.020647,0,0,0,0,0,0.301225485,0.003015023,0.000281779,0
5,204,9.25,43.76338055,2768.309189,4.616,0,0,0,0,0.002082,0,0,0,0,0,6.472102045,0.003015023,0.000281779,0
5,204,9.25,43.76338055,2768.309189,0.00387,0,0,0,0,1.2403,0.059897,0,0,0,0.151728,6.472102045,0.003015023,0.000281779,0
5,204,9.25,43.76338055,2768.309189,0.010479,0,0,0,0,0,0,0,0,0,1.17432,2.474804353,0.003015023,0.000281779,0
5,204,9.25,43.76338055,2768.309189,0.44516,0,0,0.00036,0,0,0.059897,0,0,0,0.151728,2.124635517,0.003015023,0.000281779,0
5,204,9.25,43.76338055,2768.309189,0,0,0,11.876,0,0,0,0,0,0,0.278526,1.035375756,0.003015023,0.000281779,0
5,204,9.25,43.76338055,2768.309189,0,0,0,0.015552,0,0,0,0,0,0,12.0405,1.651413523,0.003015023,0.000281779,0
5,204,9.25,43.76338055,2768.309189,0.005769,0,1.1754,0,0,0,0,0,0,0,0.151728,11.33524931,0.003015023,0.000281779,0
5,204,9.25,43.76338055,2768.309189,0,0,0,0,0,0,0,0,0,0,0,0.423815456,0.003015023,0.000281779,0
5,204,9.25,43.76338055,2768.309189,0.005239,0,0,1.1174,0.19458,0,0,0,0,0,0.181728,2.124635517,0.003015023,0.000281779,0
5,204,9.25,43.76338055,2768.309189,0.13903,0,14.403,0,0,0.77921,0,0,0,0,0.151728,0.99739448,0.003015023,0.000281779,0
5,204,9.25,43.76338055,2768.309189,0.0068531,0,0,0.0081579,0.001669,0,0,0,0,0,0.181728,3.789481443,0.003015023,0.000281779,0
5,204,9.25,43.76338055,2768.309189,0,0,0,3.1662,0.21732,0,0,0,0,0,0,1.651413523,0.003015023,0.000281779,0
5,204,9.25,43.76338055,2768.309189,0.00524,0,0,0,0.008333,0,0,0,0,0,2.06073,0.085689464,0.003015023,0.000281779,0
5,204,9.25,43.76338055,2768.309189,0,0,0,0,0,0,0,0,0,0,0.151728,3.237208988,0.003015023,0.000281779,0
5,204,9.25,43.76338055,2768.309189,0.000376,0,0,0,2.8091,0,0,0,0,0,22.617,3.789481443,0.003015023,0.000281779,0
5,204,9.25,43.76338055,2768.309189,0.01048,0,0,0,0.2943,0.77921,0,0,0,0,0.151728,3.237208988,0.003015023,0.000281779,0
5,204,9.25,43.76338055,2768.309189,1.2548,0,0,0.33642,0.014581,0,0,0,0,0,11.1597,0.99739448,0.003015023,0.000281779,0
5,204,9.25,43.76338055,2768.309189,0,0,0,0,0,0,0,0,0,0,0.151728,11.33524931,0.003015023,0.000281779,0
5,204,9.25,43.76338055,2768.309189,0,0,0,0,7.544,0,0.59876,0,0,0,2.39871,0.99739448,0.003015023,0.000281779,0
5,204,9.25,43.76338055,2768.309189,0.008489,0,0,0,4.5941,0,0,0,0,0,0.151728,0.301225485,0.003015023,0.000281779,0
5,204,9.25,43.76338055,2768.309189,0.009056,0,0,0.00062,14.569,0,0,0,0,0,0.273366,0.423815456,0.003015023,0.000281779,0
5,204,9.25,43.76338055,2768.309189,0.007697,0,0,0.00524,0.002868,0,0,0,0,0,30.123,3.237208988,0.003015023,0.000281779,0
5,204,9.25,43.76338055,2768.309189,1.385,0,0,0,0.005395,0,0,0,0,0,12.8454,0.423815456,0.003015023,0.000281779,0
5,204,9.25,43.76338055,2768.309189,0,0,0.005239,0,1.1676,0,0,0,0,0,0,6.472102045,0.003015023,0.000281779,0
5,204,9.25,43.76338055,2768.309189,0.008333,0,0,12.177,0.00524,0,0,0,0,0,0.151728,0.99739448,0.003015023,0.000281779,0
5,204,9.25,43.76338055,2768.309189,0.017603,0,0,0,0,0,0,0,0,0,0.151728,11.33524931,0.003015023,0.000281779,0
5,204,9.25,43.76338055,2768.309189,0.009261,0,0,0,0.17103,0,0,0,0,0,0,0.541773565,0.003015023,0.000281779,0
5,204,9.25,43.76338055,2768.309189,0,0,0,0.008321,16,0,0,0,0,0,0.87174,25.71929039,0.003015023,0.000281779,0
5,204,9.25,43.76338055,2768.309189,0.011479,0,0,0.027172,0.019035,0,0,0.081842,0,0,25.3818,0.301225485,0.003015023,0.000281779,0
5,204,9.25,43.76338055,2768.309189,0.00062,0,0,0,0,0,0,0,0,0,0,2.474804353,0.003015023,0.000281779,0
5,204,9.25,43.76338055,2768.309189,0.005239,0,0,0.003346,0,0.023853,0,0,0,0,0.275769,17.60572724,0.003015023,0.000281779,0
5,204,9.25,43.76338055,2768.309189,0,0,0,0,0,0,0,0,0,0,2.13174,1.035375756,0.003015023,0.000281779,0
5,204,9.25,43.76338055,2768.309189,0.00524,0,0,0,0.566,0,0,0,0,0,0.151728,2.124635517,0.003015023,0.000281779,0
5,204,9.25,43.76338055,2768.309189,0,0,0,0,0.008333,0,0,0,0,0,9.7158,10.04744876,0.003015023,0.000281779,0
5,204,9.25,43.76338055,2768.309189,0.008333,0,0,0,20.653,0,0,0,0,0,0,0.301225485,0.003015023,0.000281779,0
5,204,9.25,43.76338055,2768.309189,16.603,0,0,0,1.3478,0,0,0,0,0,2.64756,10.04744876,0.003015023,0.000281779,0
5,204,9.25,43.76338055,2768.309189,0,0,0,0,0,0,0,0,0,0,0,0.99739448,0.003015023,0.000281779,0
5,204,9.25,43.76338055,2768.309189,0,0,0,0,6.5443,0,0,0,0,0,0.70764,0.541773565,0.003015023,0.000281779,0
5,204,9.25,43.76338055,2768.309189,0.008335,0,0,6.9518,0,0,0,0,0,0,0.151728,6.472102045,0.003015023,0.000281779,0
5,204,9.25,43.76338055,2768.309189,0,0,0,0,0,0,0,0,0,0,0,25.71929039,0.003015023,0.000281779,0
5,204,9.25,43.76338055,2768.309189,0,0,0,0,0,0.78754,0,0,0,0,0,0.085689464,0.003015023,0.000281779,0
5,204,9.25,43.76338055,2768.309189,0.17713,0,0,0,0,0,0,0,0,0,0,13.06734301,0.003015023,0.000281779,0
5,204,9.25,43.76338055,2768.309189,0,0,0,0,0.00524,0,0,0,0.008333,0,0.279615,0.541773565,0.003015023,0.000281779,0
5,204,9.25,43.76338055,2768.309189,0.00524,0,0,0,0,12.13,0,0,0,0,0.151728,0.541773565,0.003015023,0.000281779,0
5,204,9.25,43.76338055,2768.309189,0.14297,0,0,0.00524,0,0,0,0,0,0,22.617,2.007567612,0.003015023,0.000281779,0
5,204,9.25,43.76338055,2768.309189,0,0,0,0,0,0.79321,0,0,0,0,0,1.651413523,0.003015023,0.000281779,0
6,205,107.478,43.76516987,2768.422375,0.00524,0,0,0.18811,0.70741,0,0,0,0,0,0.151728,0,0.002946691,0.000275393,0
6,205,107.478,43.76516987,2768.422375,0,0,0,4.4534,0.00524,0,0.021726,0,0,0,3.0075,0,0.002946691,0.000275393,0
6,205,107.478,43.76516987,2768.422375,0,0,0,0,0.002868,0,0.59876,0,0,0,3.1572,0,0.002946691,0.000275393,0
6,205,107.478,43.76516987,2768.422375,0.0059398,0,0,0,0.00524,0,0.13028,0,0,0,0.151728,0,0.002946691,0.000275393,0
6,205,107.478,43.76516987,2768.422375,0.023705,0,0,0.013421,0.002139,0,0,0,0,0,8.9718,0,0.002946691,0.000275393,0
6,205,107.478,43.76516987,2768.422375,0.41786,0,0,0,0.00524,0,0,0,0,0,0.151728,0,0.002946691,0.000275393,0
6,205,107.478,43.76516987,2768.422375,0.0088426,0,0,0.0059107,0.0001405,0,0,0,0,0,1.95174,0,0.002946691,0.000275393,0
6,205,107.478,43.76516987,2768.422375,0,0,0,0.005769,0,0,0,0,0,0,0,0,0.002946691,0.000275393,0
6,205,107.478,43.76516987,2768.422375,0,0,0,0,0,0,0,0,0,0,0.151728,0,0.002946691,0.000275393,0
6,205,107.478,43.76516987,2768.422375,0.0068619,0,0,0,0.00524,0,0,0,0,0,39.096,0,0.002946691,0.000275393,0
6,205,107.478,43.76516987,2768.422375,0.5201,0,0,6.1619,0,0,13.175,0,0,0,0.151728,0,0.002946691,0.000275393,0
6,205,107.478,43.76516987,2768.422375,0.024955,0,0,0,0,0,0,0,0,0,34.872,0,0.002946691,0.000275393,0
6,205,107.478,43.76516987,2768.422375,0,0,0.14787,0,0.67362,0,18.658,0,0,0,2.10972,0,0.002946691,0.000275393,0
6,205,107.478,43.76516987,2768.422375,0.018322,0,0,0,0.035884,0,0,0,0,0,0.151728,0,0.002946691,0.000275393,0
6,205,107.478,43.76516987,2768.422375,0,0,0,0,0.013518,0,0,0,0,0,0.65616,0,0.002946691,0.000275393,0
6,205,107.478,43.76516987,2768.422375,1.8905,0,0,0,0.008335,0,0,0,0,0,0.72174,0,0.002946691,0.000275393,0
6,205,107.478,43.76516987,2768.422375,0,0,0,0,0.50221,0,0,0,0,0,0,0,0.002946691,0.000275393,0
6,205,107.478,43.76516987,2768.422375,0.008333,0,0,0,1.3024,0,0,0,0,0,0.6021,0,0.002946691,0.000275393,0
6,205,107.478,43.76516987,2768.422375,7.1711,0,0.00524,0.14311,0.014258,0,0,0,0,0,0.151728,0,0.002946691,0.000275393,0
6,205,107.478,43.76516987,2768.422375,0.34912,0,0,0,0,0.023853,0,0,0,0,0.77829,0,0.002946691,0.000275393,0
6,205,107.478,43.76516987,2768.422375,0.002139,0,0,0.0011005,0,0,0,0,0,0,17.3718,0,0.002946691,0.000275393,0
6,205,107.478,43.76516987,2768.422375,1.5202,0,0,0,0,7.8317,0,0,0.048203,0,0.151728,0,0.002946691,0.000275393,0
6,205,107.478,43.76516987,2768.422375,0,0,0,0,42.799,0,0,0,0,0,0,0,0.002946691,0.000275393,0
6,205,107.478,43.76516987,2768.422375,0.018381,0,3.3348,0.22391,0,0,0,0,0,0,0,0,0.002946691,0.000275393,0
6,205,107.478,43.76516987,2768.422375,0.008335,0,0,0,0,0,0,0,0,0,0.181728,0,0.002946691,0.000275393,0
6,205,107.478,43.76516987,2768.422375,0,0,0,0.008333,0.008333,0,0,0,0,0,0,0,0.002946691,0.000275393,0
6,205,107.478,43.76516987,2768.422375,0,0,0,0,0.008333,0,0,0,0,0,1.03647,0,0.002946691,0.000275393,0
6,205,107.478,43.76516987,2768.422375,0.003295,0,0,0,0,0.00158,0,0,0,0,24.9618,0,0.002946691,0.000275393,0
6,205,107.478,43.76516987,2768.422375,0,0,0,0.005239,0,13.237,0.059897,0,0,0,0.151728,0,0.002946691,0.000275393,0
6,205,107.478,43.76516987,2768.422375,5.8431,0,0,11.876,0.030073,0,0,0,0,0,0.151728,0,0.002946691,0.000275393,0
6,205,107.478,43.76516987,2768.422375,0.007328,0,0,7.8979,0.060787,0.084836,0.13028,0,0,0,2.6481,0,0.002946691,0.000275393,0
6,205,107.478,43.76516987,2768.422375,0.008333,0,0,0,0.005239,0,0,0,0,0,0.73911,0,0.002946691,0.000275393,0
6,205,107.478,43.76516987,2768.422375,0,0,0,0,0,0,0,0,0,0,2.37174,0,0.002946691,0.000275393,0
6,205,107.478,43.76516987,2768.422375,0.008333,0,0,0,0.005239,0,0,0,0,0,0.271128,0,0.002946691,0.000275393,0
6,205,107.478,43.76516987,2768.422375,0.00524,0,0,7.1341,0,0,0,0,0,0,29.7018,0,0.002946691,0.000275393,0
6,205,107.478,43.76516987,2768.422375,0,0,0,0,0,0,0.67053,0,0,0,30.648,0,0.002946691,0.000275393,0
6,205,107.478,43.76516987,2768.422375,0.001309,0,0.17064,0.018806,0,0,0,0,0,0,4.6839,0,0.002946691,0.000275393,0
6,205,107.478,43.76516987,2768.422375,0,0,0,0.00524,0.011131,0,0,0,0,0,0,0,0.002946691,0.000275393,0
6,205,107.478,43.76516987,2768.422375,0,0,0,0,4.0421,0.77921,0,0,0,0,0.151728,0,0.002946691,0.000275393,0
6,205,107.478,43.76516987,2768.422375,0,0,0,0.002031,0,1.9943,0,0,0,0,19.7118,0,0.002946691,0.000275393,0
6,205,107.478,43.76516987,2768.422375,0.0068619,0,0,0.013546,0,0,0,0,0,0,19.2864,0,0.002946691,0.000275393,0
6,205,107.478,43.76516987,2768.422375,0.00644,0,0,0,0,0,0,0,0,0,0,0,0.002946691,0.000275393,0
6,205,107.478,43.76516987,2768.422375,0,0,0,0,0,0,0,0,0,0,0.151728,0,0.002946691,0.000275393,0
6,205,107.478,43.76516987,2768.422375,2.2256,0,0,0,0,0,0,0,0,0,0.151728,0,0.002946691,0.000275393,0
6,205,107.478,43.76516987,2768.422375,0,0,0,0,0,0,0,0,0,0,9.1953,0,0.002946691,0.000275393,0
6,205,107.478,43.76516987,2768.422375,3.5296,0,0,0,7.544,0,0,0,0,0,0,0,0.002946691,0.000275393,0
6,205,107.478,43.76516987,2768.422375,1.4804,0,0,0,0,0,0,0,0,0,0,0,0.002946691,0.000275393,0
6,205,107.478,43.76516987,2768.422375,0.91229,0,0,0.008333,0,0,0,0,0,0,0,0,0.002946691,0.000275393,0
6,205,107.478,43.76516987,2768.422375,0.00021,0,0,0.011527,0,0.78058,0,0,0,0,0.151728,0,0.002946691,0.000275393,0
6,205,107.478,43.76516987,2768.422375,0.00644,0,0,0,0,0,0,0,0,0,0.151728,0,0.002946691,0.000275393,0
6,205,107.478,43.76516987,2768.422375,0,0,0,0.48282,0.003346,0.7872,0,0,0,0,10.7733,0,0.002946691,0.000275393,0
6,205,107.478,43.76516987,2768.422375,0,0,0,0.015552,26.494,0,0,0,0,0,0,0,0.002946691,0.000275393,0
6,205,107.478,43.76516987,2768.422375,0.013404,0,0,0,0.000376,0.000342,0,0,0,0,5.2239,0,0.002946691,0.000275393,0
6,205,107.478,43.76516987,2768.422375,0.00644,0,0,0,0,0,0,0,0,0,0.151728,0,0.002946691,0.000275393,0
6,205,107.478,43.76516987,2768.422375,0.005239,0,0,0,0,0.45857,0,0,0,0,0,0,0.002946691,0.000275393,0
6,205,107.478,43.76516987,2768.422375,4.6688,0,0,0,0,0,0,0,0,0,0.38949,0,0.002946691,0.000275393,0
6,205,107.478,43.76516987,2768.422375,0,0,0,0,0.14105,0,0,0,0,0,34.746,0,0.002946691,0.000275393,0
6,205,107.478,43.76516987,2768.422375,0,0,0,2.7308,0,0,0,0,0,0,0,0,0.002946691,0.000275393,0
6,205,107.478,43.76516987,2768.422375,0.28712,0,0,0.00524,0,0,0,0,0,0,4.4313,0,0.002946691,0.000275393,0
6,205,107.478,43.76516987,2768.422375,0,0,0,0.008333,0,0.034291,0,0,0,0,0.151728,0,0.002946691,0.000275393,0
6,205,107.478,43.76516987,2768.422375,0,0,0,0.10345,0.14105,0,0,0,0,0,0,0,0.002946691,0.000275393,0
6,205,107.478,43.76516987,2768.422375,8.3092,0,0,0.23606,0,0,0,0,0,0,0.30174,0,0.002946691,0.000275393,0
6,205,107.478,43.76516987,2768.422375,0,0,3.3792,0,0.005239,0,0,0,0,0,13.5936,0,0.002946691,0.000275393,0
6,205,107.478,43.76516987,2768.422375,0.00524,0,0,7.8979,0.1667,0,0,0,0,0,7.1259,0,0.002946691,0.000275393,0
6,205,107.478,43.76516987,2768.422375,0,0,0,2.1757,0,0,0,0,0,0,2.76468,0,0.002946691,0.000275393,0
6,205,107.478,43.76516987,2768.422375,0,0,0,0,0.2943,0,0,0,0,0,16.4517,0,0.002946691,0.000275393,0
6,205,107.478,43.76516987,2768.422375,0,0,0,0,0,0,0,0,0,0,0,0,0.002946691,0.000275393,0
6,205,107.478,43.76516987,2768.422375,0,0,0,0,0,0,0.13028,0,0,0,0.275769,0,0.002946691,0.000275393,0
6,205,107.478,43.76516987,2768.422375,0.014402,0,0,0,16.858,0,0,0,0,0,3.6486,0,0.002946691,0.000275393,0
6,205,107.478,43.76516987,2768.422375,0,0,0,0,22.461,0,0,0,0,0,19.2864,0,0.002946691,0.000275393,0
6,205,107.478,43.76516987,2768.422375,0.088719,0,0,0,0,0,0,0,0,0,30.786,0,0.002946691,0.000275393,0
6,205,107.478,43.76516987,2768.422375,0.015487,0,0,0,0,0,0,1.7429,0,0,4.1406,0,0.002946691,0.000275393,0
6,205,107.478,43.76516987,2768.422375,0.020885,0,0,2.2017,0,0,0,0,0,0,0.151728,0,0.002946691,0.000275393,0
6,205,107.478,43.76516987,2768.422375,0.008333,0,0,11.325,0,0,0.13028,0,0,0,0.151728,0,0.002946691,0.000275393,0
6,205,107.478,43.76516987,2768.422375,0,0,0,0,0,0,0,0,0,0,0.151728,0,0.002946691,0.000275393,0
6,205,107.478,43.76516987,2768.422375,0.00524,0,0.000124,0.008333,3.3385,1.3382,0,0,0,0,0.151728,0,0.002946691,0.000275393,0
6,205,107.478,43.76516987,2768.422375,0.13074,0,0.032093,0,0.019681,0,1.5219,0,0,0,0,0,0.002946691,0.000275393,0
6,205,107.478,43.76516987,2768.422375,0.008335,0,12.251,0.00062,0,0,0,0,0,0,0.151728,0,0.002946691,0.000275393,0
6,205,107.478,43.76516987,2768.422375,6.87,0,0.005239,0.008333,0,0,0,1.3124,0,0,0,0,0.002946691,0.000275393,0
6,205,107.478,43.76516987,2768.422375,10.582,0,0,0,0,0,0,0,0,0,0.181728,0,0.002946691,0.000275393,0
6,205,107.478,43.76516987,2768.422375,0,0,0,0,0,0,0,0,0,0,0.181728,0,0.002946691,0.000275393,0
6,205,107.478,43.76516987,2768.422375,0,0,0,0,0,0.001655,0,0,0,0,0.93561,0,0.002946691,0.000275393,0
6,205,107.478,43.76516987,2768.422375,0.11399,0,0,0,21.429,0,0,0,0,0,0.151728,0,0.002946691,0.000275393,0
6,205,107.478,43.76516987,2768.422375,1.7741,0,0,0,0.008333,0,0,0,0,0,0.151728,0,0.002946691,0.000275393,0
6,205,107.478,43.76516987,2768.422375,4.3384,0,0,0,0,0.79321,0,0,0,0,0,0,0.002946691,0.000275393,0
6,205,107.478,43.76516987,2768.422375,0,0,0,0,0,0,0,0,0,0,0.151728,0,0.002946691,0.000275393,0
6,205,107.478,43.76516987,2768.422375,0.14297,0,0,0.007328,9.3772,0,0.13028,0,0,0,0,0,0.002946691,0.000275393,0
6,205,107.478,43.76516987,2768.422375,0.008333,0,0,3.0889,0,0,0,0,0,0,1.38174,0,0.002946691,0.000275393,0
6,205,107.478,43.76516987,2768.422375,0,0,0,0,0,0,0,0,0,0,11.0184,0,0.002946691,0.000275393,0
6,205,107.478,43.76516987,2768.422375,0,0,0,0,0.011527,0,0,0,0,0,0,0,0.002946691,0.000275393,0
6,205,107.478,43.76516987,2768.422375,0.008333,0,0,0.00014,0.37101,0,0,0,0,0,0,0,0.002946691,0.000275393,0
6,205,107.478,43.76516987,2768.422375,0,0,0,0,0,0,0,0,0,0,0,0,0.002946691,0.000275393,0
6,205,107.478,43.76516987,2768.422375,0.008333,0,0,0.002011,0,4.8967,0.67845,0,0,0,10.7733,0,0.002946691,0.000275393,0
6,205,107.478,43.76516987,2768.422375,0,0,0,0.002139,8.1439,0,0,0,0,0,20.8818,0,0.002946691,0.000275393,0
6,205,107.478,43.76516987,2768.422375,3.9799,0,0,5.4764,0.008335,0,0,0,0,0,1.97832,0,0.002946691,0.000275393,0
6,205,107.478,43.76516987,2768.422375,0,0,0,0.008333,0,0.79321,0,0,0,0,10.7733,0,0.002946691,0.000275393,0
6,205,107.478,43.76516987,2768.422375,0,0,0,0,0,0,0,0,0,0,0.151728,0,0.002946691,0.000275393,0
6,205,107.478,43.76516987,2768.422375,0,0,0,0,17.217,0,0,0,0,0,14.0655,0,0.002946691,0.000275393,0
6,205,107.478,43.76516987,2768.422375,0.00322,0,0,0,0.2943,0,0,0,0,0,0,0,0.002946691,0.000275393,0
6,205,107.478,43.76516987,2768.422375,0,0,0,0,0.000124,0,0,0,0,0,22.8018,0,0.002946691,0.000275393,0
6,205,107.478,43.76516987,2768.422375,0.93731,0,0,0,0,0,0,0,0,0,0,0,0.002946691,0.000275393,0
6,205,107.478,43.76516987,2768.422375,0.0068531,0,0,0,0,0,0,0,0,0,2.05122,0,0.002946691,0.000275393,0
6,205,107.478,43.76516987,2768.422375,0.008333,0,0,0,0,0,0,0,0,0,0,0,0.002946691,0.000275393,0
6,205,107.478,43.76516987,2768.422375,0,0,0,0,0,0,0,0,0,0,0.181728,0,0.002946691,0.000275393,0
6,205,107.478,43.76516987,2768.422375,0.90611,0,0,0.0055919,3.7624,0,0,0,0,0,12.8454,0,0.002946691,0.000275393,0
6,205,107.478,43.76516987,2768.422375,0,0,0,0.008333,0,0,0,0,0,0,0,0,0.002946691,0.000275393,0
6,205,107.478,43.76516987,2768.422375,0.0088426,0,0,0,0,0,14.079,0,0,0,0.151728,0,0.002946691,0.000275393,0
6,205,107.478,43.76516987,2768.422375,3.3665,0,0,0,0.025169,0,0,0,0,0,0.151728,0,0.002946691,0.000275393,0
6,205,107.478,43.76516987,2768.422375,0.17903,0,0,0,0,0,0,0,0,0,1.86174,0,0.002946691,0.000275393,0
6,205,107.478,43.76516987,2768.422375,7.1589,0,0,0,0,0.78099,0,0,0,0,13.5936,0,0.002946691,0.000275393,0
6,205,107.478,43.76516987,2768.422375,0,0,0,0,0.00524,0,0,0,0,0,0,0,0.002946691,0.000275393,0
6,205,107.478,43.76516987,2768.422375,0.0064565,0,0,0,3.2358,0,0,0,1.5264,0,0.44541,0,0.002946691,0.000275393,0
6,205,107.478,43.76516987,2768.422375,0.00524,0,0,1.3632,16.858,0,0,0,0,0,0.77829,0,0.002946691,0.000275393,0
6,205,107.478,43.76516987,2768.422375,0,0,0,0,17.934,0.76551,0,0,0,0,0.151728,0,0.002946691,0.000275393,0
6,205,107.478,43.76516987,2768.422375,0.00524,0,0,0.029402,0,0,0,0,0,0,0.151728,0,0.002946691,0.000275393,0
6,205,107.478,43.76516987,2768.422375,0.005372,0,0,0,0.00524,0,0,0,0,0,0.151728,0,0.002946691,0.000275393,0
6,205,107.478,43.76516987,2768.422375,1.1189,0,0,0,0.17103,0,0,0,0,0,17.3718,0,0.002946691,0.000275393,0
6,205,107.478,43.76516987,2768.422375,0.0068531,0,0,0,0,0,0.002308,0,0,0,0,0,0.002946691,0.000275393,0
6,205,107.478,43.76516987,2768.422375,0,0,0,0,3.3777,0,0,0,0,0,20.2284,0,0.002946691,0.000275393,0
6,205,107.478,43.76516987,2768.422375,0.000251,0,0,0,0.008321,0,0,0,0,0,28.1349,0,0.002946691,0.000275393,0
6,205,107.478,43.76516987,2768.422375,0,0,0,0,0,0,0,11.398,0,0,10.4415,0,0.002946691,0.000275393,0
6,205,107.478,43.76516987,2768.422375,0.012568,0,0,0.0025559,0.0094528,0,0,0,0,0,0.151728,0,0.002946691,0.000275393,0
6,205,107.478,43.76516987,2768.422375,0.00644,0,0,0,3.3777,0,0,0,0,0,27.6384,0,0.002946691,0.000275393,0
6,205,107.478,43.76516987,2768.422375,1.2548,0,0,3.6568,0,0.18042,0,0,0,0,0.290478,0,0.002946691,0.000275393,0
6,205,107.478,43.76516987,2768.422375,0.057403,0,0,0,0,2.9165,0,0,0,0,0,0,0.002946691,0.000275393,0
6,205,107.478,43.76516987,2768.422375,6.4349,0,0,0,0,0,0,0,0,0,0.151728,0,0.002946691,0.000275393,0
6,205,107.478,43.76516987,2768.422375,0,0,0,0,3.1081,0,0,0,0,0,18.849,0,0.002946691,0.000275393,0
6,205,107.478,43.76516987,2768.422375,0.024955,0,0,0,4.5941,0,0,0,0,0,0.151728,0,0.002946691,0.000275393,0
6,205,107.478,43.76516987,2768.422375,0,0,0,0,0.016012,3.0433,6.9551,0,0,0,28.0509,0,0.002946691,0.000275393,0
6,205,107.478,43.76516987,2768.422375,0,0,0,0,0,0,0,0,0,0,7.1259,0,0.002946691,0.000275393,0
6,205,107.478,43.76516987,2768.422375,0,0,0,0.030237,0,0,0,0,0,0,11.9625,0,0.002946691,0.000275393,0
6,205,107.478,43.76516987,2768.422375,3.8421,0,0,0.65046,0,0,0,0,0,0,1.05978,0,0.002946691,0.000275393,0
6,205,107.478,43.76516987,2768.422375,0,0,0,0,0,0,0.13028,0,0,0,4.2768,0,0.002946691,0.000275393,0
6,205,107.478,43.76516987,2768.422375,0.67499,0,0,0,0,0,0,0,0,0,0.151728,0,0.002946691,0.000275393,0
6,205,107.478,43.76516987,2768.422375,0.67038,0,0,0.00062,0.008333,0,0,0,0,0,34.872,0,0.002946691,0.000275393,0
6,205,107.478,43.76516987,2768.422375,0.17713,0,0,0.013565,0.18655,0,0,0,0,0,2.94174,0,0.002946691,0.000275393,0
6,205,107.478,43.76516987,2768.422375,0,0,0,4.1106,0,0,0,0,0,0,4.5105,0,0.002946691,0.000275393,0
6,205,107.478,43.76516987,2768.422375,5.0534,0,0,0.00524,0,0,0,0,1.2739,0,0,0,0.002946691,0.000275393,0
6,205,107.478,43.76516987,2768.422375,1.0831,0,0,0,0,1.3382,0,0,0,0,0.151728,0,0.002946691,0.000275393,0
6,205,107.478,43.76516987,2768.422375,0,0,0,0.012395,0,0,0,0,0,0,4.1943,0,0.002946691,0.000275393,0
6,205,107.478,43.76516987,2768.422375,0,0,0,0.005239,0,0,0,0,0,0,0.151728,0,0.002946691,0.000275393,0
6,205,107.478,43.76516987,2768.422375,0.13074,0,0,0.18811,0.67961,0,0,0,0,0,0.151728,0,0.002946691,0.000275393,0
6,205,107.478,43.76516987,2768.422375,0,0,0,15.197,0.013973,0,0,0,0,0,25.9959,0,0.002946691,0.000275393,0
6,205,107.478,43.76516987,2768.422375,0,0,0,0,12.686,0,0,0,0,0,7.3257,0,0.002946691,0.000275393,0
6,205,107.478,43.76516987,2768.422375,0,0,0,0,0,0,0,0,0,0,12.8454,0,0.002946691,0.000275393,0
6,205,107.478,43.76516987,2768.422375,0,0,0,2.7097,0.007221,0,0,0,0,0,18.1353,0,0.002946691,0.000275393,0
6,205,107.478,43.76516987,2768.422375,0,0,0,0,0.002508,0,0,0,0,0,9.4467,0,0.002946691,0.000275393,0
6,205,107.478,43.76516987,2768.422375,0,0,0.007332,0,0.0085875,0.000024,0,0,0,0,0,0,0.002946691,0.000275393,0
6,205,107.478,43.76516987,2768.422375,0,0,0,1.0905,0,0,0,0,0,0,0,0,0.002946691,0.000275393,0
6,205,107.478,43.76516987,2768.422375,0.00524,0,0,0,0,1.0657,0,0,0,0,0,0,0.002946691,0.000275393,0
6,205,107.478,43.76516987,2768.422375,0,0,0,0.008333,0.93395,0,0,0,0,0,7.2168,0,0.002946691,0.000275393,0
6,205,107.478,43.76516987,2768.422375,2.2602,0,0,2.4911,0,0,0,0,0,0,0,0,0.002946691,0.000275393,0
6,205,107.478,43.76516987,2768.422375,0.046194,0,0,0,0,0,0,0,0,0,7.4118,0,0.002946691,0.000275393,0
6,205,107.478,43.76516987,2768.422375,0.0098678,0,0,0,0.0067709,0,0,0,0,0,6.102,0,0.002946691,0.000275393,0
6,205,107.478,43.76516987,2768.422375,0,0,0,0,0,0,0,0,0,0,0.27432,0,0.002946691,0.000275393,0
6,205,107.478,43.76516987,2768.422375,0.016638,0,0,0,0.0070165,0,0,0,0,0,0.151728,0,0.002946691,0.000275393,0
6,205,107.478,43.76516987,2768.422375,0,0,0,0,0,0,0,0,0,0,0,0,0.002946691,0.000275393,0
6,205,107.478,43.76516987,2768.422375,0.00524,0,0,0,0,0,0,0,0,0,0.151728,0,0.002946691,0.000275393,0
6,205,107.478,43.76516987,2768.422375,0,0,0,0,0,0,0,0,0,0,0.151728,0,0.002946691,0.000275393,0
6,205,107.478,43.76516987,2768.422375,0.0055384,0,0,0.86967,0,2.7565,0,0,0,0,6.3561,0,0.002946691,0.000275393,0
6,205,107.478,43.76516987,2768.422375,0,0,0,3.4764,0,0,0,0,0,0,0,0,0.002946691,0.000275393,0
6,205,107.478,43.76516987,2768.422375,0.0031025,0,0,0,6.0919,0,0,0,0,0,4.6839,0,0.002946691,0.000275393,0
6,205,107.478,43.76516987,2768.422375,0.001493,0,6.2072,0,0,0,0,0,0,0,12.8901,0,0.002946691,0.000275393,0
6,205,107.478,43.76516987,2768.422375,0.49815,0,0,0.027172,0,0,0,0,0,0,0.286419,0,0.002946691,0.000275393,0
6,205,107.478,43.76516987,2768.422375,0.002784,0,0,0.008333,0,0,0,0,0,0,13.5936,0,0.002946691,0.000275393,0
6,205,107.478,43.76516987,2768.422375,0.000739,0,0,0,0,0,0.67053,0,0,0,4.7865,0,0.002946691,0.000275393,0
6,205,107.478,43.76516987,2768.422375,0,0,0,0,0,0,0,0,0,0,0.151728,0,0.002946691,0.000275393,0
6,205,107.478,43.76516987,2768.422375,0.047389,0,0,0.00524,0,0,0,0,0,0,32.442,0,0.002946691,0.000275393,0
6,205,107.478,43.76516987,2768.422375,0.20435,0,0,0,0,0,0,0,0,0,1.52439,0,0.002946691,0.000275393,0
6,205,107.478,43.76516987,2768.422375,0.008335,0,0,0,8.1439,0,0,0,0,0,3.3018,0,0.002946691,0.000275393,0
6,205,107.478,43.76516987,2768.422375,0,0,0.000739,0,0,0,0,0,0,0,0.70341,0,0.002946691,0.000275393,0
6,205,107.478,43.76516987,2768.422375,0.003821,0,0,0,0.00062,0,0,0,0,0,2.68779,0,0.002946691,0.000275393,0
6,205,107.478,43.76516987,2768.422375,0,0,0,4.7441,0,0,0,0,0,0,0.151728,0,0.002946691,0.000275393,0
6,205,107.478,43.76516987,2768.422375,0,0,0,0,0,0,0,0,0,0,22.7118,0,0.002946691,0.000275393,0
6,205,107.478,43.76516987,2768.422375,0.0055799,0,0.003821,0.008333,0,0,0,0,0,0,0,0,0.002946691,0.000275393,0
6,205,107.478,43.76516987,2768.422375,0.013408,0,0,0.036193,0,0,0,0,0,0,1.21974,0,0.002946691,0.000275393,0
6,205,107.478,43.76516987,2768.422375,0.000376,0,0,0,0.47436,0,0,0,0,0,0,0,0.002946691,0.000275393,0
6,205,107.478,43.76516987,2768.422375,0.008004,0,0,0.010471,0,0.23142,0,0,0,0,0,0,0.002946691,0.000275393,0
6,205,107.478,43.76516987,2768.422375,0.29343,0,0,0.007214,0,0,0,16.601,0,0,2.76468,0,0.002946691,0.000275393,0
6,205,107.478,43.76516987,2768.422375,0.005979,0,0,0,0,0,26.543,0,0,0,0,0,0.002946691,0.000275393,0
6,205,107.478,43.76516987,2768.422375,0,0,0,0,0,0,0,0,0,0,0.151728,0,0.002946691,0.000275393,0
6,205,107.478,43.76516987,2768.422375,11.344,0,0,0,0,0,0,0,0,0,14.1318,0,0.002946691,0.000275393,0
6,205,107.478,43.76516987,2768.422375,0,0,0,0,0,0,0,0,0,0,0,0,0.002946691,0.000275393,0
6,205,107.478,43.76516987,2768.422375,0.0066265,0,0,0.000063,17.934,0,0,0,0,0,0.151728,0,0.002946691,0.000275393,0
6,205,107.478,43.76516987,2768.422375,0,0,0,9.2817,7.0112,0,0,0,0,0,0.151728,0,0.002946691,0.000275393,0
6,205,107.478,43.76516987,2768.422375,0.013404,0,0,4.648,0,0,0,0,0,0,0,0,0.002946691,0.000275393,0
6,205,107.478,43.76516987,2768.422375,0,0,0,0.3488,2.5837,0,0.13028,0,0,0,0,0,0.002946691,0.000275393,0
6,205,107.478,43.76516987,2768.422375,12.994,0,0,0,0,0,0,0,0,0,0.273018,0,0.002946691,0.000275393,0
6,205,107.478,43.76516987,2768.422375,0,0,0,0.00833,0.038932,0,0,0,3.025,0,0.151728,0,0.002946691,0.000275393,0
6,205,107.478,43.76516987,2768.422375,0,0,0.33369,0.007221,0,0,0,0,0,0,42.996,0,0.002946691,0.000275393,0
6,205,107.478,43.76516987,2768.422375,15.2,0,0,0.041028,0,0,0,0,0,0,3.8823,0,0.002946691,0.000275393,0
6,205,107.478,43.76516987,2768.422375,0.046194,0,0,0,0,0,0,0,0,0,0.151728,0,0.002946691,0.000275393,0
6,205,107.478,43.76516987,2768.422375,0.080184,0,0,0,0,0,0,0,0,0,0,0,0.002946691,0.000275393,0
6,205,107.478,43.76516987,2768.422375,4.9504,0,0,0,0,2.6216,0,0,0,0,19.4277,0,0.002946691,0.000275393,0
6,205,107.478,43.76516987,2768.422375,10.309,0,0,0,0,0,0,0,0,0,2.06073,0,0.002946691,0.000275393,0
6,205,107.478,43.76516987,2768.422375,0.0019345,0,0,0,0,0,0.67845,0,0,0,0.151728,0,0.002946691,0.000275393,0
6,205,107.478,43.76516987,2768.422375,0,0,0,0,0,0,0,0,0,0,6.258,0,0.002946691,0.000275393,0
6,205,107.478,43.76516987,2768.422375,0,0,0,0,0,0,0,0,0,0,0.151728,0,0.002946691,0.000275393,0
6,205,107.478,43.76516987,2768.422375,4.1811,0,0,0.094899,0,0,0,0,0,0,0.151728,0,0.002946691,0.000275393,0
6,205,107.478,43.76516987,2768.422375,0.005239,0,0,3.0263,0,0,0,0,0,0,0.151728,0,0.002946691,0.000275393,0
6,205,107.478,43.76516987,2768.422375,0.008332,0,14.403,7.2355,0.001326,0,0,0,0,0,0.151728,0,0.002946691,0.000275393,0
6,205,107.478,43.76516987,2768.422375,0.005239,0,0,0.00315,0.00062,0,19.544,0,0,0,7.0536,0,0.002946691,0.000275393,0
6,205,107.478,43.76516987,2768.422375,0,0,0,0,0,0,0,0,0,0,0,0,0.002946691,0.000275393,0
6,205,107.478,43.76516987,2768.422375,0,0,0,0,0,8.6074,0,0,0,0,7.2111,0,0.002946691,0.000275393,0
6,205,107.478,43.76516987,2768.422375,0,0,0,1.3084,0.008333,0,0.13028,0,0,0,2.37174,0,0.002946691,0.000275393,0
6,205,107.478,43.76516987,2768.422375,0.00524,0,0,0.00524,0,0,0,0,0,0,1.31526,0,0.002946691,0.000275393,0
6,205,107.478,43.76516987,2768.422375,2.1165,0,0,0,0,0,0,0,0,0,0,0,0.002946691,0.000275393,0
6,205,107.478,43.76516987,2768.422375,0.020885,0,0.0056435,0,0,0,0,0,0,0,0.151728,0,0.002946691,0.000275393,0
6,205,107.478,43.76516987,2768.422375,0,0,0,0,0,0,0,0,0,0,0.151728,0,0.002946691,0.000275393,0
6,205,107.478,43.76516987,2768.422375,7.9784,0,0,0,8.688,0,0,0,0,0,1.52439,0,0.002946691,0.000275393,0
6,205,107.478,43.76516987,2768.422375,0.001478,0,0,0,0.016012,0.0000095,0,0,0,0,8.7318,0,0.002946691,0.000275393,0
6,205,107.478,43.76516987,2768.422375,9.146,0,0,0,0.2943,0,18.961,0,0,0,0,0,0.002946691,0.000275393,0
6,205,107.478,43.76516987,2768.422375,0,0,0,0,6.2437,0.82806,0,0,0,0,0,0,0.002946691,0.000275393,0
6,205,107.478,43.76516987,2768.422375,0,0,0,0.0068531,0,0,0,0,0,0,0.181728,0,0.002946691,0.000275393,0
6,205,107.478,43.76516987,2768.422375,0.00524,0,0,0.02191,0.008333,0,0,0,0,0,0.33174,0,0.002946691,0.000275393,0
6,205,107.478,43.76516987,2768.422375,0.010054,0,0,0.003346,1.2446,7.545,0,0,0,0,0,0,0.002946691,0.000275393,0
6,205,107.478,43.76516987,2768.422375,0,0,0,0.0084875,2.557,0,0,0,0,0,0.151728,0,0.002946691,0.000275393,0
6,205,107.478,43.76516987,2768.422375,0,0,0,0,0,0.020647,0,0,0,0,0.42399,0,0.002946691,0.000275393,0
6,205,107.478,43.76516987,2768.422375,9.7427,0,0,0,0,0.006508,0,0,0,0,11.6058,0,0.002946691,0.000275393,0
6,205,107.478,43.76516987,2768.422375,0.18244,0,0,0,0.008333,0,0.40452,0,0,0,0.151728,0,0.002946691,0.000275393,0
6,205,107.478,43.76516987,2768.422375,0,0,0,0,3.9118,0,0,0,0,0,0.151728,0,0.002946691,0.000275393,0
6,205,107.478,43.76516987,2768.422375,0.061767,0,0,0,0,0.77421,0,0,0,0,0,0,0.002946691,0.000275393,0
6,205,107.478,43.76516987,2768.422375,0.008335,0,0,0,0,0,0,0,0,0,0.151728,0,0.002946691,0.000275393,0
6,205,107.478,43.76516987,2768.422375,0.008333,0,0,0,4.2216,0.77921,0.67053,0,0,0,0,0,0.002946691,0.000275393,0
6,205,107.478,43.76516987,2768.422375,0,0,0,0.017468,0.023106,0,0,0,0,0,0.151728,0,0.002946691,0.000275393,0
6,205,107.478,43.76516987,2768.422375,0,0,0,0.008333,0,0,0,0,0,0,0.151728,0,0.002946691,0.000275393,0
6,205,107.478,43.76516987,2768.422375,0,0,0,0,0.046032,0,0,0,0,0,0,0,0.002946691,0.000275393,0
6,205,107.478,43.76516987,2768.422375,0,0,0,0,3.1339,0,0.67053,0,0,0,0,0,0.002946691,0.000275393,0
6,205,107.478,43.76516987,2768.422375,0.00644,0,0.001493,0,0.00524,0,0,0,0,0,11.0184,0,0.002946691,0.000275393,0
6,205,107.478,43.76516987,2768.422375,0.038936,0,0,0,2.8091,0,0,0,0,0,7.3206,0,0.002946691,0.000275393,0
6,205,107.478,43.76516987,2768.422375,0,0,0,0,0,1.5693,0,0,0,0,0,0,0.002946691,0.000275393,0
6,205,107.478,43.76516987,2768.422375,0,0,0,0,0,0,0,0,0,0,0.33174,0,0.002946691,0.000275393,0
6,205,107.478,43.76516987,2768.422375,0,0,0,0,0.12938,0,0,0,0,0,0,0,0.002946691,0.000275393,0
6,205,107.478,43.76516987,2768.422375,0.01061,0,0,0,0.018282,0.77921,0,0,0,0,0,0,0.002946691,0.000275393,0
6,205,107.478,43.76516987,2768.422375,11.344,0,0,0.003538,0,0,0,0,0,0,0.151728,0,0.002946691,0.000275393,0
6,205,107.478,43.76516987,2768.422375,0.008333,0,0,0,0,0,0,0,0,0,0,0,0.002946691,0.000275393,0
6,205,107.478,43.76516987,2768.422375,0.00524,0,0,0,0.0088426,0,0,0,0,0,0,0,0.002946691,0.000275393,0
6,205,107.478,43.76516987,2768.422375,0,0,0,0,0,0,0,0,0,0,0.3897,0,0.002946691,0.000275393,0
6,205,107.478,43.76516987,2768.422375,0.002031,0,0,0,0,0,0,0,0,0,0.278526,0,0.002946691,0.000275393,0
6,205,107.478,43.76516987,2768.422375,0.002031,0,0,0.008333,0,0,0,0,0,0,0.211728,0,0.002946691,0.000275393,0
6,205,107.478,43.76516987,2768.422375,9.7427,0,0,0.01836,0,0,0,0,0,0,0.151728,0,0.002946691,0.000275393,0
6,205,107.478,43.76516987,2768.422375,0.001436,0,0,0.022218,0.027306,0,0.59876,0,0,0,2.3544,0,0.002946691,0.000275393,0
6,205,107.478,43.76516987,2768.422375,0,0,0,20.04,0.027306,0,0,0,0,0,1.95174,0,0.002946691,0.000275393,0
6,205,107.478,43.76516987,2768.422375,0,0,0,0.10557,0.002741,0,0,0,0,0,0.151728,0,0.002946691,0.000275393,0
6,205,107.478,43.76516987,2768.422375,0,0,0,0,0,0,0,0,0,0,0,0,0.002946691,0.000275393,0
6,205,107.478,43.76516987,2768.422375,0.00014,0,0,0,2.439,0,0,0,0,0,0.271128,0,0.002946691,0.000275393,0
6,205,107.478,43.76516987,2768.422375,0,0,0,4.3923,0.00524,0,10.2,0,0,0,0.151728,0,0.002946691,0.000275393,0
6,205,107.478,43.76516987,2768.422375,0.023222,0,0,0,0,0.0899,0,0,0,0,0.151728,0,0.002946691,0.000275393,0
6,205,107.478,43.76516987,2768.422375,6.7661,0,0,0.0097027,0,0,0,0,0,0,0,0,0.002946691,0.000275393,0
6,205,107.478,43.76516987,2768.422375,0,0,0,0,0,0,0,0,0,0,2.52933,0,0.002946691,0.000275393,0
6,205,107.478,43.76516987,2768.422375,0.0094073,0,0,3.5574,0.002741,0,0,0,0,0,6.102,0,0.002946691,0.000275393,0
6,205,107.478,43.76516987,2768.422375,0.008335,0,0,0,0,0.78972,0,0,0,0,0.151728,0,0.002946691,0.000275393,0
6,205,107.478,43.76516987,2768.422375,0,0,0,0.0081579,0,0,0,0,0,0,0,0,0.002946691,0.000275393,0
6,205,107.478,43.76516987,2768.422375,4.119,0,0,0.00524,0.008333,0,0,0,0,0,6.5418,0,0.002946691,0.000275393,0
6,205,107.478,43.76516987,2768.422375,0.015379,0,0,0,0.003144,0,0,0,0,0,0.70341,0,0.002946691,0.000275393,0
6,205,107.478,43.76516987,2768.422375,0,0,0,0,0.00524,0,0,0,0,0,0.151728,0,0.002946691,0.000275393,0
6,205,107.478,43.76516987,2768.422375,0.98086,0,0,3.8959,0,0,0.008333,0,0,0,0.151728,0,0.002946691,0.000275393,0
6,205,107.478,43.76516987,2768.422375,0.008335,0,0,0,0,0,0,0,0,0,0,0,0.002946691,0.000275393,0
6,205,107.478,43.76516987,2768.422375,0,0,0,0.00524,0,0,0,0,0,0,0,0,0.002946691,0.000275393,0
6,205,107.478,43.76516987,2768.422375,0.000688,0,0,0.33242,0,0.77921,0,0,0,0,0,0,0.002946691,0.000275393,0
6,205,107.478,43.76516987,2768.422375,0.038936,0,0,2.1101,0,0,0,0,0,0,5.2239,0,0.002946691,0.000275393,0
6,205,107.478,43.76516987,2768.422375,0,0,0,0,0,0,0,0,0,0,0,0,0.002946691,0.000275393,0
6,205,107.478,43.76516987,2768.422375,0.045123,0,0,0,0,0,0,0,0.008333,0,0.151728,0,0.002946691,0.000275393,0
6,205,107.478,43.76516987,2768.422375,6.8104,0,0,0.000251,0,0,0,0,0,0,0.211728,0,0.002946691,0.000275393,0
6,205,107.478,43.76516987,2768.422375,0,0,0,0.38795,0,0,0,0,0,0,3.8823,0,0.002946691,0.000275393,0
6,205,107.478,43.76516987,2768.422375,0,0,0,0,0,22.837,0.60778,0,0,0,0,0,0.002946691,0.000275393,0
6,205,107.478,43.76516987,2768.422375,0,0,0,0,3.0408,0,0,0,0,0,0.151728,0,0.002946691,0.000275393,0
6,205,107.478,43.76516987,2768.422375,2.1218,0,0,0.008335,0,0,0,0,0,0,0.151728,0,0.002946691,0.000275393,0
6,205,107.478,43.76516987,2768.422375,0.027357,0,0,0.068295,0,0,0,0,0,0,0.275259,0,0.002946691,0.000275393,0
6,205,107.478,43.76516987,2768.422375,0,0,0,0.0067015,6.5443,0,27.501,0,0,0,2.28174,0,0.002946691,0.000275393,0
6,205,107.478,43.76516987,2768.422375,2.7267,0,0,0,0,0,0,0,0,0,0,0,0.002946691,0.000275393,0
6,205,107.478,43.76516987,2768.422375,0,0,0,0,0,0,0,0,0,0,0,0,0.002946691,0.000275393,0
6,205,107.478,43.76516987,2768.422375,0.72108,0,0,0,0,0,0.74966,0,0,0,0,0,0.002946691,0.000275393,0
6,205,107.478,43.76516987,2768.422375,0,0,0,0,0,0,0,0,0,0,0,0,0.002946691,0.000275393,0
6,205,107.478,43.76516987,2768.422375,7.1711,0,0,0,2.557,0,0,0.81908,0,0,1.47333,0,0.002946691,0.000275393,0
6,205,107.478,43.76516987,2768.422375,0.008333,0,0,0,17.217,0,21.198,0,0,0,0,0,0.002946691,0.000275393,0
6,205,107.478,43.76516987,2768.422375,0,0,0,0,0,0,0,0,0,0,0.35643,0,0.002946691,0.000275393,0
6,205,107.478,43.76516987,2768.422375,0,0,0,0,0,0,0,0,0,0,0,0,0.002946691,0.000275393,0
6,205,107.478,43.76516987,2768.422375,0.031802,0,0,0,0,0,0,0,0,0,0.151728,0,0.002946691,0.000275393,0
6,205,107.478,43.76516987,2768.422375,0,0,13.427,0.00524,0,0,0,0,0,0,1.72038,0,0.002946691,0.000275393,0
6,205,107.478,43.76516987,2768.422375,0,0,0,0,0,0,0.021726,0,0,0,0.151728,0,0.002946691,0.000275393,0
6,205,107.478,43.76516987,2768.422375,6.5562,0,0.80607,0,0,0,0,0,0,0,0.151728,0,0.002946691,0.000275393,0
6,205,107.478,43.76516987,2768.422375,1.8154,0,0,0,0,0.77806,0,0,0,0,1.26477,0,0.002946691,0.000275393,0
6,205,107.478,43.76516987,2768.422375,0,0,0,0.00524,0,0,0.67845,0,0,0,0.36174,0,0.002946691,0.000275393,0
6,205,107.478,43.76516987,2768.422375,0,0,0,0,0,0,0,0,0,0,7.4118,0,0.002946691,0.000275393,0
6,205,107.478,43.76516987,2768.422375,0.011297,0,0,0,0.062887,0,1.9322,0,0,0,1.09647,0,0.002946691,0.000275393,0
6,205,107.478,43.76516987,2768.422375,2.9666,0,0,0.11621,0,0,0,0,0,0,3.4872,0,0.002946691,0.000275393,0
6,205,107.478,43.76516987,2768.422375,0,0,0.80302,0,0.24663,0,0,0,0,0,35.547,0,0.002946691,0.000275393,0
6,205,107.478,43.76516987,2768.422375,0.008489,0,0,0,9.0733,0,0,0,0,0,4.6158,0,0.002946691,0.000275393,0
6,205,107.478,43.76516987,2768.422375,0,0,0,16.558,0,0,0,0,0,0,0.151728,0,0.002946691,0.000275393,0
6,205,107.478,43.76516987,2768.422375,0,0,0,0.003821,0,0,0.093171,0,0,0,0.151728,0,0.002946691,0.000275393,0
6,205,107.478,43.76516987,2768.422375,0.008333,0,0,0,0,0.79351,0.59876,0,0,0,0.151728,0,0.002946691,0.000275393,0
6,205,107.478,43.76516987,2768.422375,1.2774,0,0,0,0.005239,0,0,0,0,0,0,0,0.002946691,0.000275393,0
6,205,107.478,43.76516987,2768.422375,0,0,0,0,0.000739,0,0,0,0,0,0,0,0.002946691,0.000275393,0
6,205,107.478,43.76516987,2768.422375,0.010521,0,0,0,0.008333,0,0,0,0,0,0.75903,0,0.002946691,0.000275393,0
6,205,107.478,43.76516987,2768.422375,0.3628,0,0.002139,0.011652,0,0,0,0,0,0,5.1363,0,0.002946691,0.000275393,0
6,205,107.478,43.76516987,2768.422375,0.008333,0,0,0.073717,0,0,0,0,0,0,0,0,0.002946691,0.000275393,0
6,205,107.478,43.76516987,2768.422375,0,0,0,0,0.001326,0,0,0,0,0,0.30174,0,0.002946691,0.000275393,0
6,205,107.478,43.76516987,2768.422375,0.001493,0,0,0.11797,0,0,0,0,0,0,9.1953,0,0.002946691,0.000275393,0
6,205,107.478,43.76516987,2768.422375,0.38105,0,0,0,3.6586,0,0,0,0,0,8.3928,0,0.002946691,0.000275393,0
6,205,107.478,43.76516987,2768.422375,0.00524,0,0,0,0.14172,0,0,0,0,0,0,0,0.002946691,0.000275393,0
6,205,107.478,43.76516987,2768.422375,0,0,0,0,0.17103,0,0,0,0,0,14.4696,0,0.002946691,0.000275393,0
6,205,107.478,43.76516987,2768.422375,28.979,0,0,0,0.16189,0,0,0,0,0,7.8318,0,0.002946691,0.000275393,0
6,205,107.478,43.76516987,2768.422375,0,0,0,0,0.027077,0,0,0,0,0,0,0,0.002946691,0.000275393,0
6,205,107.478,43.76516987,2768.422375,0.003416,0,0,0.054581,6.2437,0,0.13028,0,0,0,0,0,0.002946691,0.000275393,0
6,205,107.478,43.76516987,2768.422375,1.1697,0,0,0,0,0.41195,26.325,0,0,0,0.151728,0,0.002946691,0.000275393,0
6,205,107.478,43.76516987,2768.422375,0,0,0,0.021907,6.2079,0,0,0,0,0,0.151728,0,0.002946691,0.000275393,0
6,205,107.478,43.76516987,2768.422375,0.011957,0,0,0,0,0,0,0,0,0,12.0081,0,0.002946691,0.000275393,0
6,205,107.478,43.76516987,2768.422375,0.34912,0,0,0.026977,0,0,0,0,0,0,4.8864,0,0.002946691,0.000275393,0
6,205,107.478,43.76516987,2768.422375,0.0059398,0,0,23.551,0.000688,0,0,0,0,0,0.151728,0,0.002946691,0.000275393,0
6,205,107.478,43.76516987,2768.422375,0.39409,0,0,0,0,0,0,0,0,0,0.269961,0,0.002946691,0.000275393,0
6,205,107.478,43.76516987,2768.422375,0.010364,0,0,0,0,0,0,0,0,0,14.8218,0,0.002946691,0.000275393,0
6,205,107.478,43.76516987,2768.422375,0.0098678,0,0,3.4764,0.008333,0,8.4952,0,0,0,0.151728,0,0.002946691,0.000275393,0
6,205,107.478,43.76516987,2768.422375,0.010479,0,0,0,0,0,0,0,0,0,0,0,0.002946691,0.000275393,0
6,205,107.478,43.76516987,2768.422375,0,0,0,0,0.047685,0,0,0,0,0,0,0,0.002946691,0.000275393,0
6,205,107.478,43.76516987,2768.422375,0,0,0,0.005202,0.012452,0,0,0,0,0,19.6818,0,0.002946691,0.000275393,0
6,205,107.478,43.76516987,2768.422375,0.01048,0,0.54712,0.005239,0,0,0.13028,0,0,0,0,0,0.002946691,0.000275393,0
6,205,107.478,43.76516987,2768.422375,0,0,0,0,9.3522,0,0,0,0,0,7.2168,0,0.002946691,0.000275393,0
6,205,107.478,43.76516987,2768.422375,0.013012,0,0,0,0,0,0,0,0,0,0.151728,0,0.002946691,0.000275393,0
6,205,107.478,43.76516987,2768.422375,0.00524,0,0,0,4.2216,0,0,0,0,0,0.151728,0,0.002946691,0.000275393,0
6,205,107.478,43.76516987,2768.422375,0,0,0,0,0.0001405,0,0,0,0,0,0.151728,0,0.002946691,0.000275393,0
6,205,107.478,43.76516987,2768.422375,0.00644,0,0,0.00043,0,0,0,0,0,0,0,0,0.002946691,0.000275393,0
6,205,107.478,43.76516987,2768.422375,0,0,0.001434,0,0,0,0,0,0,0,0,0,0.002946691,0.000275393,0
6,205,107.478,43.76516987,2768.422375,0.3628,0,0,0.044269,0,0,0,0,0,0,41.715,0,0.002946691,0.000275393,0
6,205,107.478,43.76516987,2768.422375,1.1697,0,0,0.008333,32.03,0,0,0,0,0,0,0,0.002946691,0.000275393,0
6,205,107.478,43.76516987,2768.422375,14.661,0,0,0,0,0,0,0,0,0,12.8901,0,0.002946691,0.000275393,0
6,205,107.478,43.76516987,2768.422375,0.091719,0,0,0,1.5408,12.891,0,0,0,0,4.0518,0,0.002946691,0.000275393,0
6,205,107.478,43.76516987,2768.422375,0,0,0,0,0,0,0,0,0,0,14.4696,0,0.002946691,0.000275393,0
6,205,107.478,43.76516987,2768.422375,0,0,0,0,0.008333,0,0,0,0,0,0.278703,0,0.002946691,0.000275393,0
6,205,107.478,43.76516987,2768.422375,0.002139,0,0,0.00524,0.0094073,0,0,0,0,0,0.151728,0,0.002946691,0.000275393,0
6,205,107.478,43.76516987,2768.422375,0.008004,0,0,0,0.00524,0,0,0,0,0,0.57,0,0.002946691,0.000275393,0
6,205,107.478,43.76516987,2768.422375,0,0,0,0,0,0,0,0,0,0,1.21974,0,0.002946691,0.000275393,0
6,205,107.478,43.76516987,2768.422375,0.03314,0,0,5.8999,0.000739,0,0,0,0,0,0,0,0.002946691,0.000275393,0
6,205,107.478,43.76516987,2768.422375,0.008333,0,0,0.0021738,0,0,0,0,0,0,4.5105,0,0.002946691,0.000275393,0
6,205,107.478,43.76516987,2768.422375,0,0,0,0.40202,0.4786,0,0.74966,0,0,0,12.4689,0,0.002946691,0.000275393,0
6,205,107.478,43.76516987,2768.422375,0,0,0,0,0,0,0,0,0,0,0.77829,0,0.002946691,0.000275393,0
6,205,107.478,43.76516987,2768.422375,0,0,0,0.99417,0.25503,0,0,0,0,0,0,0,0.002946691,0.000275393,0
6,205,107.478,43.76516987,2768.422375,2.7267,0,0,0,0,0,0,0,0,0,1.64742,0,0.002946691,0.000275393,0
6,205,107.478,43.76516987,2768.422375,0,0,0,0,13.549,1.3382,0,0,0,0,0.151728,0,0.002946691,0.000275393,0
6,205,107.478,43.76516987,2768.422375,9.9965,0,0,0.003346,0.038932,0,0,0,0,0,0.273324,0,0.002946691,0.000275393,0
6,205,107.478,43.76516987,2768.422375,0.047912,0,0,0,0.00062,0.0016135,0,0,0,0,18.849,0,0.002946691,0.000275393,0
6,205,107.478,43.76516987,2768.422375,0.0094528,0,0,0,0.008333,0,0,0,0,0,0,0,0.002946691,0.000275393,0
6,205,107.478,43.76516987,2768.422375,0,0,0,0,0,0,0,0,0,0,0.151728,0,0.002946691,0.000275393,0
6,205,107.478,43.76516987,2768.422375,8.933,0,0,0.005239,0,0,0,0,0,0,0.30174,0,0.002946691,0.000275393,0
6,205,107.478,43.76516987,2768.422375,0,0,0,7.2355,0,1.3939,0,0,0,0,0.151728,0,0.002946691,0.000275393,0
6,205,107.478,43.76516987,2768.422375,0,0,0,0,0.008333,0,0,0,0,0,0,0,0.002946691,0.000275393,0
6,205,107.478,43.76516987,2768.422375,0.005239,0,0,0,0.10502,0,0,0,0,0,2.13174,0,0.002946691,0.000275393,0
6,205,107.478,43.76516987,2768.422375,0,0,0,0,1.4612,0,0,0,0,0,28.8018,0,0.002946691,0.000275393,0
6,205,107.478,43.76516987,2768.422375,0.007353,0,0,0,2.7524,0,0,0,0,0,8.5434,0,0.002946691,0.000275393,0
6,205,107.478,43.76516987,2768.422375,0.016058,0,0,0,0,0,0,0,0,0,0,0,0.002946691,0.000275393,0
6,205,107.478,43.76516987,2768.422375,0.005769,0,0,0.00524,0.33405,0,0,0,0,0,0,0,0.002946691,0.000275393,0
6,205,107.478,43.76516987,2768.422375,0.00062,0,0,0,0,0,0,0.065915,0,0,19.4277,0,0.002946691,0.000275393,0
6,205,107.478,43.76516987,2768.422375,0.98357,0,0,8.5618,0.63967,0.77921,0,0,0,0,0,0,0.002946691,0.000275393,0
6,205,107.478,43.76516987,2768.422375,7.2682,0,0,0,0,0.026763,0,0,0,0,0.151728,0,0.002946691,0.000275393,0
6,205,107.478,43.76516987,2768.422375,0.016058,0,0,0.005239,0,0,0,0,0,0,2.06073,0,0.002946691,0.000275393,0
6,205,107.478,43.76516987,2768.422375,0.1613,0,0,6.4627,0,0.54889,17.287,0,0,0,0.151728,0,0.002946691,0.000275393,0
6,205,107.478,43.76516987,2768.422375,0.008335,0,0,0,0,0,0,0,0,0,0.151728,0,0.002946691,0.000275393,0
6,205,107.478,43.76516987,2768.422375,0.071675,0,0,0,0,0,0,0,0,0,0.73911,0,0.002946691,0.000275393,0
6,205,107.478,43.76516987,2768.422375,0.22639,0,0,0.008321,0,0,2.5309,0,0,0,0.151728,0,0.002946691,0.000275393,0
6,205,107.478,43.76516987,2768.422375,0.008333,0,0,0,2.8821,0,0,0,0,0,11.0184,0,0.002946691,0.000275393,0
6,205,107.478,43.76516987,2768.422375,0,0,0,0,0,0,0,0,0,0,3.8823,0,0.002946691,0.000275393,0
6,205,107.478,43.76516987,2768.422375,0.82366,0,0,0.071721,0.0022594,0.005269,0.002308,0,0,0,0.57,0,0.002946691,0.000275393,0
6,205,107.478,43.76516987,2768.422375,0.17962,0,0,0,0,0.000157,0,0.85448,0,0,0,0,0.002946691,0.000275393,0
6,205,107.478,43.76516987,2768.422375,1.8115,0,0,0.005239,0.030073,0,0,0,0,0,0.273372,0,0.002946691,0.000275393,0
6,205,107.478,43.76516987,2768.422375,0.0062156,0,0,0,0.014258,0,0,0,0,0,0.151728,0,0.002946691,0.000275393,0
6,205,107.478,43.76516987,2768.422375,0,0,0,0,0,0,30.781,0,0,0,0.151728,0,0.002946691,0.000275393,0
6,205,107.478,43.76516987,2768.422375,0.052214,0,0,0,0,0,0,0,0,0,0,0,0.002946691,0.000275393,0
6,205,107.478,43.76516987,2768.422375,3.8952,0,0,0,0,0,24.831,0,0,0,8.172,0,0.002946691,0.000275393,0
6,205,107.478,43.76516987,2768.422375,0.0098678,0,0,0.58718,0.00524,0,0,0,0,0,9.8421,0,0.002946691,0.000275393,0
6,205,107.478,43.76516987,2768.422375,2.2256,0,0,0.1075,0,0,0,0,0,0,0,0,0.002946691,0.000275393,0
6,205,107.478,43.76516987,2768.422375,0,0,0,0,0.21732,0,0,0,0,0,9.1953,0,0.002946691,0.000275393,0
6,205,107.478,43.76516987,2768.422375,0,0,0,0,0,0,0.40452,0,0,0,0,0,0.002946691,0.000275393,0
6,205,107.478,43.76516987,2768.422375,0.34912,0,0,6.6309,13.034,0,0,0,0,0,0.151728,0,0.002946691,0.000275393,0
6,205,107.478,43.76516987,2768.422375,0,0,0,0.0076281,0,0,0,0,0,0,0.151728,0,0.002946691,0.000275393,0
6,205,107.478,43.76516987,2768.422375,0.010963,0,0,0,0,0.78188,0,0,0,0,15.0018,0,0.002946691,0.000275393,0
6,205,107.478,43.76516987,2768.422375,0,0,0,0,0,0,0,0,0,0,4.4103,0,0.002946691,0.000275393,0
6,205,107.478,43.76516987,2768.422375,0.008333,0,0,0,0,0,0,0,0,0,0.151728,0,0.002946691,0.000275393,0
6,205,107.478,43.76516987,2768.422375,0,0,0,1.1831,0,0,0,0,0,0,0,0,0.002946691,0.000275393,0
6,205,107.478,43.76516987,2768.422375,0.00644,0,0,13.805,0,0.56312,0,0,0,0,0.273384,0,0.002946691,0.000275393,0
6,205,107.478,43.76516987,2768.422375,0.00524,0,0,0,0,0,0,0,0,0,3.4818,0,0.002946691,0.000275393,0
6,205,107.478,43.76516987,2768.422375,0.010963,0,0.005549,0.0021738,0.98255,0,0,0,0,0,8.9718,0,0.002946691,0.000275393,0
6,205,107.478,43.76516987,2768.422375,1.4385,0,0,0,0.013746,0,0,0,0,0,18.5811,0,0.002946691,0.000275393,0
6,205,107.478,43.76516987,2768.422375,0,0,0,0,1.0192,0,0,0,0,0,0.151728,0,0.002946691,0.000275393,0
6,205,107.478,43.76516987,2768.422375,0,0,0,0,0.0306,0,0,0,0,0,1.52439,0,0.002946691,0.000275393,0
6,205,107.478,43.76516987,2768.422375,0,0,0,14.189,0.0056,1.4857,0,0,0,0,0,0,0.002946691,0.000275393,0
6,205,107.478,43.76516987,2768.422375,6.0739,0,0,0.005239,0,0,0,0,0,0,20.2284,0,0.002946691,0.000275393,0
6,205,107.478,43.76516987,2768.422375,0.011527,0,0,0,0.21192,0,0,0,0,0,0.151728,0,0.002946691,0.000275393,0
6,205,107.478,43.76516987,2768.422375,0.39409,0,0,0,0.00524,0,18.313,0,0,0,10.6086,0,0.002946691,0.000275393,0
6,205,107.478,43.76516987,2768.422375,0,0,0,0,0,0,0,0,0,0,0.151728,0,0.002946691,0.000275393,0
6,205,107.478,43.76516987,2768.422375,0,0,0,0,0,0,0,0,0,0,0.151728,0,0.002946691,0.000275393,0
6,205,107.478,43.76516987,2768.422375,0,0,0,0,0,0,0,0,0,0,16.3047,0,0.002946691,0.000275393,0
6,205,107.478,43.76516987,2768.422375,0,0,0,0,2.8821,0,0,0,0,0,0,0,0.002946691,0.000275393,0
6,205,107.478,43.76516987,2768.422375,0,0,0,0,0,0,0,0,0,0,0.151728,0,0.002946691,0.000275393,0
6,205,107.478,43.76516987,2768.422375,0,0,0,0.223,0.010107,0,0,0,0,0,0,0,0.002946691,0.000275393,0
6,205,107.478,43.76516987,2768.422375,0.008333,0,0,0,0,0,0,0,0,0,0,0,0.002946691,0.000275393,0
6,205,107.478,43.76516987,2768.422375,6.8272,0,0,0,0,0,0,0,0,0,13.494,0,0.002946691,0.000275393,0
6,205,107.478,43.76516987,2768.422375,0.51774,0,0,0,0.030073,0,0,0,0,0,0.2871,0,0.002946691,0.000275393,0
6,205,107.478,43.76516987,2768.422375,0.00524,0,0.00524,0,0,0,0,0,0,0,9.4383,0,0.002946691,0.000275393,0
6,205,107.478,43.76516987,2768.422375,0.0083909,0,0,0,10.444,1.3521,0,0,0,0,0,0,0.002946691,0.000275393,0
6,205,107.478,43.76516987,2768.422375,0.0045845,0,0,0,0,0,0,0,0,0,3.6423,0,0.002946691,0.000275393,0
6,205,107.478,43.76516987,2768.422375,3.619,0,0,10.418,0.008333,0,0,0,0,0,0.151728,0,0.002946691,0.000275393,0
6,205,107.478,43.76516987,2768.422375,0,0,0,0.008332,0,0,0,0,0,0,0.151728,0,0.002946691,0.000275393,0
6,205,107.478,43.76516987,2768.422375,0.013573,0,0,0,0,0,0,0,0,0,3.8823,0,0.002946691,0.000275393,0
6,205,107.478,43.76516987,2768.422375,6.3539,0,0,0,0.21081,0,0,0,0,0,0.151728,0,0.002946691,0.000275393,0
6,205,107.478,43.76516987,2768.422375,0.080184,0,0,6.0441,0,0,0,0,0,0,0,0,0.002946691,0.000275393,0
6,205,107.478,43.76516987,2768.422375,0.025372,0,0.001669,0,0.00036,0,0,0,0,0,0,0,0.002946691,0.000275393,0
6,205,107.478,43.76516987,2768.422375,0.010521,0,0,0.047701,0,0,0.059897,0,0,0,3.9018,0,0.002946691,0.000275393,0
6,205,107.478,43.76516987,2768.422375,0.028169,0,0,0.008333,0,0,0.67053,0,0,0,0.151728,0,0.002946691,0.000275393,0
6,205,107.478,43.76516987,2768.422375,0,0,0,0.007148,0.0085875,0,0,0,0,0,0,0,0.002946691,0.000275393,0
6,205,107.478,43.76516987,2768.422375,0.0064565,0,0,0,0.0057595,0.85442,0,0,0,0,0,0,0.002946691,0.000275393,0
6,205,107.478,43.76516987,2768.422375,11.135,0,0,0,12.686,0,0,0,0,0,7.2051,0,0.002946691,0.000275393,0
6,205,107.478,43.76516987,2768.422375,0.00062,0,0,0,0,0,0,0,0,0,0,0,0.002946691,0.000275393,0
6,205,107.478,43.76516987,2768.422375,0.010364,0,0,0,0.008333,0,0,0,0,0,0.151728,0,0.002946691,0.000275393,0
6,205,107.478,43.76516987,2768.422375,0.0066265,0,0,0,0,0.85321,0,0,0,0,2.93637,0,0.002946691,0.000275393,0
6,205,107.478,43.76516987,2768.422375,0.022279,0,0,0.010165,0,0,0,0,0,0,6.5418,0,0.002946691,0.000275393,0
6,205,107.478,43.76516987,2768.422375,0.013476,0,3.163,0,2.9298,0,0,0,0,0,0.273384,0,0.002946691,0.000275393,0
6,205,107.478,43.76516987,2768.422375,0,0,0,0,0.019035,0,0,0,0,0,0.278526,0,0.002946691,0.000275393,0
6,205,107.478,43.76516987,2768.422375,0.00524,0,0,8.2296,0.008321,0,0,0,0,0,0.151728,0,0.002946691,0.000275393,0
6,205,107.478,43.76516987,2768.422375,0.00524,0,0,0,0,0,0.59876,0,0,0,0.151728,0,0.002946691,0.000275393,0
6,205,107.478,43.76516987,2768.422375,0.023222,0,0,0,0.001493,0,0,0,0,0,9.4383,0,0.002946691,0.000275393,0
6,205,107.478,43.76516987,2768.422375,0,0,0,0,0,0,0,0,0,0,9.4467,0,0.002946691,0.000275393,0
6,205,107.478,43.76516987,2768.422375,0,0,0,0,0,0,0,0,0,0,18.849,0,0.002946691,0.000275393,0
6,205,107.478,43.76516987,2768.422375,7.5139,0,0,1.2164,0,0,0,0,0,0,0.3897,0,0.002946691,0.000275393,0
6,205,107.478,43.76516987,2768.422375,0,0,0,0.003821,0,0,0,0,0,0,0.151728,0,0.002946691,0.000275393,0
6,205,107.478,43.76516987,2768.422375,0,0,0,0,0.00524,0,0,0,0,0,41.715,0,0.002946691,0.000275393,0
6,205,107.478,43.76516987,2768.422375,0.70554,0,0,0,0,0,0,0,0,0,0,0,0.002946691,0.000275393,0
6,205,107.478,43.76516987,2768.422375,0.008333,0,0,0,0,0,0,0,0,0,8.5434,0,0.002946691,0.000275393,0
6,205,107.478,43.76516987,2768.422375,5.2762,0,0,0.47974,0,0,0,0,0,0,0.151728,0,0.002946691,0.000275393,0
6,205,107.478,43.76516987,2768.422375,0.00524,0,0,0,0,0,0.10863,0,0,0,2.3544,0,0.002946691,0.000275393,0
6,205,107.478,43.76516987,2768.422375,0,0,0,7.8979,0.00524,1.5743,0,0,1.2532,0,0.278532,0,0.002946691,0.000275393,0
6,205,107.478,43.76516987,2768.422375,3.8421,0,0,1.5394,0,0,0,0,0,0,19.5987,0,0.002946691,0.000275393,0
6,205,107.478,43.76516987,2768.422375,11.506,0,0,0,0.008333,0.78392,0,0,0,0,0.151728,0,0.002946691,0.000275393,0
6,205,107.478,43.76516987,2768.422375,0,0,0,0,0.001192,0,0,0,0,0,3.0075,0,0.002946691,0.000275393,0
6,205,107.478,43.76516987,2768.422375,3.4031,0,0,0,0,0,0,0,0,0,0.151728,0,0.002946691,0.000275393,0
6,205,107.478,43.76516987,2768.422375,0,0,0,0,1.6868,0,0,0,0,0,0,0,0.002946691,0.000275393,0
6,205,107.478,43.76516987,2768.422375,0,0,0,0,0.008333,0,0,0,0,0,0,0,0.002946691,0.000275393,0
6,205,107.478,43.76516987,2768.422375,0.008333,0,0,0,0,0,0,0,0,0,0,0,0.002946691,0.000275393,0
6,205,107.478,43.76516987,2768.422375,0.00524,0,0,0,0,0,0.13028,0,0,0,0,0,0.002946691,0.000275393,0
6,205,107.478,43.76516987,2768.422375,0.5002,0,0,0,0.00062,0,0,0,0,0,8.5434,0,0.002946691,0.000275393,0
6,205,107.478,43.76516987,2768.422375,0.038936,0,0,0,0.00524,0.77921,0,0,0,0,3.3018,0,0.002946691,0.000275393,0
6,205,107.478,43.76516987,2768.422375,0.00524,0,0,0,7.544,0,0,0,0,0,2.37174,0,0.002946691,0.000275393,0
6,205,107.478,43.76516987,2768.422375,0.00524,0,0,0,20.056,0,0,0,0,0,0.151728,0,0.002946691,0.000275393,0
6,205,107.478,43.76516987,2768.422375,0.011527,0,0,0,4.6346,0,0.59876,0,0,0,14.4507,0,0.002946691,0.000275393,0
6,205,107.478,43.76516987,2768.422375,0.17094,0,0,0,0,0,20.78,0,0,0,0.151728,0,0.002946691,0.000275393,0
6,205,107.478,43.76516987,2768.422375,0,0,0,9.2817,0.27367,0.40336,2.5309,0,0,0,0,0,0.002946691,0.000275393,0
6,205,107.478,43.76516987,2768.422375,0,0,0,0,2.4885,0,0,0,0,0,0,0,0.002946691,0.000275393,0
6,205,107.478,43.76516987,2768.422375,0,0,8.646,0,0,0,0.059897,0,0,0,0,0,0.002946691,0.000275393,0
6,205,107.478,43.76516987,2768.422375,0.008333,0,0,0,0,0,0,0,0,0,0.151728,0,0.002946691,0.000275393,0
6,205,107.478,43.76516987,2768.422375,0,0,0,0,0.000078,0,0,0,0.008321,0,0.28509,0,0.002946691,0.000275393,0
6,205,107.478,43.76516987,2768.422375,0.55531,0,0,0.008321,0,0,0,0,0,0,5.2875,0,0.002946691,0.000275393,0
6,205,107.478,43.76516987,2768.422375,0.000376,0,0,0,3.6586,0,0,0,0,0,0,0,0.002946691,0.000275393,0
6,205,107.478,43.76516987,2768.422375,0,0,0,0.00043,0.007148,0,0.021726,0,0,0,0.151728,0,0.002946691,0.000275393,0
6,205,107.478,43.76516987,2768.422375,0.003821,0,0,0.034928,0.00524,0,0,0,0,0,0,0,0.002946691,0.000275393,0
6,205,107.478,43.76516987,2768.422375,7.9784,0,0,0.005341,0.069058,0,0,0,0,0,0.37014,0,0.002946691,0.000275393,0
6,205,107.478,43.76516987,2768.422375,0.091719,0,0,1.4153,0,0,0.67053,0,0,0,0,0,0.002946691,0.000275393,0
6,205,107.478,43.76516987,2768.422375,0.002139,0,0,0,0,0,0,0,0,0,0,0,0.002946691,0.000275393,0
6,205,107.478,43.76516987,2768.422375,0,0,0,0.00524,0,0,0,0.83556,0,0,0.151728,0,0.002946691,0.000275393,0
6,205,107.478,43.76516987,2768.422375,24.337,0,0,0,0,4.4694,0,0,0,0,0.151728,0,0.002946691,0.000275393,0
6,205,107.478,43.76516987,2768.422375,0,0,0,4.4257,0.000739,0,0,0,0,0,0.151728,0,0.002946691,0.000275393,0
6,205,107.478,43.76516987,2768.422375,11.506,0,0,1.5881,0.007148,0,0,0,0,0,0.279822,0,0.002946691,0.000275393,0
6,205,107.478,43.76516987,2768.422375,0,0,0,0,0.008333,0,0,0,0,0,1.38174,0,0.002946691,0.000275393,0
6,205,107.478,43.76516987,2768.422375,0.008489,0,0,0,0,0.78754,0,0,0,0,0.38949,0,0.002946691,0.000275393,0
6,205,107.478,43.76516987,2768.422375,0,0,0,0.00524,0,0,0,0,0,0,17.1858,0,0.002946691,0.000275393,0
6,205,107.478,43.76516987,2768.422375,1.6989,0,0,0,0,0,0,0,0,0,0.151728,0,0.002946691,0.000275393,0
6,205,107.478,43.76516987,2768.422375,0,0,0,0,0.001326,0,0.42744,0,0,0,0,0,0.002946691,0.000275393,0
6,205,107.478,43.76516987,2768.422375,0.050392,0,0,0,2.2481,0,0.42744,0,0,0,20.2284,0,0.002946691,0.000275393,0
6,205,107.478,43.76516987,2768.422375,0,0,0,0.008333,0,0,0,0,0,0,22.7118,0,0.002946691,0.000275393,0
6,205,107.478,43.76516987,2768.422375,0,0,0,0,0.008333,0,0.059897,0,0,0,8.8155,0,0.002946691,0.000275393,0
6,205,107.478,43.76516987,2768.422375,0,0,0,0.11621,0,0.010345,0,0,0,0,0.181728,0,0.002946691,0.000275393,0
6,205,107.478,43.76516987,2768.422375,3.619,0,0.003346,0.008333,0,0,0,0,0,0,0.151728,0,0.002946691,0.000275393,0
6,205,107.478,43.76516987,2768.422375,1.4385,0,0,0.0088426,0.0306,0,0,0,0,0,0.151728,0,0.002946691,0.000275393,0
6,205,107.478,43.76516987,2768.422375,0,0,0,0,0,0,0.13028,0,0,0,2.34429,0,0.002946691,0.000275393,0
6,205,107.478,43.76516987,2768.422375,0.026038,0,0,0,0.64611,0,0,0,0,0,5.0718,0,0.002946691,0.000275393,0
6,205,107.478,43.76516987,2768.422375,0,0,0,6.376,0.000688,0,0,0,0,0,11.682,0,0.002946691,0.000275393,0
6,205,107.478,43.76516987,2768.422375,0.018322,0,0,0,0,0,0,0,0,0,0.151728,0,0.002946691,0.000275393,0
6,205,107.478,43.76516987,2768.422375,0.023786,0,0,0,0,0,0,0.78613,0,0,11.0268,0,0.002946691,0.000275393,0
6,205,107.478,43.76516987,2768.422375,0.018381,0,0,0,0,0,0,0,0,0,12.8901,0,0.002946691,0.000275393,0
6,205,107.478,43.76516987,2768.422375,0.005239,0,0,0,0,0,0.059897,0,0,0,0.151728,0,0.002946691,0.000275393,0
6,205,107.478,43.76516987,2768.422375,0.043527,0,0,0.008333,0,0,0,0,0,0,0.27432,0,0.002946691,0.000275393,0
6,205,107.478,43.76516987,2768.422375,0.000251,0,0,0,0.14105,0,0,0,0,0,0.151728,0,0.002946691,0.000275393,0
6,205,107.478,43.76516987,2768.422375,0,0,0,0.00524,12.308,0,21.569,0,0,0,0.151728,0,0.002946691,0.000275393,0
6,205,107.478,43.76516987,2768.422375,0.10284,0,0,0,0,0,0.059897,0,0,0,0.151728,0,0.002946691,0.000275393,0
6,205,107.478,43.76516987,2768.422375,0.008585,0,0,0.007328,0,0,0,0,0,0,4.4103,0,0.002946691,0.000275393,0
6,205,107.478,43.76516987,2768.422375,0,0,0,0.40202,0.021907,0,0,0,0,0,1.70622,0,0.002946691,0.000275393,0
6,205,107.478,43.76516987,2768.422375,0,0,0,0,0.93679,0,0,0,0,0,14.4507,0,0.002946691,0.000275393,0
6,205,107.478,43.76516987,2768.422375,0,0,0,0,0,0,0,0,0,0,0.151728,0,0.002946691,0.000275393,0
6,205,107.478,43.76516987,2768.422375,0.081094,0,0,0.000688,0,0.76551,0,0,0,0,0.181728,0,0.002946691,0.000275393,0
6,205,107.478,43.76516987,2768.422375,0,0,0,0.1964,0,0,0,0,0,0,0.151728,0,0.002946691,0.000275393,0
6,205,107.478,43.76516987,2768.422375,0.013408,0,0,0,0.00524,0,0,0,0,0,0,0,0.002946691,0.000275393,0
6,205,107.478,43.76516987,2768.422375,0,0,0,0,3.9118,0,0,0,0,0,0.151728,0,0.002946691,0.000275393,0
6,205,107.478,43.76516987,2768.422375,0.005769,0,0,0,29.422,0,0,0,0,0,0.151728,0,0.002946691,0.000275393,0
6,205,107.478,43.76516987,2768.422375,1.0831,0,0,0,0.059735,0,0,0,0,0,0.151728,0,0.002946691,0.000275393,0
6,205,107.478,43.76516987,2768.422375,0.16583,0,0.00043,0,1.1453,0,0,0,0,0,0,0,0.002946691,0.000275393,0
6,205,107.478,43.76516987,2768.422375,0.010122,0,0,0,1.7509,0,0,0,0,0,0.151728,0,0.002946691,0.000275393,0
6,205,107.478,43.76516987,2768.422375,0.015333,0,0,11.876,0,0,0,0,0,0,0,0,0.002946691,0.000275393,0
6,205,107.478,43.76516987,2768.422375,0,0,0,0,0.4381,0,0,0,0,0,0.151728,0,0.002946691,0.000275393,0
6,205,107.478,43.76516987,2768.422375,0,0,0.57588,0.001493,0.52251,0,21.198,0,0,0,8.8155,0,0.002946691,0.000275393,0
6,205,107.478,43.76516987,2768.422375,0,0,0,0.00036,0,0,0,0,0,0,0,0,0.002946691,0.000275393,0
6,205,107.478,43.76516987,2768.422375,0.68217,0,0,0,0.003538,0,0,0,0,0,1.33368,0,0.002946691,0.000275393,0
6,205,107.478,43.76516987,2768.422375,0.028169,0,0,0.002139,0.007221,0,0,0,0,0,0,0,0.002946691,0.000275393,0
7,206,8.978,114.7247756,7257.063934,0.020418,0,0,2.6259,0,0,0,0,0,0,28.8018,19.71922933,0.008285774,0.000774375,0
7,206,8.978,114.7247756,7257.063934,0,0,0,0.14395,0.003144,3.738,0,0,0,0,0.273384,3.539348854,0.008285774,0.000774375,0
7,206,8.978,114.7247756,7257.063934,0.003416,0,11.622,0.016837,0,0,44.799,0,0,0,0.151728,7.61406159,0.008285774,0.000774375,0
7,206,8.978,114.7247756,7257.063934,0,0,0,0,6.0919,0.015921,0,0,0,0,0,2.742428507,0.008285774,0.000774375,0
7,206,8.978,114.7247756,7257.063934,0.0021738,0,0,0.00524,0,0,0,0,0,0,12.4689,20.03672595,0.008285774,0.000774375,0
7,206,8.978,114.7247756,7257.063934,0.041249,0,0,0.024145,0.52975,0,0,0,0,0,2.06073,0.090682319,0.008285774,0.000774375,0
7,206,8.978,114.7247756,7257.063934,0,0,0,0,0.49136,0,0,0,0,0,0,0.163878809,0.008285774,0.000774375,0
7,206,8.978,114.7247756,7257.063934,0,0,0,0.007328,0,0,0,0,0,0,0.151728,1.480602342,0.008285774,0.000774375,0
7,206,8.978,114.7247756,7257.063934,0,0,0,0.005239,9.8934,0,0,0,0,0,0,4.286874454,0.008285774,0.000774375,0
7,206,8.978,114.7247756,7257.063934,0,0,0,0,6.4838,0,0,0,0,0,0,2.550491043,0.008285774,0.000774375,0
7,206,8.978,114.7247756,7257.063934,0,0,0,0,0.79075,0,0,0,0,0,12.4689,38.6168241,0.008285774,0.000774375,0
7,206,8.978,114.7247756,7257.063934,5.4818,0,0,0,0,0,0,0,0,0,8.7318,0.51278208,0.008285774,0.000774375,0
7,206,8.978,114.7247756,7257.063934,0.82366,0,0,0.001669,0.013551,0,0,0,0,0,0.151728,2.282103912,0.008285774,0.000774375,0
7,206,8.978,114.7247756,7257.063934,0,0,0,0,0.0088426,0.0083335,0,0,0,0,0,20.03672595,0.008285774,0.000774375,0
7,206,8.978,114.7247756,7257.063934,0.005372,0,0,0,0,0.18042,0,0,0,0,12.6336,1.600969904,0.008285774,0.000774375,0
7,206,8.978,114.7247756,7257.063934,0.098565,0,0,0,0,0,0,0,0,0,0.273372,1.437091095,0.008285774,0.000774375,0
7,206,8.978,114.7247756,7257.063934,0,0,0,0,0,0,0,0,0,0,0.70503,1.600969904,0.008285774,0.000774375,0
7,206,8.978,114.7247756,7257.063934,0.002139,0,0,0,0.008333,0,0,0,0,0,0,1.753869239,0.008285774,0.000774375,0
7,206,8.978,114.7247756,7257.063934,0.011297,0,0,0.038288,0,0,0.67053,0,0,0,0.151728,62.76023949,0.008285774,0.000774375,0
7,206,8.978,114.7247756,7257.063934,0,0,0,0,0.002868,0,0,0,0,0,3.1278,7.61406159,0.008285774,0.000774375,0
7,206,8.978,114.7247756,7257.063934,0,0,0,0,0,0,0,0,0,0,68.145,8.643285575,0.008285774,0.000774375,0
7,206,8.978,114.7247756,7257.063934,0.011015,0,0,0,0.008333,0,0.13028,0,0,0,0.151728,1.953939646,0.008285774,0.000774375,0
7,206,8.978,114.7247756,7257.063934,0.002382,0,0,0.008333,0,0.95676,0.13028,0,0,0,0.151728,20.03672595,0.008285774,0.000774375,0
7,206,8.978,114.7247756,7257.063934,0.002868,0,0,0,12.308,0.003718,0,0,0,0,7.3257,0.163878809,0.008285774,0.000774375,0
7,206,8.978,114.7247756,7257.063934,0.011297,0,0,0,0.00043,0,14.188,0,0,0,14.8218,3.539348854,0.008285774,0.000774375,0
7,206,8.978,114.7247756,7257.063934,0,0,0,0,3.0251,0,0,0,0,0,0.73911,8.643285575,0.008285774,0.000774375,0
7,206,8.978,114.7247756,7257.063934,0.90611,0,0,0,0,0,0,0,0,0,0.278532,107.1285055,0.008285774,0.000774375,0
7,206,8.978,114.7247756,7257.063934,0,0,0,0,0.01787,0,0,0,0,0,1.31526,0.403800639,0.008285774,0.000774375,0
7,206,8.978,114.7247756,7257.063934,0,0,0,0,0.001493,0,0,0,0,0,16.6719,4.286874454,0.008285774,0.000774375,0
7,206,8.978,114.7247756,7257.063934,0,0,0,0,0,0.38161,0,0,0,0,0,7.61406159,0.008285774,0.000774375,0
7,206,8.978,114.7247756,7257.063934,2.8708,0,0,0,0.022119,0,0,0,0,0,0.293307,0.533114438,0.008285774,0.000774375,0
7,206,8.978,114.7247756,7257.063934,0,0,0,0,0,0,0,0,0,0,0.73911,6.85281809,0.008285774,0.000774375,0
7,206,8.978,114.7247756,7257.063934,0,0,0,0,0,0,0,0,0,0,0,0.533114438,0.008285774,0.000774375,0
7,206,8.978,114.7247756,7257.063934,0,0,0,0.65591,0,0,0,0,0,0,0.151728,1.600969904,0.008285774,0.000774375,0
7,206,8.978,114.7247756,7257.063934,21.068,0,0.006949,8.389,0,0,0,0,0.005239,0,0,8.563989377,0.008285774,0.000774375,0
7,206,8.978,114.7247756,7257.063934,1.7472,0,0,4.8058,0.003821,0,0,0,0,0,18.723,3.37110503,0.008285774,0.000774375,0
7,206,8.978,114.7247756,7257.063934,0,0,0,0,6.78,0.000886,0,0,0,0,39.753,3.27635624,0.008285774,0.000774375,0
7,206,8.978,114.7247756,7257.063934,0.027357,0,0,0,0,0,0,0,0,0,0.151728,1.926287639,0.008285774,0.000774375,0
7,206,8.978,114.7247756,7257.063934,0,0,0,0,0,0,21.515,0,0,0,0.151728,8.153142895,0.008285774,0.000774375,0
7,206,8.978,114.7247756,7257.063934,0,0,0,0,4.8466,2.9165,0,0,0,0,0,1.480602342,0.008285774,0.000774375,0
7,206,8.978,114.7247756,7257.063934,0.0088108,0,0,0,0,0,0,0,0,0,0.151728,6.509873784,0.008285774,0.000774375,0
7,206,8.978,114.7247756,7257.063934,0,0,0,0,0,0,0,0,0,0,0.151728,14.97902997,0.008285774,0.000774375,0
7,206,8.978,114.7247756,7257.063934,0,0,0,0.0086135,0.00524,0,0,0,0,0,0.30174,0.506275725,0.008285774,0.000774375,0
7,206,8.978,114.7247756,7257.063934,1.5561,0,0,0.008333,0,0,0,0,0,0,0.286086,1.629841853,0.008285774,0.000774375,0
7,206,8.978,114.7247756,7257.063934,0.078253,0,0,0,0,0.26686,0,0,0,0,0.151728,10.8444667,0.008285774,0.000774375,0
7,206,8.978,114.7247756,7257.063934,0.011479,0,0,0.008333,0,0,0.60778,0,0,0,27.5562,0.51278208,0.008285774,0.000774375,0
7,206,8.978,114.7247756,7257.063934,0.003416,0,0,0,0.93679,0,0,0,0,0,0,2.473634728,0.008285774,0.000774375,0
7,206,8.978,114.7247756,7257.063934,0,0,0,0,0,0,0,0,0,0,0.204657,0.090682319,0.008285774,0.000774375,0
7,206,8.978,114.7247756,7257.063934,0,0,0,0,0,0,0,0,0,0,0.73911,62.76023949,0.008285774,0.000774375,0
7,206,8.978,114.7247756,7257.063934,0.000739,0,0,2.0429,0,0.0083335,0,0,0,0,25.9959,0.090682319,0.008285774,0.000774375,0
7,206,8.978,114.7247756,7257.063934,0,0,0,0,0.028193,0,0,0,0,0,0,13.58857149,0.008285774,0.000774375,0
7,206,8.978,114.7247756,7257.063934,0.0059107,0,0,0,0,0,0,0,0,0,0.151728,8.643285575,0.008285774,0.000774375,0
7,206,8.978,114.7247756,7257.063934,0.002011,0,0,0,0.013036,0,0,0,0,0,2.10972,0.757177028,0.008285774,0.000774375,0
7,206,8.978,114.7247756,7257.063934,0.008335,0,0,0,0,0,0,0,0,0,0,8.563989377,0.008285774,0.000774375,0
7,206,8.978,114.7247756,7257.063934,0.013408,0,0,0.00524,0,0,0,0,0,0,38.517,1.629841853,0.008285774,0.000774375,0
7,206,8.978,114.7247756,7257.063934,0.17962,0,4.7141,0.12679,0,0,0,0,0,0,0.78174,3.27635624,0.008285774,0.000774375,0
7,206,8.978,114.7247756,7257.063934,0.00524,0,0,0,1.1453,0,0,0,0,0,0.86343,0.506275725,0.008285774,0.000774375,0
7,206,8.978,114.7247756,7257.063934,0.71246,0,0,0,0,0,0,0,0,0,0.151728,1.912461635,0.008285774,0.000774375,0
7,206,8.978,114.7247756,7257.063934,0.008333,0,0,0,5.2021,0,0,0,0,0,0.151728,5.924849251,0.008285774,0.000774375,0
7,206,8.978,114.7247756,7257.063934,0.0067502,0,0,0.14108,0,0,0,0,0,0,0.151728,3.370698383,0.008285774,0.000774375,0
7,206,8.978,114.7247756,7257.063934,0.0031025,0,0,0.0060235,0,0,0,0,0,0,41.634,5.751441887,0.008285774,0.000774375,0
7,206,8.978,114.7247756,7257.063934,0.00021,0,0,0,0,0.78445,0,0,0,0,0,2.282103912,0.008285774,0.000774375,0
7,206,8.978,114.7247756,7257.063934,0.001192,0,0,0,3.7158,0,0,0,0.19057,0,0,0.163878809,0.008285774,0.000774375,0
7,206,8.978,114.7247756,7257.063934,0,0,0,0.000688,0,0.54889,0,0,0,0,0.151728,2.282103912,0.008285774,0.000774375,0
7,206,8.978,114.7247756,7257.063934,0,0,0,0.0021738,0,0,0,0,0,0,0.151728,0.506275725,0.008285774,0.000774375,0
7,206,8.978,114.7247756,7257.063934,0.51613,0,0,0,0,0,0,0,0,0,0.151728,2.742428507,0.008285774,0.000774375,0
7,206,8.978,114.7247756,7257.063934,1.8709,0,0,0.008333,0,0,0,0,0,0,12.8454,1.953939646,0.008285774,0.000774375,0
7,206,8.978,114.7247756,7257.063934,0.005239,0,0,0,0.25607,0,0,0,0,0,0.151728,20.03672595,0.008285774,0.000774375,0
7,206,8.978,114.7247756,7257.063934,1.0344,0,0,0,0,0.30776,0,0,0,0,0.3897,0.308645201,0.008285774,0.000774375,0
7,206,8.978,114.7247756,7257.063934,0,0,0,0,0,0,0,0,0,0,0,2.473634728,0.008285774,0.000774375,0
7,206,8.978,114.7247756,7257.063934,0.006702,0,0,0,0,12.855,0,0,0,0,0,6.85281809,0.008285774,0.000774375,0
7,206,8.978,114.7247756,7257.063934,0,0,0,5.0428,0.16189,0,1.5219,0,0,0,8.3751,1.600969904,0.008285774,0.000774375,0
7,206,8.978,114.7247756,7257.063934,4.3384,0,0,0,0,0,0,0,0,0,24.9618,0.506275725,0.008285774,0.000774375,0
7,206,8.978,114.7247756,7257.063934,0,0,0,0,0,1.3939,0,0,0,0,0.151728,1.912461635,0.008285774,0.000774375,0
7,206,8.978,114.7247756,7257.063934,0.007328,0,0,0,0,0,0,0,0,0,8.9418,3.370698383,0.008285774,0.000774375,0
7,206,8.978,114.7247756,7257.063934,0.4515,0,0,0.007102,0,0,0,0,0,0,0.151728,19.16080795,0.008285774,0.000774375,0
7,206,8.978,114.7247756,7257.063934,0,0,0,0,0.4381,0.008333,0,0,0,0,0.28866,5.721119019,0.008285774,0.000774375,0
7,206,8.978,114.7247756,7257.063934,1.5202,0,0,0,14.692,0,0,0,0,0,0,1.740043236,0.008285774,0.000774375,0
7,206,8.978,114.7247756,7257.063934,0.000172,0,0,0.020575,0,0,0,0,0,0,0,81.9106449,0.008285774,0.000774375,0
7,206,8.978,114.7247756,7257.063934,0.008333,0,0,14.804,0.007102,0,0,0,0,0,1.63956,5.924849251,0.008285774,0.000774375,0
7,206,8.978,114.7247756,7257.063934,0.17962,0,0,0,0,0,0.13028,0,0,0,0.54798,3.37110503,0.008285774,0.000774375,0
7,206,8.978,114.7247756,7257.063934,0.00524,0,0,0,0,0,0,0,0,0,18.723,0.308645201,0.008285774,0.000774375,0
7,206,8.978,114.7247756,7257.063934,0.070781,0,0,0,0,0,0,0,0,0,0.279615,1.437091095,0.008285774,0.000774375,0
7,206,8.978,114.7247756,7257.063934,3.2227,0,0,0,0,0,13.456,0,0,0,0.151728,1.926287639,0.008285774,0.000774375,0
7,206,8.978,114.7247756,7257.063934,0.003416,0,0,0,0.00524,0,0,0,0,0,0.151728,4.286874454,0.008285774,0.000774375,0
7,206,8.978,114.7247756,7257.063934,0.004143,0,0,0,0,0,0,0,0,0,0.151728,1.740043236,0.008285774,0.000774375,0
7,206,8.978,114.7247756,7257.063934,0,0,0,0,0,0,0,0.011688,0,0,0.151728,3.370698383,0.008285774,0.000774375,0
7,206,8.978,114.7247756,7257.063934,0,0,0,0.000078,0.007148,0,23.156,0,0,0,0.151728,0.090682319,0.008285774,0.000774375,0
7,206,8.978,114.7247756,7257.063934,0.017603,0,0,0,2.3147,0,0,0,0,0,38.517,1.480602342,0.008285774,0.000774375,0
7,206,8.978,114.7247756,7257.063934,0.23451,0,0,0,0,0,0.40452,0,0,0,0.151728,8.643285575,0.008285774,0.000774375,0
7,206,8.978,114.7247756,7257.063934,4.8879,0,0,0,0.059735,0,0,0,1.0438,0,1.1697,0.757177028,0.008285774,0.000774375,0
7,206,8.978,114.7247756,7257.063934,0,0,0,0,0.008332,0,0,0,0,0,4.0518,1.912461635,0.008285774,0.000774375,0
7,206,8.978,114.7247756,7257.063934,0.026038,0,0,0.16809,0,0.044975,0,0,0,0,0.151728,1.912461635,0.008285774,0.000774375,0
7,206,8.978,114.7247756,7257.063934,7.9005,0,0,0.14395,0.008333,0,0.67845,0.01181,0,0,1.97832,4.791523591,0.008285774,0.000774375,0
7,206,8.978,114.7247756,7257.063934,6.0739,0,0,44.381,0,0,0,0,0,0,0.151728,0.757177028,0.008285774,0.000774375,0
7,206,8.978,114.7247756,7257.063934,0.047912,0,0,0,0,0,38.932,0,0,0,0.151728,1.437091095,0.008285774,0.000774375,0
7,206,8.978,114.7247756,7257.063934,5.2762,0,0,0,0,0.79321,0,0,0,0,3.5568,27.05073767,0.008285774,0.000774375,0
7,206,8.978,114.7247756,7257.063934,0.002011,0,0,0.029402,0,0,0,0,0,0,0.151728,4.286874454,0.008285774,0.000774375,0
7,206,8.978,114.7247756,7257.063934,0,0,0,0,0,0,18.961,0,0,0,0.286419,2.742428507,0.008285774,0.000774375,0
7,206,8.978,114.7247756,7257.063934,0,0,0,3.8138,0.041022,0,0,0,3.8155,0,0.151728,1.926287639,0.008285774,0.000774375,0
7,206,8.978,114.7247756,7257.063934,0,0,0,0,0,0,0,0,0,0,0.151728,4.791523591,0.008285774,0.000774375,0
7,206,8.978,114.7247756,7257.063934,1.2325,0,0,1.7274,0,0,0,0,0,0,0.151728,107.1285055,0.008285774,0.000774375,0
7,206,8.978,114.7247756,7257.063934,9.5606,0,0,0,0.027077,0,0,0,0,0,1.21974,1.611949377,0.008285774,0.000774375,0
7,206,8.978,114.7247756,7257.063934,4.9504,0,0,0,0.010107,0,0,0,0,0,0,0.51278208,0.008285774,0.000774375,0
7,206,8.978,114.7247756,7257.063934,0.008333,0,0,0.0027505,0,0,0,3.7006,0,0,0,0.163878809,0.008285774,0.000774375,0
7,206,8.978,114.7247756,7257.063934,0,0,0,0.70621,0.63967,0,0,0,0,0,60.207,0.533114438,0.008285774,0.000774375,0
7,206,8.978,114.7247756,7257.063934,0.020418,0,0,0,0.36581,0,0,0,0,0,0.151728,2.473634728,0.008285774,0.000774375,0
7,206,8.978,114.7247756,7257.063934,0,0,0,5.2482,0,0,0,0,0,0,11.0184,3.370698383,0.008285774,0.000774375,0
7,206,8.978,114.7247756,7257.063934,0,0,0,0,0.0041885,0,0,0,0,0,0,6.438851272,0.008285774,0.000774375,0
7,206,8.978,114.7247756,7257.063934,0.16583,0,0,0.014206,51.372,0,0,0,0,0,0,27.05073767,0.008285774,0.000774375,0
7,206,8.978,114.7247756,7257.063934,3.9799,0,0,4.1588,6.5443,0,0,0,0,0,0.151728,7.61406159,0.008285774,0.000774375,0
7,206,8.978,114.7247756,7257.063934,0,0,0.81835,0,0.007148,0.001185,0,0,0,0,3.2364,2.626534064,0.008285774,0.000774375,0
7,206,8.978,114.7247756,7257.063934,0.18244,0,0,0,8.8857,0,0.13028,0,0,0,5.2875,5.291902932,0.008285774,0.000774375,0
7,206,8.978,114.7247756,7257.063934,0.76883,0,0,0,0.021906,0,0,0,0,0,1.64742,0.496109546,0.008285774,0.000774375,0
7,206,8.978,114.7247756,7257.063934,0,0,0,0,0.0085875,0,0,0,0,0,8.1576,9.094257285,0.008285774,0.000774375,0
7,206,8.978,114.7247756,7257.063934,0,0,0,0,20.653,0,0,0,0,0,4.2768,2.282103912,0.008285774,0.000774375,0
7,206,8.978,114.7247756,7257.063934,0.007148,0,0,0.008333,0.029406,0,0,0,0,0,7.8042,5.924849251,0.008285774,0.000774375,0
7,206,8.978,114.7247756,7257.063934,0.007221,0,0,0.42984,0.003468,1.9943,0,0,0,0,7.2111,0.757177028,0.008285774,0.000774375,0
7,206,8.978,114.7247756,7257.063934,0.01048,0,0,0,0,0,0,0,0,0,0.31098,7.61406159,0.008285774,0.000774375,0
7,206,8.978,114.7247756,7257.063934,0,0,0,0,2.8821,0,0,0,0,0,0.70764,3.27635624,0.008285774,0.000774375,0
7,206,8.978,114.7247756,7257.063934,0.000376,0,0,0.040274,0.074576,0,0,0,0,0,18.819,6.438851272,0.008285774,0.000774375,0
7,206,8.978,114.7247756,7257.063934,0,0,0,1.8563,0.008332,0,0.13028,0,0,0,0,9.094257285,0.008285774,0.000774375,0
7,206,8.978,114.7247756,7257.063934,74.841,0,0,0,0.008333,0,0,0,0,0,0,2.473634728,0.008285774,0.000774375,0
7,206,8.978,114.7247756,7257.063934,0,0,0,0,0,0,0,0,0,0,6.8079,0.308645201,0.008285774,0.000774375,0
7,206,8.978,114.7247756,7257.063934,45.509,0,0,0,2.0594,0.77921,0,0,0,0,0.151728,62.76023949,0.008285774,0.000774375,0
7,206,8.978,114.7247756,7257.063934,0.014901,0,0,0,1.1866,0,0,0,0,0,0.151728,3.933904712,0.008285774,0.000774375,0
7,206,8.978,114.7247756,7257.063934,0.51774,0,0,0,1.0171,0,0,0,0,0,0,0.308645201,0.008285774,0.000774375,0
7,206,8.978,114.7247756,7257.063934,0.0068531,0,0.022682,0,2.1767,0,0,0,0,0,3.1278,13.20935554,0.008285774,0.000774375,0
7,206,8.978,114.7247756,7257.063934,0.00524,0,0,0,0,0,0,0,0,0,1.72038,1.082901411,0.008285774,0.000774375,0
7,206,8.978,114.7247756,7257.063934,7.1589,0,0,0,0,0,0,0,0,0,50.673,3.27635624,0.008285774,0.000774375,0
7,206,8.978,114.7247756,7257.063934,0.29343,0,0,0.008333,0,0,0,0,0,0,0,0.506275725,0.008285774,0.000774375,0
7,206,8.978,114.7247756,7257.063934,0,0,27.253,0,0,0,0,0,0,0,0,5.924849251,0.008285774,0.000774375,0
7,206,8.978,114.7247756,7257.063934,0.035255,0,0.00062,0.019748,0,0,0,0,0,0,0.151728,0.403800639,0.008285774,0.000774375,0
7,206,8.978,114.7247756,7257.063934,0.007221,0,0,6.4627,0.31016,0,0.841,0,0,0,34.872,1.753869239,0.008285774,0.000774375,0
7,206,8.978,114.7247756,7257.063934,0.041249,0,0,0,0.011527,1.1314,0.13028,0,0,0,0,3.370698383,0.008285774,0.000774375,0
7,206,8.978,114.7247756,7257.063934,0.002139,0,0,0,0.27367,0,0,0,0,0,107.403,0.757177028,0.008285774,0.000774375,0
7,206,8.978,114.7247756,7257.063934,0.0067502,0,0,0.80704,0,0,0,0,0,0,0.87174,1.788434249,0.008285774,0.000774375,0
7,206,8.978,114.7247756,7257.063934,0.71246,0,0,1.1486,0.37101,0.00097,0,0,0,0,0.27711,81.9106449,0.008285774,0.000774375,0
7,206,8.978,114.7247756,7257.063934,0,0,0,0.9504,0.25607,0,0,0,0,0,0.151728,7.61406159,0.008285774,0.000774375,0
7,206,8.978,114.7247756,7257.063934,0,0,0,0,0,0,0,0,0,0,28.113,5.721119019,0.008285774,0.000774375,0
7,206,8.978,114.7247756,7257.063934,6.8272,0,0,0,0,2.9165,0,0,0,0,0.151728,4.748825638,0.008285774,0.000774375,0
7,206,8.978,114.7247756,7257.063934,0,0,0,0.00247,0,0,0,0,0,0,1.98174,1.912461635,0.008285774,0.000774375,0
7,206,8.978,114.7247756,7257.063934,0,0,0,0,5.2021,0,0,0,0,0,0.151728,8.563989377,0.008285774,0.000774375,0
7,206,8.978,114.7247756,7257.063934,0.16583,0,0,0.013606,0,0,0,0,0,0,0.151728,3.37110503,0.008285774,0.000774375,0
7,206,8.978,114.7247756,7257.063934,0,0,0,0,0,0,0,0,0,0,0.151728,1.458846718,0.008285774,0.000774375,0
7,206,8.978,114.7247756,7257.063934,0.007328,0,6.6835,0,0.33405,0,0,0,0,0,0.151728,1.912461635,0.008285774,0.000774375,0
7,206,8.978,114.7247756,7257.063934,0,0,0,1.0205,3.2358,6.9496,0,0,0,0,0.73911,6.438851272,0.008285774,0.000774375,0
7,206,8.978,114.7247756,7257.063934,0.001309,0,0,0,0.25503,0,0,0,0,0,0.151728,8.563989377,0.008285774,0.000774375,0
7,206,8.978,114.7247756,7257.063934,0,0,0,0.73108,0.52975,0.41253,30.977,0,0,0,0,1.629841853,0.008285774,0.000774375,0
7,206,8.978,114.7247756,7257.063934,0.00524,0,0,0,0,0,0,0,0,0,1.70622,2.550491043,0.008285774,0.000774375,0
7,206,8.978,114.7247756,7257.063934,0.00524,0,0.0063895,0,0.008333,0,0,0,0,0,0.151728,2.626534064,0.008285774,0.000774375,0
7,206,8.978,114.7247756,7257.063934,1.8709,0,0,0,0.000739,0,0,0,0,0,0,1.912461635,0.008285774,0.000774375,0
7,206,8.978,114.7247756,7257.063934,0.015333,0,0,12.981,0,0,0,0,0,0,0.151728,1.600969904,0.008285774,0.000774375,0
7,206,8.978,114.7247756,7257.063934,0.008333,0,0,0.01391,0,0,0,0,0,0,61.47,3.294248715,0.008285774,0.000774375,0
7,206,8.978,114.7247756,7257.063934,0.00524,0,0,0,0.00043,0,0,0,0,0,0.151728,0.090682319,0.008285774,0.000774375,0
7,206,8.978,114.7247756,7257.063934,0,0,0,0,0,0.77921,0.67053,0,0,0,0,0.533114438,0.008285774,0.000774375,0
7,206,8.978,114.7247756,7257.063934,0.0056959,0,0,8.5618,0,0,20.982,0,0,0,6.5418,2.282103912,0.008285774,0.000774375,0
7,206,8.978,114.7247756,7257.063934,0.40788,0,0,0,26.765,0,0,0,0,0,0.151728,0.403800639,0.008285774,0.000774375,0
7,206,8.978,114.7247756,7257.063934,0.00524,0,0,4.2796,4.1692,0,0,0,0,0,0.151728,7.432290306,0.008285774,0.000774375,0
7,206,8.978,114.7247756,7257.063934,0,0,0,0,0,0,0.13028,0,0,0,0,4.791523591,0.008285774,0.000774375,0
7,206,8.978,114.7247756,7257.063934,9.5606,0,0,0.003346,1.8824,0,0,0,0,0,0,1.926287639,0.008285774,0.000774375,0
7,206,8.978,114.7247756,7257.063934,0,0,0,0.009064,0,0,0,0,0,0,19.4277,7.61406159,0.008285774,0.000774375,0
7,206,8.978,114.7247756,7257.063934,36.945,0,0,0,0,3.738,0,0,0,0,0,0.308645201,0.008285774,0.000774375,0
7,206,8.978,114.7247756,7257.063934,0,0,0,0,0,0,0,0,0,0,1.17966,38.6168241,0.008285774,0.000774375,0
7,206,8.978,114.7247756,7257.063934,0.023786,0,0,0,0.00833,0,5.3904,0,0,0,0,0.090682319,0.008285774,0.000774375,0
7,206,8.978,114.7247756,7257.063934,0,0,0,0.008321,0,0,0.42744,0,0,0,0,3.66575417,0.008285774,0.000774375,0
7,206,8.978,114.7247756,7257.063934,0,0,0,0,7.544,0,0,0,0,0,0.288579,1.611949377,0.008285774,0.000774375,0
7,206,8.978,114.7247756,7257.063934,2.5147,0,0,0,11.928,0,0.42744,0,0,0,5.4765,3.933904712,0.008285774,0.000774375,0
7,206,8.978,114.7247756,7257.063934,0.001669,0,49.422,0.005239,0,0,0,0,0,0,0,3.50611189,0.008285774,0.000774375,0
7,206,8.978,114.7247756,7257.063934,0,0,0,0,0,0,0,0,0,0,0,5.924849251,0.008285774,0.000774375,0
7,206,8.978,114.7247756,7257.063934,0.008333,0,0,3.0263,0.17886,0,0,0,0,0,2.39871,0.757177028,0.008285774,0.000774375,0
7,206,8.978,114.7247756,7257.063934,0,0,0,0.12679,0,0,0,0,0,0,7.1259,83.74352198,0.008285774,0.000774375,0
7,206,8.978,114.7247756,7257.063934,0,0,0,0.00524,0,0,0,0,0,0,1.47252,2.473634728,0.008285774,0.000774375,0
7,206,8.978,114.7247756,7257.063934,0.3628,0,0,0,5.7051,0,54.329,0,0,0,7.6407,1.953939646,0.008285774,0.000774375,0
7,206,8.978,114.7247756,7257.063934,0.01367,0,3.0958,0,8.688,0,0,0,0,0,0,4.862686845,0.008285774,0.000774375,0
7,206,8.978,114.7247756,7257.063934,0.011527,0,0,0,0.1667,0,0,0,0,0,17.1858,5.721119019,0.008285774,0.000774375,0
7,206,8.978,114.7247756,7257.063934,0,0,0,0,0.007148,0,0.059897,0,0,0,0.278529,5.721119019,0.008285774,0.000774375,0
7,206,8.978,114.7247756,7257.063934,0,0,0,0.008333,0,0,0,0,0,0,1.41975,1.926287639,0.008285774,0.000774375,0
7,206,8.978,114.7247756,7257.063934,0,0,0,0,1.1453,0,0,0,0,0,23.5818,4.862686845,0.008285774,0.000774375,0
7,206,8.978,114.7247756,7257.063934,11.135,0,0,0,0,13.897,0.60778,0,0,0,0.151728,3.37110503,0.008285774,0.000774375,0
7,206,8.978,114.7247756,7257.063934,0.08383,0,0,0.002741,0.008333,0,0,0,0,0,0.151728,2.626534064,0.008285774,0.000774375,0
7,206,8.978,114.7247756,7257.063934,0.14827,0,0,0,0,0,31.748,0,0,0,0,19.16080795,0.008285774,0.000774375,0
7,206,8.978,114.7247756,7257.063934,9.146,0,0,0,0,0,0,0,0,0,0,0.533114438,0.008285774,0.000774375,0
7,206,8.978,114.7247756,7257.063934,0,0,0,0.79273,5.0207,0,46.36,0,0,0,0,1.953939646,0.008285774,0.000774375,0
7,206,8.978,114.7247756,7257.063934,0,0,0,0,0,0,0,0,0,0,0,0.757177028,0.008285774,0.000774375,0
7,206,8.978,114.7247756,7257.063934,0.0067502,0,0,0.008333,0.50221,0,0,0,0,0,0,6.509873784,0.008285774,0.000774375,0
7,206,8.978,114.7247756,7257.063934,0,0,0,0,0,0,0,0,0,0,0.34434,6.438851272,0.008285774,0.000774375,0
7,206,8.978,114.7247756,7257.063934,15.758,0,0,0.094899,0,13.237,0,0,0,0,0.151728,4.286874454,0.008285774,0.000774375,0
7,206,8.978,114.7247756,7257.063934,0,0,0,0,0.062887,0,0,0,0,0,0,41.65055169,0.008285774,0.000774375,0
7,206,8.978,114.7247756,7257.063934,0.016858,0,0,4.2796,0,0,0,0,0,0,0.53757,0.677067536,0.008285774,0.000774375,0
7,206,8.978,114.7247756,7257.063934,0.0059107,0,0,0.013421,0,0,0,0,0,0,0,0.496109546,0.008285774,0.000774375,0
7,206,8.978,114.7247756,7257.063934,0,0,0.012832,0,0.003346,0,3.4784,0,0,0,17.3718,1.611949377,0.008285774,0.000774375,0
7,206,8.978,114.7247756,7257.063934,0.00524,0,1.8928,1.8563,0,0,0,0,0,0,0,13.20935554,0.008285774,0.000774375,0
7,206,8.978,114.7247756,7257.063934,0,0,0,0,0.013746,0,0,0,0,0,0.151728,0.403800639,0.008285774,0.000774375,0
7,206,8.978,114.7247756,7257.063934,1.385,0,0,0,0.00036,0,0,0,0,0,0.151728,2.684481285,0.008285774,0.000774375,0
7,206,8.978,114.7247756,7257.063934,0,0,0,0,0,0,0,0,9.462,0,0.151728,7.432290306,0.008285774,0.000774375,0
7,206,8.978,114.7247756,7257.063934,0.16583,0,0,0,0,0,0,0,0,0,0,4.044970118,0.008285774,0.000774375,0
7,206,8.978,114.7247756,7257.063934,0.87352,0,0,0.0084875,9.0733,0,0,0,0,0,0.151728,10.8444667,0.008285774,0.000774375,0
7,206,8.978,114.7247756,7257.063934,0,0,0,0.0021738,20.056,0,0,0,0,0,0,1.740043236,0.008285774,0.000774375,0
7,206,8.978,114.7247756,7257.063934,0.008333,0,0,0.00036,2.006,0,0,0,0,0,30.786,1.437091095,0.008285774,0.000774375,0
7,206,8.978,114.7247756,7257.063934,0.007221,0,0,0,2.1344,0,0,0,0,0,1.21974,1.082901411,0.008285774,0.000774375,0
7,206,8.978,114.7247756,7257.063934,0,0,0,0.3794,0,0,0,0,0,0,28.1349,0.506275725,0.008285774,0.000774375,0
7,206,8.978,114.7247756,7257.063934,0.015333,0,0,0.003346,0,0,0,0,0,0,1.62048,2.742428507,0.008285774,0.000774375,0
7,206,8.978,114.7247756,7257.063934,0,0,0,0,3.9118,0,0,0,0,0,0,3.539348854,0.008285774,0.000774375,0
7,206,8.978,114.7247756,7257.063934,0.010338,0,0,0.21079,0,0,0,0,0,0,0.78174,9.094257285,0.008285774,0.000774375,0
7,206,8.978,114.7247756,7257.063934,0.026038,0,0.81835,1.1486,0.007148,0,0,0,0,0,0.151728,107.1285055,0.008285774,0.000774375,0
7,206,8.978,114.7247756,7257.063934,0.00322,0,0.001669,0.0021738,0,0,0,0,0,0,29.4918,6.85281809,0.008285774,0.000774375,0
7,206,8.978,114.7247756,7257.063934,0.000063,0,0,0.01377,0,0,0,0,0,0,0.151728,1.753869239,0.008285774,0.000774375,0
7,206,8.978,114.7247756,7257.063934,0,0,0,0,0,0.0024365,0,0,0,0,0.151728,10.8444667,0.008285774,0.000774375,0
7,206,8.978,114.7247756,7257.063934,0.00644,0,0,0,0,0,0.008333,0,0,0,0.45174,38.6168241,0.008285774,0.000774375,0
7,206,8.978,114.7247756,7257.063934,0.008333,0,0,0.000063,0.0059348,0,0,0,0,0,0.27711,4.748825638,0.008285774,0.000774375,0
7,206,8.978,114.7247756,7257.063934,0,0,0,0,0,0,0,0,0,0,28.0509,1.953939646,0.008285774,0.000774375,0
7,206,8.978,114.7247756,7257.063934,0,0,0,0,1.7249,0,0,0,0,0,1.64742,7.61406159,0.008285774,0.000774375,0
7,206,8.978,114.7247756,7257.063934,0,0,0,0,0,0,0.74966,0,0,0,15.7923,0.51278208,0.008285774,0.000774375,0
7,206,8.978,114.7247756,7257.063934,0.00524,0,0,0,0,0,0,0,0,0,0.151728,3.933904712,0.008285774,0.000774375,0
7,206,8.978,114.7247756,7257.063934,0.16583,0,0,0,0,0.008333,0,0,0,0,0,20.03672595,0.008285774,0.000774375,0
7,206,8.978,114.7247756,7257.063934,4.119,0,0.002868,0.047701,0,0,0,0,0,0,0,4.791523591,0.008285774,0.000774375,0
7,206,8.978,114.7247756,7257.063934,0.08029,0,0,0,0.00644,0.79321,0,0,0,0,22.6218,4.748825638,0.008285774,0.000774375,0
7,206,8.978,114.7247756,7257.063934,0,0,0,21.886,0.52975,0,0,0,0,0,2.60853,1.437091095,0.008285774,0.000774375,0
7,206,8.978,114.7247756,7257.063934,0.93731,0,0,2.9167,0.05414,0.78033,0,0,0,0,0.151728,83.74352198,0.008285774,0.000774375,0
7,206,8.978,114.7247756,7257.063934,0,0,0,0,0,0,0,0,0,0,9.4383,83.74352198,0.008285774,0.000774375,0
7,206,8.978,114.7247756,7257.063934,63.495,0,0,0,0.005239,0,0.002308,0,0,0,3.4872,19.16080795,0.008285774,0.000774375,0
7,206,8.978,114.7247756,7257.063934,6.4349,0,0,0.013455,0.10502,0,0,0,0,0,0.279615,0.757177028,0.008285774,0.000774375,0
7,206,8.978,114.7247756,7257.063934,0.00387,0,0,0,0.42442,0,0,0,0,0,34.746,0.757177028,0.008285774,0.000774375,0
7,206,8.978,114.7247756,7257.063934,0.0064565,0,0,0,1.2845,0,0,0,0,0,0,5.721119019,0.008285774,0.000774375,0
7,206,8.978,114.7247756,7257.063934,0.023705,0,0,0,0,0,0,0,0,0,0.151728,3.66575417,0.008285774,0.000774375,0
7,206,8.978,114.7247756,7257.063934,0.71313,0,0,0,0,0,0,0,0,0,24.5118,3.370698383,0.008285774,0.000774375,0
7,206,8.978,114.7247756,7257.063934,0,0,0,0,58.159,9.7428,0,0,0,0,0,1.437091095,0.008285774,0.000774375,0
7,206,8.978,114.7247756,7257.063934,0.048638,0,0,0,0,0,0,0,0,0,0.151728,8.643285575,0.008285774,0.000774375,0
7,206,8.978,114.7247756,7257.063934,0,0,0,77.417,0,0,0.10863,0,0,0,0,1.600969904,0.008285774,0.000774375,0
7,206,8.978,114.7247756,7257.063934,0.00014,0,0,2.3519,0,0,20.151,0,0,0,10.6818,4.748825638,0.008285774,0.000774375,0
7,206,8.978,114.7247756,7257.063934,0.00644,0,0,0,0,0,0,0,0,0,4.5198,8.563989377,0.008285774,0.000774375,0
7,206,8.978,114.7247756,7257.063934,0,0,0,0,0,0,0,0,0,0,0.151728,1.753869239,0.008285774,0.000774375,0
7,206,8.978,114.7247756,7257.063934,0.005239,0,0,0,0,0,0,0,0,0,13.3746,3.294248715,0.008285774,0.000774375,0
7,206,8.978,114.7247756,7257.063934,0,0,0,0,0,0,0,0,0,0,1.38174,0.308645201,0.008285774,0.000774375,0
7,206,8.978,114.7247756,7257.063934,0.00524,0,0,14.804,0,0,0,0,0,0,0.278529,8.563989377,0.008285774,0.000774375,0
7,206,8.978,114.7247756,7257.063934,0.00524,0,0,0,0,0.008335,0,0,0,0,10.6335,3.933904712,0.008285774,0.000774375,0
7,206,8.978,114.7247756,7257.063934,0,0,0,0,0,0,0,0.081842,0,0,22.617,38.6168241,0.008285774,0.000774375,0
7,206,8.978,114.7247756,7257.063934,0,0,1.2266,13.409,6.4522,0,0,0,0,0,41.715,4.748825638,0.008285774,0.000774375,0
7,206,8.978,114.7247756,7257.063934,0.007835,0,0,0,0,0,0,0,0,0,0,7.432290306,0.008285774,0.000774375,0
7,206,8.978,114.7247756,7257.063934,0.0067817,0,0,0,0.000124,0,0,0,0,0,2.41287,7.432290306,0.008285774,0.000774375,0
7,206,8.978,114.7247756,7257.063934,0.015379,0,0,0.008333,0.00833,0,0,0,0,0,0.151728,1.953939646,0.008285774,0.000774375,0
7,206,8.978,114.7247756,7257.063934,0,0,0,3.2487,0,0,0,0,0,0,17.1858,0.533114438,0.008285774,0.000774375,0
7,206,8.978,114.7247756,7257.063934,2.1571,0,0,0,0.00062,0,0,0,0,0,0.151728,8.563989377,0.008285774,0.000774375,0
7,206,8.978,114.7247756,7257.063934,0.000251,0,0,0,0,0,0,0,0,0,1.65174,5.924849251,0.008285774,0.000774375,0
7,206,8.978,114.7247756,7257.063934,9.7427,0,0,0,0,0,0,0,0,0,0,1.912461635,0.008285774,0.000774375,0
7,206,8.978,114.7247756,7257.063934,1.8905,0,0,0,0,0,0,0,0,0,60.207,3.27635624,0.008285774,0.000774375,0
7,206,8.978,114.7247756,7257.063934,1.2548,0,0,1.4572,0.002031,0,0,0,0,0,5.0406,4.286874454,0.008285774,0.000774375,0
7,206,8.978,114.7247756,7257.063934,6.8591,0,0,0,2.0594,0,0,0,0,0,0.37014,2.473634728,0.008285774,0.000774375,0
7,206,8.978,114.7247756,7257.063934,0.00036,0,0,0,9.8934,0,0,0,0,0,3.4872,4.286874454,0.008285774,0.000774375,0
7,206,8.978,114.7247756,7257.063934,0,0,0,0,0.3855,0,0,0,0,0,66.645,7.61406159,0.008285774,0.000774375,0
7,206,8.978,114.7247756,7257.063934,0.22048,0,0,51.422,0.65463,0,0,0,0,0,0.151728,57.83043216,0.008285774,0.000774375,0
7,206,8.978,114.7247756,7257.063934,0,0,0,0,0,0.38161,0,0,0,0,1.1697,0.163878809,0.008285774,0.000774375,0
7,206,8.978,114.7247756,7257.063934,0.014901,0,0,8.1583,0,0,0,0,0,0,12.8901,0.506275725,0.008285774,0.000774375,0
7,206,8.978,114.7247756,7257.063934,0.047912,0,0.77195,0.000251,0,0,0,0,0,0,0,3.370698383,0.008285774,0.000774375,0
7,206,8.978,114.7247756,7257.063934,0.5002,0,0,0,1.3024,0,0,0,0,0,0.151728,1.611949377,0.008285774,0.000774375,0
7,206,8.978,114.7247756,7257.063934,0.067102,0,0,0.01377,0,0,0,0,0,0,0.278529,1.082901411,0.008285774,0.000774375,0
7,206,8.978,114.7247756,7257.063934,0.005239,0,0,0,0,0,0,0,0,0,2.52933,3.332473549,0.008285774,0.000774375,0
7,206,8.978,114.7247756,7257.063934,0,0,0,5.6081,0.097858,0,0,0,0,0,6.102,2.473634728,0.008285774,0.000774375,0
7,206,8.978,114.7247756,7257.063934,0.005372,0,0,1.5881,0,0,0,0,0,0,0,5.721119019,0.008285774,0.000774375,0
7,206,8.978,114.7247756,7257.063934,0,0,0,0,0,0,26.543,0,0,0,0.151728,0.090682319,0.008285774,0.000774375,0
7,206,8.978,114.7247756,7257.063934,5.8431,0,0,0.008333,0.000063,0,0,0,0,0,1.74174,3.37110503,0.008285774,0.000774375,0
7,206,8.978,114.7247756,7257.063934,52.722,0,0,0,0.00524,0,0,0,0,0,0,3.294248715,0.008285774,0.000774375,0
7,206,8.978,114.7247756,7257.063934,0.008333,0,0.31971,10.744,0,0,0,0,0,0,0,9.094257285,0.008285774,0.000774375,0
7,206,8.978,114.7247756,7257.063934,0.70554,0,0,0,0,0,0,6.2151,0,0,6.4536,3.66575417,0.008285774,0.000774375,0
7,206,8.978,114.7247756,7257.063934,0.0088108,0,0.1054,0,1.0363,0.56087,0,0,0,0,27.6384,4.862686845,0.008285774,0.000774375,0
7,206,8.978,114.7247756,7257.063934,0,0,0,11.876,24.77,0,0,0,0,0,0,27.05073767,0.008285774,0.000774375,0
7,206,8.978,114.7247756,7257.063934,0,0,0,0,0,0,0,0,0,0,11.9625,7.61406159,0.008285774,0.000774375,0
7,206,8.978,114.7247756,7257.063934,0,0,0,0,0.027174,0,0,0,0,0,1.17966,1.437091095,0.008285774,0.000774375,0
7,206,8.978,114.7247756,7257.063934,0,0,0,0.077265,0,0,0,0,0,0,0.151728,1.600969904,0.008285774,0.000774375,0
7,206,8.978,114.7247756,7257.063934,0,0,0,7.0709,0,0,0,0,0,0,4.9119,7.432290306,0.008285774,0.000774375,0
7,206,8.978,114.7247756,7257.063934,0.29343,0,0,2.1757,11.928,0,0,0,0,0,5.787,3.539348854,0.008285774,0.000774375,0
7,206,8.978,114.7247756,7257.063934,0,0,0,0.002868,0,0.63853,0,0,0,0,0.151728,3.294248715,0.008285774,0.000774375,0
7,206,8.978,114.7247756,7257.063934,0.90611,0,0,0,0,0,0,0.018439,0,0,0,1.629841853,0.008285774,0.000774375,0
7,206,8.978,114.7247756,7257.063934,0.63883,0,0,0,0,0,0,0,0,0,0.151728,0.51278208,0.008285774,0.000774375,0
7,206,8.978,114.7247756,7257.063934,0,0,0,0,0.018282,0,0,0,0,0,1.17966,1.600969904,0.008285774,0.000774375,0
7,206,8.978,114.7247756,7257.063934,0,0,0,0.088496,0.074576,0,0,0,0,0,6.561,2.282103912,0.008285774,0.000774375,0
7,206,8.978,114.7247756,7257.063934,0.00043,0,0,0,0.007148,0.069446,0,0,0,0,0,3.66575417,0.008285774,0.000774375,0
7,206,8.978,114.7247756,7257.063934,0.008335,0,0.016493,0.00524,10.361,0,0,0,0,0,0.151728,2.550491043,0.008285774,0.000774375,0
7,206,8.978,114.7247756,7257.063934,0.007697,0,0,0,0.008333,0,0,0,0,0,0.151728,4.862686845,0.008285774,0.000774375,0
7,206,8.978,114.7247756,7257.063934,0,0,0,0,0,0,15.249,0,0,0,0.151728,0.496109546,0.008285774,0.000774375,0
7,206,8.978,114.7247756,7257.063934,0,0,0,0,0,0,0,0,0,0,0.151728,5.924849251,0.008285774,0.000774375,0
7,206,8.978,114.7247756,7257.063934,0,0,0,0,0,0,0,0,0,0,0,6.438851272,0.008285774,0.000774375,0
7,206,8.978,114.7247756,7257.063934,0.003539,0,0,0,0,0,0,0,0,0,0.151728,0.51278208,0.008285774,0.000774375,0
7,206,8.978,114.7247756,7257.063934,0,0,0,0,0,0,0.59876,0,0,0,5.4765,4.748825638,0.008285774,0.000774375,0
7,206,8.978,114.7247756,7257.063934,0.00524,0,0,0,0,0,0,0,0,0,0,83.74352198,0.008285774,0.000774375,0
7,206,8.978,114.7247756,7257.063934,0.005239,0,0,0.014043,0.90312,0.00007,0,0,0,0,6.5418,1.788434249,0.008285774,0.000774375,0
7,206,8.978,114.7247756,7257.063934,0.013404,0,0,0,0,0,0,0,0,0,0.151728,19.16080795,0.008285774,0.000774375,0
7,206,8.978,114.7247756,7257.063934,0.90611,0,0,0,0,0,0.67845,0,0,0,0.151728,3.370698383,0.008285774,0.000774375,0
7,206,8.978,114.7247756,7257.063934,0.008333,0,0,0.010986,0.011841,0,0,0,0,0,0,0.163878809,0.008285774,0.000774375,0
7,206,8.978,114.7247756,7257.063934,0.4515,0,0,0,0,0,0,0,0,0,1.97832,1.912461635,0.008285774,0.000774375,0
7,206,8.978,114.7247756,7257.063934,0.006702,0,0,0,0.012452,0,0,0,0,0,0.151728,34.6982593,0.008285774,0.000774375,0
7,206,8.978,114.7247756,7257.063934,9.146,0,0,0,0,0.043533,0,0,0,0,0,1.437091095,0.008285774,0.000774375,0
7,206,8.978,114.7247756,7257.063934,0.011297,0,0.052268,0,0,7.2949,0,0,0,0,11.6058,41.65055169,0.008285774,0.000774375,0
7,206,8.978,114.7247756,7257.063934,0,0,0,0.0043235,0.014719,0,0.093171,0,0,0,0.99864,3.37110503,0.008285774,0.000774375,0
7,206,8.978,114.7247756,7257.063934,0,0,0,0,0,0,0,0,0,0,0,4.748825638,0.008285774,0.000774375,0
7,206,8.978,114.7247756,7257.063934,0,0,0,0.00524,0.008333,0,0,0,0,0,0,14.97902997,0.008285774,0.000774375,0
7,206,8.978,114.7247756,7257.063934,0,0,0,2.4172,0.42442,0,0,0,0,0,29.7018,7.432290306,0.008285774,0.000774375,0
7,206,8.978,114.7247756,7257.063934,0,0,0,0,0,6.5672,13.556,0,0,0,0,38.6168241,0.008285774,0.000774375,0
7,206,8.978,114.7247756,7257.063934,0.67499,0,0,0.21079,0,0,0,0,0,0,0.151728,3.539348854,0.008285774,0.000774375,0
7,206,8.978,114.7247756,7257.063934,0.071675,0,0,0,0,0,0,0,0,0,0.151728,0.403800639,0.008285774,0.000774375,0
7,206,8.978,114.7247756,7257.063934,0,0,0,0,8.0698,0,0,0,0,0,0,2.742428507,0.008285774,0.000774375,0
7,206,8.978,114.7247756,7257.063934,0.008333,0,0,0,0.018282,0,0.67845,0,0,0,68.145,7.61406159,0.008285774,0.000774375,0
7,206,8.978,114.7247756,7257.063934,1.4804,0,0,0.008336,0,0,0,0,0,0,0,96.95287753,0.008285774,0.000774375,0
7,206,8.978,114.7247756,7257.063934,0.0072895,0,0,0,0.008333,0,0,0,0,0,61.47,9.094257285,0.008285774,0.000774375,0
7,206,8.978,114.7247756,7257.063934,0.67499,0,0,0,2.8291,0,0,0,0,0,0,3.933904712,0.008285774,0.000774375,0
7,206,8.978,114.7247756,7257.063934,0.15712,0,0,0.001669,0.005239,0,0,0,0,0,0,0.308645201,0.008285774,0.000774375,0
7,206,8.978,114.7247756,7257.063934,0.002031,0,0,0.34605,0,0,0,0,0,0,0,0.090682319,0.008285774,0.000774375,0
7,206,8.978,114.7247756,7257.063934,0,0,0,0,3.0408,0,0,0,0,0,0.151728,5.924849251,0.008285774,0.000774375,0
7,206,8.978,114.7247756,7257.063934,0.007697,0,0,0,2.9298,0,0,0,0,0,0.151728,3.294248715,0.008285774,0.000774375,0
7,206,8.978,114.7247756,7257.063934,13.595,0,0,7.0709,1.3024,0,0,0,0,0,22.8018,2.742428507,0.008285774,0.000774375,0
7,206,8.978,114.7247756,7257.063934,11.135,0,0,0,0,0,0,0,0,0,0.151728,3.933904712,0.008285774,0.000774375,0
7,206,8.978,114.7247756,7257.063934,36.945,0,0,0.016337,0,0.089117,0,0,0,0,0,7.432290306,0.008285774,0.000774375,0
7,206,8.978,114.7247756,7257.063934,2.6123,0,0,0,0.050892,0,0,0,0,0,0.151728,4.044970118,0.008285774,0.000774375,0
7,206,8.978,114.7247756,7257.063934,0.18449,0,0,0,0.007102,0,0,0,0,0,0,0.496109546,0.008285774,0.000774375,0
7,206,8.978,114.7247756,7257.063934,0.005239,0,0,0,0.52251,0,0,0,0,0,0.151728,0.51278208,0.008285774,0.000774375,0
7,206,8.978,114.7247756,7257.063934,0.008333,0,0,0,0,0,0,0,0,0,0,62.76023949,0.008285774,0.000774375,0
7,206,8.978,114.7247756,7257.063934,0.008333,0,0,0,0,0,0,0,0,0,0,4.748825638,0.008285774,0.000774375,0
7,206,8.978,114.7247756,7257.063934,0.005239,0,23.302,13.409,0.046926,0,0,0,0,0,0.35643,1.480602342,0.008285774,0.000774375,0
7,206,8.978,114.7247756,7257.063934,0.00644,0,0,0.00524,0,0.000491,0,0,0,0,8.7918,3.27635624,0.008285774,0.000774375,0
7,206,8.978,114.7247756,7257.063934,0,0,0,0,0.008333,0,0.13028,0,0,0,17.1858,0.496109546,0.008285774,0.000774375,0
7,206,8.978,114.7247756,7257.063934,0,0,0,0,0.0088426,0,20.151,0,0,0,0.151728,0.403800639,0.008285774,0.000774375,0
7,206,8.978,114.7247756,7257.063934,0.15204,0,0,0.02762,6.9699,0,0.13028,0,0,0,0,0.403800639,0.008285774,0.000774375,0
7,206,8.978,114.7247756,7257.063934,0,0,0,0,0.003538,0,0,0,0,0,2.96682,41.65055169,0.008285774,0.000774375,0
7,206,8.978,114.7247756,7257.063934,1.8115,0,0,7.0709,0,0,0,0,0,0,0.151728,0.51278208,0.008285774,0.000774375,0
7,206,8.978,114.7247756,7257.063934,1.0344,0,0,0.013455,0.028193,0,0,0,0,0,0,2.626534064,0.008285774,0.000774375,0
7,206,8.978,114.7247756,7257.063934,6.4349,0,0,0,0,0,0,0,0,0,0.77829,10.8444667,0.008285774,0.000774375,0
7,206,8.978,114.7247756,7257.063934,0.025372,0,0,0.054581,0,0,0,0,0,0,0,0.677067536,0.008285774,0.000774375,0
7,206,8.978,114.7247756,7257.063934,0.023705,0,0,0,0,0,0,0,0,0,15.8232,1.629841853,0.008285774,0.000774375,0
7,206,8.978,114.7247756,7257.063934,0.00644,0,0.040094,0,0,0,0,0,0,0,2.39871,3.37110503,0.008285774,0.000774375,0
7,206,8.978,114.7247756,7257.063934,22.323,0,0,0.0014795,0.025169,0,0,0,0,0,8.6688,1.082901411,0.008285774,0.000774375,0
7,206,8.978,114.7247756,7257.063934,0,0,0,0,0.25503,0,0,0,0,0,0,10.8444667,0.008285774,0.000774375,0
7,206,8.978,114.7247756,7257.063934,0.005372,0,0,1.2811,0.52975,0.7814,0,0,6.1482,0,0.151728,0.533114438,0.008285774,0.000774375,0
7,206,8.978,114.7247756,7257.063934,0.002508,0,0,0.008333,0.008333,0,0,0,0,0,18.3318,0.403800639,0.008285774,0.000774375,0
7,206,8.978,114.7247756,7257.063934,0.005769,0,0,0,0,0,0,0,0,0,0.151728,0.403800639,0.008285774,0.000774375,0
7,206,8.978,114.7247756,7257.063934,0.01367,0,15.487,0.15605,0.008133,0,0,0,0,0,6.4536,3.37110503,0.008285774,0.000774375,0
7,206,8.978,114.7247756,7257.063934,3.2038,0,0,0.00036,0.13092,0,0,0,0,0,0,5.751441887,0.008285774,0.000774375,0
7,206,8.978,114.7247756,7257.063934,1.2548,0,0.005239,0,0.00062,2.5906,0,0,0,0,10.3692,1.788434249,0.008285774,0.000774375,0
7,206,8.978,114.7247756,7257.063934,0.17094,0,0,0.030237,0.008333,1.5701,0,0,0,0,6.105,3.294248715,0.008285774,0.000774375,0
7,206,8.978,114.7247756,7257.063934,0,0,0,0.002011,0,0,0.13028,0,0,0,0,0.496109546,0.008285774,0.000774375,0
7,206,8.978,114.7247756,7257.063934,0.013573,0,0,0,0,0,0,0,0,0,2.34429,1.912461635,0.008285774,0.000774375,0
7,206,8.978,114.7247756,7257.063934,0,0,0,0,52.779,0,0,0,0,0,1.17432,4.862686845,0.008285774,0.000774375,0
7,206,8.978,114.7247756,7257.063934,0.008321,0,0,0,0,37.958,0,0,0,0,0.151728,2.550491043,0.008285774,0.000774375,0
7,206,8.978,114.7247756,7257.063934,0,0,0,0,0,0,0,0,0,0,0.151728,4.791523591,0.008285774,0.000774375,0
7,206,8.978,114.7247756,7257.063934,0.27365,0,0,0,0.011131,0,0,0,0,0,0.151728,0.533114438,0.008285774,0.000774375,0
7,206,8.978,114.7247756,7257.063934,0.00387,0,0,4.2796,0,0,0,0,0,0,0.181728,0.496109546,0.008285774,0.000774375,0
7,206,8.978,114.7247756,7257.063934,3.2227,0,0,0.9504,0.10115,0,0,0,0,0,0,3.933904712,0.008285774,0.000774375,0
7,206,8.978,114.7247756,7257.063934,0.5002,0,0,0,0.049462,0,0,0,0,0,0.151728,6.509873784,0.008285774,0.000774375,0
7,206,8.978,114.7247756,7257.063934,0.00524,0,0,0,0.00524,0,0,0,0,0,0.31755,1.953939646,0.008285774,0.000774375,0
7,206,8.978,114.7247756,7257.063934,0.7988,0,0,0,0,0,0,0,0,0,0.151728,6.438851272,0.008285774,0.000774375,0
7,206,8.978,114.7247756,7257.063934,0.29003,0,0,0,6.4522,0,0,0,0,0,5.787,27.05073767,0.008285774,0.000774375,0
7,206,8.978,114.7247756,7257.063934,2.2602,0,0,0,0,0,0,0,0,0,2.06073,20.03672595,0.008285774,0.000774375,0
7,206,8.978,114.7247756,7257.063934,0,0,0,0,0.98255,0,0.021726,0,0,0,0,3.27635624,0.008285774,0.000774375,0
7,206,8.978,114.7247756,7257.063934,0.003346,0,0,0.011652,0,0,0.13028,0,0,0,0.151728,4.862686845,0.008285774,0.000774375,0
7,206,8.978,114.7247756,7257.063934,0.008333,0,0,0,0,0,0,0,0,0,0.151728,0.533114438,0.008285774,0.000774375,0
7,206,8.978,114.7247756,7257.063934,0.87352,0,0,8.0353,0,0.77921,0,0,0,0,9.6318,2.626534064,0.008285774,0.000774375,0
7,206,8.978,114.7247756,7257.063934,6.8104,0,0,0,0,0,0,0,0,0,22.617,8.643285575,0.008285774,0.000774375,0
7,206,8.978,114.7247756,7257.063934,12.084,0,0,0,0.31016,0.03757,0,0,0,0,0.33174,13.20935554,0.008285774,0.000774375,0
7,206,8.978,114.7247756,7257.063934,0,0,0,11.325,0,0,0,0,0,0,6.8079,2.550491043,0.008285774,0.000774375,0
7,206,8.978,114.7247756,7257.063934,1.1189,0,0,0.46711,0.002055,0,0,0,0,0,0.151728,3.50611189,0.008285774,0.000774375,0
7,206,8.978,114.7247756,7257.063934,0,0,0,0.53462,0,0,0,0,0,0,4.4403,1.953939646,0.008285774,0.000774375,0
7,206,8.978,114.7247756,7257.063934,0.005239,0,0,0.008333,0,0,4.4928,0,0,0,0,1.788434249,0.008285774,0.000774375,0
7,206,8.978,114.7247756,7257.063934,1.1984,0,0,0.007148,0,0,0,0,0,0,4.0518,6.438851272,0.008285774,0.000774375,0
7,206,8.978,114.7247756,7257.063934,0.4515,0,0,0.071721,0,1.5684,0,0,0,0,12.3399,1.740043236,0.008285774,0.000774375,0
7,206,8.978,114.7247756,7257.063934,0,0,0,0,0,0,0,0,0,0,38.517,62.76023949,0.008285774,0.000774375,0
7,206,8.978,114.7247756,7257.063934,0,0,0,0,0,0,0,0,0,0,0,1.480602342,0.008285774,0.000774375,0
7,206,8.978,114.7247756,7257.063934,0,0,0,0,0,0,0,0,0,0,0,1.953939646,0.008285774,0.000774375,0
7,206,8.978,114.7247756,7257.063934,0.58468,0,0,0.000739,0,0,0,0,0,0,1.95174,19.16080795,0.008285774,0.000774375,0
7,206,8.978,114.7247756,7257.063934,7.8157,0,0,0,0,5.1571,0,0,0,0,12.0081,4.748825638,0.008285774,0.000774375,0
7,206,8.978,114.7247756,7257.063934,0.008333,0,0,0,0.14346,0.002774,0,0,0,0,0.151728,6.438851272,0.008285774,0.000774375,0
7,206,8.978,114.7247756,7257.063934,2.5147,0,0,0,0,0,0.13028,0,0,0,1.19187,1.600969904,0.008285774,0.000774375,0
7,206,8.978,114.7247756,7257.063934,0,0,0,0,0,0,0,0,0,0,0,5.924849251,0.008285774,0.000774375,0
7,206,8.978,114.7247756,7257.063934,0.008489,0,0,0,0,0,0,0,0,0,0.151728,10.8444667,0.008285774,0.000774375,0
7,206,8.978,114.7247756,7257.063934,0,0,0,0,0,0,0,0,0,0,0.270372,1.437091095,0.008285774,0.000774375,0
7,206,8.978,114.7247756,7257.063934,0.008333,0,0,0,0,0,0,0,0,0,0.151728,5.721119019,0.008285774,0.000774375,0
7,206,8.978,114.7247756,7257.063934,0.005239,0,0,26.422,0.0096305,0,0,0,0,0,2.22174,2.473634728,0.008285774,0.000774375,0
7,206,8.978,114.7247756,7257.063934,0.005239,0,0,0,30.954,0,0,0,0,0,21.2118,1.629841853,0.008285774,0.000774375,0
7,206,8.978,114.7247756,7257.063934,0,0,0,0.040274,0.007102,0.77921,0,0,0,0,1.21974,5.924849251,0.008285774,0.000774375,0
7,206,8.978,114.7247756,7257.063934,0,0,0,0,5.0207,0,0,0,0,0,7.2168,0.090682319,0.008285774,0.000774375,0
7,206,8.978,114.7247756,7257.063934,0,0,0,0,0.038297,1.1314,0,0,0,0,0.278532,0.506275725,0.008285774,0.000774375,0
7,206,8.978,114.7247756,7257.063934,0,0,0,0.36044,70.761,0,0,0,0,0,1.57107,6.438851272,0.008285774,0.000774375,0
7,206,8.978,114.7247756,7257.063934,0,0,0,0.034928,7.0112,0,97.067,0,0,0,0.68376,7.61406159,0.008285774,0.000774375,0
7,206,8.978,114.7247756,7257.063934,0,0,0,0.001326,0.67961,0,0,0,0,0,16.0221,2.473634728,0.008285774,0.000774375,0
7,206,8.978,114.7247756,7257.063934,51.143,0,0,9.2817,0,0,0,0,0,0,1.63956,3.294248715,0.008285774,0.000774375,0
7,206,8.978,114.7247756,7257.063934,0.0068531,0,0,0,0,0,0,0,0,0,8.5644,0.163878809,0.008285774,0.000774375,0
7,206,8.978,114.7247756,7257.063934,0,0,0,0,0.79075,0,0,0,0,0,7.3257,5.924849251,0.008285774,0.000774375,0
7,206,8.978,114.7247756,7257.063934,0.000251,0,0,0.040274,0,0,0,0,0,0,0.77829,7.61406159,0.008285774,0.000774375,0
7,206,8.978,114.7247756,7257.063934,0,0,0,0.011527,0.011131,29.991,0,0,0,0,0,3.27635624,0.008285774,0.000774375,0
7,206,8.978,114.7247756,7257.063934,0,0,0,1.2811,0,0,0,0,0,0,1.65174,1.926287639,0.008285774,0.000774375,0
7,206,8.978,114.7247756,7257.063934,0,0,0.71224,0.42786,0,0,0,0,0,0,0,3.370698383,0.008285774,0.000774375,0
7,206,8.978,114.7247756,7257.063934,0.48229,0,0,0,4.9078,0,0,0,0,0,3.8823,10.8444667,0.008285774,0.000774375,0
7,206,8.978,114.7247756,7257.063934,0,0,0,0.7793,8.688,0,7.0485,0,0,0,2.13174,5.751441887,0.008285774,0.000774375,0
7,206,8.978,114.7247756,7257.063934,0.00524,0,0,0.005769,0.00524,0,0,0,0,0,7.2111,0.496109546,0.008285774,0.000774375,0
7,206,8.978,114.7247756,7257.063934,9.9965,0,0,0,0,0.57086,0,1.3616,0,0,0,3.27635624,0.008285774,0.000774375,0
7,206,8.978,114.7247756,7257.063934,0,0,0,0,0,0,0,0,0,0,0.273324,0.51278208,0.008285774,0.000774375,0
7,206,8.978,114.7247756,7257.063934,0,0,0,0,0,2.2708,0,0,0,0,1.57404,1.926287639,0.008285774,0.000774375,0
7,206,8.978,114.7247756,7257.063934,0.012154,0,0,0,0.0078558,0,0.008333,0,0,0,0.65616,0.51278208,0.008285774,0.000774375,0
7,206,8.978,114.7247756,7257.063934,0,0,0,0,0.002139,0,0,0,0,0,0,1.480602342,0.008285774,0.000774375,0
7,206,8.978,114.7247756,7257.063934,0.018322,0,0.801,0.008335,0,0,0,0,0,0,0,0.496109546,0.008285774,0.000774375,0
7,206,8.978,114.7247756,7257.063934,0.019152,0,0,0,0,0,0,0,0.58743,0,0.151728,5.751441887,0.008285774,0.000774375,0
7,206,8.978,114.7247756,7257.063934,0.007697,0,0,0,15.439,0.79321,0,0,0,0,69.483,1.480602342,0.008285774,0.000774375,0
7,206,8.978,114.7247756,7257.063934,2.1218,0,0,0,0,0.014181,0,0,0,0,0.151728,3.294248715,0.008285774,0.000774375,0
7,206,8.978,114.7247756,7257.063934,0,0,0,0.008333,0,0,0,0,0,0,13.3746,0.757177028,0.008285774,0.000774375,0
7,206,8.978,114.7247756,7257.063934,0.0066265,0,0,13.805,0,0,4.4928,0,0,0,0.286419,6.85281809,0.008285774,0.000774375,0
7,206,8.978,114.7247756,7257.063934,0.00644,0,0,16.558,9.0733,6.4369,0,0,0,0,8.1576,6.438851272,0.008285774,0.000774375,0
7,206,8.978,114.7247756,7257.063934,0.002139,0,0,0,0.007148,0,0,0,0,0,34.746,19.16080795,0.008285774,0.000774375,0
7,206,8.978,114.7247756,7257.063934,0.14827,0,0,0.0076281,4.8466,0,0,0,0,0,1.88184,8.563989377,0.008285774,0.000774375,0
7,206,8.978,114.7247756,7257.063934,0.002139,0,0,0,0,0,0,0,0,0,0.151728,3.66575417,0.008285774,0.000774375,0
7,206,8.978,114.7247756,7257.063934,0,0,0,0,0,1.0289,0,0,0,0,14.4696,3.66575417,0.008285774,0.000774375,0
7,206,8.978,114.7247756,7257.063934,0,0,0,0.11797,0.21732,0,0,0,0,0,5.1444,8.643285575,0.008285774,0.000774375,0
7,206,8.978,114.7247756,7257.063934,0.0072895,0,0.99914,0.0029965,0.008333,0,0,0,0,0,3.8823,0.506275725,0.008285774,0.000774375,0
7,206,8.978,114.7247756,7257.063934,0.53043,0,0,0,2.8091,0,0.008333,0,0,0,0.151728,1.912461635,0.008285774,0.000774375,0
7,206,8.978,114.7247756,7257.063934,0.031802,0,0,0.030964,0,0,0,0,0,0,0.151728,3.50611189,0.008285774,0.000774375,0
7,206,8.978,114.7247756,7257.063934,0,0,0,0,0.008336,0,0,0,0,0,6.8079,7.432290306,0.008285774,0.000774375,0
7,206,8.978,114.7247756,7257.063934,0.000078,0,0,0,0.26036,0,0,0,0,0,8.3751,4.748825638,0.008285774,0.000774375,0
7,206,8.978,114.7247756,7257.063934,0.015333,0,0,0,0,0,0,0,0,0,0,1.953939646,0.008285774,0.000774375,0
7,206,8.978,114.7247756,7257.063934,0.002139,0,0,0.008333,0.00524,0,0,0,0,0,22.6218,0.506275725,0.008285774,0.000774375,0
7,206,8.978,114.7247756,7257.063934,0,0,0,0,0,0,0,0,0,0,14.4696,57.83043216,0.008285774,0.000774375,0
7,206,8.978,114.7247756,7257.063934,0.003538,0,0,0,0,0,0,0,0,0,0.276939,3.50611189,0.008285774,0.000774375,0
7,206,8.978,114.7247756,7257.063934,0,0,0,0,0,0,0,0,0,0,0.279822,0.308645201,0.008285774,0.000774375,0
7,206,8.978,114.7247756,7257.063934,0,0,0,0,0.16189,0.78445,0,0,0,0,0.151728,0.51278208,0.008285774,0.000774375,0
7,206,8.978,114.7247756,7257.063934,0.045123,0,0,0,0,0,0.021726,0,0,0,0.151728,4.044970118,0.008285774,0.000774375,0
7,206,8.978,114.7247756,7257.063934,0.005239,0,0,0.005769,0.37101,0,0,0,0,0,5.2875,0.163878809,0.008285774,0.000774375,0
7,206,8.978,114.7247756,7257.063934,1.7403,0,0,0,0.00524,0.82806,0,0,0,0,56.145,4.286874454,0.008285774,0.000774375,0
7,206,8.978,114.7247756,7257.063934,49.592,0,0,0.000376,0,1.7614,0,0,0,0,0,8.563989377,0.008285774,0.000774375,0
7,206,8.978,114.7247756,7257.063934,0,0,0,0,35.29,0,0,0,0,0,0.73911,0.757177028,0.008285774,0.000774375,0
7,206,8.978,114.7247756,7257.063934,0.0019345,0,0,0,0.005239,0,0,0,0.008333,0,1.41975,0.496109546,0.008285774,0.000774375,0
7,206,8.978,114.7247756,7257.063934,0,0,0,0,0,0,14.489,0,0,0,0.279615,0.506275725,0.008285774,0.000774375,0
7,206,8.978,114.7247756,7257.063934,0,0,0,0,0,0,0,0,0,0,0.181728,0.090682319,0.008285774,0.000774375,0
7,206,8.978,114.7247756,7257.063934,0.013892,0,0,0,0,0,0,0,0,0,1.88184,1.480602342,0.008285774,0.000774375,0
7,206,8.978,114.7247756,7257.063934,0,0,0,0,0,0,0.40452,0,0,0,0.151728,2.282103912,0.008285774,0.000774375,0
7,206,8.978,114.7247756,7257.063934,36.159,0,0,0,1.1676,0,0,0,0,0,0.151728,1.788434249,0.008285774,0.000774375,0
7,206,8.978,114.7247756,7257.063934,0,0,0,0,2.439,0,0,0,0,0,46.353,5.924849251,0.008285774,0.000774375,0
7,206,8.978,114.7247756,7257.063934,1.7741,0,0,0,0.008332,0.014727,0,0,0,0,0.273384,5.721119019,0.008285774,0.000774375,0
7,206,8.978,114.7247756,7257.063934,0,0,0,0.008335,0,0,3.9418,0,0,0,0.93561,96.95287753,0.008285774,0.000774375,0
7,206,8.978,114.7247756,7257.063934,0.00524,0,0,0,0,0,0,0,0,0,14.8218,3.27635624,0.008285774,0.000774375,0
7,206,8.978,114.7247756,7257.063934,0.27365,0,0,0,0,0,0,0,0,0,0,0.51278208,0.008285774,0.000774375,0
7,206,8.978,114.7247756,7257.063934,0,0,0,0,0.034463,0,0,0,0,0,6.5418,2.626534064,0.008285774,0.000774375,0
7,206,8.978,114.7247756,7257.063934,0.008333,0,0,0.008333,0.001493,0,0.059897,0,0,0,0.33174,1.600969904,0.008285774,0.000774375,0
7,206,8.978,114.7247756,7257.063934,0.0067817,0,0,1.8563,0.01048,0,0,0,0,0,8.1576,3.294248715,0.008285774,0.000774375,0
7,206,8.978,114.7247756,7257.063934,0,0,0,0,0.67961,0,0,0,0,0,0.151728,1.437091095,0.008285774,0.000774375,0
7,206,8.978,114.7247756,7257.063934,0,0,0,0,8.5334,0,0.13028,0,0,0,0.151728,6.509873784,0.008285774,0.000774375,0
7,206,8.978,114.7247756,7257.063934,23.064,0,0,0,0.000739,0,0,0,0,0,0,14.97902997,0.008285774,0.000774375,0
7,206,8.978,114.7247756,7257.063934,0.00524,0,0,0.000172,0.010373,0,30.686,0,0,0,0.278532,1.437091095,0.008285774,0.000774375,0
7,206,8.978,114.7247756,7257.063934,1.0702,0,0,0,0,0,0,0,0,0,0.37014,20.03672595,0.008285774,0.000774375,0
7,206,8.978,114.7247756,7257.063934,0.008333,0,0,0.002031,0,0,0,0,0,0,0.151728,3.539348854,0.008285774,0.000774375,0
7,206,8.978,114.7247756,7257.063934,0.026038,0,0,0.038288,0.010996,0,0,0,0,0,0.151728,13.20935554,0.008285774,0.000774375,0
7,206,8.978,114.7247756,7257.063934,0,0,0,0,0.37101,0,0,0,0,0,6.2754,1.600969904,0.008285774,0.000774375,0
7,206,8.978,114.7247756,7257.063934,0.007221,0,0,4.0096,0,0,0,0,0,0,20.2284,7.432290306,0.008285774,0.000774375,0
7,206,8.978,114.7247756,7257.063934,9.7427,0,0,0,0,0,21.569,0,0,0,0,7.432290306,0.008285774,0.000774375,0
7,206,8.978,114.7247756,7257.063934,0.18763,0,0,0,0,0,0.002308,0,0,0,0,0.51278208,0.008285774,0.000774375,0
7,206,8.978,114.7247756,7257.063934,0.00036,0,0,5.2482,0,0,0,0,0,0,0,10.8444667,0.008285774,0.000774375,0
7,206,8.978,114.7247756,7257.063934,0,0,0,0,0.008953,0,0,0,0,0,0.151728,0.163878809,0.008285774,0.000774375,0
7,206,8.978,114.7247756,7257.063934,0.18244,0,0,0.003346,0.01564,0,0.13028,0,0,0,0.151728,38.6168241,0.008285774,0.000774375,0
7,206,8.978,114.7247756,7257.063934,0.046194,0,0,0,0.008333,0,0,0,0,0,0.273324,2.282103912,0.008285774,0.000774375,0
7,206,8.978,114.7247756,7257.063934,0.41786,0,0,0,68.77,0,0,0,0,0,0,10.8444667,0.008285774,0.000774375,0
7,206,8.978,114.7247756,7257.063934,0.000251,0,0,0.007102,0,0,49.829,0,0,0,0,1.629841853,0.008285774,0.000774375,0
7,206,8.978,114.7247756,7257.063934,0.021605,0,0,0,0,0,15.249,0,0,0,17.1858,1.600969904,0.008285774,0.000774375,0
7,206,8.978,114.7247756,7257.063934,0.00524,0,0,0,0.013746,2.9165,0,0,0,0,2.06073,0.308645201,0.008285774,0.000774375,0
7,206,8.978,114.7247756,7257.063934,0,0,0,0,0.00833,0,0,0,0,0,0.90174,3.50611189,0.008285774,0.000774375,0
7,206,8.978,114.7247756,7257.063934,0.025372,0,0,0.00524,0.009056,0,0,0,0,0,0,20.03672595,0.008285774,0.000774375,0
7,206,8.978,114.7247756,7257.063934,0,0,0,0,0.003346,0,0,0,0,0,8.3928,4.044970118,0.008285774,0.000774375,0
7,206,8.978,114.7247756,7257.063934,0,0,0,0,0,0,0,0.78754,0,0,0.151728,4.748825638,0.008285774,0.000774375,0
7,206,8.978,114.7247756,7257.063934,27.506,0,0,0.00315,5.7051,0,0,0,0,0,0,20.03672595,0.008285774,0.000774375,0
7,206,8.978,114.7247756,7257.063934,0,0,0,0,0.002031,0.80154,0,0,0,0,0,0.757177028,0.008285774,0.000774375,0
7,206,8.978,114.7247756,7257.063934,0.002096,0,0,0,0,0,0,0,1.1905,0,15.0003,41.65055169,0.008285774,0.000774375,0
7,206,8.978,114.7247756,7257.063934,10.582,0,0,0,0,0,0,0,0,0,0.88596,2.282103912,0.008285774,0.000774375,0
7,206,8.978,114.7247756,7257.063934,0,0,0,0.00524,0,0.074131,0,0,0,0,2.64756,1.437091095,0.008285774,0.000774375,0
7,206,8.978,114.7247756,7257.063934,0,0,0.64381,0,0,0,0,0,0,0,0,6.509873784,0.008285774,0.000774375,0
7,206,8.978,114.7247756,7257.063934,2.1473,0,16.805,0,0,0,0,0,0,0,0.151728,34.6982593,0.008285774,0.000774375,0
7,206,8.978,114.7247756,7257.063934,0.008333,0,0,0,0,0,0,0,0,0,0,2.626534064,0.008285774,0.000774375,0
7,206,8.978,114.7247756,7257.063934,0.51774,0,0,0,0.11919,0,0,0,0,0,0.151728,19.16080795,0.008285774,0.000774375,0
7,206,8.978,114.7247756,7257.063934,0.13903,0,0,0.002868,0,0,0,0,0,0,0.151728,2.742428507,0.008285774,0.000774375,0
7,206,8.978,114.7247756,7257.063934,0,0,0,0,0.062887,0,0,0,0,0,1.88184,10.8444667,0.008285774,0.000774375,0
7,206,8.978,114.7247756,7257.063934,0,0,0,0,0,0,0,0,0,0,95.283,0.533114438,0.008285774,0.000774375,0
7,206,8.978,114.7247756,7257.063934,0.000063,0,0,0.010986,0,0,0,0,0,0,2.3544,5.751441887,0.008285774,0.000774375,0
7,206,8.978,114.7247756,7257.063934,0,0,0,0,0,0,0,0,0,0,0,0.090682319,0.008285774,0.000774375,0
7,206,8.978,114.7247756,7257.063934,0,0,0,0,0.010107,0,0,0,0,0,0,0.163878809,0.008285774,0.000774375,0
7,206,8.978,114.7247756,7257.063934,0.48229,0,0,0,0.035884,0.057823,0,0,0,0,0.276924,7.61406159,0.008285774,0.000774375,0
7,206,8.978,114.7247756,7257.063934,0,0,0,0,0.0056,1.5527,0,0,0,0,0.151728,1.600969904,0.008285774,0.000774375,0
7,206,8.978,114.7247756,7257.063934,0.008333,0,0.00191,6.9518,0.007697,0,0,0,0,0,0,0.496109546,0.008285774,0.000774375,0
7,206,8.978,114.7247756,7257.063934,0.008335,0,0,0.013976,0,0,0,0,0,0,0.278526,3.66575417,0.008285774,0.000774375,0
7,206,8.978,114.7247756,7257.063934,4.4514,0,0,0,26.765,0,0,0,0,0,73.296,0.506275725,0.008285774,0.000774375,0
7,206,8.978,114.7247756,7257.063934,2.9666,0,0,0,6.4838,0,0,0,0,0,0.278532,2.473634728,0.008285774,0.000774375,0
7,206,8.978,114.7247756,7257.063934,0.008333,0,0,9.2817,6.2437,0,0,0,0,0,0,34.6982593,0.008285774,0.000774375,0
7,206,8.978,114.7247756,7257.063934,0,0,0,0.0021738,1.3024,0,0,0,0,0,0,1.600969904,0.008285774,0.000774375,0
7,206,8.978,114.7247756,7257.063934,0,0,0,0,0.008333,0,0,0,0,0,0,0.496109546,0.008285774,0.000774375,0
7,206,8.978,114.7247756,7257.063934,1.366,0,0,2.2294,0,1.9116,0,0,0,0,2.3544,1.600969904,0.008285774,0.000774375,0
7,206,8.978,114.7247756,7257.063934,0,0,0,17.76,0,0,0,0,0,0,0.151728,0.533114438,0.008285774,0.000774375,0
7,206,8.978,114.7247756,7257.063934,0.031098,0,0,0,0,0,0,0,0,0,0.151728,0.533114438,0.008285774,0.000774375,0
7,206,8.978,114.7247756,7257.063934,11.506,0,0,0,0,0,51.57,0,0,0,2.64756,0.163878809,0.008285774,0.000774375,0
7,206,8.978,114.7247756,7257.063934,0,0,0,0.0029965,0,0,0,0,0,0,63.09,7.432290306,0.008285774,0.000774375,0
7,206,8.978,114.7247756,7257.063934,0,0,0,16.48,7.0112,0,0,0,0,0,45.933,5.924849251,0.008285774,0.000774375,0
7,206,8.978,114.7247756,7257.063934,0.005769,0,0,0.0097027,0,0,0,0,0,0,0.151728,0.403800639,0.008285774,0.000774375,0
7,206,8.978,114.7247756,7257.063934,0.078253,0,0,0,0.0056,0,0,0,0,0,0,1.953939646,0.008285774,0.000774375,0
7,206,8.978,114.7247756,7257.063934,0,0,0,0.25593,10.444,0,0,0,0,0,0.151728,0.677067536,0.008285774,0.000774375,0
7,206,8.978,114.7247756,7257.063934,0,0,0,0,2.0298,0,0,0,0,0,0,5.924849251,0.008285774,0.000774375,0
7,206,8.978,114.7247756,7257.063934,0.002508,0,0,25.355,0,0,0,0,0,0,0.75903,0.533114438,0.008285774,0.000774375,0
7,206,8.978,114.7247756,7257.063934,0.0059398,0,0,4.8058,0,0,0,0,0,0,0.70485,1.082901411,0.008285774,0.000774375,0
7,206,8.978,114.7247756,7257.063934,0,0,0,0,0,0,0,0,0,0,10.4865,0.677067536,0.008285774,0.000774375,0
8,207,6.128,114.7474573,7258.498695,0.008333,0,0,0.0083909,0,0,0,0,0,0,15.0003,2.474804353,0.007834116,0.000732163,0
8,207,6.128,114.7474573,7258.498695,0,0,0,0,0,0.077537,0,0,0,0,0,0.085689464,0.007834116,0.000732163,0
8,207,6.128,114.7474573,7258.498695,0.008333,0,0.92408,62.543,0.018282,0,0,0,0,0,0,6.472102045,0.007834116,0.000732163,0
8,207,6.128,114.7474573,7258.498695,0,0,0,11.876,0.24663,0,0,0,0,0,10.7733,3.237208988,0.007834116,0.000732163,0
8,207,6.128,114.7474573,7258.498695,0,0,0,0.001493,0.008332,0,0,0,0,0,25.3818,0.085689464,0.007834116,0.000732163,0
8,207,6.128,114.7474573,7258.498695,0,0,0.081846,0,0,0,0,0,0,0,1.64742,15.12102526,0.007834116,0.000732163,0
8,207,6.128,114.7474573,7258.498695,0.029004,0,0,4.2796,0,0,0,0,0,0,34.746,1.651413523,0.007834116,0.000732163,0
8,207,6.128,114.7474573,7258.498695,0.22048,0,0,0.000739,0.013476,0,0,0,0,0,12.8454,2.124635517,0.007834116,0.000732163,0
8,207,6.128,114.7474573,7258.498695,0.15712,0,0,0,0.001493,0,0.008333,0,0,0,0.30174,0.219704697,0.007834116,0.000732163,0
8,207,6.128,114.7474573,7258.498695,0,0,0,10.612,0.000063,1.4857,0,0,0,0,0.151728,3.237208988,0.007834116,0.000732163,0
8,207,6.128,114.7474573,7258.498695,2.1473,0,4.5719,0,0.008332,0,0,0,0,0,0,6.472102045,0.007834116,0.000732163,0
8,207,6.128,114.7474573,7258.498695,0,0,0,0,0,0,0,0,0,0,0,0.219704697,0.007834116,0.000732163,0
8,207,6.128,114.7474573,7258.498695,0.015487,0,0,0,0.005239,0,0,0,0,0,0,0.423815456,0.007834116,0.000732163,0
8,207,6.128,114.7474573,7258.498695,0.03314,0,0,0.00247,0.008333,0,0,0,0,0,0.151728,0.301225485,0.007834116,0.000732163,0
8,207,6.128,114.7474573,7258.498695,0.001009,0,0,29.05,0,0,0,0,0,0,0,3.237208988,0.007834116,0.000732163,0
8,207,6.128,114.7474573,7258.498695,0.5002,0,0.35972,0,0.000063,3.3641,0,0,0,0,0.269961,2.007567612,0.007834116,0.000732163,0
8,207,6.128,114.7474573,7258.498695,0,0,0,0.003346,0,0,0,0,0,0,0.151728,1.651413523,0.007834116,0.000732163,0
8,207,6.128,114.7474573,7258.498695,0.00524,0,0,1.6824,0,0.79678,0,0,0,0,1.17456,11.33524931,0.007834116,0.000732163,0
8,207,6.128,114.7474573,7258.498695,0.030381,0,0,0.67703,0.49136,0,0,0,0,0,0.151728,17.60572724,0.007834116,0.000732163,0
8,207,6.128,114.7474573,7258.498695,0,0,0,0.000739,0,0,0,0,0,0,0,6.495762651,0.007834116,0.000732163,0
8,207,6.128,114.7474573,7258.498695,0,0,0,0,0,0.80154,0,0,0,0,0,15.12102526,0.007834116,0.000732163,0
8,207,6.128,114.7474573,7258.498695,0.008333,0,0,3.9449,0,0,0,0,0,0,2.34936,15.12102526,0.007834116,0.000732163,0
8,207,6.128,114.7474573,7258.498695,0,0,0,0,0.005239,0,0,0,0,0,0.273357,1.035375756,0.007834116,0.000732163,0
8,207,6.128,114.7474573,7258.498695,7.9784,0,0,0,0,0,0,0,0,0,1.08798,11.33524931,0.007834116,0.000732163,0
8,207,6.128,114.7474573,7258.498695,0,0,0,0.001669,1.6408,0,0,0,0,0,0.151728,11.33524931,0.007834116,0.000732163,0
8,207,6.128,114.7474573,7258.498695,43.582,0,0,0,0,0,0.80877,0,0,0,0,0.423815456,0.007834116,0.000732163,0
8,207,6.128,114.7474573,7258.498695,0,0,0,0,0,0.77921,0,0,0,0,0.151728,13.06734301,0.007834116,0.000732163,0
8,207,6.128,114.7474573,7258.498695,0.008489,0,0,0,0,0,0,0,0,0,8.5434,0.99739448,0.007834116,0.000732163,0
8,207,6.128,114.7474573,7258.498695,0.51613,0,0,0,5.7051,0,0.10863,0,0,0,2.41287,2.124635517,0.007834116,0.000732163,0
8,207,6.128,114.7474573,7258.498695,0,0,0,1.7274,0,0,0,0,0,0,0,2.474804353,0.007834116,0.000732163,0
8,207,6.128,114.7474573,7258.498695,0,0,0,11.876,0,0,0,0,0,0,19.2864,2.474804353,0.007834116,0.000732163,0
8,207,6.128,114.7474573,7258.498695,0.67499,0,0,0,0,0,0,0,0,0,0,1.651413523,0.007834116,0.000732163,0
8,207,6.128,114.7474573,7258.498695,0.0094528,0,0,0,56.549,0,0,0,0,0,0.151728,0.541773565,0.007834116,0.000732163,0
8,207,6.128,114.7474573,7258.498695,0.005769,0,0,0,0.0068531,0,0,0,0,0,0.151728,0.541773565,0.007834116,0.000732163,0
8,207,6.128,114.7474573,7258.498695,0.034521,0,0,0,0,0,0,0,0,0,0,0.085689464,0.007834116,0.000732163,0
8,207,6.128,114.7474573,7258.498695,0,0,0,0,0,0,3.4784,0,0,0,42.996,0.085689464,0.007834116,0.000732163,0
8,207,6.128,114.7474573,7258.498695,0.062652,0,0,0.7793,0,0,0,0,0,0,11.682,0.423815456,0.007834116,0.000732163,0
8,207,6.128,114.7474573,7258.498695,0,0,0,0,0,0,0,0,0.01111,0,0.75903,2.124635517,0.007834116,0.000732163,0
8,207,6.128,114.7474573,7258.498695,0.000376,0,0,0,5.2021,0,0,1.0018,0,0,0.38949,11.68233493,0.007834116,0.000732163,0
8,207,6.128,114.7474573,7258.498695,0,0,0,0,0,0,0,0,0,0,0,2.007567612,0.007834116,0.000732163,0
8,207,6.128,114.7474573,7258.498695,0,0,0,0,0.15682,0,0,0,0,0,25.56,1.651413523,0.007834116,0.000732163,0
8,207,6.128,114.7474573,7258.498695,4.9504,0,0,0,0.88295,0,0,0,0,0,0,2.474804353,0.007834116,0.000732163,0
8,207,6.128,114.7474573,7258.498695,0.01357,0,0,0,0,0,0,0,0,0,4.8687,3.789481443,0.007834116,0.000732163,0
8,207,6.128,114.7474573,7258.498695,0,0,0,0,0,0,0.13028,0,0,0,8.172,0.219704697,0.007834116,0.000732163,0
8,207,6.128,114.7474573,7258.498695,0.14297,0,0,0,0.035884,0,0,0,0,0,6.102,0.423815456,0.007834116,0.000732163,0
8,207,6.128,114.7474573,7258.498695,0.008333,0,0,0.33642,0,0,0,0,0,0,0.36594,0.219704697,0.007834116,0.000732163,0
8,207,6.128,114.7474573,7258.498695,0,0,0,0,0,0,0.002308,0,0,0,41.715,0.541773565,0.007834116,0.000732163,0
8,207,6.128,114.7474573,7258.498695,0,0,0,0,0.008333,0,0,0,0,0,95.283,10.04744876,0.007834116,0.000732163,0
8,207,6.128,114.7474573,7258.498695,0,0,0,0,0,0,0.059897,0,0,0,0.276924,0.423815456,0.007834116,0.000732163,0
8,207,6.128,114.7474573,7258.498695,0,0,0,61.793,0,0,0,0,0,0,5.0757,22.79016382,0.007834116,0.000732163,0
8,207,6.128,114.7474573,7258.498695,0.0067502,0,0,2.6593,0,0,0,0,0,0,2.6931,3.237208988,0.007834116,0.000732163,0
8,207,6.128,114.7474573,7258.498695,0,0,0,0,26.494,0,0,0,0,0,8.5434,10.04744876,0.007834116,0.000732163,0
8,207,6.128,114.7474573,7258.498695,0,0,0,0,0.035884,0,0,0,0,0,0.151728,0.085689464,0.007834116,0.000732163,0
8,207,6.128,114.7474573,7258.498695,0,0,0,0.0055919,0,0.79321,0,0,0,0,0.273324,0.301225485,0.007834116,0.000732163,0
8,207,6.128,114.7474573,7258.498695,0,0,0,0,0.008333,0,0,0,0,0,0.84174,2.124635517,0.007834116,0.000732163,0
8,207,6.128,114.7474573,7258.498695,0.034133,0,0,0,0.008475,0,0,0,0,0,0.278526,2.474804353,0.007834116,0.000732163,0
8,207,6.128,114.7474573,7258.498695,0.016858,0,0,0,0.003346,0,0.13028,0,0,0,0.278526,3.789481443,0.007834116,0.000732163,0
8,207,6.128,114.7474573,7258.498695,0,0,0,0,0.84234,0,0,0,0,0,0.151728,2.474804353,0.007834116,0.000732163,0
8,207,6.128,114.7474573,7258.498695,9.3106,0,0,0,0,0,0,0,0,0,32.442,2.474804353,0.007834116,0.000732163,0
8,207,6.128,114.7474573,7258.498695,0.016638,0,0,0.008333,0.002741,0.78029,0,0,0,0,1.05978,1.035375756,0.007834116,0.000732163,0
8,207,6.128,114.7474573,7258.498695,0.011297,0,0,0,0.007102,0,0,0,0,0,0.151728,1.651413523,0.007834116,0.000732163,0
8,207,6.128,114.7474573,7258.498695,0,0,0,0,0,0.79323,0.67053,0,0,0,0,2.474804353,0.007834116,0.000732163,0
8,207,6.128,114.7474573,7258.498695,6.2048,0,0,0,0,0,0,0,0,0,2.68779,13.06734301,0.007834116,0.000732163,0
8,207,6.128,114.7474573,7258.498695,0,0,0,0,0.021909,0,0,0,0,0,0,3.789481443,0.007834116,0.000732163,0
8,207,6.128,114.7474573,7258.498695,0.0097975,0,0,0,0,0,0,0,0,0,0,11.33524931,0.007834116,0.000732163,0
8,207,6.128,114.7474573,7258.498695,0.00014,0,0,0.005769,0,0,0,0,0,0,0.151728,0.085689464,0.007834116,0.000732163,0
8,207,6.128,114.7474573,7258.498695,0,0,6.6211,0,0.007328,0,0,0,0,0,0,15.12102526,0.007834116,0.000732163,0
8,207,6.128,114.7474573,7258.498695,2.6123,0,0,13.805,0,0,0.67845,0,0.026005,0,8.7918,11.33524931,0.007834116,0.000732163,0
8,207,6.128,114.7474573,7258.498695,0,0,0,0,0,0,0,0,0,0,0,0.99739448,0.007834116,0.000732163,0
8,207,6.128,114.7474573,7258.498695,0.25336,0,0,0.22391,0,0,0,0,0,0,2.23266,15.12102526,0.007834116,0.000732163,0
8,207,6.128,114.7474573,7258.498695,23.064,0,0,0,0,0,72.717,0,0,0,0,11.33524931,0.007834116,0.000732163,0
8,207,6.128,114.7474573,7258.498695,0.024955,0,0,0,9.8934,0,0,0,0,0,11.1597,3.789481443,0.007834116,0.000732163,0
8,207,6.128,114.7474573,7258.498695,0.007328,0,0.00524,0,0.001434,0,0,0,0,0,0,25.71929039,0.007834116,0.000732163,0
8,207,6.128,114.7474573,7258.498695,0,0,0,0,0.11919,0.77921,0.42744,0,0.60239,0,12.8901,10.04744876,0.007834116,0.000732163,0
8,207,6.128,114.7474573,7258.498695,0,0,0,0.086213,0.008335,0,0,0,0,0,0.65616,3.237208988,0.007834116,0.000732163,0
8,207,6.128,114.7474573,7258.498695,6.8272,0,0,0,0,0,0,0,0,0,0,3.237208988,0.007834116,0.000732163,0
8,207,6.128,114.7474573,7258.498695,1.8379,0,0,0.73108,0.005769,0.005269,0,0,0,0,10.2414,11.33524931,0.007834116,0.000732163,0
8,207,6.128,114.7474573,7258.498695,0,0,0,0,0,0,0,0,2.528,0,0.279615,22.79016382,0.007834116,0.000732163,0
8,207,6.128,114.7474573,7258.498695,0.010963,0,1.261,6.7865,0.065813,0,0,0,0,0,0.181728,2.007567612,0.007834116,0.000732163,0
8,207,6.128,114.7474573,7258.498695,0,0,0,0.14395,0,0,0,0,0,0,0,0.541773565,0.007834116,0.000732163,0
8,207,6.128,114.7474573,7258.498695,0,0,0,0,0.008333,0,0,0,0,0,8.9718,6.472102045,0.007834116,0.000732163,0
8,207,6.128,114.7474573,7258.498695,0.008333,0,0,1.8563,0,2.0442,0,0,0,0,0.285792,3.237208988,0.007834116,0.000732163,0
8,207,6.128,114.7474573,7258.498695,0.001326,0,0,0,0,0,0,0,0,0,2.93637,0.219704697,0.007834116,0.000732163,0
8,207,6.128,114.7474573,7258.498695,0,0,0,0,0.000376,0,0,0,0,0,0.279615,3.789481443,0.007834116,0.000732163,0
8,207,6.128,114.7474573,7258.498695,0,0,0,0.14311,0,0.005269,0,0,0,0,0.151728,4.278895437,0.007834116,0.000732163,0
8,207,6.128,114.7474573,7258.498695,0.11399,0,0,0,0.008333,0,0,0,0,0,0,0.219704697,0.007834116,0.000732163,0
8,207,6.128,114.7474573,7258.498695,0,0,0.001669,61.793,0,0,0,0,0,0,12.8022,15.12102526,0.007834116,0.000732163,0
8,207,6.128,114.7474573,7258.498695,0.00644,0,0,0,0.00043,0.7872,0,0,0,0,0.151728,4.278895437,0.007834116,0.000732163,0
8,207,6.128,114.7474573,7258.498695,0,0,0,0.001493,0.10502,0,29.399,0,0,0,0.151728,0.541773565,0.007834116,0.000732163,0
8,207,6.128,114.7474573,7258.498695,0.13074,0,0,0.83912,0,0,0,0,0,0,2.10972,3.237208988,0.007834116,0.000732163,0
8,207,6.128,114.7474573,7258.498695,0.72108,0,0,0,0.001326,0,0,0,0,0,0.151728,0.219704697,0.007834116,0.000732163,0
8,207,6.128,114.7474573,7258.498695,0.00036,0,0,0.000063,3.6586,0,0,0,0,0,14.1318,1.651413523,0.007834116,0.000732163,0
8,207,6.128,114.7474573,7258.498695,0.00644,0,0.72881,0,11.928,0,0.10863,0,0,0,9.8421,0.99739448,0.007834116,0.000732163,0
8,207,6.128,114.7474573,7258.498695,0.005239,0,0,0,0,0,0.67053,0,0,0,0.273366,2.124635517,0.007834116,0.000732163,0
8,207,6.128,114.7474573,7258.498695,9.5606,0,0,0.008333,0,7.8317,0,0,0,0,0,0.219704697,0.007834116,0.000732163,0
8,207,6.128,114.7474573,7258.498695,1.5202,0,0,0,0.002741,0,0.059897,0,0,0,0,2.474804353,0.007834116,0.000732163,0
8,207,6.128,114.7474573,7258.498695,0,0,0,0,0.0088426,2.4162,0,0,0,0,0,2.474804353,0.007834116,0.000732163,0
8,207,6.128,114.7474573,7258.498695,0.002139,0,0.007613,0,0,0.781,0.60778,0,0,0,0,3.789481443,0.007834116,0.000732163,0
8,207,6.128,114.7474573,7258.498695,0.001478,0,0,0.008333,0,0,0,0,0,0,0,3.789481443,0.007834116,0.000732163,0
8,207,6.128,114.7474573,7258.498695,0.001009,0,0,0.025929,0,0,0,0,0,0,0.276939,6.472102045,0.007834116,0.000732163,0
8,207,6.128,114.7474573,7258.498695,0.015667,0,0,0,0.00062,1.5527,0.13028,0,0,0,7.8318,2.124635517,0.007834116,0.000732163,0
8,207,6.128,114.7474573,7258.498695,0.008335,0,0.002868,0,0.022119,0,0,0,0,0,0,2.124635517,0.007834116,0.000732163,0
8,207,6.128,114.7474573,7258.498695,0.067102,0,0,0,0,0,0,0,0,0,0.65616,2.124635517,0.007834116,0.000732163,0
8,207,6.128,114.7474573,7258.498695,0.002011,0,0,0,0,0,0.13028,0,0,0,0,0.99739448,0.007834116,0.000732163,0
8,207,6.128,114.7474573,7258.498695,0.58468,0,0,0,0,0,0,0,0,0,9.7158,0.541773565,0.007834116,0.000732163,0
8,207,6.128,114.7474573,7258.498695,0.00644,0,0,0.0088426,0,0,0,0,0,0,36.924,2.474804353,0.007834116,0.000732163,0
8,207,6.128,114.7474573,7258.498695,0.067102,0,0,0.00524,9.5619,0.089117,0,0,0,0,0.151728,6.472102045,0.007834116,0.000732163,0
8,207,6.128,114.7474573,7258.498695,0.000376,0,0,0,0,0,0,0,0,0,0.273384,0.301225485,0.007834116,0.000732163,0
8,207,6.128,114.7474573,7258.498695,0.00524,0,0,0.016837,0,0,0,0,0,0,95.283,3.237208988,0.007834116,0.000732163,0
8,207,6.128,114.7474573,7258.498695,2.4135,0,0,0,0,0,0,0,0,0,0.151728,0.541773565,0.007834116,0.000732163,0
8,207,6.128,114.7474573,7258.498695,0.008333,0,0,0,0,0,0.74966,0,0,0,0.286419,0.99739448,0.007834116,0.000732163,0
8,207,6.128,114.7474573,7258.498695,2.1473,0,0,47.493,0.013681,0,0,0,0,0,0.31755,1.035375756,0.007834116,0.000732163,0
8,207,6.128,114.7474573,7258.498695,0,0,0,0,0.013036,0,0,0,0,0,12.8022,0.99739448,0.007834116,0.000732163,0
8,207,6.128,114.7474573,7258.498695,0,0,0,0.94228,0,0,0,0,0,0,0.151728,0.99739448,0.007834116,0.000732163,0
8,207,6.128,114.7474573,7258.498695,0.50457,0,0,0,0,0,0,0,0,0,0.151728,2.124635517,0.007834116,0.000732163,0
8,207,6.128,114.7474573,7258.498695,1.366,0,0,0,0,0.95676,0,0,0,0,0.151728,3.237208988,0.007834116,0.000732163,0
8,207,6.128,114.7474573,7258.498695,0,0,0,0,0.074576,0,0,0,0,0,3.4818,1.651413523,0.007834116,0.000732163,0
8,207,6.128,114.7474573,7258.498695,6.3539,0,0,0,0,0,0,0,0,0,0,17.60572724,0.007834116,0.000732163,0
8,207,6.128,114.7474573,7258.498695,0.49815,0,0,0,4.753,1.1637,4.4928,0,0,0,0.151728,2.474804353,0.007834116,0.000732163,0
8,207,6.128,114.7474573,7258.498695,0,0,0,0,0,0,0,0,0,0,0.151728,0.219704697,0.007834116,0.000732163,0
8,207,6.128,114.7474573,7258.498695,1.8154,0,0,0,0,0,0,0,0,0,0.151728,15.12102526,0.007834116,0.000732163,0
8,207,6.128,114.7474573,7258.498695,0,0,0,0,0,0,0,0,0,0,0.273372,0.482794511,0.007834116,0.000732163,0
8,207,6.128,114.7474573,7258.498695,0,0,0.3747,0,0,0,0.021726,0,0,0,14.4507,1.035375756,0.007834116,0.000732163,0
8,207,6.128,114.7474573,7258.498695,1.8709,0,0,0,0,0,0,0,0,0,4.8687,0.219704697,0.007834116,0.000732163,0
8,207,6.128,114.7474573,7258.498695,0.0021738,0,0,0.007221,0.37101,0.25711,0,0,0,0,0.72228,2.474804353,0.007834116,0.000732163,0
8,207,6.128,114.7474573,7258.498695,24.337,0,4.8164,0.008335,0,0,0,0,0,0,0.285792,0.085689464,0.007834116,0.000732163,0
8,207,6.128,114.7474573,7258.498695,0,0,0,2.1625,0.019681,0,0,0,0,0,0,6.472102045,0.007834116,0.000732163,0
8,207,6.128,114.7474573,7258.498695,0.012423,0,0,0,0,0.0006805,6.0057,0,0,0,2.10972,15.12102526,0.007834116,0.000732163,0
8,207,6.128,114.7474573,7258.498695,1.1189,0,0,0.008333,0.008333,0,0,0,0,0,0.151728,0.99739448,0.007834116,0.000732163,0
8,207,6.128,114.7474573,7258.498695,0.053886,0,0,0.80704,0,0,0,0,0,0,0,0.219704697,0.007834116,0.000732163,0
8,207,6.128,114.7474573,7258.498695,49.011,0,0,0,0.002031,0,0,0,0,0,9.7158,6.472102045,0.007834116,0.000732163,0
8,207,6.128,114.7474573,7258.498695,3.9799,0,0,0,0,15.509,0,0,0,0,0.273324,3.237208988,0.007834116,0.000732163,0
8,207,6.128,114.7474573,7258.498695,0,0,0.012389,0.15168,0.86472,0.34845,0.40452,0,0,0,0.151728,3.789481443,0.007834116,0.000732163,0
8,207,6.128,114.7474573,7258.498695,8.6108,0,0,0,0,0,0,0,0,0,0.151728,11.33524931,0.007834116,0.000732163,0
8,207,6.128,114.7474573,7258.498695,0.005769,0,0,0,0,0,0,0,0,0,0.151728,3.237208988,0.007834116,0.000732163,0
8,207,6.128,114.7474573,7258.498695,0,0,0,0.013024,0.36581,0.000182,0,0,0,0,2.34429,15.12102526,0.007834116,0.000732163,0
8,207,6.128,114.7474573,7258.498695,0,0,0,0,0,0.77921,0,0,0,0,7.8042,0.99739448,0.007834116,0.000732163,0
8,207,6.128,114.7474573,7258.498695,0.70554,0,0,0,0.00524,0,0,0,0,0,0,1.651413523,0.007834116,0.000732163,0
8,207,6.128,114.7474573,7258.498695,0.0059107,0,0,0,0,0,0.13028,0,0,0,0,3.237208988,0.007834116,0.000732163,0
8,207,6.128,114.7474573,7258.498695,0,0,0,0.01254,3.1902,0,0,0,0,0,2.76954,2.124635517,0.007834116,0.000732163,0
8,207,6.128,114.7474573,7258.498695,0.043527,0,0,0,1.649,0,38.932,0,0,0,0.151728,0.301225485,0.007834116,0.000732163,0
8,207,6.128,114.7474573,7258.498695,0,0,0,4.1106,0,0,0,0,0,0,0.276924,1.651413523,0.007834116,0.000732163,0
8,207,6.128,114.7474573,7258.498695,1.7741,0,0,0.00043,0,0,0,0,4.1169,0,44.763,0.423815456,0.007834116,0.000732163,0
8,207,6.128,114.7474573,7258.498695,0.007835,0,0,0.1451,0.26036,0,0,0,0,0,0.151728,2.124635517,0.007834116,0.000732163,0
8,207,6.128,114.7474573,7258.498695,53.36,0,0.040094,0,0,0,0,0,0,0,0,22.79016382,0.007834116,0.000732163,0
8,207,6.128,114.7474573,7258.498695,0,0,0,0.002139,0.25503,0,0,0,0,0,0.151728,0.085689464,0.007834116,0.000732163,0
8,207,6.128,114.7474573,7258.498695,0,0,0,0,0,0,0,0,0,0,0.151728,2.474804353,0.007834116,0.000732163,0
8,207,6.128,114.7474573,7258.498695,0.007221,0,0,0.10557,0.003538,0,0,0,0,0,0,0.99739448,0.007834116,0.000732163,0
8,207,6.128,114.7474573,7258.498695,0,0,0,0,0,0,0,0,0,0,0.151728,0.219704697,0.007834116,0.000732163,0
8,207,6.128,114.7474573,7258.498695,0,0,0,0.008332,0.4381,0,0,0,0,0,0,11.33524931,0.007834116,0.000732163,0
8,207,6.128,114.7474573,7258.498695,0,0,44.977,3.9449,0.021906,0,0,0,0,0,0,2.007567612,0.007834116,0.000732163,0
8,207,6.128,114.7474573,7258.498695,0,0,0,0,0,0,0,0,0,0,0.181728,17.60572724,0.007834116,0.000732163,0
8,207,6.128,114.7474573,7258.498695,0.00524,0,1.5932,8.1583,22.461,0,0,0,0,0,66.645,0.219704697,0.007834116,0.000732163,0
8,207,6.128,114.7474573,7258.498695,0.011569,0,0,0,0,0,0,0,0,0,0,3.789481443,0.007834116,0.000732163,0
8,207,6.128,114.7474573,7258.498695,2.2602,0,0,0,0,0,0,0,0,0,19.4277,11.68233493,0.007834116,0.000732163,0
8,207,6.128,114.7474573,7258.498695,0.031802,0,0,3.9449,0,0,0,0,0,0,61.47,2.124635517,0.007834116,0.000732163,0
8,207,6.128,114.7474573,7258.498695,0.20881,0,0,16.558,0,0,0,0,0,0,0.151728,15.12102526,0.007834116,0.000732163,0
8,207,6.128,114.7474573,7258.498695,0,0,0,0.006456,0,0,0.13028,0,0,0,0.151728,0.423815456,0.007834116,0.000732163,0
8,207,6.128,114.7474573,7258.498695,0.013408,0,0,0.008333,0,0,0,0,0,0,0.181728,2.474804353,0.007834116,0.000732163,0
8,207,6.128,114.7474573,7258.498695,0.008335,0,0,0,0,0,0,0,0,0,1.47252,0.99739448,0.007834116,0.000732163,0
8,207,6.128,114.7474573,7258.498695,0.052214,0,0,16.48,0,0,0,0,0,0,7.3257,0.219704697,0.007834116,0.000732163,0
8,207,6.128,114.7474573,7258.498695,0.00524,0,0,0.047407,0.008333,0,0,0,0,0,19.6818,0.99739448,0.007834116,0.000732163,0
8,207,6.128,114.7474573,7258.498695,0.91229,0,0,0.02891,0,29.991,0,0,0,0,0.78174,13.06734301,0.007834116,0.000732163,0
8,207,6.128,114.7474573,7258.498695,0.3628,0,0,0,0,0,0,0,0,0,0.151728,2.474804353,0.007834116,0.000732163,0
8,207,6.128,114.7474573,7258.498695,0,0,0,0,0,0.014727,0,0,0,0,0.151728,1.035375756,0.007834116,0.000732163,0
8,207,6.128,114.7474573,7258.498695,0.08029,0,0,0.0065058,0,0,0,0,0,0,41.715,11.68233493,0.007834116,0.000732163,0
8,207,6.128,114.7474573,7258.498695,0,0,0,0,0.00524,0,0,0,0,0,0,0.99739448,0.007834116,0.000732163,0
8,207,6.128,114.7474573,7258.498695,36.945,0,0.000376,0.27312,1.7249,0,0,0,0,0,43.863,0.301225485,0.007834116,0.000732163,0
8,207,6.128,114.7474573,7258.498695,0,0,0,0,0.14993,0,2.7921,0,0,0,0.151728,2.124635517,0.007834116,0.000732163,0
8,207,6.128,114.7474573,7258.498695,0,0,0,0.00524,0,0,0,0,0,0,45.933,0.301225485,0.007834116,0.000732163,0
8,207,6.128,114.7474573,7258.498695,0,0,0,0,0,0,0,0,0,0,0.151728,2.124635517,0.007834116,0.000732163,0
8,207,6.128,114.7474573,7258.498695,0.25336,0,0,1.2164,0.00524,0,0,0,0,0,6.258,2.124635517,0.007834116,0.000732163,0
8,207,6.128,114.7474573,7258.498695,0,0,0,0.18602,0.00833,0.90378,0,0,0,0,0.151728,1.651413523,0.007834116,0.000732163,0
8,207,6.128,114.7474573,7258.498695,2.9666,0,0,0,0,0,0,0,0,0,0,2.124635517,0.007834116,0.000732163,0
8,207,6.128,114.7474573,7258.498695,0,0,0,0,3.6586,0,0,0,0,0,0.151728,0.99739448,0.007834116,0.000732163,0
8,207,6.128,114.7474573,7258.498695,0.029004,0,0,0.15874,35.29,0,0,0,0,0,0.273372,11.33524931,0.007834116,0.000732163,0
8,207,6.128,114.7474573,7258.498695,0,0,0,0,0.13896,0,0,0,0,0,0,1.035375756,0.007834116,0.000732163,0
8,207,6.128,114.7474573,7258.498695,0,0,0,0,10.444,0,0,0,0,0,37.836,11.68233493,0.007834116,0.000732163,0
8,207,6.128,114.7474573,7258.498695,2.5794,0,0,0,3.2048,0,0,0,0,0,0.33174,6.472102045,0.007834116,0.000732163,0
8,207,6.128,114.7474573,7258.498695,0,0,0,0.37527,0.0033865,0,0,0,0,0,0.276939,11.68233493,0.007834116,0.000732163,0
8,207,6.128,114.7474573,7258.498695,0.11748,0,0,0,0,0.79321,0,0,0,0,0,0.301225485,0.007834116,0.000732163,0
8,207,6.128,114.7474573,7258.498695,0.007835,0,0,0.008335,18.998,0,0,0,0,0,81.042,0.99739448,0.007834116,0.000732163,0
8,207,6.128,114.7474573,7258.498695,0,0,0,0.002868,62.065,0,0,0,0,0,0.50493,2.124635517,0.007834116,0.000732163,0
8,207,6.128,114.7474573,7258.498695,0.035255,0,0,0,0,0,0,0,0,0,2.21025,15.12102526,0.007834116,0.000732163,0
8,207,6.128,114.7474573,7258.498695,0,0,0,0.011941,14.856,0,0,0,0,0,7.5918,0.423815456,0.007834116,0.000732163,0
8,207,6.128,114.7474573,7258.498695,0.003539,0,0,0,8.0698,0,0,0,0,0,2.37174,11.68233493,0.007834116,0.000732163,0
8,207,6.128,114.7474573,7258.498695,1.5202,0,0,0,0,0,0,0,0,0,0,3.237208988,0.007834116,0.000732163,0
8,207,6.128,114.7474573,7258.498695,0.005239,0,0,0.054581,0.028193,0,0,0,0,0,0.276939,6.472102045,0.007834116,0.000732163,0
8,207,6.128,114.7474573,7258.498695,0.17962,0,0,0,0,0,0,0,0,0,3.6159,0.301225485,0.007834116,0.000732163,0
8,207,6.128,114.7474573,7258.498695,0,0,19.593,0.054581,0,0,0,0,0,0,0.273372,0.085689464,0.007834116,0.000732163,0
8,207,6.128,114.7474573,7258.498695,5.6933,0,0,0,0,0,0.13028,0,0,0,15.0018,0.99739448,0.007834116,0.000732163,0
8,207,6.128,114.7474573,7258.498695,0.14297,0,0,3.4325,8.0306,0,0,0,0,0,4.8618,2.124635517,0.007834116,0.000732163,0
8,207,6.128,114.7474573,7258.498695,0,0,0,0,0,0.79307,0,0,0,0,0,2.124635517,0.007834116,0.000732163,0
8,207,6.128,114.7474573,7258.498695,0.00062,0,0,0,0.14172,0,0,0,0,0,24.9618,0.219704697,0.007834116,0.000732163,0
8,207,6.128,114.7474573,7258.498695,0.0088426,0,0,0,0,0,0,0,0,0,0.151728,0.219704697,0.007834116,0.000732163,0
8,207,6.128,114.7474573,7258.498695,0.27365,0,0,0,0,0,0,0,0,0,0.151728,0.219704697,0.007834116,0.000732163,0
8,207,6.128,114.7474573,7258.498695,2.9666,0,0,0,0.65463,0,0,0,0,0,13.5936,13.06734301,0.007834116,0.000732163,0
8,207,6.128,114.7474573,7258.498695,1.1697,0,0,70.359,0,0,0,0,0,0,0,0.219704697,0.007834116,0.000732163,0
8,207,6.128,114.7474573,7258.498695,0,0,0,0.040274,0,0,3.2846,0,0,0,42.996,0.99739448,0.007834116,0.000732163,0
8,207,6.128,114.7474573,7258.498695,7.9005,0,0,0.013455,0,8.0819,0,0,0,0,0.204657,0.423815456,0.007834116,0.000732163,0
8,207,6.128,114.7474573,7258.498695,0.11748,0,0,0,21.064,0,0,0,0,0,0,0.541773565,0.007834116,0.000732163,0
8,207,6.128,114.7474573,7258.498695,1.5561,0,0,0,0,0,0.13028,0,0,0,41.634,0.301225485,0.007834116,0.000732163,0
8,207,6.128,114.7474573,7258.498695,0,0,0,0.008335,0.006456,0,0,0,0,0,2.23266,0.219704697,0.007834116,0.000732163,0
8,207,6.128,114.7474573,7258.498695,0.0059398,0,0,0,0.67362,0,0,0,0,0,0.151728,2.124635517,0.007834116,0.000732163,0
8,207,6.128,114.7474573,7258.498695,50.529,0,0,0.005341,0,0,0,0,0,0,43.863,2.124635517,0.007834116,0.000732163,0
8,207,6.128,114.7474573,7258.498695,0.0031025,0,0,0,0.1136,0,0,0,0,0,0.151728,0.99739448,0.007834116,0.000732163,0
8,207,6.128,114.7474573,7258.498695,0,0,0.005239,0.0078558,0,0,0.13028,0,0,0,0.151728,1.035375756,0.007834116,0.000732163,0
8,207,6.128,114.7474573,7258.498695,0.015333,0,0,0.7793,0.72843,0,17.486,0,0,0,0.151728,11.33524931,0.007834116,0.000732163,0
8,207,6.128,114.7474573,7258.498695,0.12208,0,0,0.0055919,4.5941,0,0,0.2693,0,0,8.5524,2.007567612,0.007834116,0.000732163,0
8,207,6.128,114.7474573,7258.498695,36.159,0,0,0,0,0,0,0,0,0,0,0.085689464,0.007834116,0.000732163,0
8,207,6.128,114.7474573,7258.498695,0.58468,0,0,0.0062753,0.0096305,0,0,0,0,0,0.151728,0.301225485,0.007834116,0.000732163,0
8,207,6.128,114.7474573,7258.498695,0.010521,0,0,0,0.009056,0,0,0,0,0,0.181728,0.085689464,0.007834116,0.000732163,0
8,207,6.128,114.7474573,7258.498695,0.010479,0,0,0.008332,18.998,0,0,0,0,0,0,0.301225485,0.007834116,0.000732163,0
8,207,6.128,114.7474573,7258.498695,0.042136,0,0,0.001326,0.029406,0,0,0,0,0,0,0.423815456,0.007834116,0.000732163,0
8,207,6.128,114.7474573,7258.498695,0,0,0,0.008335,0.008333,0,0,0,0,0,10.4865,6.472102045,0.007834116,0.000732163,0
8,207,6.128,114.7474573,7258.498695,0,0,0,51.422,0,0,0,0,0,0,24.9618,0.085689464,0.007834116,0.000732163,0
8,207,6.128,114.7474573,7258.498695,0.075337,0,0.005239,23.088,26.494,0,0,0,0,0,0.151728,1.651413523,0.007834116,0.000732163,0
8,207,6.128,114.7474573,7258.498695,5.6933,0,0,0,0,0,0,0,0,0,10.4865,11.33524931,0.007834116,0.000732163,0
8,207,6.128,114.7474573,7258.498695,0,0,0,1.0312,1.1676,2.5002,0,0,0,0,8.9418,3.789481443,0.007834116,0.000732163,0
8,207,6.128,114.7474573,7258.498695,0,0,0,0,0.00524,0,0,0,0,0,0,0.301225485,0.007834116,0.000732163,0
8,207,6.128,114.7474573,7258.498695,0,0,0,0,0,0,0.13028,0,0,0,14.3958,1.035375756,0.007834116,0.000732163,0
8,207,6.128,114.7474573,7258.498695,0.031802,0,0,0,0,0,0.13028,0,0,0,0.151728,3.789481443,0.007834116,0.000732163,0
8,207,6.128,114.7474573,7258.498695,0.013476,0,0,0,0.014078,0,0.13028,0,0,0,0.181728,1.035375756,0.007834116,0.000732163,0
8,207,6.128,114.7474573,7258.498695,0.013575,0,0,0,0,0,0,0,0,0,34.872,1.651413523,0.007834116,0.000732163,0
8,207,6.128,114.7474573,7258.498695,0.39529,0,0,0,0.00036,0,0,0,0,0,0.280578,0.99739448,0.007834116,0.000732163,0
8,207,6.128,114.7474573,7258.498695,0,0,0,0,0,0,0,0,0,0,0,0.541773565,0.007834116,0.000732163,0
8,207,6.128,114.7474573,7258.498695,0.008585,0,0,0,2.9298,0,0,0,0,0,0,0.423815456,0.007834116,0.000732163,0
8,207,6.128,114.7474573,7258.498695,0,0,0,1.2811,0,6.5672,0,0,0,0,3.8946,0.219704697,0.007834116,0.000732163,0
8,207,6.128,114.7474573,7258.498695,0,0,0,0.005239,0,0,0,0,0,0,4.6029,0.99739448,0.007834116,0.000732163,0
8,207,6.128,114.7474573,7258.498695,0.53043,0,0,17.949,0,0,13.175,0,0,0,0.151728,0.99739448,0.007834116,0.000732163,0
8,207,6.128,114.7474573,7258.498695,0.078253,0,0,5.4764,0.002868,0,0,0,0,0,0.84174,6.495762651,0.007834116,0.000732163,0
8,207,6.128,114.7474573,7258.498695,0,0,0,0,0.005769,0,19.544,0,0,0,0,11.33524931,0.007834116,0.000732163,0
8,207,6.128,114.7474573,7258.498695,0,0,0,0.000688,0,0,0,0,0,0,0,3.789481443,0.007834116,0.000732163,0
8,207,6.128,114.7474573,7258.498695,0.010963,0,0.81835,0.002868,0.00524,0.79323,0,0,0,0,4.8507,0.219704697,0.007834116,0.000732163,0
8,207,6.128,114.7474573,7258.498695,0,0,0,0.003416,1.0363,0,76.371,0,0,0,2.96682,6.472102045,0.007834116,0.000732163,0
8,207,6.128,114.7474573,7258.498695,0.026038,0,0,0.2491,0.027077,0,0,0,0.005411,0,0.181728,15.12102526,0.007834116,0.000732163,0
8,207,6.128,114.7474573,7258.498695,0.08383,0,0.83459,0,0,0.80146,0,0,0,0,0,11.68233493,0.007834116,0.000732163,0
8,207,6.128,114.7474573,7258.498695,0.00524,0,0,0,0,0,0,0,0,0,8.5524,0.423815456,0.007834116,0.000732163,0
8,207,6.128,114.7474573,7258.498695,0.21588,0,0,0.008335,0.008333,0,0,0,0,0,0.151728,10.04744876,0.007834116,0.000732163,0
8,207,6.128,114.7474573,7258.498695,0,0,0,0,0.002868,0,0.67845,0,0.00524,0,0.151728,0.219704697,0.007834116,0.000732163,0
8,207,6.128,114.7474573,7258.498695,0.008333,0,0,0.013976,0.008333,0,0,0,0,0,16.4517,11.68233493,0.007834116,0.000732163,0
8,207,6.128,114.7474573,7258.498695,0.018338,0,0,0,0.0088426,0,0,0,0,0,0,2.474804353,0.007834116,0.000732163,0
8,207,6.128,114.7474573,7258.498695,6.0303,0,0,0,0.008321,0,0,0,0,0,5.0757,0.301225485,0.007834116,0.000732163,0
8,207,6.128,114.7474573,7258.498695,0.12208,0,0,0.008333,16,0,0,0,0,0,0.2871,4.278895437,0.007834116,0.000732163,0
8,207,6.128,114.7474573,7258.498695,0,0,0,0,0,1.3939,0,0,0,0,0,22.79016382,0.007834116,0.000732163,0
8,207,6.128,114.7474573,7258.498695,0,0,0,0,0,0.005269,0,0,0,0,0,1.651413523,0.007834116,0.000732163,0
8,207,6.128,114.7474573,7258.498695,2.1571,0,0,1.244,0.0099455,0,0,0,0,0,3.8823,11.33524931,0.007834116,0.000732163,0
8,207,6.128,114.7474573,7258.498695,40.517,0,0,0,0,0,0,0,0,0,0,0.219704697,0.007834116,0.000732163,0
8,207,6.128,114.7474573,7258.498695,0,0,0,0.0089655,0.008333,0,0,0,0,0,30.123,3.789481443,0.007834116,0.000732163,0
8,207,6.128,114.7474573,7258.498695,0.008333,0,0,0,0,0.080226,0,0,0,0,0.151728,3.237208988,0.007834116,0.000732163,0
8,207,6.128,114.7474573,7258.498695,0.008333,0,0,0,0.001669,0,0,0,0,0,0.86343,1.035375756,0.007834116,0.000732163,0
8,207,6.128,114.7474573,7258.498695,0,0,0,0.011201,0,0,0,0,0,0,0.288579,0.423815456,0.007834116,0.000732163,0
8,207,6.128,114.7474573,7258.498695,0.015487,0,0,0.008333,0.008333,0,0,0,0,0,0,0.301225485,0.007834116,0.000732163,0
8,207,6.128,114.7474573,7258.498695,0,0,0,0,2.1344,0,0,0,0,0,0.67983,0.541773565,0.007834116,0.000732163,0
8,207,6.128,114.7474573,7258.498695,0.018381,0,0,0,0,0,0,0,0,0,0.151728,0.99739448,0.007834116,0.000732163,0
8,207,6.128,114.7474573,7258.498695,0,0,0,0.0088426,0,0,0,0,0,0,0,1.035375756,0.007834116,0.000732163,0
8,207,6.128,114.7474573,7258.498695,0.51774,0,0,10.744,0.14172,0,0,0,0,0,0.151728,25.71929039,0.007834116,0.000732163,0
8,207,6.128,114.7474573,7258.498695,5.8431,0,0,0.0043235,0.0094073,0.42818,0.13028,0,0,0,9.5499,11.68233493,0.007834116,0.000732163,0
8,207,6.128,114.7474573,7258.498695,0.008333,0,0,0,0.069058,0,0,0,0,0,0.151728,0.301225485,0.007834116,0.000732163,0
8,207,6.128,114.7474573,7258.498695,0.005239,0,0,0,0,0,0,0,0,0,0,11.33524931,0.007834116,0.000732163,0
8,207,6.128,114.7474573,7258.498695,0.43058,0,0,0,0.030073,0,0,0,0,0,0,3.237208988,0.007834116,0.000732163,0
8,207,6.128,114.7474573,7258.498695,0,0,0.00524,0,1.4612,0,0,0,0,0,0,0.301225485,0.007834116,0.000732163,0
8,207,6.128,114.7474573,7258.498695,0,0,0,0,0,0,0.13028,0,0,0,0.151728,3.789481443,0.007834116,0.000732163,0
8,207,6.128,114.7474573,7258.498695,0,0,0,0,0.008133,0.77904,0,0,0,0,0.151728,6.472102045,0.007834116,0.000732163,0
8,207,6.128,114.7474573,7258.498695,0,0,0,0.016837,0,0,0,0,0,0,3.4635,11.33524931,0.007834116,0.000732163,0
8,207,6.128,114.7474573,7258.498695,0.008333,0,0,0,0,0,0,0,0,0,0.42399,1.651413523,0.007834116,0.000732163,0
8,207,6.128,114.7474573,7258.498695,0.74435,0,0,0,0.049462,0,0,0,0,0,21.2118,11.33524931,0.007834116,0.000732163,0
8,207,6.128,114.7474573,7258.498695,0.047912,0,0,0.0056478,0,0,0,0,0,0,0.75903,0.301225485,0.007834116,0.000732163,0
8,207,6.128,114.7474573,7258.498695,0,0,0,3.7171,0.00524,0,0,0,0,0,0.151728,1.035375756,0.007834116,0.000732163,0
8,207,6.128,114.7474573,7258.498695,7.1589,0,0,0.44439,0,0,0,0,0,0,5.787,2.474804353,0.007834116,0.000732163,0
8,207,6.128,114.7474573,7258.498695,0.000251,0,0,0,0,0,0,0,0,0,0,1.035375756,0.007834116,0.000732163,0
8,207,6.128,114.7474573,7258.498695,0,0,0,0.009064,0.005395,0,0,0,0,0,18.3318,13.06734301,0.007834116,0.000732163,0
8,207,6.128,114.7474573,7258.498695,3.0116,0,0,0,0.23723,0,78.355,0,0,0,10.3692,15.12102526,0.007834116,0.000732163,0
8,207,6.128,114.7474573,7258.498695,0.016638,0,0,0.82457,0,0,0,0,0,0,0.70341,2.124635517,0.007834116,0.000732163,0
8,207,6.128,114.7474573,7258.498695,2.1571,0,0,3.6568,0.00524,0,0,0,0,0,14.3958,25.71929039,0.007834116,0.000732163,0
8,207,6.128,114.7474573,7258.498695,0.016058,0,0,1.4947,0,0,0,0,0,0,0.151728,3.789481443,0.007834116,0.000732163,0
8,207,6.128,114.7474573,7258.498695,0.00524,0,0,0.000124,0.013036,1.692,0,0,0,0,0.78999,17.60572724,0.007834116,0.000732163,0
8,207,6.128,114.7474573,7258.498695,0.028169,0,0,0.008333,0,0,0,0,0,0,0.37014,0.085689464,0.007834116,0.000732163,0
8,207,6.128,114.7474573,7258.498695,0,0,0,0,0,0,0,0,0,0,0.211728,0.219704697,0.007834116,0.000732163,0
8,207,6.128,114.7474573,7258.498695,0,0,0,0.008335,0,0.78188,0,0,0,0,0,0.99739448,0.007834116,0.000732163,0
8,207,6.128,114.7474573,7258.498695,0.001493,0,0,0,0,0,0,0,0,0,66.645,1.651413523,0.007834116,0.000732163,0
8,207,6.128,114.7474573,7258.498695,0.009056,0,0,0,0,0.87289,0,0,0,0,0,15.12102526,0.007834116,0.000732163,0
8,207,6.128,114.7474573,7258.498695,0,0,0,0.02891,0,0.77921,0,0,0,0,0,1.651413523,0.007834116,0.000732163,0
8,207,6.128,114.7474573,7258.498695,2.6123,0,0,0,0,0,0,0,0,0,0.276939,0.541773565,0.007834116,0.000732163,0
8,207,6.128,114.7474573,7258.498695,0,0,0,0,5.9309,0.096353,0,0,0,0,0.151728,2.007567612,0.007834116,0.000732163,0
8,207,6.128,114.7474573,7258.498695,0.03314,0,0,0.02891,1.5895,0,0,0,0,0,0.151728,2.474804353,0.007834116,0.000732163,0
8,207,6.128,114.7474573,7258.498695,1.6744,0,0,0,0.00036,0.99064,0,0,0,0,0.273357,17.60572724,0.007834116,0.000732163,0
8,207,6.128,114.7474573,7258.498695,0,0,0,0,0.52975,0,0,0,0,0,0.151728,15.12102526,0.007834116,0.000732163,0
8,207,6.128,114.7474573,7258.498695,0,0,0,0,0,0,3.2846,0,0,0,0.151728,6.472102045,0.007834116,0.000732163,0
8,207,6.128,114.7474573,7258.498695,0.012568,0,0,0,0,0,0,0,0,0,0.151728,0.423815456,0.007834116,0.000732163,0
8,207,6.128,114.7474573,7258.498695,0.075337,0,0,0,17.217,0.065724,0,0,0,0,0.151728,15.12102526,0.007834116,0.000732163,0
8,207,6.128,114.7474573,7258.498695,0.91229,0,0,4.0096,0,0,0,0,0,0,0.273324,3.237208988,0.007834116,0.000732163,0
8,207,6.128,114.7474573,7258.498695,0,0,0,45.052,3.969,0,0,0,0.008333,0,10.4865,2.474804353,0.007834116,0.000732163,0
8,207,6.128,114.7474573,7258.498695,0,0,0,0.62945,0,0.80154,0,0,0,0,0,0.301225485,0.007834116,0.000732163,0
8,207,6.128,114.7474573,7258.498695,0,0,0,7.1341,0,0,0,0,0,0,0.151728,2.474804353,0.007834116,0.000732163,0
8,207,6.128,114.7474573,7258.498695,4.1811,0,0,0,0,0,0,0,0,0,42.996,0.541773565,0.007834116,0.000732163,0
8,207,6.128,114.7474573,7258.498695,0.000124,0,0,0.011201,0.000739,0,0,0,0,0,0.151728,0.085689464,0.007834116,0.000732163,0
8,207,6.128,114.7474573,7258.498695,0,0,0,0,0.0068531,0.026763,0,0,0,0,0,0.301225485,0.007834116,0.000732163,0
8,207,6.128,114.7474573,7258.498695,1.2548,0,0,0.00014,0,0,0,0,0,0,0.151728,6.495762651,0.007834116,0.000732163,0
8,207,6.128,114.7474573,7258.498695,0.008333,0,0,5.4015,1.1676,0,0,0,0,0,0,2.124635517,0.007834116,0.000732163,0
8,207,6.128,114.7474573,7258.498695,0,0,0,0,0.566,0,0.59876,0,0,0,0,10.04744876,0.007834116,0.000732163,0
8,207,6.128,114.7474573,7258.498695,0,0,0,0,0,0,18.658,0,0,0,1.19187,0.99739448,0.007834116,0.000732163,0
8,207,6.128,114.7474573,7258.498695,7.2682,0,0,0,56.549,0,0,0,0,0,0,0.99739448,0.007834116,0.000732163,0
8,207,6.128,114.7474573,7258.498695,0,0,0,0.003346,5.2863,0,0,0,0,0,12.3399,0.541773565,0.007834116,0.000732163,0
8,207,6.128,114.7474573,7258.498695,27.506,0,0,0,0,0,0,0,0,0,0,2.124635517,0.007834116,0.000732163,0
8,207,6.128,114.7474573,7258.498695,0.013575,0,0,0,0,0,0.60778,0,0,0,0.268926,1.035375756,0.007834116,0.000732163,0
8,207,6.128,114.7474573,7258.498695,0.008333,0,0,0,2.1344,0,0,0,0,0,0.78174,1.035375756,0.007834116,0.000732163,0
8,207,6.128,114.7474573,7258.498695,0.14827,0,0,0,0,0,0,0,0,0,0.283572,3.789481443,0.007834116,0.000732163,0
8,207,6.128,114.7474573,7258.498695,1.6091,0,0,0,21.429,0,0,0,0,0,5.5146,1.035375756,0.007834116,0.000732163,0
8,207,6.128,114.7474573,7258.498695,11.506,0,0,0,0.63967,0,0,0,0,0,0,0.541773565,0.007834116,0.000732163,0
8,207,6.128,114.7474573,7258.498695,0.012568,0,0,0.00524,0,0,0.008333,0,0,0,0.53757,3.237208988,0.007834116,0.000732163,0
8,207,6.128,114.7474573,7258.498695,0.047912,0,0,0.45906,0,0.080373,0.008333,0,0,0,0,15.12102526,0.007834116,0.000732163,0
8,207,6.128,114.7474573,7258.498695,0.000688,0,0,0,0,0,0,0,0,0,5.7318,0.423815456,0.007834116,0.000732163,0
8,207,6.128,114.7474573,7258.498695,0.032101,0,0,0,0,0,0,0,0,0,19.6818,1.035375756,0.007834116,0.000732163,0
8,207,6.128,114.7474573,7258.498695,0,0,0,0,0,0,24.479,0,0,0,0.280446,1.651413523,0.007834116,0.000732163,0
8,207,6.128,114.7474573,7258.498695,0.0067502,0,0,11.876,0.13592,0,0,0,0,0,0,0.541773565,0.007834116,0.000732163,0
8,207,6.128,114.7474573,7258.498695,0.008333,0,0,0.0306,0.019035,0,0,0,0,0,0.151728,6.472102045,0.007834116,0.000732163,0
8,207,6.128,114.7474573,7258.498695,0.000545,0,0,0,0,0,0,0,0,0,0.151728,0.219704697,0.007834116,0.000732163,0
8,207,6.128,114.7474573,7258.498695,0,0,0.003538,0.62945,1.3821,0,0.13028,0,0,0,0,2.474804353,0.007834116,0.000732163,0
8,207,6.128,114.7474573,7258.498695,0,0,0,0,0.14829,0,0,0,0,0,0.53757,11.33524931,0.007834116,0.000732163,0
8,207,6.128,114.7474573,7258.498695,0,0,0,51.422,0,0,0,0,0,0,0.44541,2.474804353,0.007834116,0.000732163,0
8,207,6.128,114.7474573,7258.498695,0,0,0,0,0,0,0,0,0,0,0.151728,10.04744876,0.007834116,0.000732163,0
8,207,6.128,114.7474573,7258.498695,0.007835,0,0,0,0.030965,0,0,0,0,0,1.05978,15.12102526,0.007834116,0.000732163,0
8,207,6.128,114.7474573,7258.498695,0,0,0,0,0,0.79321,0,0,0,0,5.5146,2.124635517,0.007834116,0.000732163,0
8,207,6.128,114.7474573,7258.498695,0.016699,0,0,0,0,0,0,0,0,0,4.5897,3.789481443,0.007834116,0.000732163,0
8,207,6.128,114.7474573,7258.498695,0,0,0,0.00524,0,0,0.021726,0,0,0,4.2768,0.219704697,0.007834116,0.000732163,0
8,207,6.128,114.7474573,7258.498695,0,0,0,0.000376,0.001669,0,15.202,0,0,0,0,1.035375756,0.007834116,0.000732163,0
8,207,6.128,114.7474573,7258.498695,0.024492,0,0,0,0,1.0657,0,0,0,0,1.17966,2.474804353,0.007834116,0.000732163,0
8,207,6.128,114.7474573,7258.498695,2.1571,0,0,0.030237,0.009056,13.442,0,0,0,0,0.151728,1.035375756,0.007834116,0.000732163,0
8,207,6.128,114.7474573,7258.498695,4.3384,0,0,0,0,0,0,0,0,0,0.151728,6.472102045,0.007834116,0.000732163,0
8,207,6.128,114.7474573,7258.498695,0.009021,0,0,0,0,0,0,0,0,0,0,10.04744876,0.007834116,0.000732163,0
8,207,6.128,114.7474573,7258.498695,0,0,0,0.007697,0.000078,0,0,0,0,0,14.5008,3.789481443,0.007834116,0.000732163,0
8,207,6.128,114.7474573,7258.498695,0,0,4.5301,0,0,0,0,0,0,0,1.5003,0.301225485,0.007834116,0.000732163,0
8,207,6.128,114.7474573,7258.498695,0,0,0.79845,0,0,0,0,0,0,0,1.17966,6.472102045,0.007834116,0.000732163,0
8,207,6.128,114.7474573,7258.498695,0,0,0,1.2811,0,0,0,0,0,0,7.1259,15.12102526,0.007834116,0.000732163,0
8,207,6.128,114.7474573,7258.498695,0.015333,0,0,0,6.9699,0,0,0,0,0,0,1.651413523,0.007834116,0.000732163,0
8,207,6.128,114.7474573,7258.498695,0.00021,0,0,0,0,0,0,0,0,0,10.3692,2.474804353,0.007834116,0.000732163,0
8,207,6.128,114.7474573,7258.498695,23.064,0,0,0,0.020274,0,0,0,0,0,9.6318,0.219704697,0.007834116,0.000732163,0
8,207,6.128,114.7474573,7258.498695,0.10284,0,0,0,0,0,0,0,0,0,2.41287,2.124635517,0.007834116,0.000732163,0
8,207,6.128,114.7474573,7258.498695,0.002508,0,0,0.008333,0.00833,0,0,0,0,0,0,2.124635517,0.007834116,0.000732163,0
8,207,6.128,114.7474573,7258.498695,0.0724,0,0,1.2021,0,0,0.10863,0,0,0,17.3718,13.06734301,0.007834116,0.000732163,0
8,207,6.128,114.7474573,7258.498695,1.4385,0,0,0,0,0,0,0,0.00524,0,8.5524,15.12102526,0.007834116,0.000732163,0
8,207,6.128,114.7474573,7258.498695,0.007221,0,0,0,0,0,6.2428,0,0,0,0,0.219704697,0.007834116,0.000732163,0
8,207,6.128,114.7474573,7258.498695,0.071675,0,0,0,1.7509,0.00158,0,0,0,0,0.151728,0.219704697,0.007834116,0.000732163,0
8,207,6.128,114.7474573,7258.498695,0,0,0,0.00524,0,0,0,0,0,0,0,0.423815456,0.007834116,0.000732163,0
8,207,6.128,114.7474573,7258.498695,7.1711,0,0,0,0,0,13.103,0,0,0,0.151728,0.99739448,0.007834116,0.000732163,0
8,207,6.128,114.7474573,7258.498695,1.6091,0,0,0,0.005239,0,0,0,0,0,3.0075,6.472102045,0.007834116,0.000732163,0
8,207,6.128,114.7474573,7258.498695,0.0088426,0,0,0,0,0,0,0,0,0,0.151728,0.085689464,0.007834116,0.000732163,0
8,207,6.128,114.7474573,7258.498695,0,0,0,0,0.68315,0,0,0,0,0,0,2.474804353,0.007834116,0.000732163,0
8,207,6.128,114.7474573,7258.498695,2.5794,0,0,0,0,0,0,0,0,0,0.151728,0.219704697,0.007834116,0.000732163,0
8,207,6.128,114.7474573,7258.498695,0,0,0,0,0,0,4.3529,0,0,0,3.9402,1.035375756,0.007834116,0.000732163,0
8,207,6.128,114.7474573,7258.498695,0,0,0,0.007102,10.115,0,0,0,0,0,4.5198,0.301225485,0.007834116,0.000732163,0
8,207,6.128,114.7474573,7258.498695,5.865,0,0,0,0,0,0,0.95234,0,0,0.151728,0.423815456,0.007834116,0.000732163,0
8,207,6.128,114.7474573,7258.498695,0,0,0,0,0,0.0016135,0,0,0,0,15.9147,0.541773565,0.007834116,0.000732163,0
8,207,6.128,114.7474573,7258.498695,0.00043,0,0,0,0,0,0,0,0,0,8.6688,6.472102045,0.007834116,0.000732163,0
8,207,6.128,114.7474573,7258.498695,0.012671,0,0,0,0,0,0,0,0,0,0,17.60572724,0.007834116,0.000732163,0
8,207,6.128,114.7474573,7258.498695,2.1571,0,0,0.005239,2.7524,0.19707,0,0,0,0,0,0.541773565,0.007834116,0.000732163,0
8,207,6.128,114.7474573,7258.498695,0,0,0,0,26.765,0,0,0,0,0,0.151728,0.423815456,0.007834116,0.000732163,0
8,207,6.128,114.7474573,7258.498695,0,0,0,0.002031,0,0,0,0,0,0,0.151728,3.237208988,0.007834116,0.000732163,0
8,207,6.128,114.7474573,7258.498695,0.00014,0,0,0,0,0,0,0,0,0,1.5003,0.085689464,0.007834116,0.000732163,0
8,207,6.128,114.7474573,7258.498695,0,0,0,0,0.00524,0,0,0,0,0,17.1858,1.651413523,0.007834116,0.000732163,0
8,207,6.128,114.7474573,7258.498695,0.008333,0,0,0,0,0,0,0,0,0,4.7865,3.789481443,0.007834116,0.000732163,0
8,207,6.128,114.7474573,7258.498695,50.278,0,0,0,0,0,0,0,0,0,4.1406,0.99739448,0.007834116,0.000732163,0
8,207,6.128,114.7474573,7258.498695,0.015667,0,0,0,0,0,0,0,0,0,0,15.12102526,0.007834116,0.000732163,0
8,207,6.128,114.7474573,7258.498695,0,0,0,0,0,0,0,0,0,0,28.113,15.12102526,0.007834116,0.000732163,0
8,207,6.128,114.7474573,7258.498695,0.008335,0,0,1.2164,0.17103,0,0,0,0,0,0.72228,3.789481443,0.007834116,0.000732163,0
8,207,6.128,114.7474573,7258.498695,0,0,0,0.0062753,0,0,0,0,0,0,0.151728,1.035375756,0.007834116,0.000732163,0
8,207,6.128,114.7474573,7258.498695,0,0,0,0.012395,0.023106,0,0,0,0,0,0.151728,13.06734301,0.007834116,0.000732163,0
8,207,6.128,114.7474573,7258.498695,0,0,0.010345,0,0.00062,0.0899,0,0,0,0,0.286086,2.007567612,0.007834116,0.000732163,0
8,207,6.128,114.7474573,7258.498695,0.001267,0,0,0,0,0,0,0,0,0,5.6418,1.035375756,0.007834116,0.000732163,0
8,207,6.128,114.7474573,7258.498695,0,0,0,0,0,0,0,0,0,0,10.6086,2.124635517,0.007834116,0.000732163,0
8,207,6.128,114.7474573,7258.498695,0.063798,0,0,0.0025559,0,0,0,0,0,0,0.151728,11.33524931,0.007834116,0.000732163,0
8,207,6.128,114.7474573,7258.498695,0,0,0,0,0.05414,0,0,0,0,0,0,1.651413523,0.007834116,0.000732163,0
8,207,6.128,114.7474573,7258.498695,0,0,0,6.376,0.013681,0,0,0,0,0,0.73911,3.237208988,0.007834116,0.000732163,0
8,207,6.128,114.7474573,7258.498695,0.16583,0,0,0,0,0,0,0,0,0,0,0.085689464,0.007834116,0.000732163,0
8,207,6.128,114.7474573,7258.498695,0.004864,0,0,0,0,0,0,0,0,0,0,6.472102045,0.007834116,0.000732163,0
8,207,6.128,114.7474573,7258.498695,0.042136,0,0,0.73108,0.000078,4.4694,0,0,0,0,0,0.085689464,0.007834116,0.000732163,0
8,207,6.128,114.7474573,7258.498695,0,0,0,0,0,0,18.961,0,0,0,0,0.541773565,0.007834116,0.000732163,0
8,207,6.128,114.7474573,7258.498695,0.060379,0,0,1.0487,0,0,0,0,0,0,3.6486,1.035375756,0.007834116,0.000732163,0
8,207,6.128,114.7474573,7258.498695,0.008336,0,0,0,0,0,0,0,0,0,0.151728,3.789481443,0.007834116,0.000732163,0
8,207,6.128,114.7474573,7258.498695,0,0,0,0,0.008333,0,0,0,0,0,7.0518,0.219704697,0.007834116,0.000732163,0
8,207,6.128,114.7474573,7258.498695,0,0,0,0,0,0,0.80877,0,0,0,15.9147,3.237208988,0.007834116,0.000732163,0
8,207,6.128,114.7474573,7258.498695,0.030048,0,0,0,0.03958,0,0,0,0,0,0.151728,0.219704697,0.007834116,0.000732163,0
8,207,6.128,114.7474573,7258.498695,0,0,0,0,0,0,0,0,0,0,5.2875,0.085689464,0.007834116,0.000732163,0
8,207,6.128,114.7474573,7258.498695,0,0,0,0.008333,0,0,0,0,0,0,14.1318,0.423815456,0.007834116,0.000732163,0
8,207,6.128,114.7474573,7258.498695,0,0,0,0,0.0033865,0,0,0,0,0,0.151728,0.219704697,0.007834116,0.000732163,0
8,207,6.128,114.7474573,7258.498695,0,0,0,0,0.059735,0,0,0,0,0,0.151728,3.789481443,0.007834116,0.000732163,0
8,207,6.128,114.7474573,7258.498695,2.1473,0,0,0,0,0,0,0,0,0,1.42239,0.085689464,0.007834116,0.000732163,0
8,207,6.128,114.7474573,7258.498695,0,0,0,0,0.030964,6.4369,0,0,0,0,2.22174,1.035375756,0.007834116,0.000732163,0
8,207,6.128,114.7474573,7258.498695,0,0,0,0.1964,0.008333,1.6459,0.13028,0,0,0,0.151728,0.301225485,0.007834116,0.000732163,0
8,207,6.128,114.7474573,7258.498695,2.1571,0,0,0,0,0,0,0,0,0,0.84174,2.124635517,0.007834116,0.000732163,0
8,207,6.128,114.7474573,7258.498695,0,0,0,0.017468,3.2358,0,0,0,0,0,0,0.301225485,0.007834116,0.000732163,0
8,207,6.128,114.7474573,7258.498695,0,0,0,0,0,0,0.40452,0,0,0,0.151728,2.124635517,0.007834116,0.000732163,0
8,207,6.128,114.7474573,7258.498695,15.105,0,0,0,0.002031,0,0,0,0,0,0.78999,1.035375756,0.007834116,0.000732163,0
8,207,6.128,114.7474573,7258.498695,0,0,0,0,0.014581,0.85321,0,0,0,0,0.31059,3.237208988,0.007834116,0.000732163,0
8,207,6.128,114.7474573,7258.498695,0.3267,0,0,0.010105,0.37101,0,0,0,0,0,2.41287,0.541773565,0.007834116,0.000732163,0
8,207,6.128,114.7474573,7258.498695,0.19687,0,0,17.949,42.799,0,0,0,0,0,0.181728,6.472102045,0.007834116,0.000732163,0
8,207,6.128,114.7474573,7258.498695,23.064,0,0,0,3.1339,0,0,0,0,0,0.151728,11.68233493,0.007834116,0.000732163,0
8,207,6.128,114.7474573,7258.498695,0,0,0,0,0,0,18.58,0,0,0,4.4313,1.035375756,0.007834116,0.000732163,0
8,207,6.128,114.7474573,7258.498695,0.0097027,0,0,0.000688,0,0,0,0,0,0,37.836,11.33524931,0.007834116,0.000732163,0
8,207,6.128,114.7474573,7258.498695,28.979,0,0,0,0,0,0,0,0,0,0,15.12102526,0.007834116,0.000732163,0
8,207,6.128,114.7474573,7258.498695,0,0,0,0,0,0,0,0,0,0,1.96911,2.124635517,0.007834116,0.000732163,0
8,207,6.128,114.7474573,7258.498695,0.008333,0,0,0,0,0,0,0,0,0,8.7318,0.085689464,0.007834116,0.000732163,0
8,207,6.128,114.7474573,7258.498695,0.005979,0,0,0,0,0,0,0,0,0,14.8218,2.474804353,0.007834116,0.000732163,0
8,207,6.128,114.7474573,7258.498695,0.001309,0,0,0,0.3855,0,0,0,0,0,0.151728,2.474804353,0.007834116,0.000732163,0
8,207,6.128,114.7474573,7258.498695,0,0,0,0.011652,0,0,35.561,0,0,0,13.1718,0.541773565,0.007834116,0.000732163,0
8,207,6.128,114.7474573,7258.498695,0.007353,0,0,0,0,0,0,0,0,0,0,0.085689464,0.007834116,0.000732163,0
8,207,6.128,114.7474573,7258.498695,0.00021,0,0,0,0.00524,0,0.10863,0,0,0,0.151728,3.237208988,0.007834116,0.000732163,0
8,207,6.128,114.7474573,7258.498695,0,0,0,0,0,0,0,0,0,0,0,0.219704697,0.007834116,0.000732163,0
8,207,6.128,114.7474573,7258.498695,0.080184,0,0,0,0,0,0,0,0,0,0.151728,15.12102526,0.007834116,0.000732163,0
8,207,6.128,114.7474573,7258.498695,0,0,0,1.0312,0,0,0.13028,0,0,0,0.276939,11.68233493,0.007834116,0.000732163,0
8,207,6.128,114.7474573,7258.498695,0.000752,0,0,0,0,0,0,0,0,0,0.151728,1.035375756,0.007834116,0.000732163,0
8,207,6.128,114.7474573,7258.498695,0.008333,0,0,0,6.0919,0,0,0,0,0,0.92517,11.68233493,0.007834116,0.000732163,0
8,207,6.128,114.7474573,7258.498695,0,0,0,0,0,0,0,0,0,0,0.73911,3.237208988,0.007834116,0.000732163,0
8,207,6.128,114.7474573,7258.498695,0.000251,0,0,0.14311,4.8466,0,53.409,0,0,0,0.151728,1.035375756,0.007834116,0.000732163,0
8,207,6.128,114.7474573,7258.498695,0.005239,0,0,0.0021738,0,0,0.10863,0,0,0,0.151728,0.541773565,0.007834116,0.000732163,0
8,207,6.128,114.7474573,7258.498695,0.011479,0,0,5.6081,0,0,0,0,0,0,0,2.124635517,0.007834116,0.000732163,0
8,207,6.128,114.7474573,7258.498695,5.6933,0,0,0,0.024251,0.00097,0,0,0,0,8.9718,0.085689464,0.007834116,0.000732163,0
8,207,6.128,114.7474573,7258.498695,2.1571,0,0,0,0,0,0,0,0,0,0,0.301225485,0.007834116,0.000732163,0
8,207,6.128,114.7474573,7258.498695,0,0,0,0,0.11608,0.28057,4.0851,0,0,0,0.151728,0.301225485,0.007834116,0.000732163,0
8,207,6.128,114.7474573,7258.498695,0.0097027,0,0,0,0.000251,1.0166,0.13028,0,0,0,9.8421,0.541773565,0.007834116,0.000732163,0
8,207,6.128,114.7474573,7258.498695,1.2325,0,0,0,0.014581,0,0,0,0,0,0,11.33524931,0.007834116,0.000732163,0
8,207,6.128,114.7474573,7258.498695,0,0,0,0,4.4409,0,0,0.11923,0,0,13.3746,1.651413523,0.007834116,0.000732163,0
8,207,6.128,114.7474573,7258.498695,0.20881,0,0,0,0.034463,0,0,0,0,0,0,6.472102045,0.007834116,0.000732163,0
8,207,6.128,114.7474573,7258.498695,0.061886,0,0.003346,0.48282,29.422,0.97535,0,0,0,0,23.5818,2.007567612,0.007834116,0.000732163,0
8,207,6.128,114.7474573,7258.498695,4.4514,0,0,0,0.013746,0,0,0,0,0,7.8318,0.99739448,0.007834116,0.000732163,0
8,207,6.128,114.7474573,7258.498695,0.17962,0,0,0,0.01048,0,0,0,0,0,0,0.99739448,0.007834116,0.000732163,0
8,207,6.128,114.7474573,7258.498695,0.036852,0,0,3.6568,0,0,0,0,0,0,0.151728,3.237208988,0.007834116,0.000732163,0
8,207,6.128,114.7474573,7258.498695,0.68217,0,0,0,0.030964,0,0,0,0,0,0,15.12102526,0.007834116,0.000732163,0
8,207,6.128,114.7474573,7258.498695,0,0,0,0,0.00524,0.41253,0,0,0,0,0,3.237208988,0.007834116,0.000732163,0
8,207,6.128,114.7474573,7258.498695,0,0,0,0,0.008333,0,0,0,0,0,30.123,0.085689464,0.007834116,0.000732163,0
8,207,6.128,114.7474573,7258.498695,0.0056,0,0.00062,0,0,0,0,0,0,0,3.3018,11.33524931,0.007834116,0.000732163,0
8,207,6.128,114.7474573,7258.498695,0,0,0,0,0,0,0,0,0,0,19.2864,0.541773565,0.007834116,0.000732163,0
8,207,6.128,114.7474573,7258.498695,0.013573,0,0,0,0,0,0,0,0,0,0.151728,6.472102045,0.007834116,0.000732163,0
8,207,6.128,114.7474573,7258.498695,6.2048,0,0,0,0,0,0,0,0,0,0.151728,2.124635517,0.007834116,0.000732163,0
8,207,6.128,114.7474573,7258.498695,0.005239,0,0,0.00524,0.005239,4.0019,0,0,1.2739,0,1.05978,0.301225485,0.007834116,0.000732163,0
8,207,6.128,114.7474573,7258.498695,5.8431,0,0,0.15605,0.0072705,0,0,0,0,0,2.13174,0.99739448,0.007834116,0.000732163,0
8,207,6.128,114.7474573,7258.498695,2.2494,0,0,0,0.14993,0,0,0,0,0,0.151728,0.423815456,0.007834116,0.000732163,0
8,207,6.128,114.7474573,7258.498695,0,0,0,0.008333,0,0,0,0,0,0,0,1.651413523,0.007834116,0.000732163,0
8,207,6.128,114.7474573,7258.498695,0.2494,0,0,0,0.00524,3.0433,0,0,0,0,0.151728,0.219704697,0.007834116,0.000732163,0
8,207,6.128,114.7474573,7258.498695,0,0,0,2.6593,0,0.78033,0.13028,0,0,0,1.64742,1.035375756,0.007834116,0.000732163,0
8,207,6.128,114.7474573,7258.498695,40.517,0,0,0,0,0,0,0,0.44298,0,0,25.71929039,0.007834116,0.000732163,0
8,207,6.128,114.7474573,7258.498695,5.8431,0,0,0,0,0,27.295,0,0,0,0.273018,1.035375756,0.007834116,0.000732163,0
8,207,6.128,114.7474573,7258.498695,0.00524,0,0,0,0.05414,0,0,0,0,0,0,0.085689464,0.007834116,0.000732163,0
8,207,6.128,114.7474573,7258.498695,0.020885,0,0,0.030237,0.001434,0.05486,0,0,0,0,0.151728,0.423815456,0.007834116,0.000732163,0
8,207,6.128,114.7474573,7258.498695,0,0,0,0.22843,0,0,0,0,0,0,12.8901,0.301225485,0.007834116,0.000732163,0
8,207,6.128,114.7474573,7258.498695,0,0,0,0.00524,0.007102,0,0,0,0,0,0,11.68233493,0.007834116,0.000732163,0
8,207,6.128,114.7474573,7258.498695,0.0097975,0,0,0.000124,0,0,0,0,0,0,3.0075,2.124635517,0.007834116,0.000732163,0
8,207,6.128,114.7474573,7258.498695,0.00524,0,0,0,0,0.014727,0,0,0,0,3.4872,25.71929039,0.007834116,0.000732163,0
8,207,6.128,114.7474573,7258.498695,0.007148,0,0,0.000376,0,0,0,0,0,0,0,3.789481443,0.007834116,0.000732163,0
8,207,6.128,114.7474573,7258.498695,0,0,0,0.008333,0.005769,0,0,0,0,0,1.35936,0.219704697,0.007834116,0.000732163,0
8,207,6.128,114.7474573,7258.498695,0,0,0,0,0.0062716,37.958,0,0,0,0,1.17456,15.12102526,0.007834116,0.000732163,0
8,207,6.128,114.7474573,7258.498695,0,0,0,0.008321,0.21192,0.044975,0,0,0,0,0.151728,2.124635517,0.007834116,0.000732163,0
8,207,6.128,114.7474573,7258.498695,0,0,0,0,0,0,0,0,0,0,0.151728,25.71929039,0.007834116,0.000732163,0
8,207,6.128,114.7474573,7258.498695,0.032101,0,0.80607,0,0,0,0,0,0,0,0,2.124635517,0.007834116,0.000732163,0
8,207,6.128,114.7474573,7258.498695,0,0,5.627,0.000716,0,0,0,0,0,0,10.6335,3.237208988,0.007834116,0.000732163,0
8,207,6.128,114.7474573,7258.498695,0,0,0,0.002868,0,0,0,0,0,0,53.889,11.33524931,0.007834116,0.000732163,0
8,207,6.128,114.7474573,7258.498695,0,0,0,0.0011005,0,0,0,0,0,0,0,2.474804353,0.007834116,0.000732163,0
8,207,6.128,114.7474573,7258.498695,0,0,0,0.0306,0,0,0,0,0,0,4.0518,0.219704697,0.007834116,0.000732163,0
8,207,6.128,114.7474573,7258.498695,0.00524,0,0,0.00062,0,0,0,0,0,0,27.6384,10.04744876,0.007834116,0.000732163,0
8,207,6.128,114.7474573,7258.498695,0,0,0,0.00524,0,0.77921,0,0,0,0,0,0.301225485,0.007834116,0.000732163,0
8,207,6.128,114.7474573,7258.498695,0.008333,0,0,1.3084,0,0,0,0,0,0,0.31755,2.474804353,0.007834116,0.000732163,0
8,207,6.128,114.7474573,7258.498695,0.1613,0,0,0,0,0,0.67845,0,0,0,0.273018,1.035375756,0.007834116,0.000732163,0
8,207,6.128,114.7474573,7258.498695,0.053886,0,0,0,0.002031,0,0,0,0,0,58.353,0.301225485,0.007834116,0.000732163,0
8,207,6.128,114.7474573,7258.498695,4.9504,0,0,0.019748,0,0,0,0,0,0,0.151728,1.035375756,0.007834116,0.000732163,0
8,207,6.128,114.7474573,7258.498695,0.1789,0,0,9.0645,0,0,0,0,0,0,0.279822,6.472102045,0.007834116,0.000732163,0
8,207,6.128,114.7474573,7258.498695,0.0068531,0,0,0,0.008953,0,9.1898,0,0,0,6.105,0.219704697,0.007834116,0.000732163,0
8,207,6.128,114.7474573,7258.498695,0,0,0,0.003346,6.4838,0,0,0,0,0,0.9426,0.423815456,0.007834116,0.000732163,0
8,207,6.128,114.7474573,7258.498695,22.323,0,0.99649,0.0021738,0,0,10.349,0,0,0,0,15.12102526,0.007834116,0.000732163,0
8,207,6.128,114.7474573,7258.498695,0.39409,0,0,0,0,0,0,0,0,0,0.273357,0.541773565,0.007834116,0.000732163,0
8,207,6.128,114.7474573,7258.498695,0,0,0,0.0074133,0.008336,0,11.551,0,0,0,0.151728,0.219704697,0.007834116,0.000732163,0
8,207,6.128,114.7474573,7258.498695,0.007835,0,0,0,0,0,0,7.4145,0,0,0.44541,0.99739448,0.007834116,0.000732163,0
8,207,6.128,114.7474573,7258.498695,0,0,0,0,0,0,0,0,0,0,25.9959,0.423815456,0.007834116,0.000732163,0
8,207,6.128,114.7474573,7258.498695,0,0,0,0,0.73113,0,0,0,0,0,41.715,2.124635517,0.007834116,0.000732163,0
8,207,6.128,114.7474573,7258.498695,0.008333,0,0,6.4627,0,0.78033,0,0,0,0,0.181728,4.278895437,0.007834116,0.000732163,0
8,207,6.128,114.7474573,7258.498695,0,0,0,0,0,0,0,0,0,0,0.36594,2.124635517,0.007834116,0.000732163,0
8,207,6.128,114.7474573,7258.498695,0.001478,0,0,0,0,0,0,0,0,0,5.2875,0.541773565,0.007834116,0.000732163,0
8,207,6.128,114.7474573,7258.498695,0.012568,0,0,0,0.37101,0,0.67053,0,0,0,0.268926,0.219704697,0.007834116,0.000732163,0
8,207,6.128,114.7474573,7258.498695,63.495,0,0,0.007102,0,0.0004275,23.902,0,0,0,12.0081,1.035375756,0.007834116,0.000732163,0
8,207,6.128,114.7474573,7258.498695,0,0,0,0,0.0062716,0,0,0,0,0,0,11.33524931,0.007834116,0.000732163,0
8,207,6.128,114.7474573,7258.498695,1.8379,0,0,0,0,0.069446,0,0,0,0,4.2768,0.301225485,0.007834116,0.000732163,0
8,207,6.128,114.7474573,7258.498695,0.001192,0,0,0,0,0,0,0,0,0,58.353,3.237208988,0.007834116,0.000732163,0
8,207,6.128,114.7474573,7258.498695,0.12797,0,0,1.8563,0,0,0,0,0,0,0.151728,2.474804353,0.007834116,0.000732163,0
8,207,6.128,114.7474573,7258.498695,0.020885,0,0,3.4764,0,0,0,0,0,0,0.211728,3.237208988,0.007834116,0.000732163,0
8,207,6.128,114.7474573,7258.498695,0.90611,0,0,0,0,0,0,0,0,0,0.151728,25.71929039,0.007834116,0.000732163,0
8,207,6.128,114.7474573,7258.498695,0,0,0,1.244,0.13592,0,0.13028,0,0,0,1.63956,0.301225485,0.007834116,0.000732163,0
8,207,6.128,114.7474573,7258.498695,0.008332,0,8.3189,0,0.008333,0,0,0,0,0,18.849,0.99739448,0.007834116,0.000732163,0
8,207,6.128,114.7474573,7258.498695,0.002139,0,0,0,3.6586,0,7.6576,0,0,0,0,11.33524931,0.007834116,0.000732163,0
8,207,6.128,114.7474573,7258.498695,0,0,0,0,0,0,36.808,0,0,0,0,2.007567612,0.007834116,0.000732163,0
8,207,6.128,114.7474573,7258.498695,0,0,0,0.003821,0,0,0.13028,0,0,0,11.6058,0.541773565,0.007834116,0.000732163,0
8,207,6.128,114.7474573,7258.498695,0,0,0,0.27312,0,0,27.706,0,0,0,0,2.474804353,0.007834116,0.000732163,0
8,207,6.128,114.7474573,7258.498695,52.722,0,0,0,0,0,0,0,0,0,41.634,2.124635517,0.007834116,0.000732163,0
8,207,6.128,114.7474573,7258.498695,0.23451,0,0,0.9504,0,0.77921,5.7969,0,0,0,22.8018,0.085689464,0.007834116,0.000732163,0
8,207,6.128,114.7474573,7258.498695,0.00322,0,0.054629,0,0,0,0,0,0,0,0,3.237208988,0.007834116,0.000732163,0
8,207,6.128,114.7474573,7258.498695,0.00014,0,0,0.008333,0,0,0,0.19208,0,0,0,11.33524931,0.007834116,0.000732163,0
8,207,6.128,114.7474573,7258.498695,0.00644,0,0,6.0441,0,0,14.079,0,0,0,13.1718,0.219704697,0.007834116,0.000732163,0
8,207,6.128,114.7474573,7258.498695,0,0,0,2.3519,0,0,0,0,0,0,1.41975,3.237208988,0.007834116,0.000732163,0
8,207,6.128,114.7474573,7258.498695,0.003539,0,0,0,0,0.91771,6.2428,0,0,0,0.151728,2.124635517,0.007834116,0.000732163,0
8,207,6.128,114.7474573,7258.498695,0,0,4.9085,0,0,0,0,0,0,0,12.0081,2.124635517,0.007834116,0.000732163,0
8,207,6.128,114.7474573,7258.498695,0,0,0,3.4764,0,0,0,0,0,0,0,2.124635517,0.007834116,0.000732163,0
9,208,71.206,114.7468672,7258.461366,10.309,0,0,0.65046,10.721,0,0,0,0,0,10.3692,0,0.007722072,0.000721692,0
9,208,71.206,114.7468672,7258.461366,0.2494,0,0,0.008333,0,0,0,0,0,0,0,0,0.007722072,0.000721692,0
9,208,71.206,114.7468672,7258.461366,0,0,0,0,0,0,0.002308,0,0,0,4.4787,0,0.007722072,0.000721692,0
9,208,71.206,114.7468672,7258.461366,21.786,0,0,0.45906,0.005239,0,0,0,0,0,0.151728,0,0.007722072,0.000721692,0
9,208,71.206,114.7468672,7258.461366,0.007697,0,0,0,0,13.897,0,0,0,0,3.2364,0,0.007722072,0.000721692,0
9,208,71.206,114.7468672,7258.461366,1.2548,0,0,0,0.008333,0,0,0,0,0,14.5008,0,0.007722072,0.000721692,0
9,208,71.206,114.7468672,7258.461366,0.027357,0,0,0.042858,0,0,0,0,0,0,0,0,0.007722072,0.000721692,0
9,208,71.206,114.7468672,7258.461366,0.001478,0,0,0.00387,0,0,0,0,0,0,0,0,0.007722072,0.000721692,0
9,208,71.206,114.7468672,7258.461366,0.20435,0,0,23.551,0,0,3.015,0,0,0,0.28509,0,0.007722072,0.000721692,0
9,208,71.206,114.7468672,7258.461366,0.0094073,0,0,7.5633,0,0,0,0,0,0,0.73911,0,0.007722072,0.000721692,0
9,208,71.206,114.7468672,7258.461366,0.08383,0,0,0.003538,0,0,0,0,0,0,0,0,0.007722072,0.000721692,0
9,208,71.206,114.7468672,7258.461366,0,0,0,0,0,0,0,0,0,0,0.151728,0,0.007722072,0.000721692,0
9,208,71.206,114.7468672,7258.461366,0.008335,0,0,0,2.8291,1.2403,0,0,0,0,0,0,0.007722072,0.000721692,0
9,208,71.206,114.7468672,7258.461366,0,0,0,0.008333,0,0,0.13028,0,0,0,0.273384,0,0.007722072,0.000721692,0
9,208,71.206,114.7468672,7258.461366,3.9799,0,0,0,0,0,0,0,0,0,1.65174,0,0.007722072,0.000721692,0
9,208,71.206,114.7468672,7258.461366,2.4135,0,0,0,0,0,0,0,0,0,0.151728,0,0.007722072,0.000721692,0
9,208,71.206,114.7468672,7258.461366,0.034521,0,0,5.1219,0.10115,0.77921,0,0,0,0,0.151728,0,0.007722072,0.000721692,0
9,208,71.206,114.7468672,7258.461366,0,0,0,0.000124,0,0,0,0,0,0,15.9147,0,0.007722072,0.000721692,0
9,208,71.206,114.7468672,7258.461366,1.2774,0,0,0,0,0,0,0,0,0,0.270372,0,0.007722072,0.000721692,0
9,208,71.206,114.7468672,7258.461366,0,0,0,0.00036,0.00524,0,0,0,0,0,0,0,0.007722072,0.000721692,0
9,208,71.206,114.7468672,7258.461366,0,0,0,0.013024,29.422,0,0,0,0,0,2.73105,0,0.007722072,0.000721692,0
9,208,71.206,114.7468672,7258.461366,0,0,0,0,0.008333,0,0,0,0,0,0.48174,0,0.007722072,0.000721692,0
9,208,71.206,114.7468672,7258.461366,0.007148,0,0,0,0.3855,0,0,0,0,0,0,0,0.007722072,0.000721692,0
9,208,71.206,114.7468672,7258.461366,0.013892,0,0,2.8607,0,0,0,0,0,0,52.569,0,0.007722072,0.000721692,0
9,208,71.206,114.7468672,7258.461366,0.51774,0,0,0,0,0,0,0,0,0,0,0,0.007722072,0.000721692,0
9,208,71.206,114.7468672,7258.461366,0.001192,0,0,0,0.000251,0,0,0,4.4377,0,0,0,0.007722072,0.000721692,0
9,208,71.206,114.7468672,7258.461366,0.002139,0,0,0,2.1767,1.112,0,0,0,0,0.151728,0,0.007722072,0.000721692,0
9,208,71.206,114.7468672,7258.461366,0.00644,0,0,0,12.686,0,0,0,0,0,0.151728,0,0.007722072,0.000721692,0
9,208,71.206,114.7468672,7258.461366,0,0,0,4.648,0,0,0,0,8.4536,0,0.70341,0,0.007722072,0.000721692,0
9,208,71.206,114.7468672,7258.461366,0.045123,0,0,0.041028,0,0,0,0,0,0,2.05122,0,0.007722072,0.000721692,0
9,208,71.206,114.7468672,7258.461366,0.041249,0,0,0.002508,0,0,0,0,0,0,0,0,0.007722072,0.000721692,0
9,208,71.206,114.7468672,7258.461366,23.064,0,0,0,0,0,0,0,0,0,1.73121,0,0.007722072,0.000721692,0
9,208,71.206,114.7468672,7258.461366,4.282,0,0,0,80.307,0,0,0,0,0,0,0,0.007722072,0.000721692,0
9,208,71.206,114.7468672,7258.461366,0,0,0,0,0,0,0,0,0,0,21.2118,0,0.007722072,0.000721692,0
9,208,71.206,114.7468672,7258.461366,0.00644,0,40.359,0.00524,0,0,0,0,0,0,6.102,0,0.007722072,0.000721692,0
9,208,71.206,114.7468672,7258.461366,0.042136,0,0,0,0.021909,0,0,1.4464,0,0,1.98174,0,0.007722072,0.000721692,0
9,208,71.206,114.7468672,7258.461366,50.278,0,0,0,0,6.3468,0.13028,0,0,0,0.273366,0,0.007722072,0.000721692,0
9,208,71.206,114.7468672,7258.461366,0,0,0,0,0.0082165,0,0,0,0,0,0.151728,0,0.007722072,0.000721692,0
9,208,71.206,114.7468672,7258.461366,0.013012,0,0,0.0062753,0,0,29.229,0,0,0,3.6918,0,0.007722072,0.000721692,0
9,208,71.206,114.7468672,7258.461366,28.979,0,0,0.077265,0.014581,0,0,0,0,0,14.4696,0,0.007722072,0.000721692,0
9,208,71.206,114.7468672,7258.461366,0.01048,0,0,0.00524,0.0033865,0,0,0,0,0,2.52933,0,0.007722072,0.000721692,0
9,208,71.206,114.7468672,7258.461366,0.008333,0,1.1754,0.0084875,0.049462,0,0,0,0,0,2.01174,0,0.007722072,0.000721692,0
9,208,71.206,114.7468672,7258.461366,0.0068619,0,0,0,0.00524,0,7.6576,0,0,0,0.78174,0,0.007722072,0.000721692,0
9,208,71.206,114.7468672,7258.461366,0,0,0,0,0.008333,0,0.13028,0,0,0,0.273384,0,0.007722072,0.000721692,0
9,208,71.206,114.7468672,7258.461366,7.2682,0,0,0,0,0,0,0,0,0,0.35643,0,0.007722072,0.000721692,0
9,208,71.206,114.7468672,7258.461366,0,0,0,0,0.47436,0,0,0,0,0,0,0,0.007722072,0.000721692,0
9,208,71.206,114.7468672,7258.461366,4.3384,0,0,16.48,7.2444,0,0,0,0,0,5.1444,0,0.007722072,0.000721692,0
9,208,71.206,114.7468672,7258.461366,0,0,0,0.036193,0,0,0,0,0,0,0,0,0.007722072,0.000721692,0
9,208,71.206,114.7468672,7258.461366,0.051828,0,0,0,0,0.0083335,0,0,0,0,0,0,0.007722072,0.000721692,0
9,208,71.206,114.7468672,7258.461366,0,0,0,0.018806,0.1098,0,0,0,0,0,0,0,0.007722072,0.000721692,0
9,208,71.206,114.7468672,7258.461366,4.9504,0,0,0.00524,0,0,0,0,0,0,0.151728,0,0.007722072,0.000721692,0
9,208,71.206,114.7468672,7258.461366,0.18449,0,0,0.42984,0,0,0,0,0,0,7.3257,0,0.007722072,0.000721692,0
9,208,71.206,114.7468672,7258.461366,0,0,0,55.04,0.00062,0,14.243,0,0,0,2.34936,0,0.007722072,0.000721692,0
9,208,71.206,114.7468672,7258.461366,0.008333,0,0,0,0.008333,0,0,0,0,0,0,0,0.007722072,0.000721692,0
9,208,71.206,114.7468672,7258.461366,0.001478,0,0,0.3794,0,0,0,0,0,0,0.151728,0,0.007722072,0.000721692,0
9,208,71.206,114.7468672,7258.461366,0.15712,0,0,0.00524,0,0,0,0,0,0,0.271728,0,0.007722072,0.000721692,0
9,208,71.206,114.7468672,7258.461366,6.0739,0,0,0,0,0,0,0,0,0,61.47,0,0.007722072,0.000721692,0
9,208,71.206,114.7468672,7258.461366,0.3067,0,0,0,0,0,0,0,0,0,43.602,0,0.007722072,0.000721692,0
9,208,71.206,114.7468672,7258.461366,0.005239,0,3.1572,0.002011,0,0,0,0,0,0,0.278526,0,0.007722072,0.000721692,0
9,208,71.206,114.7468672,7258.461366,0.001326,0,0,0,16.858,0,0,0,0,0,0,0,0.007722072,0.000721692,0
9,208,71.206,114.7468672,7258.461366,0.00524,0,0,0,1.0363,0,0,0,0,0,38.517,0,0.007722072,0.000721692,0
9,208,71.206,114.7468672,7258.461366,0.00524,0,0,0,0,1.5684,0,0,0,0,0.151728,0,0.007722072,0.000721692,0
9,208,71.206,114.7468672,7258.461366,0.052214,0,0,0,0,0,0,0,0,0,0,0,0.007722072,0.000721692,0
9,208,71.206,114.7468672,7258.461366,0,0,0,0.65249,2.0298,0,23.619,0,0,0,6.4536,0,0.007722072,0.000721692,0
9,208,71.206,114.7468672,7258.461366,0,0,0,0,0,0,0,0,0,0,0.278526,0,0.007722072,0.000721692,0
9,208,71.206,114.7468672,7258.461366,0.008333,0,0,0,0,0,0,0,0,0,0.151728,0,0.007722072,0.000721692,0
9,208,71.206,114.7468672,7258.461366,0,0,0,0.020575,0.011131,0,0,0,0,0,0,0,0.007722072,0.000721692,0
9,208,71.206,114.7468672,7258.461366,0.060379,0,0,0.0078558,0,0,110.33,0,0.45183,0,0.151728,0,0.007722072,0.000721692,0
9,208,71.206,114.7468672,7258.461366,0,0,0,0.003346,0.060787,0,102.85,0,0,0,0,0,0.007722072,0.000721692,0
9,208,71.206,114.7468672,7258.461366,0.08029,0,0,0,0.008335,0,0,0,0,0,8.9718,0,0.007722072,0.000721692,0
9,208,71.206,114.7468672,7258.461366,1.8905,0,0,0,0,0,0,0,0,0,5.2875,0,0.007722072,0.000721692,0
9,208,71.206,114.7468672,7258.461366,0.042738,0,0,0.021603,0,0,0,0,0,0,21.2118,0,0.007722072,0.000721692,0
9,208,71.206,114.7468672,7258.461366,0.16397,0,0,0,21.429,0,0.42744,0,0,0,0.151728,0,0.007722072,0.000721692,0
9,208,71.206,114.7468672,7258.461366,0.87352,0,0,0.99417,0,0,0,0,0,0,0.151728,0,0.007722072,0.000721692,0
9,208,71.206,114.7468672,7258.461366,0,0,0.7988,0,0,0,0,0,0,0,0,0,0.007722072,0.000721692,0
9,208,71.206,114.7468672,7258.461366,0,0,0.002031,0,0,0,0,0,0,0,0.151728,0,0.007722072,0.000721692,0
9,208,71.206,114.7468672,7258.461366,2.1571,0,0,0,2.4885,0,0,0,0,0,0.151728,0,0.007722072,0.000721692,0
9,208,71.206,114.7468672,7258.461366,0,0,0,0,0,0,0,0,0,0,0.278526,0,0.007722072,0.000721692,0
9,208,71.206,114.7468672,7258.461366,0,0,0,25.355,0,0,0,0,0,0,0,0,0.007722072,0.000721692,0
9,208,71.206,114.7468672,7258.461366,0,0,0,0,0.00524,0,0,0,0,0,0.151728,0,0.007722072,0.000721692,0
9,208,71.206,114.7468672,7258.461366,0,0,0,0,0,0,0,0,0,0,5.0406,0,0.007722072,0.000721692,0
9,208,71.206,114.7468672,7258.461366,0,0,0,1.9259,0.002868,0,0,0,0,0,2.52933,0,0.007722072,0.000721692,0
9,208,71.206,114.7468672,7258.461366,0,0,0,0,0.566,0,0,0,0,0,0,0,0.007722072,0.000721692,0
9,208,71.206,114.7468672,7258.461366,0,0,0,0,0,0,0,0,0,0,0.151728,0,0.007722072,0.000721692,0
9,208,71.206,114.7468672,7258.461366,1.366,0,0,1.6824,0.000376,0,0,0,0,0,0,0,0.007722072,0.000721692,0
9,208,71.206,114.7468672,7258.461366,0,0,0,0,0.001669,0,0,0,0,0,5.0406,0,0.007722072,0.000721692,0
9,208,71.206,114.7468672,7258.461366,0,0,0,0,0,0,0,0,0,0,0,0,0.007722072,0.000721692,0
9,208,71.206,114.7468672,7258.461366,0.00322,0,0,0,0,0,0,0,0,0,0.151728,0,0.007722072,0.000721692,0
9,208,71.206,114.7468672,7258.461366,0,0,0,3.4325,0.000124,0,0,0,0,0,0.57,0,0.007722072,0.000721692,0
9,208,71.206,114.7468672,7258.461366,0.46343,0,0,0,0,0,0,0,0.84352,0,0.151728,0,0.007722072,0.000721692,0
9,208,71.206,114.7468672,7258.461366,14.115,0,0,0,51.372,0,0,0,0,0,8.6688,0,0.007722072,0.000721692,0
9,208,71.206,114.7468672,7258.461366,0,0,0,0,0,0,0,0,0,0,0.151728,0,0.007722072,0.000721692,0
9,208,71.206,114.7468672,7258.461366,0.0964,0,0,0,0,8.6074,0,0,0,0,2.34429,0,0.007722072,0.000721692,0
9,208,71.206,114.7468672,7258.461366,45.509,0,0,0,0.42442,0,0,0,0,0,29.7048,0,0.007722072,0.000721692,0
9,208,71.206,114.7468672,7258.461366,0.25548,0,0,0,0.00062,0,0,0,0,0,0.151728,0,0.007722072,0.000721692,0
9,208,71.206,114.7468672,7258.461366,0.023222,0,0,0,14.692,0,0,0,0,0,0.151728,0,0.007722072,0.000721692,0
9,208,71.206,114.7468672,7258.461366,1.0831,0,0,0,0,0,0,0,0,0,0,0,0.007722072,0.000721692,0
9,208,71.206,114.7468672,7258.461366,3.3665,0,0,0,0,0,0,0,0,0,0,0,0.007722072,0.000721692,0
9,208,71.206,114.7468672,7258.461366,5.8431,0,0,0.62945,0,0,0,0,0,0,0.151728,0,0.007722072,0.000721692,0
9,208,71.206,114.7468672,7258.461366,0.015333,0,27.253,0.007697,0,0,0,0,0,0,1.08174,0,0.007722072,0.000721692,0
9,208,71.206,114.7468672,7258.461366,0,0,0,0,0,0,0,0,0,0,56.145,0,0.007722072,0.000721692,0
9,208,71.206,114.7468672,7258.461366,0,0,0,0,0,5.6833,0,0,0,0,0.9426,0,0.007722072,0.000721692,0
9,208,71.206,114.7468672,7258.461366,0.032101,0,0,0.005239,0,0.000491,0,0,0,0,0.151728,0,0.007722072,0.000721692,0
9,208,71.206,114.7468672,7258.461366,6.0739,0,0,0,0,0,24.186,0,0,0,0.151728,0,0.007722072,0.000721692,0
9,208,71.206,114.7468672,7258.461366,0.007102,0,0,0.005202,1.7509,5.3213,0,0,0,0,8.5524,0,0.007722072,0.000721692,0
9,208,71.206,114.7468672,7258.461366,0.93731,0,0,0,0,0,0,0,0,0,0,0,0.007722072,0.000721692,0
9,208,71.206,114.7468672,7258.461366,0.22639,0,0.4346,0.48873,0,0,0,0,0,0,28.8018,0,0.007722072,0.000721692,0
9,208,71.206,114.7468672,7258.461366,46.878,0,0,0.27563,0.014719,0,0.13028,0,0,0,0,0,0.007722072,0.000721692,0
9,208,71.206,114.7468672,7258.461366,0.034133,0,0,0.077265,8.5334,0,0,0,0,0,0,0,0.007722072,0.000721692,0
9,208,71.206,114.7468672,7258.461366,0.003346,0,0,0,0,0,0.002308,0,0,0,8.6688,0,0.007722072,0.000721692,0
9,208,71.206,114.7468672,7258.461366,36.945,0,0,0,0,0.38161,0,0,0,0,8.6688,0,0.007722072,0.000721692,0
9,208,71.206,114.7468672,7258.461366,0.008333,0,0.83459,0,0,0,0,0,0,0,8.6688,0,0.007722072,0.000721692,0
9,208,71.206,114.7468672,7258.461366,0,0,0,0,0,0.77921,0,0,0,0,0.151728,0,0.007722072,0.000721692,0
9,208,71.206,114.7468672,7258.461366,0.026942,0,0,0.0043235,0.026162,0.0077375,0,0,0,0,37.836,0,0.007722072,0.000721692,0
9,208,71.206,114.7468672,7258.461366,0.007353,0,0,0,0,0,0,0,0,0,21.2118,0,0.007722072,0.000721692,0
9,208,71.206,114.7468672,7258.461366,0,0,0,43.346,0,0,0,0,0,0,0.151728,0,0.007722072,0.000721692,0
9,208,71.206,114.7468672,7258.461366,0,0,0,0,0.008333,0,0.13028,0,0,0,4.4103,0,0.007722072,0.000721692,0
9,208,71.206,114.7468672,7258.461366,0.01048,0,0,0,0.3855,0,0,0,0,0,0,0,0.007722072,0.000721692,0
9,208,71.206,114.7468672,7258.461366,5.7412,0,0,0,0,0,0,0,0,0,39.096,0,0.007722072,0.000721692,0
9,208,71.206,114.7468672,7258.461366,0.18674,0,0,0,0,0.017446,0.13028,0,0,0,0.151728,0,0.007722072,0.000721692,0
9,208,71.206,114.7468672,7258.461366,0.00524,0,0,0.001326,0,5.3213,0,0,0,0,0.151728,0,0.007722072,0.000721692,0
9,208,71.206,114.7468672,7258.461366,1.6744,0,0,0.15275,0.049462,0.7125,0,0,0,0,4.8618,0,0.007722072,0.000721692,0
9,208,71.206,114.7468672,7258.461366,0.008333,0,0,0,0.014941,0,0,0,0,0,0.151728,0,0.007722072,0.000721692,0
9,208,71.206,114.7468672,7258.461366,0.68217,0,0,1.2811,3.5225,0,0,0,0,0,1.17432,0,0.007722072,0.000721692,0
9,208,71.206,114.7468672,7258.461366,0.001009,0,0,4.4534,0,0,0,0,0,0,45.933,0,0.007722072,0.000721692,0
9,208,71.206,114.7468672,7258.461366,0.00014,0,0,52.922,0,0,0,0,0,0,0.151728,0,0.007722072,0.000721692,0
9,208,71.206,114.7468672,7258.461366,49.592,0,0,0,0,0,0,0,0,0,0.151728,0,0.007722072,0.000721692,0
9,208,71.206,114.7468672,7258.461366,0.14297,0,0,0.008333,0,0,0,0,0,0,0.151728,0,0.007722072,0.000721692,0
9,208,71.206,114.7468672,7258.461366,2.1821,0,0,30.329,0,0,0,0,0,0,0.48174,0,0.007722072,0.000721692,0
9,208,71.206,114.7468672,7258.461366,0,0,0,0,0,0.094623,0,0,0,0,4.4103,0,0.007722072,0.000721692,0
9,208,71.206,114.7468672,7258.461366,0,0,0,0,0.0084565,0,0,1.6716,0,0,0,0,0.007722072,0.000721692,0
9,208,71.206,114.7468672,7258.461366,0.003295,0,48.243,0,6.9699,0,0,0,0,0,0,0,0.007722072,0.000721692,0
9,208,71.206,114.7468672,7258.461366,0,0,0,0,0,0,0,0,0,0,0,0,0.007722072,0.000721692,0
9,208,71.206,114.7468672,7258.461366,0,0,0,0,0,0,0,0,0,0,0.27432,0,0.007722072,0.000721692,0
9,208,71.206,114.7468672,7258.461366,0.013572,0,0,0,0,0,15.504,0,0,0,0.87174,0,0.007722072,0.000721692,0
9,208,71.206,114.7468672,7258.461366,0.000251,0,0,26.422,0,0,0,0,0,0,5.1447,0,0.007722072,0.000721692,0
9,208,71.206,114.7468672,7258.461366,0.0072895,0,0,0.1075,6.5443,0,0.13028,0,0,0,0.151728,0,0.007722072,0.000721692,0
9,208,71.206,114.7468672,7258.461366,0.036852,0,0,0.029402,0,0,0,0,0,0,0,0,0.007722072,0.000721692,0
9,208,71.206,114.7468672,7258.461366,0,0,0,0,0.002031,0,0,0,0,0,0.151728,0,0.007722072,0.000721692,0
9,208,71.206,114.7468672,7258.461366,0.18449,0,0,0,0,0.79482,0,0,0,0,53.889,0,0.007722072,0.000721692,0
9,208,71.206,114.7468672,7258.461366,0,0,0,0,0,0,24.831,0,0,0,0.72174,0,0.007722072,0.000721692,0
9,208,71.206,114.7468672,7258.461366,0,0,0,0,0,0,0,0,0,0,0,0,0.007722072,0.000721692,0
9,208,71.206,114.7468672,7258.461366,0.0045845,0,0,0.00043,0.0067709,0,30.99,0,0,0,0.151728,0,0.007722072,0.000721692,0
9,208,71.206,114.7468672,7258.461366,3.4031,0,0,0,0.26036,0,0,0,0,0,18.9018,0,0.007722072,0.000721692,0
9,208,71.206,114.7468672,7258.461366,0,0,0,0,15.439,0.15887,0,0,0,0,0.151728,0,0.007722072,0.000721692,0
9,208,71.206,114.7468672,7258.461366,0.01367,0,0,2.1757,0,0.006508,0,0,0,0,0,0,0.007722072,0.000721692,0
9,208,71.206,114.7468672,7258.461366,5.2762,0,0,0.097569,0,13.237,0,0,0,0,0,0,0.007722072,0.000721692,0
9,208,71.206,114.7468672,7258.461366,0.22208,0,0,15.984,0,0,0,0,0,0,0,0,0.007722072,0.000721692,0
9,208,71.206,114.7468672,7258.461366,0.003416,0,0,0.007148,0.00524,0,0,0,0,0,0,0,0.007722072,0.000721692,0
9,208,71.206,114.7468672,7258.461366,0.60993,0,0,0.013546,0,0.78099,24.186,0,0,0,0,0,0.007722072,0.000721692,0
9,208,71.206,114.7468672,7258.461366,0,0,0,4.7036,0,0,0,0,0,0,0.42399,0,0.007722072,0.000721692,0
9,208,71.206,114.7468672,7258.461366,0,0,0.30792,0.009064,2.7524,0,0,0,0,0,7.0536,0,0.007722072,0.000721692,0
9,208,71.206,114.7468672,7258.461366,0,0,0,0,0,0,0.86583,0,0,0,7.8042,0,0.007722072,0.000721692,0
9,208,71.206,114.7468672,7258.461366,0,0,0,0,0,0,0,0,0,0,0,0,0.007722072,0.000721692,0
9,208,71.206,114.7468672,7258.461366,1.5561,0,0,0,0.00524,0,0,0,0,0,0,0,0.007722072,0.000721692,0
9,208,71.206,114.7468672,7258.461366,16.8,0,0,0,0.008333,0,0,0,0,0,0,0,0.007722072,0.000721692,0
9,208,71.206,114.7468672,7258.461366,0,0,0,0.0088426,0,0,0,0,0,0,0.151728,0,0.007722072,0.000721692,0
9,208,71.206,114.7468672,7258.461366,0,0,0,2.0984,0.01564,0,0,0,0,0,0.50493,0,0.007722072,0.000721692,0
9,208,71.206,114.7468672,7258.461366,3.5296,0,0,0,0,0,0,0,0,0,3.7518,0,0.007722072,0.000721692,0
9,208,71.206,114.7468672,7258.461366,0,0,0,0,0.008333,0,18.805,0,0,0,5.0718,0,0.007722072,0.000721692,0
9,208,71.206,114.7468672,7258.461366,0.039743,0,0,0.010986,0,0,2.7921,0,0,0,0,0,0.007722072,0.000721692,0
9,208,71.206,114.7468672,7258.461366,0,0,0,0,0,0,0,0,0,0,2.41287,0,0.007722072,0.000721692,0
9,208,71.206,114.7468672,7258.461366,50.529,0,0,0,0,0,0.059897,0,0,0,0,0,0.007722072,0.000721692,0
9,208,71.206,114.7468672,7258.461366,0,0,0,5.4764,17.64,0,0,0,0,0,0.151728,0,0.007722072,0.000721692,0
9,208,71.206,114.7468672,7258.461366,0.052214,0,0,0.48282,0.42442,0,0,0,0,0,34.746,0,0.007722072,0.000721692,0
9,208,71.206,114.7468672,7258.461366,0,0,0,0,0,0,0,0,0,0,0.151728,0,0.007722072,0.000721692,0
9,208,71.206,114.7468672,7258.461366,0.043506,0,0,0,11.928,0,0,0,0,0,0.151728,0,0.007722072,0.000721692,0
9,208,71.206,114.7468672,7258.461366,0,0,0,0.0084875,0,0.006508,0.67053,0,0,0,8.7318,0,0.007722072,0.000721692,0
9,208,71.206,114.7468672,7258.461366,0.00062,0,12.976,0,0,0,0,0,0,0,0.44541,0,0.007722072,0.000721692,0
9,208,71.206,114.7468672,7258.461366,14.115,0,0,0,0,0,0,0,0,0,4.8687,0,0.007722072,0.000721692,0
9,208,71.206,114.7468672,7258.461366,0.0021738,0,0,0,3.1339,0,0,0,0,0,0.65616,0,0.007722072,0.000721692,0
9,208,71.206,114.7468672,7258.461366,0,0,0,0.00524,0,0,0,0,0,0,7.5918,0,0.007722072,0.000721692,0
9,208,71.206,114.7468672,7258.461366,0.1789,0,0,0,2.1125,0,0,0,0,0,0,0,0.007722072,0.000721692,0
9,208,71.206,114.7468672,7258.461366,49.011,0,0.001267,0,1.0171,0,0,0,0,0,0,0,0.007722072,0.000721692,0
9,208,71.206,114.7468672,7258.461366,0,0,0,5.5669,0,0,0,0,0,0,0,0,0.007722072,0.000721692,0
9,208,71.206,114.7468672,7258.461366,0,0,0,0.007697,1.5895,0,0,0,0,0,12.8454,0,0.007722072,0.000721692,0
9,208,71.206,114.7468672,7258.461366,0,0,1.261,0,0.93395,0,0,0,0,0,0.151728,0,0.007722072,0.000721692,0
9,208,71.206,114.7468672,7258.461366,1.1189,0,0,0,0,0,0.42744,0,0,0,0,0,0.007722072,0.000721692,0
9,208,71.206,114.7468672,7258.461366,0,0,0,0,0.0070165,0,0,0,0,0,0,0,0.007722072,0.000721692,0
9,208,71.206,114.7468672,7258.461366,1.0344,0,0,0.12252,0,0,0.059897,0,0,0,0.151728,0,0.007722072,0.000721692,0
9,208,71.206,114.7468672,7258.461366,0,0,0,0,0.13592,0.060187,0,1.1944,0,0,0,0,0.007722072,0.000721692,0
9,208,71.206,114.7468672,7258.461366,0,0,0,0.22391,0,0,0,0,0,0,0.151728,0,0.007722072,0.000721692,0
9,208,71.206,114.7468672,7258.461366,1.1984,0,0,0,0,0,0,0,0,0,8.7918,0,0.007722072,0.000721692,0
9,208,71.206,114.7468672,7258.461366,0.53043,0,0,0.0068531,0.008333,0,0,0,0,0,0,0,0.007722072,0.000721692,0
9,208,71.206,114.7468672,7258.461366,0.008333,0,0,0,4.8466,0,0,0,0,0,8.3928,0,0.007722072,0.000721692,0
9,208,71.206,114.7468672,7258.461366,0,0,0,0,44.94,0,0.13028,0,0,0,18.723,0,0.007722072,0.000721692,0
9,208,71.206,114.7468672,7258.461366,0,0,0,0,0.00524,0.001185,0,0,0,0,37.53,0,0.007722072,0.000721692,0
9,208,71.206,114.7468672,7258.461366,0,0,46.499,0.00833,0.27367,0,0,0,0,0,0,0,0.007722072,0.000721692,0
9,208,71.206,114.7468672,7258.461366,0.004143,0,0,0,0,0,0,0,0,0,0.271128,0,0.007722072,0.000721692,0
9,208,71.206,114.7468672,7258.461366,0,0,0,0,0.024251,0,0,0,0,0,0.151728,0,0.007722072,0.000721692,0
9,208,71.206,114.7468672,7258.461366,9.9965,0,0,0.008333,0,0,0,0,0,0,13.494,0,0.007722072,0.000721692,0
9,208,71.206,114.7468672,7258.461366,0.032537,0,0,0,0,0,0,0,0,0,13.5936,0,0.007722072,0.000721692,0
9,208,71.206,114.7468672,7258.461366,14.661,0,0,0,29.422,0,0,0,0,0,0,0,0.007722072,0.000721692,0
9,208,71.206,114.7468672,7258.461366,47.536,0,0,0.37666,0,0.00007,0,0,0,0,0,0,0.007722072,0.000721692,0
9,208,71.206,114.7468672,7258.461366,0.51613,0,0,0.008333,0,0,0,0,0,0,0,0,0.007722072,0.000721692,0
9,208,71.206,114.7468672,7258.461366,5.5802,0,0,0,0.035884,1.1965,0,0,0,0,0,0,0.007722072,0.000721692,0
9,208,71.206,114.7468672,7258.461366,0.008335,0,0,0,0.008336,0,0,0,0,0,0,0,0.007722072,0.000721692,0
9,208,71.206,114.7468672,7258.461366,0,0,0,0,0.008953,0,0,0,0,0,4.4103,0,0.007722072,0.000721692,0
9,208,71.206,114.7468672,7258.461366,0,0,0,0,0,0,0,0,0,0,0.151728,0,0.007722072,0.000721692,0
9,208,71.206,114.7468672,7258.461366,0.29003,0,0,0,13.034,0,0,0,0,0,2.60853,0,0.007722072,0.000721692,0
9,208,71.206,114.7468672,7258.461366,0,0,0,0,0,0,0,0,0,0,0.151728,0,0.007722072,0.000721692,0
9,208,71.206,114.7468672,7258.461366,0,0,0,9.5845,0,0,0,0,0,0,0,0,0.007722072,0.000721692,0
9,208,71.206,114.7468672,7258.461366,0,0,0.8007,0,0,0,0,0,0,0,0.151728,0,0.007722072,0.000721692,0
9,208,71.206,114.7468672,7258.461366,0.061767,0,0,0,1.5099,0.000886,0,0,0,0,0.151728,0,0.007722072,0.000721692,0
9,208,71.206,114.7468672,7258.461366,0,0,0,0,0,0,0,0,0,0,0,0,0.007722072,0.000721692,0
9,208,71.206,114.7468672,7258.461366,0,0,0,0.00524,0.00524,0,0,0,0,0,0.151728,0,0.007722072,0.000721692,0
9,208,71.206,114.7468672,7258.461366,0,0,0,0,0.008333,0,0,0,0,0,0.286419,0,0.007722072,0.000721692,0
9,208,71.206,114.7468672,7258.461366,0.012423,0,0,0,56.549,0,0,1.5781,0,0,18.3318,0,0.007722072,0.000721692,0
9,208,71.206,114.7468672,7258.461366,0.00644,0,0,0.031407,0,0,27.06,0,0,0,3.2364,0,0.007722072,0.000721692,0
9,208,71.206,114.7468672,7258.461366,0,0,0,0,0,0,0.59876,0,0,0,0.151728,0,0.007722072,0.000721692,0
9,208,71.206,114.7468672,7258.461366,0.016858,0,0,0.008335,56.549,0,0,0,0,0,0,0,0.007722072,0.000721692,0
9,208,71.206,114.7468672,7258.461366,0,0,0,0,0.074576,32.552,0,0,53.46,0,0,0,0.007722072,0.000721692,0
9,208,71.206,114.7468672,7258.461366,0,0,0,0,1.1676,0,0,0,0,0,0.151728,0,0.007722072,0.000721692,0
9,208,71.206,114.7468672,7258.461366,1.2325,0,0,0,0,0.005269,0.67053,0,0,0,0,0,0.007722072,0.000721692,0
9,208,71.206,114.7468672,7258.461366,0,0,0,0,0.000739,4.0839,0,0,0,0,0.151728,0,0.007722072,0.000721692,0
9,208,71.206,114.7468672,7258.461366,21.786,0,0,0,0,0,0,0,0,0,0.70764,0,0.007722072,0.000721692,0
9,208,71.206,114.7468672,7258.461366,0,0,0,0,1.649,1.9116,0,0,0,0,0.204657,0,0.007722072,0.000721692,0
9,208,71.206,114.7468672,7258.461366,0,0,0,0,0.013551,0,0,0,0,0,0,0,0.007722072,0.000721692,0
9,208,71.206,114.7468672,7258.461366,0,0,0,0,0,0,0,0,0,0,13.494,0,0.007722072,0.000721692,0
9,208,71.206,114.7468672,7258.461366,0.008321,0,0,0,0.01564,0,0,0,0,0,0,0,0.007722072,0.000721692,0
9,208,71.206,114.7468672,7258.461366,0.024955,0,0,0.008333,0,0,0,0,0,0,1.96911,0,0.007722072,0.000721692,0
9,208,71.206,114.7468672,7258.461366,0.007697,0,0,0,0,0,0,0,0,0,0.273357,0,0.007722072,0.000721692,0
9,208,71.206,114.7468672,7258.461366,0.01332,0,0,0,0,0,0,0,0,0,1.19187,0,0.007722072,0.000721692,0
9,208,71.206,114.7468672,7258.461366,74.841,0,0,0,0,0,0,0,0,0,0.151728,0,0.007722072,0.000721692,0
9,208,71.206,114.7468672,7258.461366,0,0,0,0,4.0421,0,0,0,0,0,2.23266,0,0.007722072,0.000721692,0
9,208,71.206,114.7468672,7258.461366,0,0,0,0.010986,0.008333,0,0,0,0,0,0,0,0.007722072,0.000721692,0
9,208,71.206,114.7468672,7258.461366,0,0,0,6.1619,0.032706,0,0,0,0,0,65.781,0,0.007722072,0.000721692,0
9,208,71.206,114.7468672,7258.461366,0.001434,0,1.2712,0,0.008335,0,0,0,0,0,95.283,0,0.007722072,0.000721692,0
9,208,71.206,114.7468672,7258.461366,0,0,0,0.008333,2.7524,22.837,0,0,0,0,0.271128,0,0.007722072,0.000721692,0
9,208,71.206,114.7468672,7258.461366,0.007697,0,0,0.011527,0.013681,3.3641,0,0,0,0,0.151728,0,0.007722072,0.000721692,0
9,208,71.206,114.7468672,7258.461366,4.8879,0,0,0.007697,5.2021,0,36.808,0,0,0,0,0,0.007722072,0.000721692,0
9,208,71.206,114.7468672,7258.461366,0.050392,0,0,0,0,0,0,0,0,0,2.34936,0,0.007722072,0.000721692,0
9,208,71.206,114.7468672,7258.461366,0,0,0,0,0,0,0,0,0,0,1.47333,0,0.007722072,0.000721692,0
9,208,71.206,114.7468672,7258.461366,0.0724,0,0,0.0306,0,0,0,0,0,0,0.151728,0,0.007722072,0.000721692,0
9,208,71.206,114.7468672,7258.461366,0.25336,0,0,0,0,0,0,0,0,0,0,0,0.007722072,0.000721692,0
9,208,71.206,114.7468672,7258.461366,0.008336,0,0,0,0.011532,0,0,0,0,0,10.7733,0,0.007722072,0.000721692,0
9,208,71.206,114.7468672,7258.461366,0,0,0,14.532,0,0.77927,0.13028,0,0,0,0.151728,0,0.007722072,0.000721692,0
9,208,71.206,114.7468672,7258.461366,0.72108,0,0,0,0,0,0,0,0,0,2.39871,0,0.007722072,0.000721692,0
9,208,71.206,114.7468672,7258.461366,0.004864,0,0,0.65591,0,0,0,0,0,0,0.151728,0,0.007722072,0.000721692,0
9,208,71.206,114.7468672,7258.461366,63.495,0,0,0,0,0,0,0,0,0,0,0,0.007722072,0.000721692,0
9,208,71.206,114.7468672,7258.461366,0.070781,0,0,0.010165,0.000124,0,0,0,0,0,0,0,0.007722072,0.000721692,0
9,208,71.206,114.7468672,7258.461366,0,0,0,0,0,28.381,0,0,0,0,0,0,0.007722072,0.000721692,0
9,208,71.206,114.7468672,7258.461366,0,0,0,0.021907,0,0,0,0,0,0,0,0,0.007722072,0.000721692,0
9,208,71.206,114.7468672,7258.461366,6.8591,0,0,51.422,0,0,0,0,0,0,0,0,0.007722072,0.000721692,0
9,208,71.206,114.7468672,7258.461366,0,0,0,0,0,1.4271,0.67845,0,0,0,7.0536,0,0.007722072,0.000721692,0
9,208,71.206,114.7468672,7258.461366,0.01061,0,0,0,0.01359,0,0,0,0,0,8.9418,0,0.007722072,0.000721692,0
9,208,71.206,114.7468672,7258.461366,1.5374,0,0,0,0,0,0,0,0,0,0,0,0.007722072,0.000721692,0
9,208,71.206,114.7468672,7258.461366,0.016858,0,0,0,0.008333,1.1314,0,0,0,0,0.151728,0,0.007722072,0.000721692,0
9,208,71.206,114.7468672,7258.461366,47.536,0,0,2.0429,3.3777,0.77921,0,0,0,0,0.151728,0,0.007722072,0.000721692,0
9,208,71.206,114.7468672,7258.461366,0.063798,0,0,0,0.566,0,0,0,0,0,0,0,0.007722072,0.000721692,0
9,208,71.206,114.7468672,7258.461366,0.002139,0,0,0,0,0,0,0,0,0,0.151728,0,0.007722072,0.000721692,0
9,208,71.206,114.7468672,7258.461366,0.035255,0,0,0,0,0,0,0,0,0,0.151728,0,0.007722072,0.000721692,0
9,208,71.206,114.7468672,7258.461366,0.008333,0,0,0,0,0,0,0,0,0,0,0,0.007722072,0.000721692,0
9,208,71.206,114.7468672,7258.461366,0,0,0,0.36044,0,0,0,0,0,0,0.151728,0,0.007722072,0.000721692,0
9,208,71.206,114.7468672,7258.461366,0,0,0,0,0,0,0,0.000801,0,0,0,0,0.007722072,0.000721692,0
9,208,71.206,114.7468672,7258.461366,0,0,0,0,0,0,0,0,0,0,0,0,0.007722072,0.000721692,0
9,208,71.206,114.7468672,7258.461366,0,0,0,0,0,0,0,0,0,0,0.151728,0,0.007722072,0.000721692,0
9,208,71.206,114.7468672,7258.461366,0.008333,0,0,0,0,0,0,0,9.0602,0,1.05978,0,0.007722072,0.000721692,0
9,208,71.206,114.7468672,7258.461366,0.01048,0,0,0,0,0,0,0,0,0,0.151728,0,0.007722072,0.000721692,0
9,208,71.206,114.7468672,7258.461366,0.00644,0,0,0,0,0,0,0,0,0,0.273357,0,0.007722072,0.000721692,0
9,208,71.206,114.7468672,7258.461366,0.13074,0,0,0.6175,0,0,0,0,0,0,10.8618,0,0.007722072,0.000721692,0
9,208,71.206,114.7468672,7258.461366,0,0,0,0,0.00062,0,0,0,0,0,0.28866,0,0.007722072,0.000721692,0
9,208,71.206,114.7468672,7258.461366,0,0,0,24.36,0.0001875,0,26.543,0,0,0,0,0,0.007722072,0.000721692,0
9,208,71.206,114.7468672,7258.461366,0.13074,0,0,0.00524,0,0,0,0,0,0,3.6918,0,0.007722072,0.000721692,0
9,208,71.206,114.7468672,7258.461366,0.018596,0,0,1.3084,1.4612,0,0,0,0,0,5.4765,0,0.007722072,0.000721692,0
9,208,71.206,114.7468672,7258.461366,0.27066,0,0,0,0.00062,0,0,0,0,0,0.151728,0,0.007722072,0.000721692,0
9,208,71.206,114.7468672,7258.461366,0,0,0,0.6175,0,0,0,0,0,0,78.063,0,0.007722072,0.000721692,0
9,208,71.206,114.7468672,7258.461366,0.007328,0,0,1.1831,0.008333,0,0,0,0,0,3.9018,0,0.007722072,0.000721692,0
9,208,71.206,114.7468672,7258.461366,0.00524,0,0,0.008321,0,0,0.67845,0,0,0,0.36594,0,0.007722072,0.000721692,0
9,208,71.206,114.7468672,7258.461366,0.008333,0,0,0,0,0,0,0,0,0,7.8042,0,0.007722072,0.000721692,0
9,208,71.206,114.7468672,7258.461366,0,0,0,73.41,0,0.79321,0.13028,0.012361,0,0,4.0518,0,0.007722072,0.000721692,0
9,208,71.206,114.7468672,7258.461366,0,0,0,3.2371,0,0,0,0,0,0,0,0,0.007722072,0.000721692,0
9,208,71.206,114.7468672,7258.461366,0.075337,0,0,0,0,0,0,0,0,0,0,0,0.007722072,0.000721692,0
9,208,71.206,114.7468672,7258.461366,0,0,0,0,0,0,14.243,0,0,0,0.151728,0,0.007722072,0.000721692,0
9,208,71.206,114.7468672,7258.461366,0.0068531,0,0,0,0,3.4338,0,0,0,0,0,0,0.007722072,0.000721692,0
9,208,71.206,114.7468672,7258.461366,2.1571,0,0,10.898,0.070777,0.89381,0,0,0,0,1.52439,0,0.007722072,0.000721692,0
9,208,71.206,114.7468672,7258.461366,0.01061,0,0,0,0,0,0,0,0,0,0,0,0.007722072,0.000721692,0
9,208,71.206,114.7468672,7258.461366,0.00644,0,0,0,0,0,0,0,0,0,7.0518,0,0.007722072,0.000721692,0
9,208,71.206,114.7468672,7258.461366,0.008335,0,0,0,0,0,0.059897,0,0,0,1.70622,0,0.007722072,0.000721692,0
9,208,71.206,114.7468672,7258.461366,0.27365,0,0,0,0.013518,25.566,0,0,0,0,11.0268,0,0.007722072,0.000721692,0
9,208,71.206,114.7468672,7258.461366,0.013408,0,0,0.0088426,0,0,0,0,0,0,0.151728,0,0.007722072,0.000721692,0
9,208,71.206,114.7468672,7258.461366,0.015667,0,0,0.0074133,0.008333,0,0.059897,0,0,0,0.181728,0,0.007722072,0.000721692,0
9,208,71.206,114.7468672,7258.461366,0,0,0,0.11797,0,0,0,0,0,0,2.41287,0,0.007722072,0.000721692,0
9,208,71.206,114.7468672,7258.461366,5.6933,0,0,0,0.012187,0,0,0,0,0,0,0,0.007722072,0.000721692,0
9,208,71.206,114.7468672,7258.461366,0.82366,0,0,0.010105,0,1.9376,0,0,0,0,0.278532,0,0.007722072,0.000721692,0
9,208,71.206,114.7468672,7258.461366,0,0,0,0,0,0,0,0,0,0,34.539,0,0.007722072,0.000721692,0
9,208,71.206,114.7468672,7258.461366,0.00524,0,0.31971,0.033648,0.00524,0,0,0,0,0,0.273018,0,0.007722072,0.000721692,0
9,208,71.206,114.7468672,7258.461366,0.08383,0,0,0,0.0001875,0,0,0,0,0,0.3897,0,0.007722072,0.000721692,0
9,208,71.206,114.7468672,7258.461366,0,0,0,0,0.002772,0.79321,0,0,0,0,0.286419,0,0.007722072,0.000721692,0
9,208,71.206,114.7468672,7258.461366,0.43058,0,0,0,0.008333,0,0,0,0,0,1.73121,0,0.007722072,0.000721692,0
9,208,71.206,114.7468672,7258.461366,0.001434,0,0,0.007697,0.023106,0,10.868,0,0,0,0,0,0.007722072,0.000721692,0
9,208,71.206,114.7468672,7258.461366,1.1189,0,0,0,0,0,0,0,0,0,3.3018,0,0.007722072,0.000721692,0
9,208,71.206,114.7468672,7258.461366,0,0,0,0,4.5941,0,0,0,0,0,0.151728,0,0.007722072,0.000721692,0
9,208,71.206,114.7468672,7258.461366,0.001309,0,0,0,0,0,0,0,0,0,0.31059,0,0.007722072,0.000721692,0
9,208,71.206,114.7468672,7258.461366,0.4515,0,0,0,0,0,0,0,0,0,6.8154,0,0.007722072,0.000721692,0
9,208,71.206,114.7468672,7258.461366,0,0,0,0,0.008333,0,0.021726,0,0,0,0,0,0.007722072,0.000721692,0
9,208,71.206,114.7468672,7258.461366,0.001478,0,0,0,0.68784,0,0,0,0,0,0,0,0.007722072,0.000721692,0
9,208,71.206,114.7468672,7258.461366,0,0,5.2658,0,0,0,0,0,0,0,0.273366,0,0.007722072,0.000721692,0
9,208,71.206,114.7468672,7258.461366,0,0,0,0,0,0,0,0,0,0,0.151728,0,0.007722072,0.000721692,0
9,208,71.206,114.7468672,7258.461366,0,0,0,3.6568,0,0,0,0,0,0,11.682,0,0.007722072,0.000721692,0
9,208,71.206,114.7468672,7258.461366,0.00524,0,0,0.047407,0.008333,0,0,0,0,0,0,0,0.007722072,0.000721692,0
9,208,71.206,114.7468672,7258.461366,0.0088108,0,0,0,0,0,0,0,0,0,25.3818,0,0.007722072,0.000721692,0
9,208,71.206,114.7468672,7258.461366,0.010054,0,0,0,0,0,0,0,0,0,39.096,0,0.007722072,0.000721692,0
9,208,71.206,114.7468672,7258.461366,6.5562,0,0,52.922,0.005239,0,0,0,0,0,6.5418,0,0.007722072,0.000721692,0
9,208,71.206,114.7468672,7258.461366,0.93731,0,0,0,0,0,0,0,0,0,4.6839,0,0.007722072,0.000721692,0
9,208,71.206,114.7468672,7258.461366,0.67499,0,0,0,4.753,0,0,0,0,0,0,0,0.007722072,0.000721692,0
9,208,71.206,114.7468672,7258.461366,0,0,0,0.000078,0.00043,0,0,0,0,0,42.879,0,0.007722072,0.000721692,0
9,208,71.206,114.7468672,7258.461366,0.008333,0,0,0,0,1.5701,0,0,0,0,0,0,0.007722072,0.000721692,0
9,208,71.206,114.7468672,7258.461366,0.029004,0,0,0,0,0,0,0,0,0,6.4536,0,0.007722072,0.000721692,0
9,208,71.206,114.7468672,7258.461366,0.005239,0,0,0.005239,0,0,52.175,0,0,0,0,0,0.007722072,0.000721692,0
9,208,71.206,114.7468672,7258.461366,0.22048,0,0,0.0014795,0,0.014727,0,0,0,0,0.65616,0,0.007722072,0.000721692,0
9,208,71.206,114.7468672,7258.461366,0,0,0,0,0,0.77904,0,0,0,0,1.88184,0,0.007722072,0.000721692,0
9,208,71.206,114.7468672,7258.461366,7.9005,0,0,0.0065058,0,0,0,0,0,0,1.21974,0,0.007722072,0.000721692,0
9,208,71.206,114.7468672,7258.461366,0.008585,0,0,0.01048,4.5283,4.3866,0,0,0,0,0,0,0.007722072,0.000721692,0
9,208,71.206,114.7468672,7258.461366,1.6091,0,0,0.0062753,1.2446,0,0,0,0,0,0.51381,0,0.007722072,0.000721692,0
9,208,71.206,114.7468672,7258.461366,0,0,0,0.0067015,0.0014495,10.661,0,0,0,0,1.67382,0,0.007722072,0.000721692,0
9,208,71.206,114.7468672,7258.461366,0.007835,0,0,0.68671,0.008333,0.0003,0,0,0,0,13.1718,0,0.007722072,0.000721692,0
9,208,71.206,114.7468672,7258.461366,0,0,0,0,0,0,0,0,0,0,0.151728,0,0.007722072,0.000721692,0
9,208,71.206,114.7468672,7258.461366,0.71246,0,0,0.005239,0,0,0,0,0,0,0.151728,0,0.007722072,0.000721692,0
9,208,71.206,114.7468672,7258.461366,10.582,0,0,0.01254,0,0,0,0,0,0,0,0,0.007722072,0.000721692,0
9,208,71.206,114.7468672,7258.461366,3.7455,0,0,0.008333,0,0,0,0,0,0,1.52439,0,0.007722072,0.000721692,0
9,208,71.206,114.7468672,7258.461366,0,0,0,12.69,26.765,0,0,0,0,0,0,0,0.007722072,0.000721692,0
9,208,71.206,114.7468672,7258.461366,0,0,0.20937,4.7441,0,0,0,0,0,0,4.2768,0,0.007722072,0.000721692,0
9,208,71.206,114.7468672,7258.461366,0.00644,0,0,0,70.761,0,0,0,0,0,0.151728,0,0.007722072,0.000721692,0
9,208,71.206,114.7468672,7258.461366,0,0,0,0,0.014258,0,0,0,0,0,0.42399,0,0.007722072,0.000721692,0
9,208,71.206,114.7468672,7258.461366,0,0,0,0.01377,0.13092,0,0,0,0,0,0.151728,0,0.007722072,0.000721692,0
9,208,71.206,114.7468672,7258.461366,0,0,0,0,0,0,0,0,0,0,0.151728,0,0.007722072,0.000721692,0
9,208,71.206,114.7468672,7258.461366,0,0,0,0,0.005239,0,0,0,0,0,13.5936,0,0.007722072,0.000721692,0
9,208,71.206,114.7468672,7258.461366,0,0,0,0.0081579,1.7249,0,0,0,0,0,0,0,0.007722072,0.000721692,0
9,208,71.206,114.7468672,7258.461366,0,0,0,0.001326,0,0,0,0,0,0,0,0,0.007722072,0.000721692,0
9,208,71.206,114.7468672,7258.461366,0.010364,0,0,0,0,2.6999,0,0,0,0,0.151728,0,0.007722072,0.000721692,0
9,208,71.206,114.7468672,7258.461366,0,0,0,0,0,0,0,0,0,0,4.6839,0,0.007722072,0.000721692,0
9,208,71.206,114.7468672,7258.461366,0.00644,0,0,0,4.3986,0,0,0,0,0,0.151728,0,0.007722072,0.000721692,0
9,208,71.206,114.7468672,7258.461366,0,0,0,0,0,0,0,0,0,0,3.6423,0,0.007722072,0.000721692,0
9,208,71.206,114.7468672,7258.461366,0.002096,0,0,0,42.799,0.79321,0,0,0,0,10.1169,0,0.007722072,0.000721692,0
9,208,71.206,114.7468672,7258.461366,0.075337,0,0,0,0.021906,0,0,0,0,0,28.0509,0,0.007722072,0.000721692,0
9,208,71.206,114.7468672,7258.461366,0,0,0,0,0,0,0,0,0,0,6.4536,0,0.007722072,0.000721692,0
9,208,71.206,114.7468672,7258.461366,0,0,0.00524,0,14.856,0,30.781,0,0,0,5.1444,0,0.007722072,0.000721692,0
9,208,71.206,114.7468672,7258.461366,0.001669,0,0,0,0,0,5.3904,0,0,0,0,0,0.007722072,0.000721692,0
9,208,71.206,114.7468672,7258.461366,1.6744,0,0,0.0065058,0,0,0,0,0,0,0.151728,0,0.007722072,0.000721692,0
9,208,71.206,114.7468672,7258.461366,0,0,0,0.001493,0.003821,7.545,0,0,0.00062,0,0.72174,0,0.007722072,0.000721692,0
9,208,71.206,114.7468672,7258.461366,0.075337,0,0,0,2.7215,5.9264,0,0,0,0,0,0,0.007722072,0.000721692,0
9,208,71.206,114.7468672,7258.461366,0.008333,0,0,0.00524,0,4.2572,0,0,0,0,1.57404,0,0.007722072,0.000721692,0
9,208,71.206,114.7468672,7258.461366,0,0,0,0,0,0,0,0,0,0,0,0,0.007722072,0.000721692,0
9,208,71.206,114.7468672,7258.461366,0.009056,0,0,2.2778,0,0,0.74966,0,0,0,0.273366,0,0.007722072,0.000721692,0
9,208,71.206,114.7468672,7258.461366,0,0,0,0,0,0.004625,0,0,0,0,0,0,0.007722072,0.000721692,0
9,208,71.206,114.7468672,7258.461366,0.00524,0,0,0,50.346,0,0.13028,0,0,0,14.4507,0,0.007722072,0.000721692,0
9,208,71.206,114.7468672,7258.461366,0,0,0,0,0.008333,0,0,0,0,0,8.3751,0,0.007722072,0.000721692,0
9,208,71.206,114.7468672,7258.461366,1.366,0,0,0,3.0408,0,0,0,0,0,0.84174,0,0.007722072,0.000721692,0
9,208,71.206,114.7468672,7258.461366,0.008333,0,0,0,0,0,21.515,0,0,0,0,0,0.007722072,0.000721692,0
9,208,71.206,114.7468672,7258.461366,0.008333,0,0,0,0,0,0,0,0,0,0.151728,0,0.007722072,0.000721692,0
9,208,71.206,114.7468672,7258.461366,0,0,0,0,0.000251,0,0,0,0,0,0.151728,0,0.007722072,0.000721692,0
9,208,71.206,114.7468672,7258.461366,0.19687,0,0,0,0.00524,0,0,0,0,0,0.2871,0,0.007722072,0.000721692,0
9,208,71.206,114.7468672,7258.461366,0.026827,0,0,0,0,0,0,0,0,0,0,0,0.007722072,0.000721692,0
9,208,71.206,114.7468672,7258.461366,4.8879,0,0,0,0.007148,0,0,0,0,0,3.3018,0,0.007722072,0.000721692,0
9,208,71.206,114.7468672,7258.461366,0,0,0,21.886,0,0,0,0,0,0,0.283572,0,0.007722072,0.000721692,0
9,208,71.206,114.7468672,7258.461366,0.008585,0,0,0,0,0,28.852,0,0,0,4.6158,0,0.007722072,0.000721692,0
9,208,71.206,114.7468672,7258.461366,0,0,0,0,0.001434,0,0,0,0,0,0,0,0.007722072,0.000721692,0
9,208,71.206,114.7468672,7258.461366,0,0,0,0.009056,0.10115,0,0,0,0,0,22.617,0,0.007722072,0.000721692,0
9,208,71.206,114.7468672,7258.461366,0,0,0.012342,0,10.115,0.79321,2.5309,0,0,0,3.1278,0,0.007722072,0.000721692,0
9,208,71.206,114.7468672,7258.461366,0,0,0,0,0,0,0,0,0,0,8.7918,0,0.007722072,0.000721692,0
9,208,71.206,114.7468672,7258.461366,0.010521,0,0,0.000688,0,0,0,0,0,0,0.151728,0,0.007722072,0.000721692,0
9,208,71.206,114.7468672,7258.461366,0,0,0,1.5881,0.003346,0,0,0,0,0,1.72038,0,0.007722072,0.000721692,0
9,208,71.206,114.7468672,7258.461366,0,0,0,0,0,0,0,0,0,0,0,0,0.007722072,0.000721692,0
9,208,71.206,114.7468672,7258.461366,5.865,0,0,0,0,0,0,0,0,0,0.280587,0,0.007722072,0.000721692,0
9,208,71.206,114.7468672,7258.461366,0,0,0,0.0098389,0,0,0,0,0,0,0.151728,0,0.007722072,0.000721692,0
9,208,71.206,114.7468672,7258.461366,109.34,0,0,0.73108,1.8824,0,0.059897,0,0,0,0.151728,0,0.007722072,0.000721692,0
9,208,71.206,114.7468672,7258.461366,0.68217,0,0,0,0.050892,0,0.13028,0,0,0,0.279489,0,0.007722072,0.000721692,0
9,208,71.206,114.7468672,7258.461366,0,0,0,0,8.5334,0,0,0,0,0,3.6486,0,0.007722072,0.000721692,0
9,208,71.206,114.7468672,7258.461366,0,0,0.49293,0,0,0,0,0,0,0,5.1363,0,0.007722072,0.000721692,0
9,208,71.206,114.7468672,7258.461366,0.00524,0,0,0.003539,0.90312,0,0,0,0,0,0,0,0.007722072,0.000721692,0
9,208,71.206,114.7468672,7258.461366,0.0724,0,0,0.008333,0.008953,0,0,0,0,0,0.151728,0,0.007722072,0.000721692,0
9,208,71.206,114.7468672,7258.461366,0.003539,0,0,0.000716,0.003468,0,0,0,0,0,0,0,0.007722072,0.000721692,0
9,208,71.206,114.7468672,7258.461366,0,0,0,0,0.008333,0.78245,0,0,0,0,0,0,0.007722072,0.000721692,0
9,208,71.206,114.7468672,7258.461366,0.002508,0,0,0,0,0,0,0,0,0,0,0,0.007722072,0.000721692,0
9,208,71.206,114.7468672,7258.461366,0.00524,0,0,0,3.9118,0,0,0,0,0,0,0,0.007722072,0.000721692,0
9,208,71.206,114.7468672,7258.461366,0.008335,0,0,0,0,0.010345,0,0,0,0,20.2284,0,0.007722072,0.000721692,0
9,208,71.206,114.7468672,7258.461366,0,0,0,0,1.7912,0,0,0,0,0,0.151728,0,0.007722072,0.000721692,0
9,208,71.206,114.7468672,7258.461366,0.091719,0,0,4.7036,0,0,0,0,0,0,28.113,0,0.007722072,0.000721692,0
9,208,71.206,114.7468672,7258.461366,0.00644,0,0,0.34605,0.00524,0,0,0,0,0,8.7318,0,0.007722072,0.000721692,0
9,208,71.206,114.7468672,7258.461366,0.60993,0,0,0,3.3385,0,0,0,0,0,1.08798,0,0.007722072,0.000721692,0
9,208,71.206,114.7468672,7258.461366,0,0,0,0,0.010122,0,0,0,0,0,0,0,0.007722072,0.000721692,0
9,208,71.206,114.7468672,7258.461366,0,0,0,0,0,0,0,0,0,0,0,0,0.007722072,0.000721692,0
9,208,71.206,114.7468672,7258.461366,0,0,0,0,0,0,0,0,0,0,0.151728,0,0.007722072,0.000721692,0
9,208,71.206,114.7468672,7258.461366,0,0,0,0,0.0001875,0,0,0,0,0,0.151728,0,0.007722072,0.000721692,0
9,208,71.206,114.7468672,7258.461366,0,0,0,0,0.005239,0,0,0,0,0,0,0,0.007722072,0.000721692,0
9,208,71.206,114.7468672,7258.461366,5.865,0,0,0,0.00062,0,0.13028,0,0,0,0.151728,0,0.007722072,0.000721692,0
9,208,71.206,114.7468672,7258.461366,0.005769,0,0,0,0,0,0,0,0,0,0.151728,0,0.007722072,0.000721692,0
9,208,71.206,114.7468672,7258.461366,0,0,0,0,0,0,0,0,0,0,0.151728,0,0.007722072,0.000721692,0
9,208,71.206,114.7468672,7258.461366,0.005239,0,0,1.0312,0,0,0,0,0,0,0.151728,0,0.007722072,0.000721692,0
9,208,71.206,114.7468672,7258.461366,0,0,0,2.2778,0,0,0,0,0.008338,0,0.50493,0,0.007722072,0.000721692,0
9,208,71.206,114.7468672,7258.461366,0.001267,0,4.6054,0.008333,0,0,0,0,0,0,1.09155,0,0.007722072,0.000721692,0
9,208,71.206,114.7468672,7258.461366,0.25336,0,0,0,0,3.5685,0,0,0,0,0.151728,0,0.007722072,0.000721692,0
9,208,71.206,114.7468672,7258.461366,0.008333,0,0,0,0,0,0,0,0,0,1.38174,0,0.007722072,0.000721692,0
9,208,71.206,114.7468672,7258.461366,0,0,0,0,0,0,0,0,0,0,0.151728,0,0.007722072,0.000721692,0
9,208,71.206,114.7468672,7258.461366,0,0,0,5.8999,0,0.99064,0,0,0,0,42.996,0,0.007722072,0.000721692,0
9,208,71.206,114.7468672,7258.461366,0.21588,0,0.009348,0.3488,8.1439,0,0,0,0,0,32.442,0,0.007722072,0.000721692,0
9,208,71.206,114.7468672,7258.461366,0,0,0,0,0,0,0,0,0,0,0,0,0.007722072,0.000721692,0
9,208,71.206,114.7468672,7258.461366,0,0,0,0,0,0,0,0,0,0,1.73121,0,0.007722072,0.000721692,0
9,208,71.206,114.7468672,7258.461366,0.008333,0,0,0.036193,0.008333,0,0,0,0,0,0.70341,0,0.007722072,0.000721692,0
9,208,71.206,114.7468672,7258.461366,0.49815,0,0,0,0.000063,0,0,0,0,0,0.9426,0,0.007722072,0.000721692,0
9,208,71.206,114.7468672,7258.461366,2.2494,0,0,1.0905,0,0,0,0,0,0,0.151728,0,0.007722072,0.000721692,0
9,208,71.206,114.7468672,7258.461366,0,0,0,0,0,0,0,0,0,0,0,0,0.007722072,0.000721692,0
9,208,71.206,114.7468672,7258.461366,5.865,0,16.247,0,0.01564,0.79321,0,0,0,0,10.2414,0,0.007722072,0.000721692,0
9,208,71.206,114.7468672,7258.461366,0.036852,0,0,0,0,0,0,0,0,0,68.145,0,0.007722072,0.000721692,0
9,208,71.206,114.7468672,7258.461366,0,0,0,68.713,0,0,0,0,0,0,4.2768,0,0.007722072,0.000721692,0
9,208,71.206,114.7468672,7258.461366,0.008333,0,0,0.006456,0,0,0,0,0,0,57.423,0,0.007722072,0.000721692,0
9,208,71.206,114.7468672,7258.461366,0.010521,0,0,0,0,0,0,0,0,0,0,0,0.007722072,0.000721692,0
9,208,71.206,114.7468672,7258.461366,0,0,0,23.088,0,0,0,0,0,0,0,0,0.007722072,0.000721692,0
9,208,71.206,114.7468672,7258.461366,43.582,0,0,0,0,0,0,0,0,0,10.6818,0,0.007722072,0.000721692,0
9,208,71.206,114.7468672,7258.461366,0,0,0,0.047701,0.65463,0,0,0,0,0,3.2364,0,0.007722072,0.000721692,0
9,208,71.206,114.7468672,7258.461366,0.37708,0,0,0,0,0,0,0,0,0,0,0,0.007722072,0.000721692,0
9,208,71.206,114.7468672,7258.461366,0,0,0,0,1.6602,0,0,0,0,0,9.4383,0,0.007722072,0.000721692,0
9,208,71.206,114.7468672,7258.461366,5.15,0,0,0.003821,0,0.0004275,0,0,0,0,0,0,0.007722072,0.000721692,0
9,208,71.206,114.7468672,7258.461366,0,0,0,0,0.003346,0,0,0,0,0,0,0,0.007722072,0.000721692,0
9,208,71.206,114.7468672,7258.461366,0,0,0,0.00062,0,0,0,0,0,0,0.151728,0,0.007722072,0.000721692,0
9,208,71.206,114.7468672,7258.461366,0.0068619,0,0,0,0.005239,0,28.471,0,0,0,0.293307,0,0.007722072,0.000721692,0
9,208,71.206,114.7468672,7258.461366,0,0,0,0,2.8291,0,0,0,0,0,0,0,0.007722072,0.000721692,0
9,208,71.206,114.7468672,7258.461366,0,0,0,0,0.003538,0,0,0,0,0,0.34593,0,0.007722072,0.000721692,0
9,208,71.206,114.7468672,7258.461366,0.00644,0,0,0.1451,0,2.5906,0.84965,0,0,0,0.151728,0,0.007722072,0.000721692,0
9,208,71.206,114.7468672,7258.461366,0.013572,0,0,0.17235,0.008333,0,52.387,0,0,0,0,0,0.007722072,0.000721692,0
9,208,71.206,114.7468672,7258.461366,0.00524,0,0,0,0,0.026145,0,0,0,0,7.3206,0,0.007722072,0.000721692,0
9,208,71.206,114.7468672,7258.461366,0.20881,0,0,0,0.003346,0,0,0,0,0,0,0,0.007722072,0.000721692,0
9,208,71.206,114.7468672,7258.461366,0.039743,0,0,0.010479,0,0,0,0,0,0,0,0,0.007722072,0.000721692,0
9,208,71.206,114.7468672,7258.461366,0.29003,0,0,0,0,0,0,0,0,0,0,0,0.007722072,0.000721692,0
9,208,71.206,114.7468672,7258.461366,0,0,0,0.020575,0,0,0,0,0,0,0.151728,0,0.007722072,0.000721692,0
9,208,71.206,114.7468672,7258.461366,0.000078,0,0,5.7854,0,0.88402,0,0,0,0,1.05978,0,0.007722072,0.000721692,0
9,208,71.206,114.7468672,7258.461366,0.0062156,0,0,0,0,6.0658,0,0,0,0,0.275769,0,0.007722072,0.000721692,0
9,208,71.206,114.7468672,7258.461366,1.2325,0,0.005845,2.3519,11.73,0,0,0,0,0,8.6688,0,0.007722072,0.000721692,0
9,208,71.206,114.7468672,7258.461366,5.7412,0,0.00036,4.0096,0,0,0,0,0,0,10.6086,0,0.007722072,0.000721692,0
9,208,71.206,114.7468672,7258.461366,1.1984,0,0,3.2487,0,0,0,0,0,0,0.151728,0,0.007722072,0.000721692,0
9,208,71.206,114.7468672,7258.461366,8.3092,0,0,0,8.1439,0,0,13.209,0,0,10.1169,0,0.007722072,0.000721692,0
9,208,71.206,114.7468672,7258.461366,0.002096,0,0,0.00524,0.0096305,0,0,0,0,0,0.151728,0,0.007722072,0.000721692,0
9,208,71.206,114.7468672,7258.461366,0,0,0,5.5669,0.008333,0,0.13028,0,0,0,0.151728,0,0.007722072,0.000721692,0
9,208,71.206,114.7468672,7258.461366,0,0,0,0,0,0,0,0,0,0,0,0,0.007722072,0.000721692,0
9,208,71.206,114.7468672,7258.461366,0,0,0,0.68671,0,0,0,0,0,0,1.10577,0,0.007722072,0.000721692,0
9,208,71.206,114.7468672,7258.461366,0,0,0,10.744,0.008333,0,0,0,0,0,0,0,0.007722072,0.000721692,0
9,208,71.206,114.7468672,7258.461366,0.008333,0,0,0,0,0,0,0,0,0,0,0,0.007722072,0.000721692,0
9,208,71.206,114.7468672,7258.461366,0.85316,0,0,0.0011005,0,0,0,0,0,0,0,0,0.007722072,0.000721692,0
9,208,71.206,114.7468672,7258.461366,0.013408,0,0,0.008335,0,0,0,0,0,0,1.27794,0,0.007722072,0.000721692,0
9,208,71.206,114.7468672,7258.461366,0,0,0,0,0.93395,0,0,0,0,0,6.102,0,0.007722072,0.000721692,0
9,208,71.206,114.7468672,7258.461366,0.008333,0,0,0,0.00524,0,0.40452,0,0,0,0.151728,0,0.007722072,0.000721692,0
9,208,71.206,114.7468672,7258.461366,0.008333,0,0,0.0093259,0.47436,13.897,0,0,0,0,0.273324,0,0.007722072,0.000721692,0
9,208,71.206,114.7468672,7258.461366,0,0,0,0.008333,0.013746,0,0,0,0,0,34.872,0,0.007722072,0.000721692,0
9,208,71.206,114.7468672,7258.461366,0,0,0,0,0.003346,0,0,0,0,0,0.151728,0,0.007722072,0.000721692,0
9,208,71.206,114.7468672,7258.461366,0,0,0,0,0.007102,0,0,0,0,0,8.5524,0,0.007722072,0.000721692,0
9,208,71.206,114.7468672,7258.461366,0.008333,0,0.000251,0,0,0,0,0,0,0,1.73121,0,0.007722072,0.000721692,0
9,208,71.206,114.7468672,7258.461366,0.58468,0,0,0,0,0,0,0,0,0,7.6407,0,0.007722072,0.000721692,0
9,208,71.206,114.7468672,7258.461366,0.0088108,0,0,0.12679,0,0,0,0,0,0,47.883,0,0.007722072,0.000721692,0
9,208,71.206,114.7468672,7258.461366,0.000376,0,0,0,62.065,0,0,0,0,0,3.6423,0,0.007722072,0.000721692,0
9,208,71.206,114.7468672,7258.461366,0,0,0,0,0,0,0,0,0,0,0.273384,0,0.007722072,0.000721692,0
9,208,71.206,114.7468672,7258.461366,2.7267,0,0,0.008333,0,0,0.13028,0,0,0,0.151728,0,0.007722072,0.000721692,0
9,208,71.206,114.7468672,7258.461366,0.011776,0,0,0,0,0.26686,0,0,0,0,4.8864,0,0.007722072,0.000721692,0
9,208,71.206,114.7468672,7258.461366,9.3106,0,0,0,0,0,0,0,0,0,3.9402,0,0.007722072,0.000721692,0
9,208,71.206,114.7468672,7258.461366,0,0,0,0.0084875,0.00524,0,0,0,0,0,0,0,0.007722072,0.000721692,0
9,208,71.206,114.7468672,7258.461366,0,0,0,0,0.0099455,0,0,0,0,0,10.1169,0,0.007722072,0.000721692,0
9,208,71.206,114.7468672,7258.461366,0.40788,0,0,5.7854,0,2.6486,0.13028,0,0,0,2.6481,0,0.007722072,0.000721692,0
9,208,71.206,114.7468672,7258.461366,0.008333,0,0,0,0,0,0.13028,0,0,0,0,0,0.007722072,0.000721692,0
9,208,71.206,114.7468672,7258.461366,0,0,0,0.00524,0,0,0,0,0,0,0,0,0.007722072,0.000721692,0
9,208,71.206,114.7468672,7258.461366,0.00322,0,0,0.002741,0.050892,0,0,0,0,0,0.279585,0,0.007722072,0.000721692,0
9,208,71.206,114.7468672,7258.461366,0,0,0,0,0,0,0,0,0,0,0.151728,0,0.007722072,0.000721692,0
9,208,71.206,114.7468672,7258.461366,8.933,0,0,8.1583,0,0,0,0,0,0,0.151728,0,0.007722072,0.000721692,0
9,208,71.206,114.7468672,7258.461366,0.004864,0,0,0,0,0,0,2.5894,0,0,6.258,0,0.007722072,0.000721692,0
9,208,71.206,114.7468672,7258.461366,4.119,0,0,0.18602,0.73688,0,0,0,0,0,0.151728,0,0.007722072,0.000721692,0
9,208,71.206,114.7468672,7258.461366,0.49815,0,0,0.10345,0,0,0,0,0,0,15.252,0,0.007722072,0.000721692,0
9,208,71.206,114.7468672,7258.461366,0.008333,0,0.20937,0,0,0,7.6576,0,0,0,0.151728,0,0.007722072,0.000721692,0
9,208,71.206,114.7468672,7258.461366,0.01332,0,0,0,0,0,0,0,0,0,0.34434,0,0.007722072,0.000721692,0
9,208,71.206,114.7468672,7258.461366,0.39409,0,0,0,0,0.015921,0,0,0,0,0.70764,0,0.007722072,0.000721692,0
9,208,71.206,114.7468672,7258.461366,0.000688,0,0,0,1.4315,0,0,0,5.9227,0,7.0518,0,0.007722072,0.000721692,0
9,208,71.206,114.7468672,7258.461366,0,0,0.012417,0,0,1.0992,0,0,0,0,0,0,0.007722072,0.000721692,0
9,208,71.206,114.7468672,7258.461366,0.16397,0,0,0,0,0.77904,0,0,0,0,0,0,0.007722072,0.000721692,0
9,208,71.206,114.7468672,7258.461366,0.026827,0,0,0.008333,0,5.1571,0,0,0,0,0,0,0.007722072,0.000721692,0
9,208,71.206,114.7468672,7258.461366,1.2774,0,0,0,0,0,0.13028,0,0,0,0,0,0.007722072,0.000721692,0
9,208,71.206,114.7468672,7258.461366,0,0,0,0.013415,0,0,0,0,0,0,0,0,0.007722072,0.000721692,0
9,208,71.206,114.7468672,7258.461366,0.014901,0,0,0,0.008333,0,0,0,0,0,5.787,0,0.007722072,0.000721692,0
9,208,71.206,114.7468672,7258.461366,0.00062,0,0,0,10.721,0,0,0,0,0,0.268926,0,0.007722072,0.000721692,0
9,208,71.206,114.7468672,7258.461366,0.00524,0,0,0,0.00524,0,0,0,0,0,46.293,0,0.007722072,0.000721692,0
9,208,71.206,114.7468672,7258.461366,0,0,0,0.00036,0,0,0,0,0,0,0,0,0.007722072,0.000721692,0
9,208,71.206,114.7468672,7258.461366,0.008333,0,0,0,0.00036,0,0,0,0,0,0.151728,0,0.007722072,0.000721692,0
9,208,71.206,114.7468672,7258.461366,1.6989,0,0,0,14.084,0,27.295,0,0,0,6.9018,0,0.007722072,0.000721692,0
9,208,71.206,114.7468672,7258.461366,0,0,0,0.000688,0,0.62172,0,0,0,0,7.2312,0,0.007722072,0.000721692,0
9,208,71.206,114.7468672,7258.461366,0,0,0,0,0.019681,0,0,1.6191,0,0,0,0,0.007722072,0.000721692,0
9,208,71.206,114.7468672,7258.461366,2.5147,0,0,0,0.001478,0,0,0,0,0,17.1858,0,0.007722072,0.000721692,0
9,208,71.206,114.7468672,7258.461366,0.037775,0,0,0.3794,0,0,0,0,0,0,0,0,0.007722072,0.000721692,0
9,208,71.206,114.7468672,7258.461366,0.047912,0,0,0,0,0.006508,0,0,0,0,5.4765,0,0.007722072,0.000721692,0
9,208,71.206,114.7468672,7258.461366,0,0,0,0,0.00524,0,0,0,0,0,0,0,0.007722072,0.000721692,0
9,208,71.206,114.7468672,7258.461366,0.0068531,0,0,0,0,0,0,0,0,0,0,0,0.007722072,0.000721692,0
9,208,71.206,114.7468672,7258.461366,6.3539,0,0,0,0,0.1176,0,0,0,0,1.88184,0,0.007722072,0.000721692,0
9,208,71.206,114.7468672,7258.461366,0,0,0,0.008333,0.008333,0,0,0,0,0,1.21974,0,0.007722072,0.000721692,0
9,208,71.206,114.7468672,7258.461366,0,0,0,0,2.6315,5.6833,0,0,0,0,1.09155,0,0.007722072,0.000721692,0
9,208,71.206,114.7468672,7258.461366,8.3092,0,0,0,0,0,0,0,0,0,8.172,0,0.007722072,0.000721692,0
9,208,71.206,114.7468672,7258.461366,0.3267,0,0,0,1.1866,0,0,0,0,0,47.328,0,0.007722072,0.000721692,0
9,208,71.206,114.7468672,7258.461366,0,0,0,9.2817,0,0,0.60778,0,0,0,0,0,0.007722072,0.000721692,0
9,208,71.206,114.7468672,7258.461366,0,0,0,0.008321,0.024251,0,0,0,0,0,0.151728,0,0.007722072,0.000721692,0
9,208,71.206,114.7468672,7258.461366,0.071675,0,0,0,0,0,41.34,0,0,0,0.151728,0,0.007722072,0.000721692,0
9,208,71.206,114.7468672,7258.461366,0.0094528,0,0,1.7556,0,0,0,0,0,0,0.151728,0,0.007722072,0.000721692,0
9,208,71.206,114.7468672,7258.461366,0,0,0,2.2017,0,0,0,0,0,0,0,0,0.007722072,0.000721692,0
9,208,71.206,114.7468672,7258.461366,3.2038,0,0,6.0441,32.03,0,0,0,0,0,14.4696,0,0.007722072,0.000721692,0
9,208,71.206,114.7468672,7258.461366,1.7741,0,0,0.008333,5.7523,0,0,0,0,0,7.6407,0,0.007722072,0.000721692,0
9,208,71.206,114.7468672,7258.461366,0.20881,0,0,0,0,0.7125,0,0,0,0,0,0,0.007722072,0.000721692,0
10,209,9.262,227.9913472,14421.88728,0,0,0,0,0,0,0,0,0,0,4.9119,6.438851272,0.016178047,0.001511973,0
10,209,9.262,227.9913472,14421.88728,2.7267,0,0,0.013565,9.0733,0,29.961,0,0,0,1.63956,1.082901411,0.016178047,0.001511973,0
10,209,9.262,227.9913472,14421.88728,0.010479,0,0,0,0.19458,0,0,0,0,0,0.151728,6.85281809,0.016178047,0.001511973,0
10,209,9.262,227.9913472,14421.88728,0,0,0,0.003821,0,0,0,0,0,0,0.151728,2.473634728,0.016178047,0.001511973,0
10,209,9.262,227.9913472,14421.88728,0,0,0,0,0,0,0,0,0,0,0.151728,9.094257285,0.016178047,0.001511973,0
10,209,9.262,227.9913472,14421.88728,0.00824,0,0,0,0,0,0,0,0,0,2.39772,1.480602342,0.016178047,0.001511973,0
10,209,9.262,227.9913472,14421.88728,0,0,0,0.19366,0,0,6.9551,0,0,0,0,2.550491043,0.016178047,0.001511973,0
10,209,9.262,227.9913472,14421.88728,11.506,0,0,0.1964,0,0,0,0,0,0,1.95174,57.7672295,0.016178047,0.001511973,0
10,209,9.262,227.9913472,14421.88728,0,0,0,0,0,0,0,0,0,0,0,1.753869239,0.016178047,0.001511973,0
10,209,9.262,227.9913472,14421.88728,0,0,0,0,0.007697,0.78033,0,0,0,0,0.151728,1.753869239,0.016178047,0.001511973,0
10,209,9.262,227.9913472,14421.88728,0.021605,0,0,0,0.005239,0,0,0.07817,0,0,0,3.50611189,0.016178047,0.001511973,0
10,209,9.262,227.9913472,14421.88728,43.582,0,0,0.007102,2.8291,0,0,0,0,0,0.151728,19.16080795,0.016178047,0.001511973,0
10,209,9.262,227.9913472,14421.88728,0,0,0,0,0,3.4808,0,0,0,0,13.1718,0.163878809,0.016178047,0.001511973,0
10,209,9.262,227.9913472,14421.88728,53.36,0,0,0.055562,5.1226,0,0,0,0,0,0,0.163878809,0.016178047,0.001511973,0
10,209,9.262,227.9913472,14421.88728,0.10284,0,0,0.012154,0.016012,0,0,0,0,0,42.996,0.163878809,0.016178047,0.001511973,0
10,209,9.262,227.9913472,14421.88728,0,0,0,0,0,0,110.33,0,0,0,19.2864,3.294248715,0.016178047,0.001511973,0
10,209,9.262,227.9913472,14421.88728,0,0,0,0,0,0,0,0,0,0,36.924,3.370698383,0.016178047,0.001511973,0
10,209,9.262,227.9913472,14421.88728,0,0,0.00062,0,0,0,0,0,0,0,0,0.506275725,0.016178047,0.001511973,0
10,209,9.262,227.9913472,14421.88728,0,0,0,2.7689,0,0,0,0,0,0,0.151728,4.862686845,0.016178047,0.001511973,0
10,209,9.262,227.9913472,14421.88728,0,0,0,0.007148,0,3.0433,0,0,0,0,0,57.83043216,0.016178047,0.001511973,0
10,209,9.262,227.9913472,14421.88728,0.070781,0,0,0,0.008333,0,0,0,0,0,0,81.9106449,0.016178047,0.001511973,0
10,209,9.262,227.9913472,14421.88728,0,0,0,0,0,0,0,0,0,0,0,1.611949377,0.016178047,0.001511973,0
10,209,9.262,227.9913472,14421.88728,0,0,0,0,0.00062,0,0.67053,0,0,0,1.57179,1.753869239,0.016178047,0.001511973,0
10,209,9.262,227.9913472,14421.88728,0,0,0,0.077265,0,0,0,0,0,0,0,9.094257285,0.016178047,0.001511973,0
10,209,9.262,227.9913472,14421.88728,0.4515,0,0,0,0.008333,0,0,0,0,0,0,5.924849251,0.016178047,0.001511973,0
10,209,9.262,227.9913472,14421.88728,0,0,1.6941,0,0.002868,0,0,0,0,0,0.92517,4.862686845,0.016178047,0.001511973,0
10,209,9.262,227.9913472,14421.88728,0,0,0,0.00036,2.0529,0,0,0,0,0,0.151728,83.74352198,0.016178047,0.001511973,0
10,209,9.262,227.9913472,14421.88728,0.16583,0,0,0,0,0,0,0,0,0,0.151728,3.294248715,0.016178047,0.001511973,0
10,209,9.262,227.9913472,14421.88728,0.0072895,0,0,0,0,0,0,0,0,0,2.01174,1.926287639,0.016178047,0.001511973,0
10,209,9.262,227.9913472,14421.88728,0,0,0,0,0,0.49503,0,0,0,0,11.0268,1.740043236,0.016178047,0.001511973,0
10,209,9.262,227.9913472,14421.88728,5.4818,0,0,0,11.928,0,0.67053,0,0,0,11.6058,2.473634728,0.016178047,0.001511973,0
10,209,9.262,227.9913472,14421.88728,7.9005,0,0,0,0.84234,0,130.49,0,0,0,0.276924,81.9106449,0.016178047,0.001511973,0
10,209,9.262,227.9913472,14421.88728,184.67,0,0,0.000124,0,0,0,0,0,0,0,0.677067536,0.016178047,0.001511973,0
10,209,9.262,227.9913472,14421.88728,0,0,0,0,0.003346,0,0,0,0,0,18.5811,4.748825638,0.016178047,0.001511973,0
10,209,9.262,227.9913472,14421.88728,0.062652,0,0,0,0.00524,0,0,0,0,0,0.292407,1.740043236,0.016178047,0.001511973,0
10,209,9.262,227.9913472,14421.88728,0.000376,0,0,0.00524,0.0064809,0,0,0,0,0,27.5562,1.480602342,0.016178047,0.001511973,0
10,209,9.262,227.9913472,14421.88728,0,0,0,0,0,0,0,0,0,0,0,3.50611189,0.016178047,0.001511973,0
10,209,9.262,227.9913472,14421.88728,0.009021,0,0,0,0,0.000668,0,0,0,0,0,1.740043236,0.016178047,0.001511973,0
10,209,9.262,227.9913472,14421.88728,0,0,1.261,0.13825,0,0,0,0,0,0,8.5434,2.473634728,0.016178047,0.001511973,0
10,209,9.262,227.9913472,14421.88728,0.22639,0,0.015661,0,0,0,0,0,0,0,66.645,0.757177028,0.016178047,0.001511973,0
10,209,9.262,227.9913472,14421.88728,0,0,0,0,0,0,0,23.757,0,0,0.3897,3.370698383,0.016178047,0.001511973,0
10,209,9.262,227.9913472,14421.88728,1.6989,0,0,0,0.008333,0,0,0,0,0,0.271128,8.153142895,0.016178047,0.001511973,0
10,209,9.262,227.9913472,14421.88728,0,0,0,0.40202,1.6868,0,0,0,0,0,4.3869,3.50611189,0.016178047,0.001511973,0
10,209,9.262,227.9913472,14421.88728,0,0,0,2.4172,0,0,0,0,0,0,1.65174,4.044970118,0.016178047,0.001511973,0
10,209,9.262,227.9913472,14421.88728,0.028169,0,0,0,0.007148,0,0,0,0,0,1.62018,1.912461635,0.016178047,0.001511973,0
10,209,9.262,227.9913472,14421.88728,0.007221,0,0,0,0.006456,0,24.186,0,0,0,5.0406,4.044970118,0.016178047,0.001511973,0
10,209,9.262,227.9913472,14421.88728,0.021605,0,0,0,0,0.77904,0,0,0,0,0,10.8444667,0.016178047,0.001511973,0
10,209,9.262,227.9913472,14421.88728,0,0,0,0,80.307,0,0.13028,0,0,0,2.01174,2.550491043,0.016178047,0.001511973,0
10,209,9.262,227.9913472,14421.88728,0,0,0,0.0055291,2.6315,0,0,0,0.00833,0,0.151728,1.753869239,0.016178047,0.001511973,0
10,209,9.262,227.9913472,14421.88728,0.41786,0,0.11086,0,0,0,0,0,0,0,0,19.16080795,0.016178047,0.001511973,0
10,209,9.262,227.9913472,14421.88728,0,0,0,0,0,0,0,0,0,0,0.151728,7.432290306,0.016178047,0.001511973,0
10,209,9.262,227.9913472,14421.88728,0.00036,0,0,0,0,0,29.564,0,0,0,0.99864,19.16080795,0.016178047,0.001511973,0
10,209,9.262,227.9913472,14421.88728,0.008333,0,0,0,0,0.008335,0.74966,0,0,0,83.223,4.748825638,0.016178047,0.001511973,0
10,209,9.262,227.9913472,14421.88728,0,0,0,0,1.2446,0,0,0,0,0,0.151728,20.03672595,0.016178047,0.001511973,0
10,209,9.262,227.9913472,14421.88728,0.3267,0,0,0,0,0,0,0,0,0,0,41.65055169,0.016178047,0.001511973,0
10,209,9.262,227.9913472,14421.88728,0,0,0,0.008335,0,0,0,0,0,0,0,19.16080795,0.016178047,0.001511973,0
10,209,9.262,227.9913472,14421.88728,0.38105,0,0,0.008333,1.1039,0,0,0,0,0,0.275769,0.757177028,0.016178047,0.001511973,0
10,209,9.262,227.9913472,14421.88728,0.008333,0,0,0.0027505,2.0298,0.76551,0.42744,0,0,0,0,4.748825638,0.016178047,0.001511973,0
10,209,9.262,227.9913472,14421.88728,0.039743,0,0,0,0.022119,0,0,0,0,0,0.151728,0.163878809,0.016178047,0.001511973,0
10,209,9.262,227.9913472,14421.88728,0.013476,0,0,0,0,0,0,0.11923,0,0,7.1259,4.748825638,0.016178047,0.001511973,0
10,209,9.262,227.9913472,14421.88728,0,0,0,0,0,0,0,0,0,0,0.31755,8.643285575,0.016178047,0.001511973,0
10,209,9.262,227.9913472,14421.88728,3.5699,0,0,0,0.010122,0,0,0,0,0,0,1.082901411,0.016178047,0.001511973,0
10,209,9.262,227.9913472,14421.88728,0.005239,0,0,15.592,0,0,0,0,0,0,0,3.50611189,0.016178047,0.001511973,0
10,209,9.262,227.9913472,14421.88728,0.001493,0,0,0,0,0,0,23.757,0,0,0,34.6982593,0.016178047,0.001511973,0
10,209,9.262,227.9913472,14421.88728,0.015333,0,0,0.0043235,0,0,0,0,0,0,0.151728,3.933904712,0.016178047,0.001511973,0
10,209,9.262,227.9913472,14421.88728,0.4515,0,0,0,0,0.77421,0,0,0,0,0.151728,8.563989377,0.016178047,0.001511973,0
10,209,9.262,227.9913472,14421.88728,1.898,0,0,0,2.006,0.78972,0,0,0,0,0.151728,3.50611189,0.016178047,0.001511973,0
10,209,9.262,227.9913472,14421.88728,0,0,0,1.7274,0,0,0,0,0,0,0,3.37110503,0.016178047,0.001511973,0
10,209,9.262,227.9913472,14421.88728,0,0,0,0.013455,0.93679,0,0,0,0,0,0.151728,57.83043216,0.016178047,0.001511973,0
10,209,9.262,227.9913472,14421.88728,0,0,0,0.009056,0,0,0,0,0,0,5.4381,4.791523591,0.016178047,0.001511973,0
10,209,9.262,227.9913472,14421.88728,0.023705,0,0,7.0709,0.001326,0,0,0,0,0,0.151728,5.751441887,0.016178047,0.001511973,0
10,209,9.262,227.9913472,14421.88728,0.25548,0,0,0.015552,14.569,0,0,0,0,0,2.23266,0.403800639,0.016178047,0.001511973,0
10,209,9.262,227.9913472,14421.88728,0.045123,0,0,4.7036,0.008333,0,0,0,0,0,0,0.533114438,0.016178047,0.001511973,0
10,209,9.262,227.9913472,14421.88728,0,0,0.8048,4.6787,0,0,0,0,0,0,30.648,9.094257285,0.016178047,0.001511973,0
10,209,9.262,227.9913472,14421.88728,0.003539,0,0,0,0.003538,0,0,0,0,0,0,1.912461635,0.016178047,0.001511973,0
10,209,9.262,227.9913472,14421.88728,0.10527,0,0,0,0,0,0,0,0,0,4.4313,20.03672595,0.016178047,0.001511973,0
10,209,9.262,227.9913472,14421.88728,0,0,0,6.6309,0.52251,0,0,0,0,0,0,1.480602342,0.016178047,0.001511973,0
10,209,9.262,227.9913472,14421.88728,0,0,0,0,1.7912,0,0,0,0,0,0,57.83043216,0.016178047,0.001511973,0
10,209,9.262,227.9913472,14421.88728,0,0,0,0,0,0,0,0,0,0,1.42239,4.791523591,0.016178047,0.001511973,0
10,209,9.262,227.9913472,14421.88728,0,0,0,0,0.008333,0,0,0,0,0,15.252,1.600969904,0.016178047,0.001511973,0
10,209,9.262,227.9913472,14421.88728,0,0,0,0.010105,0,0,0,0,0,0,0.151728,0.163878809,0.016178047,0.001511973,0
10,209,9.262,227.9913472,14421.88728,0.008333,0,0,0,0.038932,0,0,0,0,0,5.4381,1.082901411,0.016178047,0.001511973,0
10,209,9.262,227.9913472,14421.88728,0.71313,0,0,0.001669,0,0,0,0,0,0,0,8.563989377,0.016178047,0.001511973,0
10,209,9.262,227.9913472,14421.88728,0.0072895,0,0,0.013421,0,0,0,0,0,0,16.0221,3.27635624,0.016178047,0.001511973,0
10,209,9.262,227.9913472,14421.88728,0.00524,0,0,0.0012795,0.000063,0,0,0,0,0,0.273372,19.16080795,0.016178047,0.001511973,0
10,209,9.262,227.9913472,14421.88728,0,0,0,0,0.014078,2.4302,29.564,0,0,0,0,10.8444667,0.016178047,0.001511973,0
10,209,9.262,227.9913472,14421.88728,0,0,0.075605,0,0.00524,0,0,0,0,0,0,1.600969904,0.016178047,0.001511973,0
10,209,9.262,227.9913472,14421.88728,0,0,0,0.009056,0,0,0,0,0,0,42.879,7.61406159,0.016178047,0.001511973,0
10,209,9.262,227.9913472,14421.88728,0.22048,0,0,0.00387,0,0,0,0,0,0,0.151728,10.8444667,0.016178047,0.001511973,0
10,209,9.262,227.9913472,14421.88728,0.005239,0,0,0.00524,14.569,0,0,0,0,0,10.6818,0.308645201,0.016178047,0.001511973,0
10,209,9.262,227.9913472,14421.88728,0,0,0,0,0,0,118.54,0,0,0,8.3928,4.862686845,0.016178047,0.001511973,0
10,209,9.262,227.9913472,14421.88728,1.8379,0,0.005252,0,0,0.77421,0,0,0,0,0.287505,8.643285575,0.016178047,0.001511973,0
10,209,9.262,227.9913472,14421.88728,0,0,0,0,0.00524,0,0,0,0,0,19.4277,0.496109546,0.016178047,0.001511973,0
10,209,9.262,227.9913472,14421.88728,0,0,0,0,0,0,0,0,0,0,27.6384,1.437091095,0.016178047,0.001511973,0
10,209,9.262,227.9913472,14421.88728,55.389,0,0,0.008336,0.005395,0,0,0,0,0,0.151728,1.629841853,0.016178047,0.001511973,0
10,209,9.262,227.9913472,14421.88728,0,0,0,0,0,0,0,0,0,0,0,3.27635624,0.016178047,0.001511973,0
10,209,9.262,227.9913472,14421.88728,0.007148,0,0,0.40202,0.1667,0,0,0,0,0,0,57.83043216,0.016178047,0.001511973,0
10,209,9.262,227.9913472,14421.88728,0.019305,0,0,0.008333,0.011527,0.78238,0,0,0,0,0.151728,1.611949377,0.016178047,0.001511973,0
10,209,9.262,227.9913472,14421.88728,0.19687,0,0,0,0,0,0,0,0,0,0,1.480602342,0.016178047,0.001511973,0
10,209,9.262,227.9913472,14421.88728,0.98086,0,0,0,0.046032,0,0.76779,0,0,0,0.151728,4.862686845,0.016178047,0.001511973,0
10,209,9.262,227.9913472,14421.88728,4.5748,0,0,0,0.00524,0,0,0,0,0,41.715,1.926287639,0.016178047,0.001511973,0
10,209,9.262,227.9913472,14421.88728,0,0,0,0,0,0.91771,0,0,0,0,28.8018,0.403800639,0.016178047,0.001511973,0
10,209,9.262,227.9913472,14421.88728,0,0,0,0,0.013681,0.19707,0,0,0,0,0.151728,7.61406159,0.016178047,0.001511973,0
10,209,9.262,227.9913472,14421.88728,8.2504,0,0,3.8138,0,0,0,0,0,0,6.561,1.480602342,0.016178047,0.001511973,0
10,209,9.262,227.9913472,14421.88728,0.015667,0,0,0.000688,0,0,0,0,0,0,0.273366,3.933904712,0.016178047,0.001511973,0
10,209,9.262,227.9913472,14421.88728,3.619,0,0,0,0,0,0,0,0,0,0.151728,0.163878809,0.016178047,0.001511973,0
10,209,9.262,227.9913472,14421.88728,0,0,0,0.00062,3.1902,0,0,0,0,0,3.1278,1.480602342,0.016178047,0.001511973,0
10,209,9.262,227.9913472,14421.88728,0.00824,0,0,9.5845,0.005239,0,0,0,0,0,0.151728,0.496109546,0.016178047,0.001511973,0
10,209,9.262,227.9913472,14421.88728,0,0,0,0,0.011532,0,0,0,0,0,0,8.153142895,0.016178047,0.001511973,0
10,209,9.262,227.9913472,14421.88728,0,0,0,0.69261,0,49.181,0,0,0,0,0.181728,0.163878809,0.016178047,0.001511973,0
10,209,9.262,227.9913472,14421.88728,37.409,0,0,0,6.4522,0,0,0,0,0,0,0.308645201,0.016178047,0.001511973,0
10,209,9.262,227.9913472,14421.88728,0.22208,0,0,0,0,0,0.59876,0,0,0,0.276939,2.550491043,0.016178047,0.001511973,0
10,209,9.262,227.9913472,14421.88728,0,0,0,0.0068531,0,0,0,0,0,0,0.285792,4.791523591,0.016178047,0.001511973,0
10,209,9.262,227.9913472,14421.88728,0,0,0,0,0,0,0,0,0,0,0.241728,0.501192636,0.016178047,0.001511973,0
10,209,9.262,227.9913472,14421.88728,0,0,0,0,0,0,0,0,0,0,0.273372,1.953939646,0.016178047,0.001511973,0
10,209,9.262,227.9913472,14421.88728,0.038936,0,0,0,0,0,0,0,0,0,0.45174,126.2789109,0.016178047,0.001511973,0
10,209,9.262,227.9913472,14421.88728,0,0,0,0,0,0,0,0,0,0,0.151728,19.16080795,0.016178047,0.001511973,0
10,209,9.262,227.9913472,14421.88728,0.008333,0,0,0,3.2048,0,0,0,0,0,18.849,0.163878809,0.016178047,0.001511973,0
10,209,9.262,227.9913472,14421.88728,6.4349,0,0.005239,0,0,0,0,0,0,0,0.286419,4.748825638,0.016178047,0.001511973,0
10,209,9.262,227.9913472,14421.88728,0.013573,0,0,0,0,0,0,0,0,0,0,7.432290306,0.016178047,0.001511973,0
10,209,9.262,227.9913472,14421.88728,0,0,0,35.501,0.37101,0,0,0,0,0,1.17966,0.496109546,0.016178047,0.001511973,0
10,209,9.262,227.9913472,14421.88728,0.00524,0,0,5.2482,0.008333,0,0.80877,0,0,0,5.1444,2.742428507,0.016178047,0.001511973,0
10,209,9.262,227.9913472,14421.88728,0,0,0,0,0.0062716,1.944,76.126,0,0,0,0.151728,19.16080795,0.016178047,0.001511973,0
10,209,9.262,227.9913472,14421.88728,0.008333,0,0,0.10557,0,0,0,0,0,0,0.151728,34.6982593,0.016178047,0.001511973,0
10,209,9.262,227.9913472,14421.88728,17.385,0,0,0,0.0021738,0,0.021726,0,0,0,0,62.76023949,0.016178047,0.001511973,0
10,209,9.262,227.9913472,14421.88728,50.278,0,0.029402,0,0,0,0,0,0,0,8.9718,2.626534064,0.016178047,0.001511973,0
10,209,9.262,227.9913472,14421.88728,0.15204,0,0,0.011406,0,0,0,0,0,0,0.151728,3.294248715,0.016178047,0.001511973,0
10,209,9.262,227.9913472,14421.88728,0,0,0,31.038,32.03,0,0,0,0,0,0.151728,1.953939646,0.016178047,0.001511973,0
10,209,9.262,227.9913472,14421.88728,0,0,0,0,0,0,0,0,0,0,0.151728,0.163878809,0.016178047,0.001511973,0
10,209,9.262,227.9913472,14421.88728,185.11,0,0,0,0,0,0,0,0,0,5.787,2.282103912,0.016178047,0.001511973,0
10,209,9.262,227.9913472,14421.88728,0,0,0,20.449,0,0,0.059897,0,0,0,0.151728,0.496109546,0.016178047,0.001511973,0
10,209,9.262,227.9913472,14421.88728,4.3384,0,0,0,1.7249,0.006508,0,0,0,0,0,2.282103912,0.016178047,0.001511973,0
10,209,9.262,227.9913472,14421.88728,0,0,0,0,0,0,0.021726,0,0,0,6.3561,0.308645201,0.016178047,0.001511973,0
10,209,9.262,227.9913472,14421.88728,0,0,55.887,0,0,0,0,0,0,0,0.151728,0.506275725,0.016178047,0.001511973,0
10,209,9.262,227.9913472,14421.88728,0,0,0,0.054581,0.40097,0,0,0,0,0,0.151728,4.862686845,0.016178047,0.001511973,0
10,209,9.262,227.9913472,14421.88728,7.5139,0,0,0,0.002031,0,0,0,0,0,13.1718,1.912461635,0.016178047,0.001511973,0
10,209,9.262,227.9913472,14421.88728,0.016699,0,0,0,14.856,0,0,0,0,0,1.47333,2.626534064,0.016178047,0.001511973,0
10,209,9.262,227.9913472,14421.88728,0,0,0,0,0.00524,0,0,0,0,0,0.181728,1.740043236,0.016178047,0.001511973,0
10,209,9.262,227.9913472,14421.88728,0.00524,0,0.002031,0.008333,0,1.112,0,0,0,0,0.278532,6.85281809,0.016178047,0.001511973,0
10,209,9.262,227.9913472,14421.88728,0.0068531,0,0,0,0,0,0,0,0,0,0.151728,34.6982593,0.016178047,0.001511973,0
10,209,9.262,227.9913472,14421.88728,1.8905,0,0,0,0.011841,0,0,0,0,0,0.33174,4.748825638,0.016178047,0.001511973,0
10,209,9.262,227.9913472,14421.88728,0.008333,0,0,0.013565,29.422,0,0,0,0,0,0,3.27635624,0.016178047,0.001511973,0
10,209,9.262,227.9913472,14421.88728,0.00524,0,0,0,0,3.2273,0,0,0,0,0,1.611949377,0.016178047,0.001511973,0
10,209,9.262,227.9913472,14421.88728,0.00524,0,0,0.002868,0,0,0,0,0,0,14.8218,7.61406159,0.016178047,0.001511973,0
10,209,9.262,227.9913472,14421.88728,0,0,0,0.14897,0,0,0,0,0,0,52.569,0.090682319,0.016178047,0.001511973,0
10,209,9.262,227.9913472,14421.88728,0.12797,0,0,0,0,0,0,0,0,0,0.151728,1.926287639,0.016178047,0.001511973,0
10,209,9.262,227.9913472,14421.88728,0.030003,0,0,0,0.12938,0,9.569,0,0,0,0.151728,7.61406159,0.016178047,0.001511973,0
10,209,9.262,227.9913472,14421.88728,0,0,0,0.00062,76.072,0,0,0,0,0,0.273324,2.550491043,0.016178047,0.001511973,0
10,209,9.262,227.9913472,14421.88728,0.070781,0,0,0,0.002031,0,0,0,0,0,0.151728,8.643285575,0.016178047,0.001511973,0
10,209,9.262,227.9913472,14421.88728,0,0,0,13.409,0.0001405,0,0,0,0,0,0,2.473634728,0.016178047,0.001511973,0
10,209,9.262,227.9913472,14421.88728,0,0,0,0,0,0,0.74966,0,0,0,1.33728,1.788434249,0.016178047,0.001511973,0
10,209,9.262,227.9913472,14421.88728,0,0,0,1.231,0.88295,0,0.67053,0.85951,0,0,0,3.27635624,0.016178047,0.001511973,0
10,209,9.262,227.9913472,14421.88728,0.00824,0,0,0.65591,0,0,0,0,0,0,0,1.753869239,0.016178047,0.001511973,0
10,209,9.262,227.9913472,14421.88728,0.00524,0,0,0.14395,0,0,0,0,0,0,0.151728,96.95287753,0.016178047,0.001511973,0
10,209,9.262,227.9913472,14421.88728,0.0059107,0,0,0.003346,0.008333,5.0956,0,0,0,0,0,20.03672595,0.016178047,0.001511973,0
10,209,9.262,227.9913472,14421.88728,0.08383,0,0,0,0,0,0,0,0,0,2.39871,2.282103912,0.016178047,0.001511973,0
10,209,9.262,227.9913472,14421.88728,0,0,0,9.5845,0,0,0,0,0,0,46.293,3.66575417,0.016178047,0.001511973,0
10,209,9.262,227.9913472,14421.88728,0,0,0,0,0,0,0,0,0,0,4.1568,6.85281809,0.016178047,0.001511973,0
10,209,9.262,227.9913472,14421.88728,0,0,0,0.008335,0,0,0,0,0,0,12.3399,3.933904712,0.016178047,0.001511973,0
10,209,9.262,227.9913472,14421.88728,0.0068531,0,0,6.2716,0,0,0,0,0,0,11.1597,83.74352198,0.016178047,0.001511973,0
10,209,9.262,227.9913472,14421.88728,0,0,0,0,16,1.9116,0,0,0,0,0.151728,6.438851272,0.016178047,0.001511973,0
10,209,9.262,227.9913472,14421.88728,0,0,0,0,0,0,0,0,0,0,0.280587,1.611949377,0.016178047,0.001511973,0
10,209,9.262,227.9913472,14421.88728,0.00036,0,0,4.1588,0.008335,0,0,0,0,0,29.7048,9.094257285,0.016178047,0.001511973,0
10,209,9.262,227.9913472,14421.88728,0.00644,0,0,0.013546,0,20.64,0,0,0,0,1.09155,0.506275725,0.016178047,0.001511973,0
10,209,9.262,227.9913472,14421.88728,0.74435,0,0,0,0.14346,0,0,0,0,0,10.1169,19.16080795,0.016178047,0.001511973,0
10,209,9.262,227.9913472,14421.88728,0.001326,0,0,0.01409,198.9,0,0,0,0,0,0,19.71922933,0.016178047,0.001511973,0
10,209,9.262,227.9913472,14421.88728,7.5139,0,0,0.0088426,0,6.4369,0,0,0.0057415,0,0,2.282103912,0.016178047,0.001511973,0
10,209,9.262,227.9913472,14421.88728,0,0,0,3.9449,0.021906,0,0,0,0,0,10.9077,6.438851272,0.016178047,0.001511973,0
10,209,9.262,227.9913472,14421.88728,2.1821,0,0,0.73108,0,0,0,0,0,0,0.65616,83.74352198,0.016178047,0.001511973,0
10,209,9.262,227.9913472,14421.88728,0.001478,0,0,4.0096,0.002031,0,0,0,0,0,0,2.742428507,0.016178047,0.001511973,0
10,209,9.262,227.9913472,14421.88728,0.017603,0,0,1.3952,0,0,0.74966,0,0,0,0.3897,81.9106449,0.016178047,0.001511973,0
10,209,9.262,227.9913472,14421.88728,0,0,0,0,0,0,0,0,0,0,10.9077,7.432290306,0.016178047,0.001511973,0
10,209,9.262,227.9913472,14421.88728,23.064,0,0,0,0,0,0,0,0,0,0.151728,1.740043236,0.016178047,0.001511973,0
10,209,9.262,227.9913472,14421.88728,0,0,0,0,0,0,0,0,0,0,8.7918,8.643285575,0.016178047,0.001511973,0
10,209,9.262,227.9913472,14421.88728,0.00387,0,0.4346,0.0056478,10.115,0,0,0,0,0,0,3.539348854,0.016178047,0.001511973,0
10,209,9.262,227.9913472,14421.88728,0,0,0,1.3632,0,0,0,0,0,0,0.151728,0.308645201,0.016178047,0.001511973,0
10,209,9.262,227.9913472,14421.88728,0,0,0,0,0,0.17478,0,0,0,0,11.9625,3.27635624,0.016178047,0.001511973,0
10,209,9.262,227.9913472,14421.88728,0.010963,0,0,0,0,0,20.78,0,0,0,2.66157,6.85281809,0.016178047,0.001511973,0
10,209,9.262,227.9913472,14421.88728,0,0,0,0,0,0,0,0,0,0,5.2239,14.97902997,0.016178047,0.001511973,0
10,209,9.262,227.9913472,14421.88728,0.014773,0,0,0.42984,0.14829,0,0,0,0,0,83.223,1.458846718,0.016178047,0.001511973,0
10,209,9.262,227.9913472,14421.88728,0,0,0,0,0,29.991,0,0,0,0,0.151728,0.506275725,0.016178047,0.001511973,0
10,209,9.262,227.9913472,14421.88728,0,0,0,0,0,0,0.67053,0,0,0,0.151728,0.506275725,0.016178047,0.001511973,0
10,209,9.262,227.9913472,14421.88728,0.018381,0,0,17.373,0,0,0,0,0,0,7.6818,7.432290306,0.016178047,0.001511973,0
10,209,9.262,227.9913472,14421.88728,0.008333,0,0,0.000688,3.9118,0,0,0,0,0,0.44541,3.933904712,0.016178047,0.001511973,0
10,209,9.262,227.9913472,14421.88728,0.018235,0,0,0,6.873,0,0,0,0,0,73.296,3.66575417,0.016178047,0.001511973,0
10,209,9.262,227.9913472,14421.88728,0,0,0,0,0.069058,1.2883,0,0,0,0,0,7.432290306,0.016178047,0.001511973,0
10,209,9.262,227.9913472,14421.88728,8.933,0,1.1591,0,0.014078,0,0,0,0,0,0.151728,4.862686845,0.016178047,0.001511973,0
10,209,9.262,227.9913472,14421.88728,0.002031,0,0,0.27226,0,2.0371,0,0,0,0,0.292407,1.611949377,0.016178047,0.001511973,0
10,209,9.262,227.9913472,14421.88728,0.008333,0,0,68.713,0,0,0,0,0,0,17.3718,3.50611189,0.016178047,0.001511973,0
10,209,9.262,227.9913472,14421.88728,0.71313,0,0,27.797,15.439,0.0024365,1.8682,0,0,0,0.35643,7.61406159,0.016178047,0.001511973,0
10,209,9.262,227.9913472,14421.88728,0.01367,0,0,0,0,0,0,0,0,0,0.151728,19.71922933,0.016178047,0.001511973,0
10,209,9.262,227.9913472,14421.88728,0.0068531,0,3.0958,0,0.023106,0,0,0,0,0,0.151728,3.933904712,0.016178047,0.001511973,0
10,209,9.262,227.9913472,14421.88728,21.786,0,0,0,0.73113,0,0,0,0,0,0.33174,2.626534064,0.016178047,0.001511973,0
10,209,9.262,227.9913472,14421.88728,0,0,0,0,2.006,0,0,0,0.80203,0,0,4.862686845,0.016178047,0.001511973,0
10,209,9.262,227.9913472,14421.88728,0,0,18.79,0,0.014258,0,0,0,0,0,1.47333,13.20935554,0.016178047,0.001511973,0
10,209,9.262,227.9913472,14421.88728,0.005239,0,0,3.4325,0.008333,0.79321,0,0,0,0,5.2875,19.16080795,0.016178047,0.001511973,0
10,209,9.262,227.9913472,14421.88728,0.00524,0,0,0,0.008332,0,0,0,0,0,3.4635,6.509873784,0.016178047,0.001511973,0
10,209,9.262,227.9913472,14421.88728,0.000172,0,0,0,0.069058,0,25.715,0,0,0,65.781,3.37110503,0.016178047,0.001511973,0
10,209,9.262,227.9913472,14421.88728,0,0,0,0,0,0,0,0,0,0,0,1.912461635,0.016178047,0.001511973,0
10,209,9.262,227.9913472,14421.88728,0.001192,0,5.1144,2.0817,0,0,0,0,0,0,1.02366,9.094257285,0.016178047,0.001511973,0
10,209,9.262,227.9913472,14421.88728,0.032537,0,0,0.008335,0,0,0,0,0,0,0,5.751441887,0.016178047,0.001511973,0
10,209,9.262,227.9913472,14421.88728,0.020885,0,0,0,0.012452,49.181,31.04,0,0,0,5.1444,3.933904712,0.016178047,0.001511973,0
10,209,9.262,227.9913472,14421.88728,0.018322,0,0.00062,0,0.26036,0,0,0,0,0,3.6159,2.626534064,0.016178047,0.001511973,0
10,209,9.262,227.9913472,14421.88728,0,0,0,0.013606,43.562,0,0,0,0,0,0,3.294248715,0.016178047,0.001511973,0
10,209,9.262,227.9913472,14421.88728,3.5296,0,0,0,2.3147,12.855,0,0,0,0,0.44541,1.740043236,0.016178047,0.001511973,0
10,209,9.262,227.9913472,14421.88728,0.017603,0,0,0,0.008333,0.786,0,0,0,0,6.561,8.643285575,0.016178047,0.001511973,0
10,209,9.262,227.9913472,14421.88728,0,0,0,0,0,0,0,0,0,0,4.6029,0.757177028,0.016178047,0.001511973,0
10,209,9.262,227.9913472,14421.88728,0,0,0,0,1.6602,0,0,0,0,0,149.193,62.76023949,0.016178047,0.001511973,0
10,209,9.262,227.9913472,14421.88728,0,0,0,0,0,4.3866,0,0,0,0,11.5818,2.626534064,0.016178047,0.001511973,0
10,209,9.262,227.9913472,14421.88728,40.517,0,0,0,0,0,0,0,0,0,0.273324,3.27635624,0.016178047,0.001511973,0
10,209,9.262,227.9913472,14421.88728,0.0088108,0,0,0,0,0,0,0,0,0,13.1718,1.912461635,0.016178047,0.001511973,0
10,209,9.262,227.9913472,14421.88728,0,0,0.00062,0.029402,0,0,0,0,0,0,0,3.50611189,0.016178047,0.001511973,0
10,209,9.262,227.9913472,14421.88728,0,0,0,0.011527,0,0,0,0,0,0,8.1576,2.742428507,0.016178047,0.001511973,0
10,209,9.262,227.9913472,14421.88728,0.008333,0,0,0,0,0,0,0,0,0,8.172,3.933904712,0.016178047,0.001511973,0
10,209,9.262,227.9913472,14421.88728,0,0,0,10.612,4.753,0,0,0,0,0,0.151728,2.626534064,0.016178047,0.001511973,0
10,209,9.262,227.9913472,14421.88728,0.018235,0,0,0.0074133,9.8934,0,0,0,0,0,0.151728,14.97902997,0.016178047,0.001511973,0
10,209,9.262,227.9913472,14421.88728,0,0,0,0.007102,0.73688,0,0,0,0,0,0.151728,3.933904712,0.016178047,0.001511973,0
10,209,9.262,227.9913472,14421.88728,4.8879,0,0,0,0.005239,0,0,0,0,0,149.193,2.282103912,0.016178047,0.001511973,0
10,209,9.262,227.9913472,14421.88728,0,0,0,0,0,0.78189,0,0,0,0,0,4.044970118,0.016178047,0.001511973,0
10,209,9.262,227.9913472,14421.88728,0.008333,0,0,0.007697,0,0,0,0,0,0,0.70485,9.094257285,0.016178047,0.001511973,0
10,209,9.262,227.9913472,14421.88728,0.91229,0,0,0.91042,0,0,0,0,0,0,0,2.282103912,0.016178047,0.001511973,0
10,209,9.262,227.9913472,14421.88728,10.582,0,0,0,0.011532,0,0,0,0,0,1.57404,3.50611189,0.016178047,0.001511973,0
10,209,9.262,227.9913472,14421.88728,0,0,0,0.0078558,0,0,0,0,0,0,23.3337,0.496109546,0.016178047,0.001511973,0
10,209,9.262,227.9913472,14421.88728,0,0,0,0,0,0,0,0,0,0,0.151728,4.286874454,0.016178047,0.001511973,0
10,209,9.262,227.9913472,14421.88728,0.44516,0,0,0.031407,0.008333,0,0,0,0,0,2.23266,19.71922933,0.016178047,0.001511973,0
10,209,9.262,227.9913472,14421.88728,0.011203,0,0,0.69261,0.008333,0.023853,0,0,0,0,12.4689,62.76023949,0.016178047,0.001511973,0
10,209,9.262,227.9913472,14421.88728,0.008333,0,0,0.030631,6.9699,0.001185,0,0,0,0,0.36174,19.16080795,0.016178047,0.001511973,0
10,209,9.262,227.9913472,14421.88728,0.43058,0,0,0.26453,0.003538,0,0,49.314,0,0,5.2875,6.85281809,0.016178047,0.001511973,0
10,209,9.262,227.9913472,14421.88728,0,0,0,0,0.14346,0,0,0,2.8421,0,0.271128,0.506275725,0.016178047,0.001511973,0
10,209,9.262,227.9913472,14421.88728,0.008333,0,0,0,0.014719,0,0.67053,0,0,0,0,1.926287639,0.016178047,0.001511973,0
10,209,9.262,227.9913472,14421.88728,0.39409,0,0,0.008321,0.008336,0,0,0,0,0,0,1.437091095,0.016178047,0.001511973,0
10,209,9.262,227.9913472,14421.88728,0,0,0,0,0.32888,0,0,0,0,0,1.62018,57.7672295,0.016178047,0.001511973,0
10,209,9.262,227.9913472,14421.88728,0,0,0,0,2.3147,0,0,0,0,0,5.0406,5.924849251,0.016178047,0.001511973,0
10,209,9.262,227.9913472,14421.88728,0,0,0,0,11.928,0,0,0,0,0,0,13.20935554,0.016178047,0.001511973,0
10,209,9.262,227.9913472,14421.88728,0.008333,0,0,0,0.0059348,0,0,0,0,0,0,57.7672295,0.016178047,0.001511973,0
10,209,9.262,227.9913472,14421.88728,0,0,0,0,0,0.77921,0,0,0,0,14.0655,27.05073767,0.016178047,0.001511973,0
10,209,9.262,227.9913472,14421.88728,7.5139,0,0,0,4.6346,0,0,0,0,0,1.96911,6.509873784,0.016178047,0.001511973,0
10,209,9.262,227.9913472,14421.88728,3.5699,0,0,0,0,0,0,0,0,0,7.8318,5.924849251,0.016178047,0.001511973,0
10,209,9.262,227.9913472,14421.88728,0.00062,0,0,0,0.008333,0.084836,0,0,0,0,0.38949,0.403800639,0.016178047,0.001511973,0
10,209,9.262,227.9913472,14421.88728,9.9965,0,0,0,0.070777,0,0,0,0,0,34.746,3.370698383,0.016178047,0.001511973,0
10,209,9.262,227.9913472,14421.88728,0,0,0,0,0.008475,0,0,0,0,0,0.151728,1.926287639,0.016178047,0.001511973,0
10,209,9.262,227.9913472,14421.88728,0.005239,0,0,0,3.1339,0,0,0,0,0,0.151728,8.563989377,0.016178047,0.001511973,0
10,209,9.262,227.9913472,14421.88728,0,0,0,0.0043235,0.013973,0,0,0,0,0,1.62018,8.153142895,0.016178047,0.001511973,0
10,209,9.262,227.9913472,14421.88728,0.17094,0,0,0,3.7624,0,0,0,0,0,34.872,8.153142895,0.016178047,0.001511973,0
10,209,9.262,227.9913472,14421.88728,0.0152,0,0,0,10.115,0,0,0,0,0,0.151728,0.51278208,0.016178047,0.001511973,0
10,209,9.262,227.9913472,14421.88728,0.53043,0,0,0,0,0,0,0,0,0,0.31755,0.533114438,0.016178047,0.001511973,0
10,209,9.262,227.9913472,14421.88728,0,0,0,0.007328,0.000688,0,0.42744,0,0,0,0.151728,4.862686845,0.016178047,0.001511973,0
10,209,9.262,227.9913472,14421.88728,0.00062,0,0,0,0,0,0,0,0,0,0,4.286874454,0.016178047,0.001511973,0
10,209,9.262,227.9913472,14421.88728,0.001192,0,0,0.1075,0.008333,6.0658,0,0,0,0,0.151728,7.432290306,0.016178047,0.001511973,0
10,209,9.262,227.9913472,14421.88728,0.0021738,0,0,0,0.002156,0,0,0,0,0,0,1.629841853,0.016178047,0.001511973,0
10,209,9.262,227.9913472,14421.88728,0.010054,0,0,1.244,0,0.97535,0,0,0,0,5.1444,34.6982593,0.016178047,0.001511973,0
10,209,9.262,227.9913472,14421.88728,0.051828,0,0,0.010165,0,0,13.103,0,0,0,2.52933,0.090682319,0.016178047,0.001511973,0
10,209,9.262,227.9913472,14421.88728,4.1811,0,0,0.016837,0,0,0,0,0,0,30.648,4.286874454,0.016178047,0.001511973,0
10,209,9.262,227.9913472,14421.88728,0.13074,0,0,0,0,0,0,0,0,0,8.7918,19.71922933,0.016178047,0.001511973,0
10,209,9.262,227.9913472,14421.88728,0.005239,0,0,0.00315,0,0.03757,0,0,0,0,0,1.480602342,0.016178047,0.001511973,0
10,209,9.262,227.9913472,14421.88728,2.6123,0,0,0.00524,0,0,0,0,0,0,0.151728,1.611949377,0.016178047,0.001511973,0
10,209,9.262,227.9913472,14421.88728,0,0,0,0,23.272,0,0,0,0,0,0.151728,126.2789109,0.016178047,0.001511973,0
10,209,9.262,227.9913472,14421.88728,0,0,0,0,0,0,0.42744,0,0,0,0.151728,5.751441887,0.016178047,0.001511973,0
10,209,9.262,227.9913472,14421.88728,0.008333,0,0,21.209,0.008333,0.2468,0,0,0,0,0,1.480602342,0.016178047,0.001511973,0
10,209,9.262,227.9913472,14421.88728,3.3665,0,0,0.38795,0,12.855,0.60778,0,0,0,14.8218,13.20935554,0.016178047,0.001511973,0
10,209,9.262,227.9913472,14421.88728,0.008333,0,0,0,0.00524,0,0.13028,0,0,0,15.7923,7.432290306,0.016178047,0.001511973,0
10,209,9.262,227.9913472,14421.88728,0,0,0,0,0.000688,0,0,0,0,0,0.211728,5.721119019,0.016178047,0.001511973,0
10,209,9.262,227.9913472,14421.88728,0.003346,0,0,0,0.003821,0.77921,0,0,0,0,0.279942,3.294248715,0.016178047,0.001511973,0
10,209,9.262,227.9913472,14421.88728,9.146,0,0,0,0,0,0.59876,0,0,0,0.151728,0.677067536,0.016178047,0.001511973,0
10,209,9.262,227.9913472,14421.88728,0.00524,0,0,0.008333,0,0,0,0,0,0,0.151728,0.677067536,0.016178047,0.001511973,0
10,209,9.262,227.9913472,14421.88728,0.28712,0,0,0,0,0,0.13028,0,0,0,5.2239,0.090682319,0.016178047,0.001511973,0
10,209,9.262,227.9913472,14421.88728,0.00524,0,0,0,0,0,3.7911,0,0,0,0,7.432290306,0.016178047,0.001511973,0
10,209,9.262,227.9913472,14421.88728,2.5794,0,0,0,1.2208,0,1.7925,0,0,0,0,3.27635624,0.016178047,0.001511973,0
10,209,9.262,227.9913472,14421.88728,0.65673,0,0,6.376,0,0,0,0,0,0,0,1.611949377,0.016178047,0.001511973,0
10,209,9.262,227.9913472,14421.88728,0,0,0.000251,10.418,6.2079,0,0,0,0,0,12.2682,5.924849251,0.016178047,0.001511973,0
10,209,9.262,227.9913472,14421.88728,0.005769,0,0,0.33642,0,0,0,0,0,0,6.8079,6.438851272,0.016178047,0.001511973,0
10,209,9.262,227.9913472,14421.88728,0,0,0,0.006674,0.001326,0,0,0,0,0,87.522,1.926287639,0.016178047,0.001511973,0
10,209,9.262,227.9913472,14421.88728,0,0,0,0.008332,0,0,46.36,0,0,0,17.2929,3.933904712,0.016178047,0.001511973,0
10,209,9.262,227.9913472,14421.88728,0.010122,0,5.5173,0.00524,0.031711,0,0,0,0,0,73.296,0.757177028,0.016178047,0.001511973,0
10,209,9.262,227.9913472,14421.88728,0.17094,0,2.2714,0.10557,0,0,0,0,0,0,0.151728,1.437091095,0.016178047,0.001511973,0
10,209,9.262,227.9913472,14421.88728,3.2852,0,0,0.00524,0,0,0,0,0,0,0.151728,1.611949377,0.016178047,0.001511973,0
10,209,9.262,227.9913472,14421.88728,0,0,0,0,0,0,0,0,0,0,0.151728,9.094257285,0.016178047,0.001511973,0
10,209,9.262,227.9913472,14421.88728,0,0,0,0,0.008333,0,0,0,0,0,0,1.600969904,0.016178047,0.001511973,0
10,209,9.262,227.9913472,14421.88728,0.7988,0,0,0.12252,0,0.77921,0,0,0,0,0.151728,1.926287639,0.016178047,0.001511973,0
10,209,9.262,227.9913472,14421.88728,0.030381,0,0,10.418,0,0.30776,0.002308,0,0,0,1.97832,8.563989377,0.016178047,0.001511973,0
10,209,9.262,227.9913472,14421.88728,0,0,0.15557,0,0.008335,0.79079,0,0,0,0,0.73911,1.480602342,0.016178047,0.001511973,0
10,209,9.262,227.9913472,14421.88728,0,0,0,0,0.0082165,0,0,0,0,0,15.8232,83.74352198,0.016178047,0.001511973,0
10,209,9.262,227.9913472,14421.88728,0.000376,0,0,0,46.767,0,0,0,0,0,47.328,3.50611189,0.016178047,0.001511973,0
10,209,9.262,227.9913472,14421.88728,0,0,0,0,0,0.34845,0,0,0,0,8.7318,0.090682319,0.016178047,0.001511973,0
10,209,9.262,227.9913472,14421.88728,0.025372,0,0,0.008333,0,0,20.673,0,0,0,0,0.677067536,0.016178047,0.001511973,0
10,209,9.262,227.9913472,14421.88728,0.005769,0,0,0,0,0,0,0,0,0,0,3.66575417,0.016178047,0.001511973,0
10,209,9.262,227.9913472,14421.88728,0.85316,0,0,0.000739,50.346,0,0,0,0,0,0.75903,7.61406159,0.016178047,0.001511973,0
10,209,9.262,227.9913472,14421.88728,0,0,0,0,0.31016,0,0,0,0,0,0.151728,6.438851272,0.016178047,0.001511973,0
10,209,9.262,227.9913472,14421.88728,0,0,0,0,0.008333,0,0,0,0,0,6.258,3.27635624,0.016178047,0.001511973,0
10,209,9.262,227.9913472,14421.88728,0,0,0,6.9518,0.030662,0,0,0,0,0,34.872,7.61406159,0.016178047,0.001511973,0
10,209,9.262,227.9913472,14421.88728,0.019152,0,0,0.030631,0,0,1.8833,0,0,0,0.45174,0.496109546,0.016178047,0.001511973,0
10,209,9.262,227.9913472,14421.88728,0.005239,0,0,0.013455,9.5619,0,0,0,0,0,0.151728,2.626534064,0.016178047,0.001511973,0
10,209,9.262,227.9913472,14421.88728,0,0,0,0,0,0,30.781,0,0,0,0,8.153142895,0.016178047,0.001511973,0
10,209,9.262,227.9913472,14421.88728,0.0056959,0,0,0,0,0,0,0,0,0,0,3.50611189,0.016178047,0.001511973,0
10,209,9.262,227.9913472,14421.88728,0.16397,0,0,0,0,0,0,0,0,0,0.6021,1.611949377,0.016178047,0.001511973,0
10,209,9.262,227.9913472,14421.88728,0,0,0,0,0,0,0,0,0,0,6.8154,2.742428507,0.016178047,0.001511973,0
10,209,9.262,227.9913472,14421.88728,0.014901,0,0,0,3.969,0.10693,0,0,0,0,2.06073,3.933904712,0.016178047,0.001511973,0
10,209,9.262,227.9913472,14421.88728,0.13903,0,0,0.003539,0.013681,0,0,0,0,0,0.269961,13.58857149,0.016178047,0.001511973,0
10,209,9.262,227.9913472,14421.88728,0,0,0.081136,0,0,0,0.40452,0,0,0,3.6159,7.432290306,0.016178047,0.001511973,0
10,209,9.262,227.9913472,14421.88728,0,0,0,0,0,0,0,0,0,0,0,1.740043236,0.016178047,0.001511973,0
10,209,9.262,227.9913472,14421.88728,0.10527,0,0,6.7865,0.014258,0.32195,0,0,0,0,0.278532,3.933904712,0.016178047,0.001511973,0
10,209,9.262,227.9913472,14421.88728,0.008333,0,0,27.797,0,0,0,0,0,0,0,2.282103912,0.016178047,0.001511973,0
10,209,9.262,227.9913472,14421.88728,13.595,0,0,0,0,0,0,0,0,0,0.151728,7.61406159,0.016178047,0.001511973,0
10,209,9.262,227.9913472,14421.88728,0,0,0,0.91042,0,0,0.10863,0,0,0,1.09647,57.7672295,0.016178047,0.001511973,0
10,209,9.262,227.9913472,14421.88728,0.002031,0,0,0,0.40097,0,0,0,0,0,0,1.629841853,0.016178047,0.001511973,0
10,209,9.262,227.9913472,14421.88728,5.865,0,0,17.949,0,0,0,0,0,0,0.151728,1.912461635,0.016178047,0.001511973,0
10,209,9.262,227.9913472,14421.88728,2.2602,0,0,0,0,0,0,0,0,0,0,0.163878809,0.016178047,0.001511973,0
10,209,9.262,227.9913472,14421.88728,0.009056,0,0,3.6568,1.5408,0,0,0,0,0,13.5936,2.550491043,0.016178047,0.001511973,0
10,209,9.262,227.9913472,14421.88728,1.7472,0,0,0,0,0,0.67053,0,0,0,83.223,7.432290306,0.016178047,0.001511973,0
10,209,9.262,227.9913472,14421.88728,8.3092,0,0,0,0.0014495,0.060187,0,0,0,0,0,1.611949377,0.016178047,0.001511973,0
10,209,9.262,227.9913472,14421.88728,0.008333,0,0.11236,0.034928,0.008321,0,0,0,0,0,2.39772,2.473634728,0.016178047,0.001511973,0
10,209,9.262,227.9913472,14421.88728,0.16397,0,0.005239,0,0,0,0,0,0,0,0.151728,8.563989377,0.016178047,0.001511973,0
10,209,9.262,227.9913472,14421.88728,0,0,0,0,0,0,0,0,0,0,15.9147,4.791523591,0.016178047,0.001511973,0
10,209,9.262,227.9913472,14421.88728,0,0,0,0.000688,0,0,0,0,0,0,0.151728,27.05073767,0.016178047,0.001511973,0
10,209,9.262,227.9913472,14421.88728,0,0,0,0.91042,0,0,0,0,0,0,0.151728,9.094257285,0.016178047,0.001511973,0
10,209,9.262,227.9913472,14421.88728,1.8379,0,0,0,0,0,0,0,0,0,2.41287,0.757177028,0.016178047,0.001511973,0
10,209,9.262,227.9913472,14421.88728,0,0,0,17.373,0,0,0,0,0,0,3.3057,2.282103912,0.016178047,0.001511973,0
10,209,9.262,227.9913472,14421.88728,0.039743,0,0,0,0,0,0,0,0,0,4.8864,0.403800639,0.016178047,0.001511973,0
10,209,9.262,227.9913472,14421.88728,23.064,0,0,0,0.008333,0,0.13028,0,0,0,0,3.332473549,0.016178047,0.001511973,0
10,209,9.262,227.9913472,14421.88728,0,0,0,0,0,0,0,0,0,0,0.151728,7.61406159,0.016178047,0.001511973,0
10,209,9.262,227.9913472,14421.88728,0,0,0,21.886,0.78045,0,0,0,0,0,0,0.677067536,0.016178047,0.001511973,0
10,209,9.262,227.9913472,14421.88728,0.008333,0,0,0,0,0,0,0,0,0,0.151728,3.37110503,0.016178047,0.001511973,0
10,209,9.262,227.9913472,14421.88728,0,0,0,0.068295,0.005239,0.79321,0,0,0,0,0,3.370698383,0.016178047,0.001511973,0
10,209,9.262,227.9913472,14421.88728,0,0,0,0.48282,0,0,0,0,0,0,5.0718,1.753869239,0.016178047,0.001511973,0
10,209,9.262,227.9913472,14421.88728,0.040702,0,0,19.222,1.3024,0,0,0,0,0,0.78174,3.539348854,0.016178047,0.001511973,0
10,209,9.262,227.9913472,14421.88728,7.5139,0,0,0,4.6708,0.78642,0,0,0,0,19.2864,3.27635624,0.016178047,0.001511973,0
10,209,9.262,227.9913472,14421.88728,0.65673,0,0,0,0,0,0,0,0,0,2.93637,1.912461635,0.016178047,0.001511973,0
10,209,9.262,227.9913472,14421.88728,0,0,0,0.031407,0,0,0,0,0,0,0.151728,8.643285575,0.016178047,0.001511973,0
10,209,9.262,227.9913472,14421.88728,0,0,0,0,0,0,0,0,0,0,0.151728,5.924849251,0.016178047,0.001511973,0
10,209,9.262,227.9913472,14421.88728,0.01357,0,0.61928,0,0.003821,0,0,0,0,0,0.151728,1.629841853,0.016178047,0.001511973,0
10,209,9.262,227.9913472,14421.88728,0.067102,0,0,21.209,0,0,0,0,0,0,0,1.788434249,0.016178047,0.001511973,0
10,209,9.262,227.9913472,14421.88728,0.011297,0,0,0,0.008333,0,0,0,0,0,0.151728,2.550491043,0.016178047,0.001511973,0
10,209,9.262,227.9913472,14421.88728,7.049,0,0,2.1101,0,0.88402,0,0,0,0,0,6.85281809,0.016178047,0.001511973,0
10,209,9.262,227.9913472,14421.88728,0,0,0,0,3.0251,0,0,0,0,0,16.4517,1.926287639,0.016178047,0.001511973,0
10,209,9.262,227.9913472,14421.88728,0.003346,0,0,0.75591,0,0.7814,0,0,0,0,0.273384,1.600969904,0.016178047,0.001511973,0
10,209,9.262,227.9913472,14421.88728,0,0,0,0,0.0057595,0,0,0,0,0,0,2.742428507,0.016178047,0.001511973,0
10,209,9.262,227.9913472,14421.88728,8.3092,0,0,0,0,0,0,0,0,0,8.7918,0.403800639,0.016178047,0.001511973,0
10,209,9.262,227.9913472,14421.88728,0.00524,0,0,0.00524,0.038297,0,0.13028,0,0,0,2.73105,6.438851272,0.016178047,0.001511973,0
10,209,9.262,227.9913472,14421.88728,0.007221,0,0,0,0.016012,0,0.74966,0,0,0,0,83.74352198,0.016178047,0.001511973,0
10,209,9.262,227.9913472,14421.88728,0.022591,0,0,0.0021738,0.008333,0,0,0,0,0,0.151728,3.933904712,0.016178047,0.001511973,0
10,209,9.262,227.9913472,14421.88728,1.8709,0,0,0,0,0,0,0,0,0,0,4.044970118,0.016178047,0.001511973,0
10,209,9.262,227.9913472,14421.88728,0,0,0.021503,0,0,0,0,0,0,0,0,20.03672595,0.016178047,0.001511973,0
10,209,9.262,227.9913472,14421.88728,0.008333,0,0,0,0.25607,1.5701,0,0,0,0,0.151728,4.286874454,0.016178047,0.001511973,0
10,209,9.262,227.9913472,14421.88728,0.014773,0,0,0,0.78045,0.002774,0,0,0,0,0.151728,0.308645201,0.016178047,0.001511973,0
10,209,9.262,227.9913472,14421.88728,0.020418,0,0,0.008335,0,0,0,0,0,0,5.2239,5.924849251,0.016178047,0.001511973,0
10,209,9.262,227.9913472,14421.88728,6.87,0,0,0,0.008333,0,0,0,0,0,0,4.044970118,0.016178047,0.001511973,0
10,209,9.262,227.9913472,14421.88728,0.001493,0,0,0,0.0096305,0.77421,0.13028,0,0,0,0.151728,1.629841853,0.016178047,0.001511973,0
10,209,9.262,227.9913472,14421.88728,0,0,0,0.049787,0,1.5527,0,0,0,0,4.4403,0.51278208,0.016178047,0.001511973,0
10,209,9.262,227.9913472,14421.88728,0,0,0,0,0,0,0,0,0,0,56.145,3.294248715,0.016178047,0.001511973,0
10,209,9.262,227.9913472,14421.88728,0.071675,0,0,0.000063,0,0,0,0,0,0,0.151728,1.740043236,0.016178047,0.001511973,0
10,209,9.262,227.9913472,14421.88728,1.0831,0,0,0,0,0,207.8,0,0,0,0.151728,5.751441887,0.016178047,0.001511973,0
10,209,9.262,227.9913472,14421.88728,7.8157,0,0,0,0,0,0,0,0,0,198.603,1.912461635,0.016178047,0.001511973,0
10,209,9.262,227.9913472,14421.88728,0.5201,0,0,0.013421,0.00524,0,0,0,0,0,0,19.16080795,0.016178047,0.001511973,0
10,209,9.262,227.9913472,14421.88728,0,0,0,0,0.008333,5.6833,0,0,0,0,19.6818,5.924849251,0.016178047,0.001511973,0
10,209,9.262,227.9913472,14421.88728,0.008321,0,0,0,0.00524,0,0,0,0,0,0,4.791523591,0.016178047,0.001511973,0
10,209,9.262,227.9913472,14421.88728,1.7741,0,0,0,0,0,0,0,0,0,1.02366,4.862686845,0.016178047,0.001511973,0
10,209,9.262,227.9913472,14421.88728,0,0,0,0,0.00524,0,0,0,0,0,0.151728,8.563989377,0.016178047,0.001511973,0
10,209,9.262,227.9913472,14421.88728,2.3556,0,0,0,0,0,0,0,0,0,18.819,1.480602342,0.016178047,0.001511973,0
10,209,9.262,227.9913472,14421.88728,109.34,0,0,0.65591,0,0,0,0.65543,0,0,0,8.643285575,0.016178047,0.001511973,0
10,209,9.262,227.9913472,14421.88728,11.506,0,2.0222,0,0,0,0,0,0,0,0.151728,0.496109546,0.016178047,0.001511973,0
10,209,9.262,227.9913472,14421.88728,0,0,0.11682,0,0.005239,0,0.13028,0,0,0,16.0194,0.496109546,0.016178047,0.001511973,0
10,209,9.262,227.9913472,14421.88728,0,0,0,0.008333,0,0,0,0,0,0,5.2239,2.550491043,0.016178047,0.001511973,0
10,209,9.262,227.9913472,14421.88728,0,0,0,0,14.856,1.6287,0,0,0,0,0.151728,3.27635624,0.016178047,0.001511973,0
10,209,9.262,227.9913472,14421.88728,0.00014,0,0,0,0.002772,0,0,0,0,0,0,1.082901411,0.016178047,0.001511973,0
10,209,9.262,227.9913472,14421.88728,0.00524,0,0,0,0,0,0,0,0,0,0,4.748825638,0.016178047,0.001511973,0
10,209,9.262,227.9913472,14421.88728,0,0,0,0.29765,0,0,0,0,0.008333,0,0.286086,0.677067536,0.016178047,0.001511973,0
10,209,9.262,227.9913472,14421.88728,6.5562,0,0,0,0.93679,0,0,0,0,0,0.151728,41.65055169,0.016178047,0.001511973,0
10,209,9.262,227.9913472,14421.88728,0,0,0,0.16809,0.0085875,0,65.662,0,0,0,45.933,4.286874454,0.016178047,0.001511973,0
10,209,9.262,227.9913472,14421.88728,0,0,0,0,0.002156,0,0,0,0,0,0,0.506275725,0.016178047,0.001511973,0
10,209,9.262,227.9913472,14421.88728,0.17713,0,0,0.67703,0.005239,0,0,0,0,0,1.21974,1.788434249,0.016178047,0.001511973,0
10,209,9.262,227.9913472,14421.88728,0,0,0,0,0,0,0,0,0,0,0,4.286874454,0.016178047,0.001511973,0
10,209,9.262,227.9913472,14421.88728,0,0,0,0.00524,0,0,0,0,0,0,0,5.721119019,0.016178047,0.001511973,0
10,209,9.262,227.9913472,14421.88728,1.385,0,0,0.01409,1.5408,0,0,0,0,0,0.27948,10.8444667,0.016178047,0.001511973,0
10,209,9.262,227.9913472,14421.88728,0.00524,0,0,0,0,32.552,0,0,0,0,151.038,4.044970118,0.016178047,0.001511973,0
10,209,9.262,227.9913472,14421.88728,0.008335,0,0,0,0.007697,0,0,0,0,0,0.151728,0.51278208,0.016178047,0.001511973,0
10,209,9.262,227.9913472,14421.88728,0,0,0.002139,0,0,0,0,0,0.00999,0,0,1.753869239,0.016178047,0.001511973,0
10,209,9.262,227.9913472,14421.88728,0,0,0,0,0,0,0,0,0,0,0.278532,1.600969904,0.016178047,0.001511973,0
10,209,9.262,227.9913472,14421.88728,0,0,0,0,0.008336,0,0,0,0,0,0.33174,3.933904712,0.016178047,0.001511973,0
10,209,9.262,227.9913472,14421.88728,0.016058,0,0,0,20.653,0,0,0,0,0,29.7018,1.788434249,0.016178047,0.001511973,0
10,209,9.262,227.9913472,14421.88728,8.3439,0,0,0.008332,0.3855,0,0,0,0,0,0.151728,2.550491043,0.016178047,0.001511973,0
10,209,9.262,227.9913472,14421.88728,0.23451,0,0,2.4911,0,0,0.021726,0,0,0,46.353,0.506275725,0.016178047,0.001511973,0
10,209,9.262,227.9913472,14421.88728,0.001493,0,0,0,0,0,0,0,0,0,0.151728,0.506275725,0.016178047,0.001511973,0
10,209,9.262,227.9913472,14421.88728,0,0,0,0.008333,0.030965,0,0,0,0.01058,0,0,2.282103912,0.016178047,0.001511973,0
10,209,9.262,227.9913472,14421.88728,0,0,0,0.008333,2.4885,0,0,0,0,0,0.31059,1.953939646,0.016178047,0.001511973,0
10,209,9.262,227.9913472,14421.88728,2.9666,0,0,5.8999,0,0.78189,0,0,0,0,0,3.50611189,0.016178047,0.001511973,0
10,209,9.262,227.9913472,14421.88728,6.7661,0,0,0,0.00524,0.79321,0,0,0,0,0.151728,1.740043236,0.016178047,0.001511973,0
10,209,9.262,227.9913472,14421.88728,0.003822,0,0,0.008336,0,0,0,0,0,0,0.2871,1.912461635,0.016178047,0.001511973,0
10,209,9.262,227.9913472,14421.88728,0.17713,0,0,6.1619,0,0,0,0,0,0,0,4.748825638,0.016178047,0.001511973,0
10,209,9.262,227.9913472,14421.88728,0.00524,0,0,0,0,0,0,0,0,0,0.151728,0.308645201,0.016178047,0.001511973,0
10,209,9.262,227.9913472,14421.88728,0.002598,0,0,0,0.065813,0,0,0,0,0,0,1.912461635,0.016178047,0.001511973,0
10,209,9.262,227.9913472,14421.88728,0,0,0,1.788,0,0,0,0,0,0,0,0.308645201,0.016178047,0.001511973,0
10,209,9.262,227.9913472,14421.88728,0.010054,0,0,0.003821,0.12099,0,0,0,0,0,0,4.791523591,0.016178047,0.001511973,0
10,209,9.262,227.9913472,14421.88728,0.001326,0,0,0,0,0,0,0,0,0,8.8155,1.437091095,0.016178047,0.001511973,0
10,209,9.262,227.9913472,14421.88728,3.5699,0,0.003538,0,0.003538,0,0,0,0,0,0,62.76023949,0.016178047,0.001511973,0
10,209,9.262,227.9913472,14421.88728,0.002139,0,0,0,0.566,0,0,0,0,0,0.151728,1.611949377,0.016178047,0.001511973,0
10,209,9.262,227.9913472,14421.88728,21.786,0,0,0,0.013746,0,0,0,0,0,1.41975,3.37110503,0.016178047,0.001511973,0
10,209,9.262,227.9913472,14421.88728,0,0,0,0,0,0,0,0,0,0,78.063,1.600969904,0.016178047,0.001511973,0
10,209,9.262,227.9913472,14421.88728,4.119,0,0,0,0,0,0.67845,0,0,0,15.3204,2.626534064,0.016178047,0.001511973,0
10,209,9.262,227.9913472,14421.88728,0,0,0,0.0059107,0,0,0,0,0,0,8.5434,19.16080795,0.016178047,0.001511973,0
10,209,9.262,227.9913472,14421.88728,0,0,0,2.853,0,0,0,0,0,0,0,19.71922933,0.016178047,0.001511973,0
10,209,9.262,227.9913472,14421.88728,0,0,0,0.003346,0.086094,0,8.1826,0,0,0,5.1444,6.438851272,0.016178047,0.001511973,0
10,209,9.262,227.9913472,14421.88728,0,0,0,4.7036,0,0,1.8682,0,0,0,7.4118,2.550491043,0.016178047,0.001511973,0
10,209,9.262,227.9913472,14421.88728,0.009021,0,0,17.373,0,0,0,0,0,0,0,1.611949377,0.016178047,0.001511973,0
10,209,9.262,227.9913472,14421.88728,0,0,0,0,0.00524,1.1637,0,0,0,0,0.151728,4.791523591,0.016178047,0.001511973,0
10,209,9.262,227.9913472,14421.88728,0,0,0,52.922,26.494,12.855,0,0,0,0,0,2.742428507,0.016178047,0.001511973,0
10,209,9.262,227.9913472,14421.88728,0.062194,0,0.016815,0,7.7396,0,0,0,0,0,1.57107,2.742428507,0.016178047,0.001511973,0
10,209,9.262,227.9913472,14421.88728,0,0,0,0.71875,0.003538,0,0,0,0,0,30.648,62.76023949,0.016178047,0.001511973,0
10,209,9.262,227.9913472,14421.88728,0,0,0,0,0,0,18.961,0,0,0,12.0081,1.480602342,0.016178047,0.001511973,0
10,209,9.262,227.9913472,14421.88728,0,0,0,0.013565,0,0,0,0,0,0,6.102,1.600969904,0.016178047,0.001511973,0
10,209,9.262,227.9913472,14421.88728,0,0,0,0.002139,0.014178,0,0,0,0,0,9.4467,1.953939646,0.016178047,0.001511973,0
10,209,9.262,227.9913472,14421.88728,8.3092,0,0,0,0,0,0,0,0,0,1.21974,1.480602342,0.016178047,0.001511973,0
10,209,9.262,227.9913472,14421.88728,1.0831,0,0,4.6787,0.008333,0,25.207,0,0,0,34.746,4.862686845,0.016178047,0.001511973,0
10,209,9.262,227.9913472,14421.88728,36.945,0,0,21.209,0.00062,1.5693,0,0,0,0,0.34593,1.753869239,0.016178047,0.001511973,0
10,209,9.262,227.9913472,14421.88728,0.0055799,0,0,0.0062753,0,0,0,0,0,0,5.5146,4.044970118,0.016178047,0.001511973,0
10,209,9.262,227.9913472,14421.88728,0.29343,0,0,0,0,0,203.53,0,0,0,0.279615,13.58857149,0.016178047,0.001511973,0
10,209,9.262,227.9913472,14421.88728,2.1165,0,0,0,0.007697,0,0,0,0,0,123.993,20.03672595,0.016178047,0.001511973,0
10,209,9.262,227.9913472,14421.88728,7.1711,0,0,16.48,0.03958,0,0,0,0,0,21.2118,7.432290306,0.016178047,0.001511973,0
10,209,9.262,227.9913472,14421.88728,0.015667,0,0,0,0,0.008333,0,0,0,0,8.3928,0.308645201,0.016178047,0.001511973,0
10,209,9.262,227.9913472,14421.88728,0,0,0.8293,3.1662,0.025169,5.3213,0,0,0,0,1.38174,3.37110503,0.016178047,0.001511973,0
10,209,9.262,227.9913472,14421.88728,0,0,0,0.047701,11.928,0,150.43,0,0,0,0.151728,27.05073767,0.016178047,0.001511973,0
10,209,9.262,227.9913472,14421.88728,51.143,0,0,0,0.12938,0,0,0,0.053064,0,12.8901,2.742428507,0.016178047,0.001511973,0
10,209,9.262,227.9913472,14421.88728,0,0,0,1.3084,0,0,0,0,0,0,0.151728,1.953939646,0.016178047,0.001511973,0
10,209,9.262,227.9913472,14421.88728,0,0,0,0,0,0.10693,0,0,0,0,0.88596,8.153142895,0.016178047,0.001511973,0
10,209,9.262,227.9913472,14421.88728,0.76883,0,0,0,0,0,16.74,0,0,0,0.151728,2.742428507,0.016178047,0.001511973,0
10,209,9.262,227.9913472,14421.88728,28.979,0,0,0,0,0.79321,0.86583,0,0,0,3.6486,2.626534064,0.016178047,0.001511973,0
10,209,9.262,227.9913472,14421.88728,0.008335,0,0.26868,0.00524,0,0.002355,0,0,0,0,9.1953,19.16080795,0.016178047,0.001511973,0
10,209,9.262,227.9913472,14421.88728,0,0,46.499,0,0.005239,0,0,0,0,0,0,1.788434249,0.016178047,0.001511973,0
10,209,9.262,227.9913472,14421.88728,3.8421,0,0,0,0,0,0,0,0,0,10.4415,3.50611189,0.016178047,0.001511973,0
10,209,9.262,227.9913472,14421.88728,0,0,0,0,0,0,0,0,0,0,29.4918,3.294248715,0.016178047,0.001511973,0
10,209,9.262,227.9913472,14421.88728,0.009261,0,0,0,0,0,0,0,0,0,6.8079,5.751441887,0.016178047,0.001511973,0
10,209,9.262,227.9913472,14421.88728,0.58468,0,0,0.03272,0,0,1.8418,0,0,0,0,1.788434249,0.016178047,0.001511973,0
10,209,9.262,227.9913472,14421.88728,0.005372,0,0,0,0.016012,0,0,0,0,0,1.02366,2.742428507,0.016178047,0.001511973,0
10,209,9.262,227.9913472,14421.88728,0.026827,0,0,0,0,0,0,0,0,0,0,6.85281809,0.016178047,0.001511973,0
10,209,9.262,227.9913472,14421.88728,0,0,0,0,0,0.13226,0,0,0,0,0.151728,38.6168241,0.016178047,0.001511973,0
10,209,9.262,227.9913472,14421.88728,0,0,0,1.2811,7.0112,0,0,0,0,0,0.151728,20.03672595,0.016178047,0.001511973,0
10,209,9.262,227.9913472,14421.88728,0,0,0,0,0,0,0,0,0,0,15.0003,1.953939646,0.016178047,0.001511973,0
10,209,9.262,227.9913472,14421.88728,0,0,0,0.0068531,0,0,0,0,0,0,0.151728,9.094257285,0.016178047,0.001511973,0
10,209,9.262,227.9913472,14421.88728,1.8115,0,0,0,1.8144,0,0.059897,0,0,0,0.285792,57.83043216,0.016178047,0.001511973,0
10,209,9.262,227.9913472,14421.88728,0.00524,0,0,0.00524,0,0,0,0,0,0,16.6719,5.751441887,0.016178047,0.001511973,0
10,209,9.262,227.9913472,14421.88728,0.2494,0,0,0,0,0.000273,0,0,0.009289,0,0,10.8444667,0.016178047,0.001511973,0
10,209,9.262,227.9913472,14421.88728,0,0,0,24.36,0,0,0,0,0,0,3.5568,8.643285575,0.016178047,0.001511973,0
10,209,9.262,227.9913472,14421.88728,0.22048,0,0,0,0,0,0,0,0,0,2.06073,0.308645201,0.016178047,0.001511973,0
10,209,9.262,227.9913472,14421.88728,0.005769,0,0,0.003821,0,0,0,0,0,0,2.52933,1.600969904,0.016178047,0.001511973,0
10,209,9.262,227.9913472,14421.88728,0,0,0,0,0,25.566,0,0,0,0,2.39772,3.294248715,0.016178047,0.001511973,0
10,209,9.262,227.9913472,14421.88728,0,0,0,5.0428,0,0,0,0,0,0,0,0.51278208,0.016178047,0.001511973,0
10,209,9.262,227.9913472,14421.88728,0.003539,0,0,0,0.00524,0,15.202,0,0,0,1.63956,34.6982593,0.016178047,0.001511973,0
10,209,9.262,227.9913472,14421.88728,0.008333,0,0,0.01048,0.00524,0,0,0,0,0,1.05978,0.757177028,0.016178047,0.001511973,0
10,209,9.262,227.9913472,14421.88728,0,0,0,0,0,0,0,0,0,0,2.94174,4.044970118,0.016178047,0.001511973,0
10,209,9.262,227.9913472,14421.88728,0,0,0,0.12679,0,0,0,0,0,0,0,2.473634728,0.016178047,0.001511973,0
10,209,9.262,227.9913472,14421.88728,0,0,0,0,0,0,0,0,0,0,81.042,4.791523591,0.016178047,0.001511973,0
10,209,9.262,227.9913472,14421.88728,0.007221,0,0,15.984,0,0,0.13028,0,0,0,0.51381,1.611949377,0.016178047,0.001511973,0
10,209,9.262,227.9913472,14421.88728,0.17903,0,0,21.209,0,1.5329,0,0,0,0,0,4.748825638,0.016178047,0.001511973,0
10,209,9.262,227.9913472,14421.88728,0,0,0,0,0,0,0,0,0,0,1.57179,0.163878809,0.016178047,0.001511973,0
10,209,9.262,227.9913472,14421.88728,0.001436,0,0,0,0.000251,0,0,0,0,0,0,8.153142895,0.016178047,0.001511973,0
10,209,9.262,227.9913472,14421.88728,0,0,0,0,0.52251,0,0,0,0,0,4.1406,41.65055169,0.016178047,0.001511973,0
10,209,9.262,227.9913472,14421.88728,0,0,0,0.007102,0,0,0,0,0,0,0.151728,0.677067536,0.016178047,0.001511973,0
10,209,9.262,227.9913472,14421.88728,0.001326,0,0,0.23606,0,0,0,0,0,0,0.151728,1.953939646,0.016178047,0.001511973,0
10,209,9.262,227.9913472,14421.88728,0.08383,0,0,0.013606,0,0,5.7969,0,0,0,0.151728,0.403800639,0.016178047,0.001511973,0
10,209,9.262,227.9913472,14421.88728,0.019305,0,0,0.049787,0.67362,0.79321,0,0,0,0,0.151728,8.563989377,0.016178047,0.001511973,0
10,209,9.262,227.9913472,14421.88728,0.005239,0,0,0,0,0,0,0,0,0,0,1.753869239,0.016178047,0.001511973,0
10,209,9.262,227.9913472,14421.88728,0,0,0,0,0,0,0,0,0,0,0,10.8444667,0.016178047,0.001511973,0
10,209,9.262,227.9913472,14421.88728,49.592,0,0,0,0.10502,0,31.04,0,0,0,28.1349,4.791523591,0.016178047,0.001511973,0
10,209,9.262,227.9913472,14421.88728,0.00062,0,0,0,0.00524,0,0,0,0,0,0.27711,14.97902997,0.016178047,0.001511973,0
10,209,9.262,227.9913472,14421.88728,0,0,0,0,0,0,0.13028,0,0,0,0.45174,6.438851272,0.016178047,0.001511973,0
10,209,9.262,227.9913472,14421.88728,0,0,0,0,0,0,0,0,0,0,0,2.473634728,0.016178047,0.001511973,0
10,209,9.262,227.9913472,14421.88728,6.7661,0,0.80135,43.946,0,0,0,0,0,0,0.151728,0.51278208,0.016178047,0.001511973,0
10,209,9.262,227.9913472,14421.88728,0.0067817,0,0,0.008333,0.44929,0,0,0,0,0,0.151728,1.753869239,0.016178047,0.001511973,0
10,209,9.262,227.9913472,14421.88728,0.00524,0,0,0.003821,0,0,0,0,0,0,0,20.03672595,0.016178047,0.001511973,0
10,209,9.262,227.9913472,14421.88728,5.5802,0,0.81841,0,20.177,0,0,0,0,0,0,1.912461635,0.016178047,0.001511973,0
10,209,9.262,227.9913472,14421.88728,1.5374,0,0,7.1341,0.27367,0,0,0,0,0,0,2.742428507,0.016178047,0.001511973,0
10,209,9.262,227.9913472,14421.88728,0.008333,0,0,0.002011,0,0,0.13028,0,0,0,38.517,4.748825638,0.016178047,0.001511973,0
10,209,9.262,227.9913472,14421.88728,0.00021,0,0,0.005769,6.4522,0,0.13028,0,0,0,0.151728,1.740043236,0.016178047,0.001511973,0
10,209,9.262,227.9913472,14421.88728,9.3106,0,0,0.008333,0,0,12.553,0,0,0,0.293307,3.27635624,0.016178047,0.001511973,0
10,209,9.262,227.9913472,14421.88728,0.005239,0,0,0,0,0,0,0,0,0,1.52439,3.37110503,0.016178047,0.001511973,0
10,209,9.262,227.9913472,14421.88728,0.007221,0,0.8048,0,0.18655,0,0,0,0,0,0,34.6982593,0.016178047,0.001511973,0
10,209,9.262,227.9913472,14421.88728,6.8591,0,0,0,0,0,0,0,0,0,1.65174,1.926287639,0.016178047,0.001511973,0
10,209,9.262,227.9913472,14421.88728,0.013572,0,0,0,0,0,0,0,0,0,47.328,0.51278208,0.016178047,0.001511973,0
10,209,9.262,227.9913472,14421.88728,0.39529,0,0,0,0,0,0,0,0,0,0.278529,14.97902997,0.016178047,0.001511973,0
10,209,9.262,227.9913472,14421.88728,0,0,0,4.7036,0,0,0,0,0,0,0.280587,1.600969904,0.016178047,0.001511973,0
10,209,9.262,227.9913472,14421.88728,0,0,0,0,2.8821,0,0,0,0,0,1.08339,6.438851272,0.016178047,0.001511973,0
10,209,9.262,227.9913472,14421.88728,45.509,0,0,0,0,0,20.673,0,0,0,1.38174,3.27635624,0.016178047,0.001511973,0
10,209,9.262,227.9913472,14421.88728,0,0,0,0.003538,0,0.15887,0,0,0,0,0,0.308645201,0.016178047,0.001511973,0
10,209,9.262,227.9913472,14421.88728,0,0,0,0,1.3478,0,0,0,2.0915,0,0,4.791523591,0.016178047,0.001511973,0
10,209,9.262,227.9913472,14421.88728,0.007697,0,0,0,0,0,0,0,0,0,0,0.506275725,0.016178047,0.001511973,0
10,209,9.262,227.9913472,14421.88728,0.16397,0,0,0,1.1866,0,0,0,0,0,0.151728,1.753869239,0.016178047,0.001511973,0
10,209,9.262,227.9913472,14421.88728,1.2774,0,0,0.27563,8.688,3.738,0,0,0,0,0.151728,19.16080795,0.016178047,0.001511973,0
10,209,9.262,227.9913472,14421.88728,0,0,0,0,0.72843,2.8066,0,0,0,0,7.5918,5.924849251,0.016178047,0.001511973,0
10,209,9.262,227.9913472,14421.88728,0.002784,0,0,0.000251,0.67961,0.047442,0,0,0,0,0,2.282103912,0.016178047,0.001511973,0
10,209,9.262,227.9913472,14421.88728,8.933,0,0.0024775,0,0.008333,0,0,2.1035,0,0,18.1353,3.294248715,0.016178047,0.001511973,0
10,209,9.262,227.9913472,14421.88728,0,0,0.20219,0.0088426,0,0,0,0,0,0,0,1.753869239,0.016178047,0.001511973,0
10,209,9.262,227.9913472,14421.88728,0,0,0,0.0002525,0,0,0,0,0,0,0,1.480602342,0.016178047,0.001511973,0
10,209,9.262,227.9913472,14421.88728,45.509,0,0,0,0,0.78033,0,0,0,0,0.181728,8.153142895,0.016178047,0.001511973,0
10,209,9.262,227.9913472,14421.88728,0.046194,0,0,0,0,0,0,0,0.008332,0,0,1.480602342,0.016178047,0.001511973,0
10,209,9.262,227.9913472,14421.88728,0,0,0,0.00524,0,0,0,0,0,0,0.151728,3.27635624,0.016178047,0.001511973,0
10,209,9.262,227.9913472,14421.88728,0,0,0,0,0,0,0,0,0,0,0.31755,1.611949377,0.016178047,0.001511973,0
10,209,9.262,227.9913472,14421.88728,0,0,0,0,0.009767,0,0.13028,0,0,0,0,1.082901411,0.016178047,0.001511973,0
10,209,9.262,227.9913472,14421.88728,0.16397,0,0,0.00062,0,0,0,0,0,0,0.6021,2.550491043,0.016178047,0.001511973,0
10,209,9.262,227.9913472,14421.88728,0.00524,0,0,1.0205,0,0,150.43,0,0,0,1.08174,2.473634728,0.016178047,0.001511973,0
10,209,9.262,227.9913472,14421.88728,0.039743,0,0,0.008333,20.056,0,0,0,0,0,3.4926,3.37110503,0.016178047,0.001511973,0
10,209,9.262,227.9913472,14421.88728,5.5802,0,0,0,0,1.0992,0,0,0,0,0,0.403800639,0.016178047,0.001511973,0
11,210,6.324,227.9587619,14419.82606,0,0,0,0.48873,0,0.77921,0,0,0,0,4.8618,4.278895437,0.01548316,0.00144703,0
11,210,6.324,227.9587619,14419.82606,0,0,0,0,0.0059348,0.60215,0,0,0,0,0.151728,6.472102045,0.01548316,0.00144703,0
11,210,6.324,227.9587619,14419.82606,0,0,0,2.1101,0,0.010345,0,0,0,0,0,1.651413523,0.01548316,0.00144703,0
11,210,6.324,227.9587619,14419.82606,0.011569,0,0,21.886,0,0,0,0,0,0,0,2.124635517,0.01548316,0.00144703,0
11,210,6.324,227.9587619,14419.82606,0.00524,0,0,0,0,0,0,0,0,0,4.4358,0.301225485,0.01548316,0.00144703,0
11,210,6.324,227.9587619,14419.82606,0.00014,0,0,0,0.011131,0,0,0,0,0,29.7018,1.035375756,0.01548316,0.00144703,0
11,210,6.324,227.9587619,14419.82606,0.007102,0,0.003346,0.010986,0.035884,0,0,0,0,0,0.151728,11.68233493,0.01548316,0.00144703,0
11,210,6.324,227.9587619,14419.82606,0,0,0,0,0,0,0,0,0,0,0.151728,0.541773565,0.01548316,0.00144703,0
11,210,6.324,227.9587619,14419.82606,0,0,0,0,0,0,14.556,0,0,0,0.288579,22.79016382,0.01548316,0.00144703,0
11,210,6.324,227.9587619,14419.82606,0,0,0,0.012395,0,0,0,0,0,0,0.151728,0.301225485,0.01548316,0.00144703,0
11,210,6.324,227.9587619,14419.82606,0.39529,0,0,0,0,0,0,0,0,0,0,3.789481443,0.01548316,0.00144703,0
11,210,6.324,227.9587619,14419.82606,0,0,0,70.359,11.928,0,0,0,0,0,0.151728,1.651413523,0.01548316,0.00144703,0
11,210,6.324,227.9587619,14419.82606,0.023275,0,1.332,17.76,0,0,0,0,0,0,14.0655,17.60572724,0.01548316,0.00144703,0
11,210,6.324,227.9587619,14419.82606,0.039743,0,0,0,1.5099,0.79385,0,0,0,0,151.038,0.423815456,0.01548316,0.00144703,0
11,210,6.324,227.9587619,14419.82606,0,0,0,0.008333,0,0,0,0,0,0,0.93561,11.33524931,0.01548316,0.00144703,0
11,210,6.324,227.9587619,14419.82606,1.2325,0,0,0,0.069058,0,0,0,0,0,0.151728,2.474804353,0.01548316,0.00144703,0
11,210,6.324,227.9587619,14419.82606,0,0,0.0066735,0,0,0,0,0,0,0,0.99864,6.472102045,0.01548316,0.00144703,0
11,210,6.324,227.9587619,14419.82606,1.7472,0,0,0,0,0,0,0,0,0,0.271728,0.219704697,0.01548316,0.00144703,0
11,210,6.324,227.9587619,14419.82606,0.003538,0,0,0,0,0,0,0,0,0,7.8318,0.301225485,0.01548316,0.00144703,0
11,210,6.324,227.9587619,14419.82606,0.00062,0,0,0.0021738,0,0,0,0,0,0,3.6423,2.124635517,0.01548316,0.00144703,0
11,210,6.324,227.9587619,14419.82606,0.010122,0,0,0,0.00524,0,0,0,0,0,0.151728,2.124635517,0.01548316,0.00144703,0
11,210,6.324,227.9587619,14419.82606,0.008333,0,0,0.0055291,0.0014495,0,0,0,0,0,15.252,6.472102045,0.01548316,0.00144703,0
11,210,6.324,227.9587619,14419.82606,0.003485,0,0,0,0.008333,0,0,0,0,0,0,0.085689464,0.01548316,0.00144703,0
11,210,6.324,227.9587619,14419.82606,0.005239,0,0,0,0.018484,0,0,0,0,0,0,17.60572724,0.01548316,0.00144703,0
11,210,6.324,227.9587619,14419.82606,0,0,0,0.0306,0.00043,0,0,0,0,0,0.151728,0.219704697,0.01548316,0.00144703,0
11,210,6.324,227.9587619,14419.82606,1.8154,0,0,0,0,0,0,0,0,0,1.97832,0.541773565,0.01548316,0.00144703,0
11,210,6.324,227.9587619,14419.82606,0,0,0,0.008333,0,0,1.5219,0,0,0,0.37014,0.423815456,0.01548316,0.00144703,0
11,210,6.324,227.9587619,14419.82606,0,0,0.77195,0,0.16189,0.004625,0,0,0,0,0.151728,1.035375756,0.01548316,0.00144703,0
11,210,6.324,227.9587619,14419.82606,0,0,0,0,0.010507,0,5.0969,0,0.003538,0,0,3.789481443,0.01548316,0.00144703,0
11,210,6.324,227.9587619,14419.82606,0,0,0,1.5881,1.2072,0,0,0,0,0,0,0.541773565,0.01548316,0.00144703,0
11,210,6.324,227.9587619,14419.82606,23.064,0,0,6.6309,0,0,0,0,0,0,0,0.219704697,0.01548316,0.00144703,0
11,210,6.324,227.9587619,14419.82606,0,0,0,0,2.5837,0,0.75031,0,0,0,0.151728,0.423815456,0.01548316,0.00144703,0
11,210,6.324,227.9587619,14419.82606,0.43058,0,0,0,0,0,0,0,0,0,0,2.124635517,0.01548316,0.00144703,0
11,210,6.324,227.9587619,14419.82606,185.11,0,0,0,0.008333,0,0,0,0,0,8.9718,1.035375756,0.01548316,0.00144703,0
11,210,6.324,227.9587619,14419.82606,0.18674,0,0,0,0.008333,0,0,0,0,0,0.273372,1.651413523,0.01548316,0.00144703,0
11,210,6.324,227.9587619,14419.82606,49.011,0,0,5.2482,0,0,0.67053,0,0.014296,0,30.648,0.301225485,0.01548316,0.00144703,0
11,210,6.324,227.9587619,14419.82606,0.008336,0,0.000688,0.002011,0,0,0,0,0,0,0,11.68233493,0.01548316,0.00144703,0
11,210,6.324,227.9587619,14419.82606,0,0,0,0,0,0,0,0,0,0,0.151728,0.541773565,0.01548316,0.00144703,0
11,210,6.324,227.9587619,14419.82606,0,0,0,0,2.557,0,0,0,0,0,3.9018,15.12102526,0.01548316,0.00144703,0
11,210,6.324,227.9587619,14419.82606,0.00524,0,0,0.008333,0.074576,0,0,0,0,0,0,2.474804353,0.01548316,0.00144703,0
11,210,6.324,227.9587619,14419.82606,4.616,0,0,0,0,0,0,0,0,0,13.5936,3.237208988,0.01548316,0.00144703,0
11,210,6.324,227.9587619,14419.82606,0,0,0,0,4.1692,0,0,0,0,0,1.41975,11.33524931,0.01548316,0.00144703,0
11,210,6.324,227.9587619,14419.82606,0.15712,0,0,0,0,0,0,0,0,0,0,2.474804353,0.01548316,0.00144703,0
11,210,6.324,227.9587619,14419.82606,27.506,0,0.029107,0,0.68784,0,0,0,0,0,0,22.79016382,0.01548316,0.00144703,0
11,210,6.324,227.9587619,14419.82606,0.002868,0,0,0.008333,0.013518,0,0,0,0,0,3.3018,0.219704697,0.01548316,0.00144703,0
11,210,6.324,227.9587619,14419.82606,0.0088426,0,0,0,0,0,0,0,0,0,5.787,4.03418844,0.01548316,0.00144703,0
11,210,6.324,227.9587619,14419.82606,7.049,0,0,0.008333,0,0,0,0,0,0,0.35643,2.124635517,0.01548316,0.00144703,0
11,210,6.324,227.9587619,14419.82606,1.0344,0,0,0,0,0,0,0,0,0,1.65174,1.035375756,0.01548316,0.00144703,0
11,210,6.324,227.9587619,14419.82606,0.0964,0,0,0,5.2863,0,0,0,0,0,5.7318,0.541773565,0.01548316,0.00144703,0
11,210,6.324,227.9587619,14419.82606,0.0055384,0,0,0.008335,0,0,0,0,0,0,0,17.60572724,0.01548316,0.00144703,0
11,210,6.324,227.9587619,14419.82606,0.00524,0,0,0,0,0,0.13028,0,0,0,7.8042,1.035375756,0.01548316,0.00144703,0
11,210,6.324,227.9587619,14419.82606,0,0,0.17841,0,0.00524,20.64,0,0,0,0,4.7865,2.124635517,0.01548316,0.00144703,0
11,210,6.324,227.9587619,14419.82606,0.11399,0,0,10.612,3.6586,0,0,0,0,0,0,3.789481443,0.01548316,0.00144703,0
11,210,6.324,227.9587619,14419.82606,13.81,0,0,0,4.2931,0.040918,0,0,0,0,0.151728,3.237208988,0.01548316,0.00144703,0
11,210,6.324,227.9587619,14419.82606,46.878,0,0,0,0,0,0,0,0,0,9.4467,0.085689464,0.01548316,0.00144703,0
11,210,6.324,227.9587619,14419.82606,0,0,0,0,2.3758,0.005828,0,0,0,0,0,0.423815456,0.01548316,0.00144703,0
11,210,6.324,227.9587619,14419.82606,0.013572,0,0,0,0,0,0,0,0,0,0,0.085689464,0.01548316,0.00144703,0
11,210,6.324,227.9587619,14419.82606,3.7455,0,0,0.00524,0,0,0,0,0,0,0,1.035375756,0.01548316,0.00144703,0
11,210,6.324,227.9587619,14419.82606,0,0,0,0,0.008333,0.18042,0,0,0,0,41.634,3.237208988,0.01548316,0.00144703,0
11,210,6.324,227.9587619,14419.82606,0.021605,0,0,0,51.372,0,0,0,0,0,0.151728,2.474804353,0.01548316,0.00144703,0
11,210,6.324,227.9587619,14419.82606,0.011679,0,0,0,0,0,0,0,0,0,2.52933,0.085689464,0.01548316,0.00144703,0
11,210,6.324,227.9587619,14419.82606,0,0,0,0.008333,0,0,0,0,0,0,0,0.99739448,0.01548316,0.00144703,0
11,210,6.324,227.9587619,14419.82606,0,0,0,0.12679,0.25503,0,0,0,0,0,0.31098,1.035375756,0.01548316,0.00144703,0
11,210,6.324,227.9587619,14419.82606,0,0,0,0,0,0,0,0,0,0,0,11.33524931,0.01548316,0.00144703,0
11,210,6.324,227.9587619,14419.82606,0,0,0,0,2.0298,0,0.13028,0,0,0,0,3.789481443,0.01548316,0.00144703,0
11,210,6.324,227.9587619,14419.82606,15.105,0,0,0,0.042129,0,0,0,0,0,11.1597,0.301225485,0.01548316,0.00144703,0
11,210,6.324,227.9587619,14419.82606,0.015487,0,0,0,5.7051,0,0,0,0,0,0.151728,2.474804353,0.01548316,0.00144703,0
11,210,6.324,227.9587619,14419.82606,0.051828,0,0.006949,0.02762,0,0,0,0,0,0,0,11.33524931,0.01548316,0.00144703,0
11,210,6.324,227.9587619,14419.82606,0,0,0,0.002868,0.005239,0,0,0,0,0,0.44541,15.12102526,0.01548316,0.00144703,0
11,210,6.324,227.9587619,14419.82606,22.323,0,0,0,0,0,0,0,0,0,0.273384,11.33524931,0.01548316,0.00144703,0
11,210,6.324,227.9587619,14419.82606,0,0,0,0,0.008332,0,0,0.038293,0,0,0.276924,15.12102526,0.01548316,0.00144703,0
11,210,6.324,227.9587619,14419.82606,0.71246,0,0,0.008335,0.14993,0,0,0,0,0,0,1.035375756,0.01548316,0.00144703,0
11,210,6.324,227.9587619,14419.82606,14.115,0,17.757,0,0,0,0,0,0,0,0,2.124635517,0.01548316,0.00144703,0
11,210,6.324,227.9587619,14419.82606,0.00644,0,0,0,2.4885,0,0,0,0,0,0.51381,0.219704697,0.01548316,0.00144703,0
11,210,6.324,227.9587619,14419.82606,0.039743,0,0.001493,0,10.444,0,0,0,0,0,0.278526,11.33524931,0.01548316,0.00144703,0
11,210,6.324,227.9587619,14419.82606,0.003485,0,0,0.00524,0.012187,0,0,0,0,0,2.28174,0.541773565,0.01548316,0.00144703,0
11,210,6.324,227.9587619,14419.82606,0,0,0,1.4947,0.005239,0,0.13028,0,0,0,0,3.237208988,0.01548316,0.00144703,0
11,210,6.324,227.9587619,14419.82606,0.0083909,0,0,0.040507,0,0,0,0,0,0,0,11.33524931,0.01548316,0.00144703,0
11,210,6.324,227.9587619,14419.82606,0.018338,0,0,0,0,0,0,0,0,0,0.78174,2.474804353,0.01548316,0.00144703,0
11,210,6.324,227.9587619,14419.82606,0,0,0,0.0088426,0.0041885,2.6216,0.13028,0,0,0,44.763,3.237208988,0.01548316,0.00144703,0
11,210,6.324,227.9587619,14419.82606,23.582,0,0,0.73108,0,0,0,0,0,0,8.9118,0.541773565,0.01548316,0.00144703,0
11,210,6.324,227.9587619,14419.82606,0.0019345,0,0,0.008333,0.008333,0,0,0,0,0,0.151728,0.085689464,0.01548316,0.00144703,0
11,210,6.324,227.9587619,14419.82606,0.005239,0,0.71224,0.003539,0,0,0,0,0,0,1.70622,15.12102526,0.01548316,0.00144703,0
11,210,6.324,227.9587619,14419.82606,0.018235,0,0,0,0,0,0,0,0,0,0.151728,1.651413523,0.01548316,0.00144703,0
11,210,6.324,227.9587619,14419.82606,0,0,0,0.36044,0.1667,0,0,0,0,0,0,0.301225485,0.01548316,0.00144703,0
11,210,6.324,227.9587619,14419.82606,0.030003,0,51.335,73.41,0,0,0,0,0,0,0,0.99739448,0.01548316,0.00144703,0
11,210,6.324,227.9587619,14419.82606,0,0,0,0,0,0.90378,0,0,0,0,0.34593,0.301225485,0.01548316,0.00144703,0
11,210,6.324,227.9587619,14419.82606,0,0,0,0,0,1.3939,0,0,0,0,0.75174,2.124635517,0.01548316,0.00144703,0
11,210,6.324,227.9587619,14419.82606,5.6933,0,0,1.0487,7.544,0,0,0,0,0,0.151728,6.472102045,0.01548316,0.00144703,0
11,210,6.324,227.9587619,14419.82606,0,0,0,0,0,0,0,0,0,0,0.151728,0.99739448,0.01548316,0.00144703,0
11,210,6.324,227.9587619,14419.82606,0,0,0.58705,0.010986,0,0.78392,0,0,0,0,0,1.035375756,0.01548316,0.00144703,0
11,210,6.324,227.9587619,14419.82606,6.4349,0,0.00524,0,0,0,0,0,0,0,0.204657,0.99739448,0.01548316,0.00144703,0
11,210,6.324,227.9587619,14419.82606,6.2048,0,3.4544,0,0,0,0,0,0,0,2.64756,0.301225485,0.01548316,0.00144703,0
11,210,6.324,227.9587619,14419.82606,0.008333,0,0.060653,0,0,0,0,0,0,0,0,0.423815456,0.01548316,0.00144703,0
11,210,6.324,227.9587619,14419.82606,0,0,0,0,0,0,0,0,0,0,0.151728,3.237208988,0.01548316,0.00144703,0
11,210,6.324,227.9587619,14419.82606,0,0,0,0,2.7524,0,0,0,0,0,0.276939,17.60572724,0.01548316,0.00144703,0
11,210,6.324,227.9587619,14419.82606,0.005239,0,0,0,0,0,0,0,0,0,0.151728,10.04744876,0.01548316,0.00144703,0
11,210,6.324,227.9587619,14419.82606,0,0,0,0,0,0,0,0,0,0,66.645,4.278895437,0.01548316,0.00144703,0
11,210,6.324,227.9587619,14419.82606,0.053886,0,0,0,0.009056,0,0,0,0,0,0.68376,15.12102526,0.01548316,0.00144703,0
11,210,6.324,227.9587619,14419.82606,0.005239,0,0,0,0,0,0,0,0,0,17.3718,0.99739448,0.01548316,0.00144703,0
11,210,6.324,227.9587619,14419.82606,0.10994,0,0,0,0,0,0,0,0,0,19.4277,0.301225485,0.01548316,0.00144703,0
11,210,6.324,227.9587619,14419.82606,0.01332,0,0,0,0,0,0,0,0,0,3.4926,1.651413523,0.01548316,0.00144703,0
11,210,6.324,227.9587619,14419.82606,0.070781,0,0,0,0,0,0,0,0,0,0,0.085689464,0.01548316,0.00144703,0
11,210,6.324,227.9587619,14419.82606,0.00524,0,0.029107,0,0,0,0,0,0,0,0,2.474804353,0.01548316,0.00144703,0
11,210,6.324,227.9587619,14419.82606,9.3106,0,0,0,0,0,0,0,0,0,0.151728,15.12102526,0.01548316,0.00144703,0
11,210,6.324,227.9587619,14419.82606,0,0,0,0,0.00524,0,0,0,0,0,0,0.99739448,0.01548316,0.00144703,0
11,210,6.324,227.9587619,14419.82606,1.898,0,0,0,0.00043,0,0,0,0,0,5.0757,3.237208988,0.01548316,0.00144703,0
11,210,6.324,227.9587619,14419.82606,0,0,0,0.02891,0.008333,0,0,0,0,0,1.35936,0.301225485,0.01548316,0.00144703,0
11,210,6.324,227.9587619,14419.82606,57.072,0,0,0,0.3855,0,0,0,0,0,0.151728,2.124635517,0.01548316,0.00144703,0
11,210,6.324,227.9587619,14419.82606,0,0,0,17.76,4.0421,0,0,0,0,0,6.105,1.651413523,0.01548316,0.00144703,0
11,210,6.324,227.9587619,14419.82606,4.119,0,0,0.011527,12.686,0,0.13028,0,0,0,0.151728,1.035375756,0.01548316,0.00144703,0
11,210,6.324,227.9587619,14419.82606,0.007835,0,0,0,0.00524,0,0,0,0,0,12.0405,1.035375756,0.01548316,0.00144703,0
11,210,6.324,227.9587619,14419.82606,0.029004,0,0,2.5863,0.008335,0,0,0,0,0,0,0.085689464,0.01548316,0.00144703,0
11,210,6.324,227.9587619,14419.82606,0,0,0,0,0.37101,0,9.6768,0,0,0,1.96911,1.035375756,0.01548316,0.00144703,0
11,210,6.324,227.9587619,14419.82606,0,0,0,0.017238,0.081175,0,0,0,0,0,0.73911,3.789481443,0.01548316,0.00144703,0
11,210,6.324,227.9587619,14419.82606,0.018235,0,0,5.4015,1.4612,0,0,0,0,0,0.151728,3.237208988,0.01548316,0.00144703,0
11,210,6.324,227.9587619,14419.82606,0.008332,0,0,0,2.529,0,30.686,0,0,0,7.6818,3.789481443,0.01548316,0.00144703,0
11,210,6.324,227.9587619,14419.82606,0.0098678,0,0,0,0,0.77921,0,0,0,0,3.3057,2.124635517,0.01548316,0.00144703,0
11,210,6.324,227.9587619,14419.82606,0.020885,0,0,0,0,2.1773,0.10863,0,0,0,18.3318,3.789481443,0.01548316,0.00144703,0
11,210,6.324,227.9587619,14419.82606,0,0,0,0,0,0,30.781,0,0,0,0,3.237208988,0.01548316,0.00144703,0
11,210,6.324,227.9587619,14419.82606,0.081094,0,0,0.005239,5.0207,0,0,0,0,0,0,0.219704697,0.01548316,0.00144703,0
11,210,6.324,227.9587619,14419.82606,0,0,0,0,0.01564,0,0,0,0,0,0.93561,1.035375756,0.01548316,0.00144703,0
11,210,6.324,227.9587619,14419.82606,0.27066,0,0,0,0,0,0,0,0,0,0.72174,1.651413523,0.01548316,0.00144703,0
11,210,6.324,227.9587619,14419.82606,0,0,0,0,0,0,0,0,0,0,0.286419,11.68233493,0.01548316,0.00144703,0
11,210,6.324,227.9587619,14419.82606,6.8104,0,0,0,0,0,0,0,0,0,0.151728,1.035375756,0.01548316,0.00144703,0
11,210,6.324,227.9587619,14419.82606,0.011297,0,0,13.805,0.032706,0,0,0,0,0,0.151728,0.482794511,0.01548316,0.00144703,0
11,210,6.324,227.9587619,14419.82606,0,0,0,0,30.954,12.13,0,0,0,0,0,1.035375756,0.01548316,0.00144703,0
11,210,6.324,227.9587619,14419.82606,0,0,0,0.40202,0.002031,0,0,0,0,0,46.293,11.33524931,0.01548316,0.00144703,0
11,210,6.324,227.9587619,14419.82606,1.8115,0,0,0,0,0.13226,0,0,0,0,0.271128,0.301225485,0.01548316,0.00144703,0
11,210,6.324,227.9587619,14419.82606,0.023275,0,0,0.003346,0,0,0,0,0,0,65.781,0.423815456,0.01548316,0.00144703,0
11,210,6.324,227.9587619,14419.82606,0.027357,0,0,0,0,0,0,0,0,0,15.7923,0.301225485,0.01548316,0.00144703,0
11,210,6.324,227.9587619,14419.82606,3.2227,0,0,0,0,0,0,0,0,0,0.151728,1.035375756,0.01548316,0.00144703,0
11,210,6.324,227.9587619,14419.82606,0.00524,0,0,0,8.1439,0,0,0.5798,0,0,0,0.99739448,0.01548316,0.00144703,0
11,210,6.324,227.9587619,14419.82606,17.385,0,0,0,5.7523,0,0,0,0,0,25.3818,3.789481443,0.01548316,0.00144703,0
11,210,6.324,227.9587619,14419.82606,0.011527,0,0,0.13117,0.097858,0,0,0,0,0,0.275769,15.12102526,0.01548316,0.00144703,0
11,210,6.324,227.9587619,14419.82606,0.005239,0,0,0,0,0,0.13028,0,0,0,0,3.789481443,0.01548316,0.00144703,0
11,210,6.324,227.9587619,14419.82606,0.08383,0,0,0,0,0,0,0,0,0,0,11.68233493,0.01548316,0.00144703,0
11,210,6.324,227.9587619,14419.82606,0.0094073,0,0,0,0,0,0,0,0,0,8.6688,6.495762651,0.01548316,0.00144703,0
11,210,6.324,227.9587619,14419.82606,0.001009,0,0,0.019748,0.008333,0,0,0.14754,0,0,0,2.124635517,0.01548316,0.00144703,0
11,210,6.324,227.9587619,14419.82606,0,0,0,0,5.0207,0,0,0,0,0,27.6384,3.789481443,0.01548316,0.00144703,0
11,210,6.324,227.9587619,14419.82606,7.2682,0,0,0,0,0.000012,0,0,0,0,0.181728,0.99739448,0.01548316,0.00144703,0
11,210,6.324,227.9587619,14419.82606,0.00014,0,0,0,0.70741,0,0,0,0,0,7.2051,15.12102526,0.01548316,0.00144703,0
11,210,6.324,227.9587619,14419.82606,0.008333,0,0,2.4911,0,0,0,0,0,0,0.151728,6.472102045,0.01548316,0.00144703,0
11,210,6.324,227.9587619,14419.82606,0,0,0,0,0,0,0,0,0,0,0,0.219704697,0.01548316,0.00144703,0
11,210,6.324,227.9587619,14419.82606,0,0,0,0.00387,0,0,0,0,0,0,15.0018,0.541773565,0.01548316,0.00144703,0
11,210,6.324,227.9587619,14419.82606,0,0,0,0,0.008333,0,0,0,0,0,0,15.12102526,0.01548316,0.00144703,0
11,210,6.324,227.9587619,14419.82606,0.17713,0,0,0,0,0.000182,0,0,0,0,0,6.472102045,0.01548316,0.00144703,0
11,210,6.324,227.9587619,14419.82606,0.013408,0,0,0,0,0,0,0,0,0,0,3.789481443,0.01548316,0.00144703,0
11,210,6.324,227.9587619,14419.82606,0.002868,0,0,1.5881,0,0,0,0,0,0,0,6.472102045,0.01548316,0.00144703,0
11,210,6.324,227.9587619,14419.82606,0.0062156,0,0,0,0,0,0,0,0,0,0,2.124635517,0.01548316,0.00144703,0
11,210,6.324,227.9587619,14419.82606,0.017603,0,0,0,0.008333,0,0,0,0,0,0.288579,3.237208988,0.01548316,0.00144703,0
11,210,6.324,227.9587619,14419.82606,0.007697,0,0,0,0,0.20095,0,0,0,0,0,0.301225485,0.01548316,0.00144703,0
11,210,6.324,227.9587619,14419.82606,0.010122,0,7.1966,0,0,0,0,0,0,0,0,0.99739448,0.01548316,0.00144703,0
11,210,6.324,227.9587619,14419.82606,0.0072895,0,0,0,2.0298,0.000668,0,0,0,0,78.063,6.472102045,0.01548316,0.00144703,0
11,210,6.324,227.9587619,14419.82606,0,0,0,0.1455,0.005239,0,0,0,0,0,0,1.035375756,0.01548316,0.00144703,0
11,210,6.324,227.9587619,14419.82606,0.008333,0,0,5.7154,0,0,0,0,0,0,1.70622,0.99739448,0.01548316,0.00144703,0
11,210,6.324,227.9587619,14419.82606,0,0,0,2.6593,0,0,0,0,0,0,1.17432,143.9831763,0.01548316,0.00144703,0
11,210,6.324,227.9587619,14419.82606,0,0,0,0,5.1226,0,0,0,0,0,0,0.541773565,0.01548316,0.00144703,0
11,210,6.324,227.9587619,14419.82606,1.1189,0,0,70.359,0.25503,0,0,0,0,0,0.151728,11.33524931,0.01548316,0.00144703,0
11,210,6.324,227.9587619,14419.82606,0.042738,0,0,0.010479,0,0,65.662,0,0,0,0.151728,0.541773565,0.01548316,0.00144703,0
11,210,6.324,227.9587619,14419.82606,0.013012,0,0,17.373,0,0.008333,0,0,0,0,1.05978,0.085689464,0.01548316,0.00144703,0
11,210,6.324,227.9587619,14419.82606,0.00036,0,0,0.73108,0.022119,0,0.74966,0,0,0,0.151728,2.124635517,0.01548316,0.00144703,0
11,210,6.324,227.9587619,14419.82606,0.016638,0,0,0.008333,0.003538,0,0,0,0,0,0,2.007567612,0.01548316,0.00144703,0
11,210,6.324,227.9587619,14419.82606,0.5201,0,0,0,0.3855,0,0,0.80519,0,0,0,2.124635517,0.01548316,0.00144703,0
11,210,6.324,227.9587619,14419.82606,0.022279,0,0,0.46711,0.032706,0,0,0,0,0,0.151728,3.789481443,0.01548316,0.00144703,0
11,210,6.324,227.9587619,14419.82606,0,0,0,0,0.008333,0.45857,0,0,0,0,8.5644,0.423815456,0.01548316,0.00144703,0
11,210,6.324,227.9587619,14419.82606,0,0,0,8.1583,0,1.0436,0,0,0,0,0,0.99739448,0.01548316,0.00144703,0
11,210,6.324,227.9587619,14419.82606,0.00524,0,0,0,0,0,0,0,0,0,4.0518,25.71929039,0.01548316,0.00144703,0
11,210,6.324,227.9587619,14419.82606,7.1589,0,0,0.21079,0,0,0,0,0,0,0,1.651413523,0.01548316,0.00144703,0
11,210,6.324,227.9587619,14419.82606,0.00524,0,0,0,0,0,0,0,0,0,2.34936,15.12102526,0.01548316,0.00144703,0
11,210,6.324,227.9587619,14419.82606,0,0,0,0,0.007102,0,0,0,0,0,18.849,17.60572724,0.01548316,0.00144703,0
11,210,6.324,227.9587619,14419.82606,0.18763,0,0,0,0,0,0,0,0,0,0,0.301225485,0.01548316,0.00144703,0
11,210,6.324,227.9587619,14419.82606,0.51774,0,0,0,3.2358,0,0,0,0,0,0.151728,2.474804353,0.01548316,0.00144703,0
11,210,6.324,227.9587619,14419.82606,0.030048,0,0,0,0.10115,0,11.179,0,0,0,4.5105,2.474804353,0.01548316,0.00144703,0
11,210,6.324,227.9587619,14419.82606,0.002598,0,0,0,0,0,0,0,0,0,0.151728,143.9831763,0.01548316,0.00144703,0
11,210,6.324,227.9587619,14419.82606,0,0,0,0,3.1339,0,0,0,0.00644,0,0,2.007567612,0.01548316,0.00144703,0
11,210,6.324,227.9587619,14419.82606,177.88,0,0,0,0,0.34845,0,0,0,0,1.17456,0.423815456,0.01548316,0.00144703,0
11,210,6.324,227.9587619,14419.82606,0.008333,0,0,0.50869,0.007102,0,0,0,0,0,0.151728,0.423815456,0.01548316,0.00144703,0
11,210,6.324,227.9587619,14419.82606,0,0,0,0,0,0.95676,0,0,0,0,4.3869,1.651413523,0.01548316,0.00144703,0
11,210,6.324,227.9587619,14419.82606,0,0,0,0,0,0,0,0,0,0,0,0.085689464,0.01548316,0.00144703,0
11,210,6.324,227.9587619,14419.82606,0.00644,0,0,0,0.008333,0,0,0,0,0,0.151728,11.33524931,0.01548316,0.00144703,0
11,210,6.324,227.9587619,14419.82606,0.020885,0,0,0,0,0,0,0,0,0,8.8155,2.474804353,0.01548316,0.00144703,0
11,210,6.324,227.9587619,14419.82606,36.945,0,0,0,0,0,7.0485,0,0,0,0.279942,2.124635517,0.01548316,0.00144703,0
11,210,6.324,227.9587619,14419.82606,0,0,0,0.10345,0,0,0,0,0,0,4.4787,3.789481443,0.01548316,0.00144703,0
11,210,6.324,227.9587619,14419.82606,0,0,0,0,0,0.10693,0,0,0.039824,0,18.849,1.035375756,0.01548316,0.00144703,0
11,210,6.324,227.9587619,14419.82606,0.0072895,0,0,0,0,0,0,0,0,0,0,1.035375756,0.01548316,0.00144703,0
11,210,6.324,227.9587619,14419.82606,0.51774,0,0,0,2.439,0,0,0,0,0,0,6.472102045,0.01548316,0.00144703,0
11,210,6.324,227.9587619,14419.82606,0.0055384,0,0,0,0.001192,0,0,0,0,0,0,4.278895437,0.01548316,0.00144703,0
11,210,6.324,227.9587619,14419.82606,0,0,0,0,0,0,0,0,0,0,0.151728,3.789481443,0.01548316,0.00144703,0
11,210,6.324,227.9587619,14419.82606,0.1789,0,0,0,0,0,0,0,0,0,0,3.789481443,0.01548316,0.00144703,0
11,210,6.324,227.9587619,14419.82606,0,0,0,45.052,0,0,0,0,0,0,1.63956,3.237208988,0.01548316,0.00144703,0
11,210,6.324,227.9587619,14419.82606,0,0,0,0,0.14172,0,0,0,0,0,1.52439,0.423815456,0.01548316,0.00144703,0
11,210,6.324,227.9587619,14419.82606,0.000078,0,3.3792,0.00524,0.001267,0,0,0,4.6397,0,0.151728,2.007567612,0.01548316,0.00144703,0
11,210,6.324,227.9587619,14419.82606,49.011,0,0,0,0,0,0,0,0,0,8.3718,6.472102045,0.01548316,0.00144703,0
11,210,6.324,227.9587619,14419.82606,0.0088426,0,0,0.00524,0.005239,0,0,0,0,0,0,2.124635517,0.01548316,0.00144703,0
11,210,6.324,227.9587619,14419.82606,0,0,0,0,0.00524,0,0,0,0,0,0,0.99739448,0.01548316,0.00144703,0
11,210,6.324,227.9587619,14419.82606,0.00524,0,0,1.5881,0,0,0.67053,0,0,0,9.8421,6.472102045,0.01548316,0.00144703,0
11,210,6.324,227.9587619,14419.82606,0.0094073,0,0,0.69261,0.13896,0.29431,0,0,0,0,2.68779,0.423815456,0.01548316,0.00144703,0
11,210,6.324,227.9587619,14419.82606,0.00062,0,0,0.016837,0,0,0,0,0,0,6.9018,11.33524931,0.01548316,0.00144703,0
11,210,6.324,227.9587619,14419.82606,0,0,0,0,0,0,0,0,0,0,0,15.12102526,0.01548316,0.00144703,0
11,210,6.324,227.9587619,14419.82606,0,0,0,0.7793,0.046926,0.034291,0,0,0,0,0.181728,0.423815456,0.01548316,0.00144703,0
11,210,6.324,227.9587619,14419.82606,0.00524,0,0,0,0.353,0,0,0,0,0,22.7118,0.423815456,0.01548316,0.00144703,0
11,210,6.324,227.9587619,14419.82606,9.9965,0,0.81046,0,0.060787,0,0,5.0762,0,0,5.1447,3.237208988,0.01548316,0.00144703,0
11,210,6.324,227.9587619,14419.82606,0.016058,0,0,0,0,0,0,0,0,0,0.93561,2.124635517,0.01548316,0.00144703,0
11,210,6.324,227.9587619,14419.82606,3.5699,0,5.3593,0,0.000078,0,0,0,0,0,0.6021,107.6982002,0.01548316,0.00144703,0
11,210,6.324,227.9587619,14419.82606,0,0,0,0,0,0,0,0,0,0,3.1278,0.301225485,0.01548316,0.00144703,0
11,210,6.324,227.9587619,14419.82606,0.017603,0,0,0,0,0,0,0,0,0,0.84174,0.541773565,0.01548316,0.00144703,0
11,210,6.324,227.9587619,14419.82606,0,0,0,0,0.13896,0,0,0,0,0,17.2929,4.278895437,0.01548316,0.00144703,0
11,210,6.324,227.9587619,14419.82606,0,0,0,0.017238,0.21732,0,0,0,0,0,0.151728,2.124635517,0.01548316,0.00144703,0
11,210,6.324,227.9587619,14419.82606,0.070781,0,0,0,0,0,0,0,0,0,0.151728,6.472102045,0.01548316,0.00144703,0
11,210,6.324,227.9587619,14419.82606,51.143,0,0,0,0,1.692,13.556,0,0,0,0.3897,3.789481443,0.01548316,0.00144703,0
11,210,6.324,227.9587619,14419.82606,0.003355,0,0,8.0353,0.008335,0,0,0,0,0,0.151728,22.79016382,0.01548316,0.00144703,0
11,210,6.324,227.9587619,14419.82606,0.003821,0,0,0.007148,0.008333,0,0,0,0,0,0,25.71929039,0.01548316,0.00144703,0
11,210,6.324,227.9587619,14419.82606,0.76883,0,0,0,0,0,0,0,0,0,44.073,0.423815456,0.01548316,0.00144703,0
11,210,6.324,227.9587619,14419.82606,12.994,0,0,0,0.000739,0,0,0,0,0,0,0.219704697,0.01548316,0.00144703,0
11,210,6.324,227.9587619,14419.82606,0,0,0,0.008336,0.001669,0,0,0,0,0,0.78999,0.219704697,0.01548316,0.00144703,0
11,210,6.324,227.9587619,14419.82606,2.7267,0,0,0.00524,0.18655,0,0,0,0,0,0.151728,15.12102526,0.01548316,0.00144703,0
11,210,6.324,227.9587619,14419.82606,50.529,0,0,0,0.2943,0,0,0,0,0,0.151728,6.472102045,0.01548316,0.00144703,0
11,210,6.324,227.9587619,14419.82606,0.028169,0,0,0,0,0,0,0,0,0,0,15.12102526,0.01548316,0.00144703,0
11,210,6.324,227.9587619,14419.82606,0.2494,0,0,0.031407,0,0,0,0,0,0,0.86343,3.237208988,0.01548316,0.00144703,0
11,210,6.324,227.9587619,14419.82606,5.2762,0,0,0,0,0,0,0,0,0,1.97832,0.99739448,0.01548316,0.00144703,0
11,210,6.324,227.9587619,14419.82606,0,0,0,8.8181,0,0,0,0,0,0,1.91388,1.651413523,0.01548316,0.00144703,0
11,210,6.324,227.9587619,14419.82606,0,0,0,0,0,0,0,0,0,0,18.3318,2.124635517,0.01548316,0.00144703,0
11,210,6.324,227.9587619,14419.82606,0.014773,0,16.805,0,0,0,0,0,0,0,0.151728,15.12102526,0.01548316,0.00144703,0
11,210,6.324,227.9587619,14419.82606,1.5202,0,0,0,0.12099,0,0,0,0,0,0.151728,3.237208988,0.01548316,0.00144703,0
11,210,6.324,227.9587619,14419.82606,0,0,4.8164,0,0.050892,0,0,0,0,0,0.151728,3.237208988,0.01548316,0.00144703,0
11,210,6.324,227.9587619,14419.82606,0.00524,0,0,0,3.1081,0,49.829,0,0,0,3.0075,0.085689464,0.01548316,0.00144703,0
11,210,6.324,227.9587619,14419.82606,0.00524,0,0,0,0.0084565,0,0,0,0,0,0,2.124635517,0.01548316,0.00144703,0
11,210,6.324,227.9587619,14419.82606,0.5201,0,0.8003,0.002011,0.005239,0,0.008333,0,0,0,1.03647,0.219704697,0.01548316,0.00144703,0
11,210,6.324,227.9587619,14419.82606,0,0,0,0,0.01048,0,18.658,0,0,0,0.151728,2.474804353,0.01548316,0.00144703,0
11,210,6.324,227.9587619,14419.82606,0.003355,0,0,0,0,0,0.67053,0,0,0,0.151728,0.99739448,0.01548316,0.00144703,0
11,210,6.324,227.9587619,14419.82606,1.2548,0,0,0,4.8466,0,0,0,0,0,0,6.472102045,0.01548316,0.00144703,0
11,210,6.324,227.9587619,14419.82606,0.51613,0,0,0.002084,0,0,0,0.79321,0,0,0,1.651413523,0.01548316,0.00144703,0
11,210,6.324,227.9587619,14419.82606,0,0,0.025079,0.000716,0,0,12.2,0,0,0,0,0.219704697,0.01548316,0.00144703,0
11,210,6.324,227.9587619,14419.82606,0.00036,0,0,3.7171,0,0,0,0,0,0,52.569,3.789481443,0.01548316,0.00144703,0
11,210,6.324,227.9587619,14419.82606,0,0,0,0,0.93395,10.284,0,0,0,0,0,0.99739448,0.01548316,0.00144703,0
11,210,6.324,227.9587619,14419.82606,0.004864,0,0,0,13.549,0,0,0,0,0,0.151728,10.04744876,0.01548316,0.00144703,0
11,210,6.324,227.9587619,14419.82606,0,0,0,0,0,0,0,0,0,0,7.1259,0.301225485,0.01548316,0.00144703,0
11,210,6.324,227.9587619,14419.82606,0.016058,0,0,0.17235,0,3.5685,0,0,0,0,1.02366,3.789481443,0.01548316,0.00144703,0
11,210,6.324,227.9587619,14419.82606,0.27365,0,0,0,0,0,0,0,0,0,0.151728,6.495762651,0.01548316,0.00144703,0
11,210,6.324,227.9587619,14419.82606,4.5748,0,0,0,0,0,0,0,0,0,46.293,3.789481443,0.01548316,0.00144703,0
11,210,6.324,227.9587619,14419.82606,5.0534,0,0,0,0,0,0,0,0,0,0.287505,2.124635517,0.01548316,0.00144703,0
11,210,6.324,227.9587619,14419.82606,0,0,0,43.346,0.062887,0.000182,38.932,0,0,0,0.77829,0.219704697,0.01548316,0.00144703,0
11,210,6.324,227.9587619,14419.82606,0.0068531,0,0,0,0,0.008335,0,0,0,0,22.8018,0.99739448,0.01548316,0.00144703,0
11,210,6.324,227.9587619,14419.82606,0.013012,0,0.81848,35.501,0.027174,0,0,0,0,0,1.62048,1.035375756,0.01548316,0.00144703,0
11,210,6.324,227.9587619,14419.82606,4.8879,0,0,0.0084875,0.15682,0,0,0,0,0,1.02351,11.68233493,0.01548316,0.00144703,0
11,210,6.324,227.9587619,14419.82606,0,0,0,0,0.008133,0,0,0,0,0,0.78174,11.33524931,0.01548316,0.00144703,0
11,210,6.324,227.9587619,14419.82606,0.005239,0,0,0,0.00524,0,67.986,0,0,0,3.2364,0.301225485,0.01548316,0.00144703,0
11,210,6.324,227.9587619,14419.82606,0.062194,0,0,0.00387,0,0,0,0,0,0,0.68376,0.99739448,0.01548316,0.00144703,0
11,210,6.324,227.9587619,14419.82606,0.008333,0,0,0,0,0,0,0,0,0,18.1353,0.423815456,0.01548316,0.00144703,0
11,210,6.324,227.9587619,14419.82606,0,0,0,0,0,0,0,0,0,0,14.5008,0.99739448,0.01548316,0.00144703,0
11,210,6.324,227.9587619,14419.82606,6.8272,0,0,0,0,0,0,0,0,0,0,187.2408147,0.01548316,0.00144703,0
11,210,6.324,227.9587619,14419.82606,0.00524,0,0,0,0,0,0,0,0,0,0.151728,15.12102526,0.01548316,0.00144703,0
11,210,6.324,227.9587619,14419.82606,0.015379,0,0,0,0,0,0,0,0,0,0.204657,143.9831763,0.01548316,0.00144703,0
11,210,6.324,227.9587619,14419.82606,0.00524,0,0,0,0.029406,5.9264,0,0,0,0,7.0536,2.124635517,0.01548316,0.00144703,0
11,210,6.324,227.9587619,14419.82606,0,0,0,0,2.8821,0,0,0,0,0,0.151728,15.12102526,0.01548316,0.00144703,0
11,210,6.324,227.9587619,14419.82606,0.27066,0,0,44.381,0.008333,0,0.008333,0,0,0,0.151728,1.651413523,0.01548316,0.00144703,0
11,210,6.324,227.9587619,14419.82606,0,0,0,0,0,0,0,0,0,0,10.3692,0.423815456,0.01548316,0.00144703,0
11,210,6.324,227.9587619,14419.82606,5.8431,0,0,0,0.0085875,0,0,0,0,0,17.1858,2.124635517,0.01548316,0.00144703,0
11,210,6.324,227.9587619,14419.82606,0.0068619,0,0,0,0,0,0,0,0,0,6.8154,6.472102045,0.01548316,0.00144703,0
11,210,6.324,227.9587619,14419.82606,4.1811,0,0,0,0,0.77864,0.13028,0,0,0,7.3257,0.99739448,0.01548316,0.00144703,0
11,210,6.324,227.9587619,14419.82606,0,0,0.15557,26.422,0,0,0,0,0,0,0,11.33524931,0.01548316,0.00144703,0
11,210,6.324,227.9587619,14419.82606,0.015379,0,0,0,0,0,0,0,0,0,1.17432,3.237208988,0.01548316,0.00144703,0
11,210,6.324,227.9587619,14419.82606,0.00524,0,0,0.01391,0,0,0,0,0,0,37.53,11.33524931,0.01548316,0.00144703,0
11,210,6.324,227.9587619,14419.82606,0,0,0,0,0,0,0,0,0,0,6.1116,0.085689464,0.01548316,0.00144703,0
11,210,6.324,227.9587619,14419.82606,0.008699,0,0,0.006674,0,0.002355,0,0,0,0,0,0.085689464,0.01548316,0.00144703,0
11,210,6.324,227.9587619,14419.82606,0.042136,0,0,0,0.16189,0,0,0,0,0,1.97832,6.495762651,0.01548316,0.00144703,0
11,210,6.324,227.9587619,14419.82606,0.011203,0,0,0,0,0,0,0,0,0,0.278526,17.60572724,0.01548316,0.00144703,0
11,210,6.324,227.9587619,14419.82606,0.00014,0,0,0,0.025169,0,0,0,0,0,0.84174,0.219704697,0.01548316,0.00144703,0
11,210,6.324,227.9587619,14419.82606,0,0,0,0,0.00062,0,0,0,0,0,4.6158,0.219704697,0.01548316,0.00144703,0
11,210,6.324,227.9587619,14419.82606,0.14297,0,0,0,0,0,0,0,0,0,4.0518,3.237208988,0.01548316,0.00144703,0
11,210,6.324,227.9587619,14419.82606,0,0,0,0,6.0919,0,0,0,0,0,0.151728,2.124635517,0.01548316,0.00144703,0
11,210,6.324,227.9587619,14419.82606,8.6108,0,0,0,198.9,0.79321,0,0,0,0,0.151728,3.789481443,0.01548316,0.00144703,0
11,210,6.324,227.9587619,14419.82606,0,0,0,0,0,0,0,0,0,0,20.2284,0.085689464,0.01548316,0.00144703,0
11,210,6.324,227.9587619,14419.82606,0,0,0,0.003538,0.73688,0,0,0,0,0,78.063,6.472102045,0.01548316,0.00144703,0
11,210,6.324,227.9587619,14419.82606,177.88,0,0,0.019748,0.003468,0,0,0,0,0,0,0.541773565,0.01548316,0.00144703,0
11,210,6.324,227.9587619,14419.82606,0,0,0,0.008336,0,0,0,0,0,0,0,1.035375756,0.01548316,0.00144703,0
11,210,6.324,227.9587619,14419.82606,0.013575,0,0,0,0,0,0,0,0,0,0.151728,0.219704697,0.01548316,0.00144703,0
11,210,6.324,227.9587619,14419.82606,0.03314,0,0,0.097569,0,0,0,0,0,0,34.539,22.79016382,0.01548316,0.00144703,0
11,210,6.324,227.9587619,14419.82606,3.8952,0,0,0,0,0,0.40452,0,0,0,0,6.472102045,0.01548316,0.00144703,0
11,210,6.324,227.9587619,14419.82606,0.091719,0,0.001434,0.005769,0,0.0077375,0,0,0,0,0.181728,6.472102045,0.01548316,0.00144703,0
11,210,6.324,227.9587619,14419.82606,0,0,0,0.00524,0,0,0,0,0,0,0,0.99739448,0.01548316,0.00144703,0
11,210,6.324,227.9587619,14419.82606,0.93731,0,0,23.088,0,0,0,0,0,0,3.4872,11.33524931,0.01548316,0.00144703,0
11,210,6.324,227.9587619,14419.82606,0,0,41.404,0,0,0,0,0,0,0,0.151728,11.33524931,0.01548316,0.00144703,0
11,210,6.324,227.9587619,14419.82606,0.82366,0,0,0,26.494,0,0.93424,0,0,0,34.746,11.33524931,0.01548316,0.00144703,0
11,210,6.324,227.9587619,14419.82606,0,0,0,5.4764,0,0,0,0,0,0,16.6719,6.472102045,0.01548316,0.00144703,0
11,210,6.324,227.9587619,14419.82606,0.010963,0,0,0.002139,0,0,0,0,0,0,0,1.651413523,0.01548316,0.00144703,0
11,210,6.324,227.9587619,14419.82606,0.008335,0,0,0.042858,0,0,0,0,0,0,0.151728,0.085689464,0.01548316,0.00144703,0
11,210,6.324,227.9587619,14419.82606,0.005979,0,0,0.008336,4.5283,0,0,0,0,0,0.280587,0.085689464,0.01548316,0.00144703,0
11,210,6.324,227.9587619,14419.82606,0.10994,0,0,0.0065058,0.030073,0,0.13028,0,0,0,34.746,3.237208988,0.01548316,0.00144703,0
11,210,6.324,227.9587619,14419.82606,0,0,0,0,0.0057595,0,0,0,0,0,12.8454,3.237208988,0.01548316,0.00144703,0
11,210,6.324,227.9587619,14419.82606,0,0,0,0,0.00036,0,0,0,0,0,0,15.12102526,0.01548316,0.00144703,0
11,210,6.324,227.9587619,14419.82606,0.0055799,0,0,0.000376,0.000739,0,0.60778,0,0,0,2.28174,0.541773565,0.01548316,0.00144703,0
11,210,6.324,227.9587619,14419.82606,0.008335,0,0,0.015258,0,0,0,0,0,0,12.3399,15.12102526,0.01548316,0.00144703,0
11,210,6.324,227.9587619,14419.82606,0.008333,0,0,0,0.049462,0,0,0,0,0,0,0.423815456,0.01548316,0.00144703,0
11,210,6.324,227.9587619,14419.82606,0,0,0,0.088496,0,0,0,0,0,0,0,13.06734301,0.01548316,0.00144703,0
11,210,6.324,227.9587619,14419.82606,0.65673,0,0,2.1757,0,0,0.67845,0,0,0,0.151728,0.541773565,0.01548316,0.00144703,0
11,210,6.324,227.9587619,14419.82606,0,0,0,0,0.002868,0,0,0,0,0,5.1444,0.423815456,0.01548316,0.00144703,0
11,210,6.324,227.9587619,14419.82606,0.005239,0,0,4.7441,0.002868,0,0,0,0,0,0,0.219704697,0.01548316,0.00144703,0
11,210,6.324,227.9587619,14419.82606,0,0,0,0,56.549,15.509,0,0,0,0,0,0.219704697,0.01548316,0.00144703,0
11,210,6.324,227.9587619,14419.82606,0,0,0.82183,7.2355,0.027306,0,0,0,0,0,0,15.12102526,0.01548316,0.00144703,0
11,210,6.324,227.9587619,14419.82606,3.0116,0,0,0,0.046926,0,0,0,0,0,97.974,3.789481443,0.01548316,0.00144703,0
11,210,6.324,227.9587619,14419.82606,0.008333,0,0,10.898,0,0.66655,0,0,0,0,2.21025,11.33524931,0.01548316,0.00144703,0
11,210,6.324,227.9587619,14419.82606,6.8591,0,0,0,0.008333,0,0,0.012923,0,0,8.7318,6.472102045,0.01548316,0.00144703,0
11,210,6.324,227.9587619,14419.82606,0.002011,0,0,0,17.64,0,132.95,0,0,0,2.34429,0.99739448,0.01548316,0.00144703,0
11,210,6.324,227.9587619,14419.82606,0.000124,0,0,0.008335,0.88295,0,0,0,0,0,0,0.301225485,0.01548316,0.00144703,0
11,210,6.324,227.9587619,14419.82606,0.008333,0,0,0.044269,0,0,0.84965,0,0,0,16.6719,1.651413523,0.01548316,0.00144703,0
11,210,6.324,227.9587619,14419.82606,0,0,0,0,0,0,0,0,0,0,0.151728,15.12102526,0.01548316,0.00144703,0
11,210,6.324,227.9587619,14419.82606,2.1165,0,0,4.5651,0,0,30.977,0,0,0,7.3638,2.474804353,0.01548316,0.00144703,0
11,210,6.324,227.9587619,14419.82606,0.46343,0,0,0.00247,0,0,0,0,0,0,1.98174,2.474804353,0.01548316,0.00144703,0
11,210,6.324,227.9587619,14419.82606,0.013408,0,0,0.005202,2.8821,0,0,0,0,0,44.073,3.237208988,0.01548316,0.00144703,0
11,210,6.324,227.9587619,14419.82606,0.63883,0,0,47.493,0,0,0.021726,0,0,0,14.8218,143.9831763,0.01548316,0.00144703,0
11,210,6.324,227.9587619,14419.82606,0.12208,0,0,0,2.0594,0,0,0,0,0,0.278526,2.124635517,0.01548316,0.00144703,0
11,210,6.324,227.9587619,14419.82606,0,0,1.8344,0,0,0,0,0,0,0,19.7118,0.219704697,0.01548316,0.00144703,0
11,210,6.324,227.9587619,14419.82606,46.059,0,0,0.0021738,0,0,0,0,0,0,0,0.301225485,0.01548316,0.00144703,0
11,210,6.324,227.9587619,14419.82606,0,0,0,0,0.005239,0,0,0,0,0,0.273018,6.495762651,0.01548316,0.00144703,0
11,210,6.324,227.9587619,14419.82606,1.8905,0,0,0.008333,0,0,0,0,0,0,0.283572,0.219704697,0.01548316,0.00144703,0
11,210,6.324,227.9587619,14419.82606,0.005239,0,0.24323,0.008333,0,0,0,0,0,0,3.8823,2.474804353,0.01548316,0.00144703,0
11,210,6.324,227.9587619,14419.82606,7.049,0,0,51.422,0,0,0.008333,0,0,0,2.34936,2.124635517,0.01548316,0.00144703,0
11,210,6.324,227.9587619,14419.82606,36.159,0,0.023713,0,0,0,0,0,0,0,0,15.12102526,0.01548316,0.00144703,0
11,210,6.324,227.9587619,14419.82606,0.030048,0,0,0.6175,0,0,0,0,0,0,0.151728,2.124635517,0.01548316,0.00144703,0
11,210,6.324,227.9587619,14419.82606,5.5802,0,0.0066735,0,0.008333,0,0,0,0,0,2.06073,15.12102526,0.01548316,0.00144703,0
11,210,6.324,227.9587619,14419.82606,13.81,0,0,2.2294,0,0,0.59876,0,0,0,0.151728,11.33524931,0.01548316,0.00144703,0
11,210,6.324,227.9587619,14419.82606,0.005239,0,0,0,0,0.54465,0,0,0,0,0.151728,0.301225485,0.01548316,0.00144703,0
11,210,6.324,227.9587619,14419.82606,0,0,0,0,4.0421,0,0,0,0,0,8.1576,3.237208988,0.01548316,0.00144703,0
11,210,6.324,227.9587619,14419.82606,4.1811,0,0,0,0,0,0,0,0,0,0.151728,6.472102045,0.01548316,0.00144703,0
11,210,6.324,227.9587619,14419.82606,0,0,0,0,0,0.94061,0,0,0,0,0.33174,3.237208988,0.01548316,0.00144703,0
11,210,6.324,227.9587619,14419.82606,43.582,0,0,0,0,0,0,0,0,0,0.151728,22.79016382,0.01548316,0.00144703,0
11,210,6.324,227.9587619,14419.82606,0.00524,0,0,7.1031,0,0,21.569,0,0,0,0.31755,0.541773565,0.01548316,0.00144703,0
11,210,6.324,227.9587619,14419.82606,0,0,0,0.0065058,0,0,0,0,0,0,11.5818,0.423815456,0.01548316,0.00144703,0
11,210,6.324,227.9587619,14419.82606,0,0,0,0,0,0,0,0,0,0,0,1.035375756,0.01548316,0.00144703,0
11,210,6.324,227.9587619,14419.82606,0,0,0,0,0,1.7614,0,0,0,0,44.763,2.124635517,0.01548316,0.00144703,0
11,210,6.324,227.9587619,14419.82606,0.002784,0,0,0,0.10502,0,0.021726,0,0,0,0,13.06734301,0.01548316,0.00144703,0
11,210,6.324,227.9587619,14419.82606,5.0534,0,0,43.946,0.00524,0,0,0,0,0,0,1.035375756,0.01548316,0.00144703,0
11,210,6.324,227.9587619,14419.82606,0.19126,0,0,0,0,0,0,0,0.00644,0,0,1.651413523,0.01548316,0.00144703,0
11,210,6.324,227.9587619,14419.82606,0.003538,0,0,0.002084,0,0,0,0,0,0,0.151728,1.651413523,0.01548316,0.00144703,0
11,210,6.324,227.9587619,14419.82606,0,0,0,0.00524,0.003821,0,0,0,0,0,1.05978,2.124635517,0.01548316,0.00144703,0
11,210,6.324,227.9587619,14419.82606,0,0,0,2.4911,0.007697,0,0,0,0,0,0.151728,11.68233493,0.01548316,0.00144703,0
11,210,6.324,227.9587619,14419.82606,0.008333,0,0,0,0,12.13,0,0,0,0,24.5118,11.33524931,0.01548316,0.00144703,0
11,210,6.324,227.9587619,14419.82606,0.65673,0,0,0.008333,0,0,0,0,0,0,0.273357,0.301225485,0.01548316,0.00144703,0
11,210,6.324,227.9587619,14419.82606,49.592,0,0,2.853,0,0.77921,0,0,0,0,1.41975,15.12102526,0.01548316,0.00144703,0
11,210,6.324,227.9587619,14419.82606,0.008333,0,0,0.041531,0.008333,0,0,0,0,0,0.65616,1.035375756,0.01548316,0.00144703,0
11,210,6.324,227.9587619,14419.82606,0,0,0,3.0666,12.686,0.008333,0,0,0,0,0,1.651413523,0.01548316,0.00144703,0
11,210,6.324,227.9587619,14419.82606,0,0,0,0,1.4612,0,0,0,0,0,0.278526,3.789481443,0.01548316,0.00144703,0
11,210,6.324,227.9587619,14419.82606,0,0,0,0,0,0,0,0,0,0,0,15.12102526,0.01548316,0.00144703,0
11,210,6.324,227.9587619,14419.82606,0,0,0,0,0,0,0,0,0,0,0.151728,2.124635517,0.01548316,0.00144703,0
11,210,6.324,227.9587619,14419.82606,1.5202,0,42.935,0,0.022119,0,0,0,0,0,0.151728,1.651413523,0.01548316,0.00144703,0
11,210,6.324,227.9587619,14419.82606,0,0,0,0,0.0022594,0,0,0,0,0,0.151728,6.472102045,0.01548316,0.00144703,0
11,210,6.324,227.9587619,14419.82606,0.008333,0,0,0.013415,0,0,0.13028,0,0,0,0,1.035375756,0.01548316,0.00144703,0
11,210,6.324,227.9587619,14419.82606,189.16,0,0,0,0,0,0,0,0,0,19.5987,0.301225485,0.01548316,0.00144703,0
11,210,6.324,227.9587619,14419.82606,6.7661,0,0,2.4172,0,0,0,0,0.008333,0,4.1406,0.085689464,0.01548316,0.00144703,0
11,210,6.324,227.9587619,14419.82606,0,0,0,0.007697,0.001478,0,0,0,0,0,0.276924,13.06734301,0.01548316,0.00144703,0
11,210,6.324,227.9587619,14419.82606,0,0,0,0,0.25503,0,38.932,0,0,0,1.57107,0.301225485,0.01548316,0.00144703,0
11,210,6.324,227.9587619,14419.82606,0.023705,0,0,0.014341,0,0,0,0,0,0,0.31098,0.99739448,0.01548316,0.00144703,0
11,210,6.324,227.9587619,14419.82606,0,0,0,0,0,0,0,0,0,0,0.151728,11.33524931,0.01548316,0.00144703,0
11,210,6.324,227.9587619,14419.82606,0.053886,0,0,0,0,0,0,0,0,0,0.151728,0.301225485,0.01548316,0.00144703,0
11,210,6.324,227.9587619,14419.82606,57.072,0,0,0,0,0,0,0,0,0,13.3746,0.99739448,0.01548316,0.00144703,0
11,210,6.324,227.9587619,14419.82606,4.1811,0,0,0.0062753,0,0,0,0,0,0,0,2.124635517,0.01548316,0.00144703,0
11,210,6.324,227.9587619,14419.82606,0.011527,0,0,0,0.12938,0,0,0,0,0,0.151728,15.12102526,0.01548316,0.00144703,0
11,210,6.324,227.9587619,14419.82606,0,0,0,0.00043,0,0,0,0,0,0,0.151728,4.278895437,0.01548316,0.00144703,0
11,210,6.324,227.9587619,14419.82606,17.385,0,0,4.7441,2.0594,0,0,0,0,0,0,15.12102526,0.01548316,0.00144703,0
11,210,6.324,227.9587619,14419.82606,0,0,0,0,0.008333,0,0,0,0,0,0,0.219704697,0.01548316,0.00144703,0
11,210,6.324,227.9587619,14419.82606,0,0,0,0.22843,0,0,0,0,0,0,3.3057,15.12102526,0.01548316,0.00144703,0
11,210,6.324,227.9587619,14419.82606,0,0,0,0,0,0,0,0,0,0,39.753,0.423815456,0.01548316,0.00144703,0
11,210,6.324,227.9587619,14419.82606,0.008335,0,0,0,0.0021738,0,0,0,0,0,7.8042,2.474804353,0.01548316,0.00144703,0
11,210,6.324,227.9587619,14419.82606,0.043527,0,0,0,0,0,0,0,0,0,17.2929,25.71929039,0.01548316,0.00144703,0
11,210,6.324,227.9587619,14419.82606,0,0,0,0.002508,0,0,0,0,0,0,0.151728,0.301225485,0.01548316,0.00144703,0
11,210,6.324,227.9587619,14419.82606,0,0,0,3.7171,0.19458,0,4.8562,0,0,0,6.561,0.085689464,0.01548316,0.00144703,0
11,210,6.324,227.9587619,14419.82606,0.015379,0,0,5.4015,1.6602,0,0,0,0,0,0.75903,2.474804353,0.01548316,0.00144703,0
11,210,6.324,227.9587619,14419.82606,0,0,0,0.1451,26.765,0,0,0,0,0,0.27432,6.472102045,0.01548316,0.00144703,0
11,210,6.324,227.9587619,14419.82606,0.00753,0,0,0,0,0,0,0,0,0,0.286419,2.474804353,0.01548316,0.00144703,0
11,210,6.324,227.9587619,14419.82606,0.008333,0,38.701,0,0.03958,0,0,0,0,0,0.151728,1.035375756,0.01548316,0.00144703,0
11,210,6.324,227.9587619,14419.82606,0.3267,0,0,0.00524,0,0.78238,0,0,0,0,0.45174,15.12102526,0.01548316,0.00144703,0
11,210,6.324,227.9587619,14419.82606,0,0,0,0,0,0,0,0,0,0,0,2.474804353,0.01548316,0.00144703,0
11,210,6.324,227.9587619,14419.82606,0.000251,0,0,0,0.007102,0,0,0,0,0,0,3.789481443,0.01548316,0.00144703,0
11,210,6.324,227.9587619,14419.82606,0.023275,0,0,0,0.0084565,0,45.746,0,0,0,7.0536,4.278895437,0.01548316,0.00144703,0
11,210,6.324,227.9587619,14419.82606,0,0,0,0,4.1692,0,67.986,0,0,0,11.0184,0.085689464,0.01548316,0.00144703,0
11,210,6.324,227.9587619,14419.82606,0,0,0,2.8113,2.0594,0,0,0,0,0,18.5811,0.301225485,0.01548316,0.00144703,0
11,210,6.324,227.9587619,14419.82606,2.5794,0,0,0,0.016012,0,25.207,0,0,0,50.673,0.301225485,0.01548316,0.00144703,0
11,210,6.324,227.9587619,14419.82606,0.002139,0,0,0,0.030965,0,0,0,0,0,29.4918,11.33524931,0.01548316,0.00144703,0
11,210,6.324,227.9587619,14419.82606,0.13074,0,0,0,0.062887,0,0,0,0,0,37.53,15.12102526,0.01548316,0.00144703,0
11,210,6.324,227.9587619,14419.82606,0.00524,0,0,0.0014795,0,0,0,0,0,0,9.4383,0.99739448,0.01548316,0.00144703,0
11,210,6.324,227.9587619,14419.82606,0,0,0,0.042858,0,0.000547,0,0,0,0,0.151728,17.60572724,0.01548316,0.00144703,0
11,210,6.324,227.9587619,14419.82606,0,0,0,0,0,0,0,0,0,0,0.151728,0.085689464,0.01548316,0.00144703,0
11,210,6.324,227.9587619,14419.82606,0,0,0,0.65591,0.000063,0,0,0,0,0,0,2.124635517,0.01548316,0.00144703,0
11,210,6.324,227.9587619,14419.82606,0.55531,0,0,3.8138,0,0,0,0,0,0,0.70341,11.33524931,0.01548316,0.00144703,0
11,210,6.324,227.9587619,14419.82606,0.22048,0,0,0,18.998,0,0,0,0,0,16.6719,0.99739448,0.01548316,0.00144703,0
11,210,6.324,227.9587619,14419.82606,0.65673,0,0,0,0,0,0,0,0,0,0,11.33524931,0.01548316,0.00144703,0
11,210,6.324,227.9587619,14419.82606,0.93731,0,0,0,6.0919,0.78099,0,0,0,0,95.283,0.541773565,0.01548316,0.00144703,0
11,210,6.324,227.9587619,14419.82606,4.616,0,0,0,0,0,0.13028,0,0,0,28.8018,6.472102045,0.01548316,0.00144703,0
11,210,6.324,227.9587619,14419.82606,0,0,0,0.019748,0,0.77921,0.13028,0,0,0,0.90174,2.474804353,0.01548316,0.00144703,0
11,210,6.324,227.9587619,14419.82606,0.008333,0,0,0,0,0,0,0,0,0,3.7518,15.12102526,0.01548316,0.00144703,0
11,210,6.324,227.9587619,14419.82606,0.001434,0,0,0,0.038932,0,0,0,0,0,5.0406,0.085689464,0.01548316,0.00144703,0
11,210,6.324,227.9587619,14419.82606,0,0,0,0,0,0,0,0,0,0,0,0.99739448,0.01548316,0.00144703,0
11,210,6.324,227.9587619,14419.82606,0,0,0,0,0,0,0,0,0,0,0.70341,1.651413523,0.01548316,0.00144703,0
11,210,6.324,227.9587619,14419.82606,0.00524,0,0,0,0,0,0,0,0,0,39.096,6.472102045,0.01548316,0.00144703,0
11,210,6.324,227.9587619,14419.82606,0.00524,0,0,0,0,0,0,0,0,0,0.45174,0.085689464,0.01548316,0.00144703,0
11,210,6.324,227.9587619,14419.82606,0.002031,0,0,1.244,8.0698,0.79385,0,0,0,0,0.151728,1.035375756,0.01548316,0.00144703,0
11,210,6.324,227.9587619,14419.82606,0.046194,0,0,0,0,0,0.13028,0,0,0,1.73121,3.237208988,0.01548316,0.00144703,0
11,210,6.324,227.9587619,14419.82606,0,0,0,0,0.008333,0,0,0,0,0,47.883,11.33524931,0.01548316,0.00144703,0
11,210,6.324,227.9587619,14419.82606,0,0,0,0,0.000688,0.45857,0,0,0,0,0,17.60572724,0.01548316,0.00144703,0
11,210,6.324,227.9587619,14419.82606,0,0,0,0,0,0.77921,0,0,0,0,0,2.124635517,0.01548316,0.00144703,0
11,210,6.324,227.9587619,14419.82606,0,0,0,0,0.01564,0.50544,0,0,0,0,8.5524,11.68233493,0.01548316,0.00144703,0
11,210,6.324,227.9587619,14419.82606,0.013404,0,0.005395,0,0,56.125,0,0,0,0,0.151728,13.06734301,0.01548316,0.00144703,0
11,210,6.324,227.9587619,14419.82606,0,0,0,5.1219,0.076792,0,0,0,0,0,0.279942,4.278895437,0.01548316,0.00144703,0
11,210,6.324,227.9587619,14419.82606,0.016858,0,0,0,0,0,0,0,0,0,0.151728,4.278895437,0.01548316,0.00144703,0
11,210,6.324,227.9587619,14419.82606,11.135,0,0,0,0.05414,0.79321,30.977,0,0,0,1.04805,0.301225485,0.01548316,0.00144703,0
11,210,6.324,227.9587619,14419.82606,5.8431,0,0.61928,0,0,0,0,0,0,0,15.3204,2.474804353,0.01548316,0.00144703,0
11,210,6.324,227.9587619,14419.82606,0,0,0.007613,0,0.0073964,0.16347,0.13028,0,0,0,0.151728,6.472102045,0.01548316,0.00144703,0
11,210,6.324,227.9587619,14419.82606,0,0,0,0.0068531,0,0,14.079,0,0,0,11.6058,15.12102526,0.01548316,0.00144703,0
11,210,6.324,227.9587619,14419.82606,0.034133,0,0,0,6.0919,0,0,0,0,0,1.42239,0.423815456,0.01548316,0.00144703,0
11,210,6.324,227.9587619,14419.82606,0,0,0,0,0,0,0,0,0,0,30.885,4.278895437,0.01548316,0.00144703,0
11,210,6.324,227.9587619,14419.82606,0.008333,0,0,0.00833,0.73688,0,0,0,0,0,8.3751,6.472102045,0.01548316,0.00144703,0
11,210,6.324,227.9587619,14419.82606,0.003485,0,5.2011,0.01409,9.8934,19.534,0,0,0,0,0,2.474804353,0.01548316,0.00144703,0
11,210,6.324,227.9587619,14419.82606,0,0,0,0.001326,0,0,0,0,0,0,2.22174,0.085689464,0.01548316,0.00144703,0
11,210,6.324,227.9587619,14419.82606,0.028169,0,0,0,0,0,0,0,0,0,198.615,0.423815456,0.01548316,0.00144703,0
11,210,6.324,227.9587619,14419.82606,0,0,0,0.008333,0,0,0,0,0,0,73.308,0.085689464,0.01548316,0.00144703,0
11,210,6.324,227.9587619,14419.82606,0,0,0,0,0,0,0,0,0,0,0,2.124635517,0.01548316,0.00144703,0
11,210,6.324,227.9587619,14419.82606,0.000545,0,0,0,0.001478,0,0,0,0,0,0,1.035375756,0.01548316,0.00144703,0
11,210,6.324,227.9587619,14419.82606,0.051828,0,0,0,0,0,0,0,0,0,0.151728,2.124635517,0.01548316,0.00144703,0
11,210,6.324,227.9587619,14419.82606,0.00036,0,0,0,0.001326,0,0,0,0,0,2.06073,11.33524931,0.01548316,0.00144703,0
11,210,6.324,227.9587619,14419.82606,0,0,0,0,43.956,0,21.198,0,0,0,0.151728,0.301225485,0.01548316,0.00144703,0
11,210,6.324,227.9587619,14419.82606,0.21588,0,0,0,0.000063,0,12.553,0,0,0,11.682,3.237208988,0.01548316,0.00144703,0
11,210,6.324,227.9587619,14419.82606,0,0,0,0,0,0.10003,0,0,0,0,0.151728,15.12102526,0.01548316,0.00144703,0
11,210,6.324,227.9587619,14419.82606,0.90611,0,0,2.1101,0.00524,0,0,0,0,0,5.2875,13.06734301,0.01548316,0.00144703,0
11,210,6.324,227.9587619,14419.82606,0,0,0,0,0,0,0,0,0,0,1.5003,0.085689464,0.01548316,0.00144703,0
11,210,6.324,227.9587619,14419.82606,0,0,0,0,0.0064809,0,0,0,0,0,0.151728,15.12102526,0.01548316,0.00144703,0
11,210,6.324,227.9587619,14419.82606,0,0,0,0,0,0,0,0,0,0,7.8318,13.06734301,0.01548316,0.00144703,0
11,210,6.324,227.9587619,14419.82606,7.1711,0,0,0.91042,0.008333,0,0,0,0,0,0,3.789481443,0.01548316,0.00144703,0
11,210,6.324,227.9587619,14419.82606,0,0,0,0.00247,0,0,0,0,0,0,4.0518,0.99739448,0.01548316,0.00144703,0
11,210,6.324,227.9587619,14419.82606,0.00524,0,0,0,0.88295,0,0,0,0,0,0.279585,0.541773565,0.01548316,0.00144703,0
11,210,6.324,227.9587619,14419.82606,0.005239,0,0,8.2296,0,0,0,0,0,0,0,11.33524931,0.01548316,0.00144703,0
11,210,6.324,227.9587619,14419.82606,0,0,0,1.3952,0,0,0,0,0,0,1.47333,1.651413523,0.01548316,0.00144703,0
11,210,6.324,227.9587619,14419.82606,0,0,0,0.026977,0,0.034291,0,0,0,0,1.57179,0.541773565,0.01548316,0.00144703,0
11,210,6.324,227.9587619,14419.82606,0.98357,0,0,0,0,0,0.13028,0,0,0,12.8901,11.33524931,0.01548316,0.00144703,0
11,210,6.324,227.9587619,14419.82606,0,0,0,0,0.005769,5.1571,0,1.6847,0,0,12.0081,3.789481443,0.01548316,0.00144703,0
11,210,6.324,227.9587619,14419.82606,0,0,0,0,4.2216,1.2883,0,0,0,0,44.073,11.33524931,0.01548316,0.00144703,0
11,210,6.324,227.9587619,14419.82606,0,0,0,0,0,0,0,0,0,0,0.151728,0.99739448,0.01548316,0.00144703,0
11,210,6.324,227.9587619,14419.82606,2.1473,0,0,0.53462,0,3.738,0.13028,0,0,0,6.4536,11.33524931,0.01548316,0.00144703,0
11,210,6.324,227.9587619,14419.82606,0.55531,0,0,7.5633,0,0,0,0,0,0,0,11.33524931,0.01548316,0.00144703,0
11,210,6.324,227.9587619,14419.82606,27.506,0,0,0,0.062887,0,13.175,0,0,0,12.0081,6.472102045,0.01548316,0.00144703,0
11,210,6.324,227.9587619,14419.82606,0.00524,0,0,0,0.93679,0,0.13028,0,0,0,0.151728,0.085689464,0.01548316,0.00144703,0
11,210,6.324,227.9587619,14419.82606,0.0094073,0,0,0.27226,0.010107,0,0,0,0,0,14.4507,0.423815456,0.01548316,0.00144703,0
11,210,6.324,227.9587619,14419.82606,0,0,0,0.051994,0,0,0,0,0,0,5.1363,4.278895437,0.01548316,0.00144703,0
11,210,6.324,227.9587619,14419.82606,0.061886,0,0,0.014602,0.1667,0,0,0,0,0,0,0.085689464,0.01548316,0.00144703,0
11,210,6.324,227.9587619,14419.82606,0,0,0,0,0,0,0,0,0,0,0.151728,0.99739448,0.01548316,0.00144703,0
11,210,6.324,227.9587619,14419.82606,0,0,0,0,0,0,0,0,0,0,0.151728,1.651413523,0.01548316,0.00144703,0
11,210,6.324,227.9587619,14419.82606,1.3203,0,0,3.1662,0,0,0.67053,0,0,0,0,2.474804353,0.01548316,0.00144703,0
11,210,6.324,227.9587619,14419.82606,0.011569,0,0,0,0,0.30776,0,0,0,0,0,2.474804353,0.01548316,0.00144703,0
11,210,6.324,227.9587619,14419.82606,0.002139,0,0,0,3.8185,0.50544,38.932,0,0,0,1.08174,1.035375756,0.01548316,0.00144703,0
11,210,6.324,227.9587619,14419.82606,0,0,0,0,0,0,0,0,0,0,0.279615,11.33524931,0.01548316,0.00144703,0
11,210,6.324,227.9587619,14419.82606,0,0,0,0,0.007697,0,0,0,0,0,0.151728,6.495762651,0.01548316,0.00144703,0
11,210,6.324,227.9587619,14419.82606,0,0,0,0.011941,0,0,0,0,0,0,10.7733,0.99739448,0.01548316,0.00144703,0
11,210,6.324,227.9587619,14419.82606,0.001493,0,0,0,0,0,0.60778,0,0,0,18.7944,1.035375756,0.01548316,0.00144703,0
11,210,6.324,227.9587619,14419.82606,0,0,0,0,0.011841,0.13286,0,0,0,0,0.151728,3.789481443,0.01548316,0.00144703,0
11,210,6.324,227.9587619,14419.82606,0.016858,0,42.935,0,21.429,0,0.13028,0,0,0,0,0.423815456,0.01548316,0.00144703,0
11,210,6.324,227.9587619,14419.82606,0,0,0.001434,0,0.008333,0,0,0,0,0,0,3.237208988,0.01548316,0.00144703,0
11,210,6.324,227.9587619,14419.82606,0,0,0,0.00524,0.069058,0,0,0,0,0,3.6423,3.789481443,0.01548316,0.00144703,0
11,210,6.324,227.9587619,14419.82606,0.87352,0,0,0,0,0,0,0,0,0,0.151728,25.71929039,0.01548316,0.00144703,0
11,210,6.324,227.9587619,14419.82606,0,0,0,0,0,0,0,0,0,0,14.0655,3.237208988,0.01548316,0.00144703,0
11,210,6.324,227.9587619,14419.82606,3.6358,0,0,0.008333,0.010996,0,0,0,0,0,0.151728,6.495762651,0.01548316,0.00144703,0
11,210,6.324,227.9587619,14419.82606,5.8431,0,0,0,0.022119,0,0,0,0,0,0.278532,0.423815456,0.01548316,0.00144703,0
11,210,6.324,227.9587619,14419.82606,0.008004,0,0,0.0025559,0.014178,0,0,0,0,0,0,0.541773565,0.01548316,0.00144703,0
11,210,6.324,227.9587619,14419.82606,0.41786,0,0,0,21.064,0,0,0,0,0,0,143.9831763,0.01548316,0.00144703,0
11,210,6.324,227.9587619,14419.82606,0,0,0,0.58718,2.0594,0,20.78,0,0,0,66.645,13.06734301,0.01548316,0.00144703,0
11,210,6.324,227.9587619,14419.82606,0,0,0,0,0.031711,0,0.059897,0,0,0,2.22174,11.33524931,0.01548316,0.00144703,0
11,210,6.324,227.9587619,14419.82606,0.00644,0,0,0,14.692,0,3.6446,0,0,0,16.0221,2.474804353,0.01548316,0.00144703,0
11,210,6.324,227.9587619,14419.82606,0,0,0,0.13825,0.01564,0,0,0,0,0,0,2.124635517,0.01548316,0.00144703,0
11,210,6.324,227.9587619,14419.82606,0,0,0,0,0.03958,53.202,0,0,0,0,0,6.472102045,0.01548316,0.00144703,0
11,210,6.324,227.9587619,14419.82606,0,0,0,0,3.7624,0,0,0,0,0,0,187.2408147,0.01548316,0.00144703,0
11,210,6.324,227.9587619,14419.82606,0,0,0,0.034928,0,0,0,0,0,0,0,0.085689464,0.01548316,0.00144703,0
11,210,6.324,227.9587619,14419.82606,0.008335,0,0,0,0.005239,0,0,0,0,0,14.4696,3.789481443,0.01548316,0.00144703,0
11,210,6.324,227.9587619,14419.82606,4.8879,0,0,0,0.00524,0.096353,0,0,0,0,8.1576,15.12102526,0.01548316,0.00144703,0
11,210,6.324,227.9587619,14419.82606,0.20435,0,0,0,0,0,0,0,0,0,3.3057,0.301225485,0.01548316,0.00144703,0
11,210,6.324,227.9587619,14419.82606,0.003346,0,0,0,0.003538,0,0,0,0,0,0.151728,2.124635517,0.01548316,0.00144703,0
11,210,6.324,227.9587619,14419.82606,0,0,0,0,1.2072,0.003718,0.67845,0,0,0,0,0.99739448,0.01548316,0.00144703,0
11,210,6.324,227.9587619,14419.82606,22.449,0,3.6624,7.8979,0.05414,0,0,0,0,0,0.151728,0.301225485,0.01548316,0.00144703,0
11,210,6.324,227.9587619,14419.82606,16.8,0,0,0,0,0,0,0,0,0,0,2.474804353,0.01548316,0.00144703,0
11,210,6.324,227.9587619,14419.82606,0.030048,0,0,0.002031,0,0,0,0,0,0,4.1943,0.301225485,0.01548316,0.00144703,0
11,210,6.324,227.9587619,14419.82606,0.00524,0,0,0.00524,0,0.0899,0,0,0,0,2.7027,15.12102526,0.01548316,0.00144703,0
11,210,6.324,227.9587619,14419.82606,1.1394,0,0,0.99417,0,0,0,0,0,0,0.151728,15.12102526,0.01548316,0.00144703,0
11,210,6.324,227.9587619,14419.82606,0.72108,0,0,1.231,0,0,0,0,0,0,9.5499,3.789481443,0.01548316,0.00144703,0
11,210,6.324,227.9587619,14419.82606,0,0,0,0,0.000078,0,0,0,0,0,23.5818,0.301225485,0.01548316,0.00144703,0
11,210,6.324,227.9587619,14419.82606,0.030003,0,0,0,6.5443,0.77921,0,0,0,0,0.268926,3.237208988,0.01548316,0.00144703,0
11,210,6.324,227.9587619,14419.82606,0.002784,0,0,0.008333,0.002055,0,0,0,0,0,0.151728,1.651413523,0.01548316,0.00144703,0
11,210,6.324,227.9587619,14419.82606,0.005372,0,0.035206,0.008333,3.1902,0.78033,0.021726,0,0,0,7.0536,0.423815456,0.01548316,0.00144703,0
11,210,6.324,227.9587619,14419.82606,0.00524,0,0,0.0068531,0.014078,0,0,0,0,0,0.151728,11.33524931,0.01548316,0.00144703,0
11,210,6.324,227.9587619,14419.82606,0.013573,0,0,12.177,0,0,0,0,0,0,0,11.33524931,0.01548316,0.00144703,0
11,210,6.324,227.9587619,14419.82606,0.062652,0,0,0,0.008333,0,0,0,0,0,3.4872,6.472102045,0.01548316,0.00144703,0
11,210,6.324,227.9587619,14419.82606,0,0,1.1811,0.014043,0,0,0,0,0,0,0.151728,0.301225485,0.01548316,0.00144703,0
11,210,6.324,227.9587619,14419.82606,0.018322,0,0,0,21.064,0,150.43,0,0,0,24.9618,1.651413523,0.01548316,0.00144703,0
11,210,6.324,227.9587619,14419.82606,1.7741,0,0,0,0,0,0,0,2.4285,0,5.4381,11.33524931,0.01548316,0.00144703,0
11,210,6.324,227.9587619,14419.82606,0.015764,0,0,0,0.000063,0,0,0,0,0,29.7018,6.495762651,0.01548316,0.00144703,0
11,210,6.324,227.9587619,14419.82606,0.20435,0,0,0,0,0,0,0,0,0,0.34593,0.99739448,0.01548316,0.00144703,0
11,210,6.324,227.9587619,14419.82606,0.011569,0,0,0.18811,0.13592,0.85321,0,0,0,0,0.151728,0.219704697,0.01548316,0.00144703,0
11,210,6.324,227.9587619,14419.82606,1.0831,0,0,19.222,6.9699,0,0,0,0,0,0,25.71929039,0.01548316,0.00144703,0
11,210,6.324,227.9587619,14419.82606,14.661,0,0,0,0,0,0,0,0,0,0,0.301225485,0.01548316,0.00144703,0
11,210,6.324,227.9587619,14419.82606,0.008333,0,0,0,0,0.008335,0,0,0,0,2.3544,2.007567612,0.01548316,0.00144703,0
11,210,6.324,227.9587619,14419.82606,0,0,0,0,0,0.10003,0,0,0,0,12.6336,15.12102526,0.01548316,0.00144703,0
11,210,6.324,227.9587619,14419.82606,3.4031,0,0,0.008333,0.008333,0,0,0,0,0,2.6481,1.035375756,0.01548316,0.00144703,0
12,211,73.464,228.0180248,14423.57481,0.00524,0,0,0.033648,1.1676,0,0,0,0,0,0,0,0.01533665,0.001433338,0
12,211,73.464,228.0180248,14423.57481,0.00524,0,0,5.1219,0,0.18827,0,0,0,0,16.0221,0,0.01533665,0.001433338,0
12,211,73.464,228.0180248,14423.57481,3.6358,0,0,0,0,0,0,0,0,0,0,0,0.01533665,0.001433338,0
12,211,73.464,228.0180248,14423.57481,0.22208,0,0,0,0,0,0.021726,0,0,0,0.151728,0,0.01533665,0.001433338,0
12,211,73.464,228.0180248,14423.57481,0.14297,0,0,0,0.001669,0,0,0,0,0,2.6481,0,0.01533665,0.001433338,0
12,211,73.464,228.0180248,14423.57481,0.070781,0,0,0,0,0,0,0,0,0,0,0,0.01533665,0.001433338,0
12,211,73.464,228.0180248,14423.57481,0,0,0,2.6259,0.001478,78.459,0,0,0,0,5.5146,0,0.01533665,0.001433338,0
12,211,73.464,228.0180248,14423.57481,1.7472,0,0,0.0098389,0,0,0,0,0,0,0,0,0.01533665,0.001433338,0
12,211,73.464,228.0180248,14423.57481,0.057403,0,0,0,0.008333,0,0,0,0,0,4.4358,0,0.01533665,0.001433338,0
12,211,73.464,228.0180248,14423.57481,0.51774,0,0,0,0.00524,0,0,0,0,0,1.47333,0,0.01533665,0.001433338,0
12,211,73.464,228.0180248,14423.57481,0.00753,0,1.9693,0,6.873,0,0,0,0,0,0.151728,0,0.01533665,0.001433338,0
12,211,73.464,228.0180248,14423.57481,0,0,0,0,0.005239,0,0,0,0,0,0,0,0.01533665,0.001433338,0
12,211,73.464,228.0180248,14423.57481,0,0,0,0.01254,0,8.0819,0,0,0,0,0.151728,0,0.01533665,0.001433338,0
12,211,73.464,228.0180248,14423.57481,0.002139,0,0,0,0.001326,0.78099,0,0,0,0,0,0,0.01533665,0.001433338,0
12,211,73.464,228.0180248,14423.57481,49.011,0,5.1144,0.000376,0.003346,0,0,0,0,0,0.151728,0,0.01533665,0.001433338,0
12,211,73.464,228.0180248,14423.57481,0.005239,0,0.005239,0,0,0,0,0,0,0,7.0518,0,0.01533665,0.001433338,0
12,211,73.464,228.0180248,14423.57481,0,0,0,0,0,0,0,0,0,0,11.0037,0,0.01533665,0.001433338,0
12,211,73.464,228.0180248,14423.57481,0.008333,0,0,15.197,0.008133,0,0,0,0,0,0.28866,0,0.01533665,0.001433338,0
12,211,73.464,228.0180248,14423.57481,0.00387,0,0,0,24.77,0,0,0,0,0,0,0,0.01533665,0.001433338,0
12,211,73.464,228.0180248,14423.57481,0.008335,0,0,0,0,0,0,0,0,0,1.97832,0,0.01533665,0.001433338,0
12,211,73.464,228.0180248,14423.57481,0.031098,0,0,0,0,0,0,0,0,0,0.151728,0,0.01533665,0.001433338,0
12,211,73.464,228.0180248,14423.57481,0.85316,0,0,1.2021,0,0,0,0,0,0,0.151728,0,0.01533665,0.001433338,0
12,211,73.464,228.0180248,14423.57481,0,0,0,0.005239,0,0,0,0,0,0,0.151728,0,0.01533665,0.001433338,0
12,211,73.464,228.0180248,14423.57481,0.00524,0,0,0.0014795,0.008332,0,0,0,0,0,0,0,0.01533665,0.001433338,0
12,211,73.464,228.0180248,14423.57481,0.018381,0,0,0.33242,0,0,0,0,0,0,0,0,0.01533665,0.001433338,0
12,211,73.464,228.0180248,14423.57481,2.7267,0,0,1.8563,0,0,0,0,0,0,0.276939,0,0.01533665,0.001433338,0
12,211,73.464,228.0180248,14423.57481,0,0,0,0,0,0,24.479,0,0,0,0.151728,0,0.01533665,0.001433338,0
12,211,73.464,228.0180248,14423.57481,0.3628,0,0,0,3.5225,0,35.561,0,0,0,0.151728,0,0.01533665,0.001433338,0
12,211,73.464,228.0180248,14423.57481,0.00644,0,0,1.7556,0,0,0,0,0,0,0,0,0.01533665,0.001433338,0
12,211,73.464,228.0180248,14423.57481,0,0,0,0,0,0,0,0,0,0,0.151728,0,0.01533665,0.001433338,0
12,211,73.464,228.0180248,14423.57481,0,0,0,0,0,0,0,0,0,0,0.72174,0,0.01533665,0.001433338,0
12,211,73.464,228.0180248,14423.57481,0.029004,0,0,5.4764,0.0033865,0,0.059897,0,0,0,0.6021,0,0.01533665,0.001433338,0
12,211,73.464,228.0180248,14423.57481,0,0,0,0,0.014719,0,0,0,0,0,0,0,0.01533665,0.001433338,0
12,211,73.464,228.0180248,14423.57481,0.002508,0,0,0,0.00524,0,0,0,0,0,8.172,0,0.01533665,0.001433338,0
12,211,73.464,228.0180248,14423.57481,0.73427,0,0,0,0.009767,0,0,0,0,0,0.151728,0,0.01533665,0.001433338,0
12,211,73.464,228.0180248,14423.57481,45.509,0,0.019942,17.373,0,0,0,0,0,0,0,0,0.01533665,0.001433338,0
12,211,73.464,228.0180248,14423.57481,0.003538,0,0,0,0,0,0,0,0,0,2.76954,0,0.01533665,0.001433338,0
12,211,73.464,228.0180248,14423.57481,0,0,0,0,50.346,0.79079,0,0,0,0,22.7118,0,0.01533665,0.001433338,0
12,211,73.464,228.0180248,14423.57481,0,0,0,45.052,0,0,0,0,0,0,25.3818,0,0.01533665,0.001433338,0
12,211,73.464,228.0180248,14423.57481,0.17903,0,0,20.04,0,0,0,0,0,0,0.151728,0,0.01533665,0.001433338,0
12,211,73.464,228.0180248,14423.57481,0,0,0,0,0.008333,0,29.961,0,0,0,19.6818,0,0.01533665,0.001433338,0
12,211,73.464,228.0180248,14423.57481,0.5201,0,0,0,0.002772,0,0,0,0,0,0.27711,0,0.01533665,0.001433338,0
12,211,73.464,228.0180248,14423.57481,0.000251,0,0,0,0.008332,0,0,0,0,0,2.34429,0,0.01533665,0.001433338,0
12,211,73.464,228.0180248,14423.57481,0.0094528,0,0,0.00524,0,0,0,0,0.22931,0,0.151728,0,0.01533665,0.001433338,0
12,211,73.464,228.0180248,14423.57481,0,0,0,0.00524,0,0,0,0,0,0,7.431,0,0.01533665,0.001433338,0
12,211,73.464,228.0180248,14423.57481,0.015764,0,0,0.27226,1.3478,0,0,0,0,0,2.64756,0,0.01533665,0.001433338,0
12,211,73.464,228.0180248,14423.57481,36.945,0,0,0,0.00644,0,0,0,0,0,19.5987,0,0.01533665,0.001433338,0
12,211,73.464,228.0180248,14423.57481,0.17713,0,0,0.83912,0,0,0,0,0,0,2.60853,0,0.01533665,0.001433338,0
12,211,73.464,228.0180248,14423.57481,1.4262,0,0,0,0.021906,0.001655,0,0,0,0,0.241728,0,0.01533665,0.001433338,0
12,211,73.464,228.0180248,14423.57481,0.005239,0,0,0,0,0,0,0,0,0,0.151728,0,0.01533665,0.001433338,0
12,211,73.464,228.0180248,14423.57481,4.9504,0,0,0,3.5225,0,0,0,0,0,0.151728,0,0.01533665,0.001433338,0
12,211,73.464,228.0180248,14423.57481,0,0,0.015499,1.8616,0,0,0,0,0,0,1.70622,0,0.01533665,0.001433338,0
12,211,73.464,228.0180248,14423.57481,0,0,0,0,24.77,0.020647,76.126,0,0,0,0,0,0.01533665,0.001433338,0
12,211,73.464,228.0180248,14423.57481,0,0,0,0,0,0,0,0,0,0,2.34429,0,0.01533665,0.001433338,0
12,211,73.464,228.0180248,14423.57481,0,0,0,2.853,0.003346,0.34845,0,0,0,0,0.151728,0,0.01533665,0.001433338,0
12,211,73.464,228.0180248,14423.57481,0,0,0,0.008336,0,0,0,0,0,0,0.151728,0,0.01533665,0.001433338,0
12,211,73.464,228.0180248,14423.57481,0.51774,0,0,0.011652,0,0,0,0,0,0,3.3018,0,0.01533665,0.001433338,0
12,211,73.464,228.0180248,14423.57481,0,0,0,0,0.012187,0,0,0,0,0,0.151728,0,0.01533665,0.001433338,0
12,211,73.464,228.0180248,14423.57481,7.5139,0,0,0,56.549,0,1.8833,0,0,0,0.269961,0,0.01533665,0.001433338,0
12,211,73.464,228.0180248,14423.57481,0,0,0,0.000688,0.86472,0,0,0,0,0,16.3047,0,0.01533665,0.001433338,0
12,211,73.464,228.0180248,14423.57481,0.015764,0,0,0.081032,0,0,0,0,0,0,0.151728,0,0.01533665,0.001433338,0
12,211,73.464,228.0180248,14423.57481,0,0,0,0,0,0,0,0,0,0,0,0,0.01533665,0.001433338,0
12,211,73.464,228.0180248,14423.57481,6.5562,0,0,0.46711,0,0,0,0,0,0,0.151728,0,0.01533665,0.001433338,0
12,211,73.464,228.0180248,14423.57481,0,0,8.4993,0,0.001669,0,0,0,0,0,4.2768,0,0.01533665,0.001433338,0
12,211,73.464,228.0180248,14423.57481,5.15,0,0,0,1.3478,0,0,0,0,0,17.3325,0,0.01533665,0.001433338,0
12,211,73.464,228.0180248,14423.57481,0,0,0,0,0.005239,0,0,0,0,0,10.3692,0,0.01533665,0.001433338,0
12,211,73.464,228.0180248,14423.57481,0,0,0,0,0,0,0,0,0,0,0.151728,0,0.01533665,0.001433338,0
12,211,73.464,228.0180248,14423.57481,0,0,0,17.164,0.12938,0,0,0,0,0,0,0,0.01533665,0.001433338,0
12,211,73.464,228.0180248,14423.57481,0,0,0,0,0.007102,0,0,0,0,0,4.8618,0,0.01533665,0.001433338,0
12,211,73.464,228.0180248,14423.57481,0,0,0,0.013976,5.6507,0,0,0,0,0,10.3692,0,0.01533665,0.001433338,0
12,211,73.464,228.0180248,14423.57481,0,0,0,0.0097027,0,0,0,0,0,0,0.276924,0,0.01533665,0.001433338,0
12,211,73.464,228.0180248,14423.57481,0.008333,0,0,0.86967,0.008335,0,0,0,0,0,0.275259,0,0.01533665,0.001433338,0
12,211,73.464,228.0180248,14423.57481,0,0,0,0,0,0,0,0,0,0,0,0,0.01533665,0.001433338,0
12,211,73.464,228.0180248,14423.57481,0.00524,0,8.8652,0,0.0088426,0,0,0,0,0,0,0,0.01533665,0.001433338,0
12,211,73.464,228.0180248,14423.57481,0,0,0,0.26453,0,0,0,0,0,0,6.105,0,0.01533665,0.001433338,0
12,211,73.464,228.0180248,14423.57481,0.018381,0,0,1.7274,0,0,0.40452,0,0,0,0.151728,0,0.01533665,0.001433338,0
12,211,73.464,228.0180248,14423.57481,0.001669,0,0,0,0,0,0,0,0,0,1.05978,0,0.01533665,0.001433338,0
12,211,73.464,228.0180248,14423.57481,0,0,0,0,0.13592,0,0,0,0,0,0,0,0.01533665,0.001433338,0
12,211,73.464,228.0180248,14423.57481,0,0,0,0.37666,0,0,0,0,0,0,27.5562,0,0.01533665,0.001433338,0
12,211,73.464,228.0180248,14423.57481,0.0094528,0,0,0,0,0.39637,0.42744,0,0,0,13.3746,0,0.01533665,0.001433338,0
12,211,73.464,228.0180248,14423.57481,0.17481,0,0,0,0,0,0,0,0,0,0,0,0.01533665,0.001433338,0
12,211,73.464,228.0180248,14423.57481,0,0,0,0,0.00524,0,0,0,0,0,27.5562,0,0.01533665,0.001433338,0
12,211,73.464,228.0180248,14423.57481,0,0,0,0.00524,0,0,0.13028,0,0,0,0.151728,0,0.01533665,0.001433338,0
12,211,73.464,228.0180248,14423.57481,0,0,0,0.01254,0,0,0,0,0,0,25.9959,0,0.01533665,0.001433338,0
12,211,73.464,228.0180248,14423.57481,0.008333,0,0,0.008332,0,16.163,0,0,0,0,0,0,0.01533665,0.001433338,0
12,211,73.464,228.0180248,14423.57481,0,0,0,0,0,0,0,0,0,0,10.8618,0,0.01533665,0.001433338,0
12,211,73.464,228.0180248,14423.57481,0,0,0,0,0,0,0,0,0,0,0,0,0.01533665,0.001433338,0
12,211,73.464,228.0180248,14423.57481,0.10994,0,0,0,0,0,0,0,0,0,10.9077,0,0.01533665,0.001433338,0
12,211,73.464,228.0180248,14423.57481,18.306,0,0,6.376,17.934,1.6287,0,0,0,0,6.102,0,0.01533665,0.001433338,0
12,211,73.464,228.0180248,14423.57481,0,0,0,11.552,0.007102,0,5.7012,0,0,0,0.151728,0,0.01533665,0.001433338,0
12,211,73.464,228.0180248,14423.57481,2.3556,0,0,0,0,0,0,0,0,0,4.6029,0,0.01533665,0.001433338,0
12,211,73.464,228.0180248,14423.57481,0,0,0,0,42.799,1.6287,0,0,0,0,46.293,0,0.01533665,0.001433338,0
12,211,73.464,228.0180248,14423.57481,0.008333,0,0,0,0,0,0,0,0,0,1.05978,0,0.01533665,0.001433338,0
12,211,73.464,228.0180248,14423.57481,3.7455,0,0,0,0.002741,0,0,0,0,0,7.0518,0,0.01533665,0.001433338,0
12,211,73.464,228.0180248,14423.57481,0.37708,0,0,0.008333,2.8091,0,0,0,0,0,0.151728,0,0.01533665,0.001433338,0
12,211,73.464,228.0180248,14423.57481,0.081094,0,0,20.449,0,0,0,0,0,0,0.151728,0,0.01533665,0.001433338,0
12,211,73.464,228.0180248,14423.57481,6.3539,0,0,0,0,0,0,0,0,0,0.45174,0,0.01533665,0.001433338,0
12,211,73.464,228.0180248,14423.57481,0,0,0,0,0.00524,0,0,0,0,0,0.34434,0,0.01533665,0.001433338,0
12,211,73.464,228.0180248,14423.57481,0,0,0,0,0,0,0,0,0,0,2.52933,0,0.01533665,0.001433338,0
12,211,73.464,228.0180248,14423.57481,0,0,0,0,0,0,0.13028,0,0,0,0,0,0.01533665,0.001433338,0
12,211,73.464,228.0180248,14423.57481,177.88,0,0,0,0.012452,0,0,0,0,0,0,0,0.01533665,0.001433338,0
12,211,73.464,228.0180248,14423.57481,0,0,0,0,3.3777,0,0,0,0,0,0,0,0.01533665,0.001433338,0
12,211,73.464,228.0180248,14423.57481,0.00387,0,0,0.0029965,0,0.78209,0,0,0,0,0,0,0.01533665,0.001433338,0
12,211,73.464,228.0180248,14423.57481,1.8154,0,0,0,0.008335,0,0,0,0,0,4.1568,0,0.01533665,0.001433338,0
12,211,73.464,228.0180248,14423.57481,0.008333,0,0,0,70.761,0,0,0,0,0,1.97832,0,0.01533665,0.001433338,0
12,211,73.464,228.0180248,14423.57481,0,0,0,0,0,0,0,0,0,0,25.9959,0,0.01533665,0.001433338,0
12,211,73.464,228.0180248,14423.57481,27.506,0,0,0,0,0,0.13028,0,0,0,6.8154,0,0.01533665,0.001433338,0
12,211,73.464,228.0180248,14423.57481,0.002508,0,0,0,0,0,0,0,0,0,0,0,0.01533665,0.001433338,0
12,211,73.464,228.0180248,14423.57481,177.88,0,0,0,4.2931,0,0,0,0,0,20.8818,0,0.01533665,0.001433338,0
12,211,73.464,228.0180248,14423.57481,0,0,0,0.008336,0,0,0,0,0,0,44.763,0,0.01533665,0.001433338,0
12,211,73.464,228.0180248,14423.57481,0.012671,0,0,0,0,0,24.967,0,0,0,0,0,0.01533665,0.001433338,0
12,211,73.464,228.0180248,14423.57481,74.841,0,0,0.02891,0.52975,0.00007,0,0,0,0,0,0,0.01533665,0.001433338,0
12,211,73.464,228.0180248,14423.57481,40.517,0,0,1.4947,0,0,0,0,0,0,123.459,0,0.01533665,0.001433338,0
12,211,73.464,228.0180248,14423.57481,0,0,0,0,0,0,0,0,0,0,0.151728,0,0.01533665,0.001433338,0
12,211,73.464,228.0180248,14423.57481,0.0964,0,0,0.12252,0,0,0,0,0,0,35.547,0,0.01533665,0.001433338,0
12,211,73.464,228.0180248,14423.57481,0,0,0,0,0,0.26686,0,0,0,0,0.151728,0,0.01533665,0.001433338,0
12,211,73.464,228.0180248,14423.57481,0.5002,0,0,0,0,0,0,0,0.009409,0,0,0,0.01533665,0.001433338,0
12,211,73.464,228.0180248,14423.57481,0.002139,0,0,0,0.007102,0,0,0,0,0,0.151728,0,0.01533665,0.001433338,0
12,211,73.464,228.0180248,14423.57481,0.12208,0,0,208.31,0,0,0,0,0,0,0.273324,0,0.01533665,0.001433338,0
12,211,73.464,228.0180248,14423.57481,0,0,0,0,0,0,0,0,0,0,0.151728,0,0.01533665,0.001433338,0
12,211,73.464,228.0180248,14423.57481,0.000739,0,0,0,0,0,0,0.013986,0,0,0.151728,0,0.01533665,0.001433338,0
12,211,73.464,228.0180248,14423.57481,0,0,0,0,0.19458,0,35.433,0,0,0,0.151728,0,0.01533665,0.001433338,0
12,211,73.464,228.0180248,14423.57481,3.5699,0,0.80841,0,70.761,0,0,0,0,0,7.2111,0,0.01533665,0.001433338,0
12,211,73.464,228.0180248,14423.57481,2.2602,0,0,11.876,0,0,0,0,0,0,1.88184,0,0.01533665,0.001433338,0
12,211,73.464,228.0180248,14423.57481,0,0,18.79,0,0,0,0,0,0,0,0,0,0.01533665,0.001433338,0
12,211,73.464,228.0180248,14423.57481,0.071675,0,0,23.551,0,0,0,0,0,0,0.67983,0,0.01533665,0.001433338,0
12,211,73.464,228.0180248,14423.57481,0.018596,0,0,0,0.0014495,0.77921,0,0,0,0,2.76954,0,0.01533665,0.001433338,0
12,211,73.464,228.0180248,14423.57481,0,0,0,0,0,0,0,0,0,0,56.145,0,0.01533665,0.001433338,0
12,211,73.464,228.0180248,14423.57481,0.001493,0,0,0,0,0,0,0,0,0,2.34429,0,0.01533665,0.001433338,0
12,211,73.464,228.0180248,14423.57481,0,0,0,0,0,0,0,0,0,0,0,0,0.01533665,0.001433338,0
12,211,73.464,228.0180248,14423.57481,0,0,0,0,0.005239,0,0,0,0,0,41.634,0,0.01533665,0.001433338,0
12,211,73.464,228.0180248,14423.57481,0,0,0,0,0,0,10.868,0,0,0,17.1858,0,0.01533665,0.001433338,0
12,211,73.464,228.0180248,14423.57481,0,0,0,0,0,0,0,0,0,0,0.151728,0,0.01533665,0.001433338,0
12,211,73.464,228.0180248,14423.57481,0,0,0,0,0,0,52.387,0,0,0,0.151728,0,0.01533665,0.001433338,0
12,211,73.464,228.0180248,14423.57481,55.389,0,0,0.0097027,0,0,0,0,0,0,1.73121,0,0.01533665,0.001433338,0
12,211,73.464,228.0180248,14423.57481,0,0,0,0.00524,0,0,0,0,0,0,0.151728,0,0.01533665,0.001433338,0
12,211,73.464,228.0180248,14423.57481,0.043527,0,0,0,0.52251,0,0,0,0,0,0.151728,0,0.01533665,0.001433338,0
12,211,73.464,228.0180248,14423.57481,0,0,0,0.088496,0.069058,0,0.13028,0,0,0,11.5818,0,0.01533665,0.001433338,0
12,211,73.464,228.0180248,14423.57481,0.50457,0,0,0.46711,0.002868,0,0,0,0,0,0.70341,0,0.01533665,0.001433338,0
12,211,73.464,228.0180248,14423.57481,0.026942,0,0,0.36044,0.18217,1.944,0,0,0,0,0,0,0.01533665,0.001433338,0
12,211,73.464,228.0180248,14423.57481,0.0059107,0,0,62.543,0.008335,0,0,0,0,0,0.276939,0,0.01533665,0.001433338,0
12,211,73.464,228.0180248,14423.57481,0,0,0,0,1.1676,0,0,0,0,0,0,0,0.01533665,0.001433338,0
12,211,73.464,228.0180248,14423.57481,0.15712,0,0,0.097569,21.064,0,0,0,0,0,2.6931,0,0.01533665,0.001433338,0
12,211,73.464,228.0180248,14423.57481,1.1984,0,0,0.0083909,0.060787,0,0,0,0,0,0.151728,0,0.01533665,0.001433338,0
12,211,73.464,228.0180248,14423.57481,2.6701,0,0,0,0,0.77921,0,2.4325,0,0,3.8946,0,0.01533665,0.001433338,0
12,211,73.464,228.0180248,14423.57481,0,0,59.109,5.0428,0.001434,0,24.831,0,0,0,0.68376,0,0.01533665,0.001433338,0
12,211,73.464,228.0180248,14423.57481,0,0,0,16.558,0.030662,0,0,0,0,0,3.0075,0,0.01533665,0.001433338,0
12,211,73.464,228.0180248,14423.57481,1.3203,0,0,4.1588,0.008763,0,0,0,0,0,12.8901,0,0.01533665,0.001433338,0
12,211,73.464,228.0180248,14423.57481,0.22208,0,0,0,0.00524,0,0,0,0,0,0,0,0.01533665,0.001433338,0
12,211,73.464,228.0180248,14423.57481,0,0,0,0.036193,0,0,0,0,0,0,0,0,0.01533665,0.001433338,0
12,211,73.464,228.0180248,14423.57481,6.8591,0,0,0,0.008333,0,0,0,0,0,18.849,0,0.01533665,0.001433338,0
12,211,73.464,228.0180248,14423.57481,0.008333,0,0.17444,0.042858,0,0,0,0,0,0,4.1568,0,0.01533665,0.001433338,0
12,211,73.464,228.0180248,14423.57481,0.15712,0,0,21.886,0,0,0,0,0,0,0,0,0.01533665,0.001433338,0
12,211,73.464,228.0180248,14423.57481,2.4135,0,0,0,0.21732,0,20.151,0,0,0,1.02351,0,0.01533665,0.001433338,0
12,211,73.464,228.0180248,14423.57481,0.045123,0,0,0.000716,0,0,0,0,0,0,7.8042,0,0.01533665,0.001433338,0
12,211,73.464,228.0180248,14423.57481,3.8952,0,0.084515,0,0.003822,0,0,0,0,0,0,0,0.01533665,0.001433338,0
12,211,73.464,228.0180248,14423.57481,9.3106,0,0,0,0,4.8967,0,0,0,0,0,0,0.01533665,0.001433338,0
12,211,73.464,228.0180248,14423.57481,0.028169,0,0,0,0,0.77921,0,0,0,0,0,0,0.01533665,0.001433338,0
12,211,73.464,228.0180248,14423.57481,0.00062,0,0,0,0.000063,0,0,0,0,0,0.151728,0,0.01533665,0.001433338,0
12,211,73.464,228.0180248,14423.57481,0.026827,0,0,0,0.035884,0,0,0,0,0,2.05122,0,0.01533665,0.001433338,0
12,211,73.464,228.0180248,14423.57481,0,0,0,30.329,0.93395,0.7814,0,0,0,0,2.41287,0,0.01533665,0.001433338,0
12,211,73.464,228.0180248,14423.57481,0.5002,0,0,0,0.008475,0,16.305,0,0,0,3.8946,0,0.01533665,0.001433338,0
12,211,73.464,228.0180248,14423.57481,2.1571,0,0,0,0.007328,0,0,0,0,0,0.54798,0,0.01533665,0.001433338,0
12,211,73.464,228.0180248,14423.57481,0,0,0,0,0,0,0,0,0,0,0.151728,0,0.01533665,0.001433338,0
12,211,73.464,228.0180248,14423.57481,0,0,0,2.2778,0,0,0,0,0,0,0,0,0.01533665,0.001433338,0
12,211,73.464,228.0180248,14423.57481,0.014662,0,0,1.5394,0,0,24.186,0,0,0,0.151728,0,0.01533665,0.001433338,0
12,211,73.464,228.0180248,14423.57481,0.018338,0,0,0.005239,0,0.56087,0,0,0,0,4.3869,0,0.01533665,0.001433338,0
12,211,73.464,228.0180248,14423.57481,0,0,0,0,0,0,0,0,0,0,3.3057,0,0.01533665,0.001433338,0
12,211,73.464,228.0180248,14423.57481,0,0,0,0,0.49136,0,0,0,34.929,0,0.73911,0,0.01533665,0.001433338,0
12,211,73.464,228.0180248,14423.57481,0,0,0,0,0.008333,6.9496,0,0,0,0,10.9077,0,0.01533665,0.001433338,0
12,211,73.464,228.0180248,14423.57481,0.008333,0,0,0,0.42442,0.77921,0,0,0,0,0.151728,0,0.01533665,0.001433338,0
12,211,73.464,228.0180248,14423.57481,0.011479,0,3.8526,0,0.005239,0,0,0,0,0,44.073,0,0.01533665,0.001433338,0
12,211,73.464,228.0180248,14423.57481,0,0,0.060653,2.1757,0,0,0,0,0,0,3.2364,0,0.01533665,0.001433338,0
12,211,73.464,228.0180248,14423.57481,0,0,0,0,0,0,0,0,0,0,0.78174,0,0.01533665,0.001433338,0
12,211,73.464,228.0180248,14423.57481,0,0,0,0,0,0,0,0,0,0,0,0,0.01533665,0.001433338,0
12,211,73.464,228.0180248,14423.57481,0.031098,0,0,0.000688,0.097858,0,0,0,0,0,0.151728,0,0.01533665,0.001433338,0
12,211,73.464,228.0180248,14423.57481,15.758,0,0,0,0,0,0.74966,0,0,0,7.4118,0,0.01533665,0.001433338,0
12,211,73.464,228.0180248,14423.57481,0.042738,0,0,0,0,0,0.67053,0,0,0,0,0,0.01533665,0.001433338,0
12,211,73.464,228.0180248,14423.57481,0,0,0,0.3794,0,0,0.13028,0,0,0,0.151728,0,0.01533665,0.001433338,0
12,211,73.464,228.0180248,14423.57481,0.0059398,0,0,0,0,0,0,0,0,0,28.1349,0,0.01533665,0.001433338,0
12,211,73.464,228.0180248,14423.57481,0,0,0,4.7036,0.00524,0.99064,0,0,0,0,10.6086,0,0.01533665,0.001433338,0
12,211,73.464,228.0180248,14423.57481,0,0,0,2.5432,1.1039,0,0,0,0,0,1.02351,0,0.01533665,0.001433338,0
12,211,73.464,228.0180248,14423.57481,28.979,0,0,0.013565,0,0,0,0,0,0,0.151728,0,0.01533665,0.001433338,0
12,211,73.464,228.0180248,14423.57481,0.030048,0,1.1811,0,0,0,0,0,0,0,0.151728,0,0.01533665,0.001433338,0
12,211,73.464,228.0180248,14423.57481,45.509,0,0,0,0.008333,0,0,0,0,0,10.4865,0,0.01533665,0.001433338,0
12,211,73.464,228.0180248,14423.57481,0,0,0.010345,0,0.00524,0,0,0,0,0,0.151728,0,0.01533665,0.001433338,0
12,211,73.464,228.0180248,14423.57481,0,0,0,0,0.005395,0,0,0,0,0,2.76468,0,0.01533665,0.001433338,0
12,211,73.464,228.0180248,14423.57481,0,0,0,0,0.008133,1.9376,0,0,0,0,0,0,0.01533665,0.001433338,0
12,211,73.464,228.0180248,14423.57481,36.945,0,0,0,4.6346,0,0,0,0,0,25.56,0,0.01533665,0.001433338,0
12,211,73.464,228.0180248,14423.57481,0.008333,0,0,0,0,0,0,0,0,0,0,0,0.01533665,0.001433338,0
12,211,73.464,228.0180248,14423.57481,0.19687,0,0,0,0.00062,0,0,0,0,0,0,0,0.01533665,0.001433338,0
12,211,73.464,228.0180248,14423.57481,0.0097027,0,0,0,0,0,0,0,0,0,0.151728,0,0.01533665,0.001433338,0
12,211,73.464,228.0180248,14423.57481,0.0068531,0,0,0,0,0.78099,8.4952,0,0,0,4.9119,0,0.01533665,0.001433338,0
12,211,73.464,228.0180248,14423.57481,0,0,0,0.0021738,0,0,0,0,0,0,4.8618,0,0.01533665,0.001433338,0
12,211,73.464,228.0180248,14423.57481,0,0,1.2524,0,0,0,6.9504,0,0,0,2.94174,0,0.01533665,0.001433338,0
12,211,73.464,228.0180248,14423.57481,0,0,0,0.008333,12.686,0,0,0,0,0,0.271728,0,0.01533665,0.001433338,0
12,211,73.464,228.0180248,14423.57481,0.043527,0,0,0,0.007328,0,0,0,0,0,0.151728,0,0.01533665,0.001433338,0
12,211,73.464,228.0180248,14423.57481,0.081094,0,0,0.18602,0.00524,0.77921,0,0,0,0,0.151728,0,0.01533665,0.001433338,0
12,211,73.464,228.0180248,14423.57481,0,0,0,43.346,2.0529,0,0,0,0,0,0,0,0.01533665,0.001433338,0
12,211,73.464,228.0180248,14423.57481,0,0,0,0.00524,0,0,0,0,0,0,0.273018,0,0.01533665,0.001433338,0
12,211,73.464,228.0180248,14423.57481,0,0,0,0,0,0,0,0,0,0,1.17456,0,0.01533665,0.001433338,0
12,211,73.464,228.0180248,14423.57481,6.8104,0,14.403,0.030964,0,0,0,0,0,0,0,0,0.01533665,0.001433338,0
12,211,73.464,228.0180248,14423.57481,0.1789,0,2.8636,0,0.70741,0,0,0,0,0,43.602,0,0.01533665,0.001433338,0
12,211,73.464,228.0180248,14423.57481,0.003538,0,0,0,0,0,0.42744,0,0,0,0.68376,0,0.01533665,0.001433338,0
12,211,73.464,228.0180248,14423.57481,0.008333,0,0,0,0.52975,0,0,0,0,0,0.151728,0,0.01533665,0.001433338,0
12,211,73.464,228.0180248,14423.57481,0,0,0,0.0068531,0,0,0,0,0,0,0.151728,0,0.01533665,0.001433338,0
12,211,73.464,228.0180248,14423.57481,0.0072895,0,0,0,0,0,0.13028,0,0,0,0.273366,0,0.01533665,0.001433338,0
12,211,73.464,228.0180248,14423.57481,51.143,0,0,0,0,0,0,0,0,0,0.151728,0,0.01533665,0.001433338,0
12,211,73.464,228.0180248,14423.57481,0.025372,0,0,2.7689,0,0,0,29.781,0,0,0.151728,0,0.01533665,0.001433338,0
12,211,73.464,228.0180248,14423.57481,0,0,0,0.008333,0,0,0,0,0,0,0,0,0.01533665,0.001433338,0
12,211,73.464,228.0180248,14423.57481,2.7267,0,0,0.071721,0.008333,5.9264,0,0,0,0,11.0184,0,0.01533665,0.001433338,0
12,211,73.464,228.0180248,14423.57481,0,0,0,0,0,0,0,0,0,0,0,0,0.01533665,0.001433338,0
12,211,73.464,228.0180248,14423.57481,0.0083909,0,0.09243,0.000716,76.072,0.023853,0,0,0,0,0.280587,0,0.01533665,0.001433338,0
12,211,73.464,228.0180248,14423.57481,0.00644,0,0,1.6824,0,0,0,0,0,0,0,0,0.01533665,0.001433338,0
12,211,73.464,228.0180248,14423.57481,177.88,0,0,0,0,0.00158,0,0,0,0,0.151728,0,0.01533665,0.001433338,0
12,211,73.464,228.0180248,14423.57481,0.1613,0,0,0,0.007328,0,0.13028,0,0,0,0,0,0.01533665,0.001433338,0
12,211,73.464,228.0180248,14423.57481,0.032101,0,0,0,0.44929,0.000138,0,0,0,0,3.1572,0,0.01533665,0.001433338,0
12,211,73.464,228.0180248,14423.57481,0,0,0.011238,0,0,0.79321,15.249,0,0,0,0.151728,0,0.01533665,0.001433338,0
12,211,73.464,228.0180248,14423.57481,0,0,0,2.9167,0.00833,0,0,0,0,0,14.5008,0,0.01533665,0.001433338,0
12,211,73.464,228.0180248,14423.57481,0,0,0,0,0,0,0,0,0,0,0.151728,0,0.01533665,0.001433338,0
12,211,73.464,228.0180248,14423.57481,0,0,0,2.4911,0,0,0,0,0,0,0.151728,0,0.01533665,0.001433338,0
12,211,73.464,228.0180248,14423.57481,0,0,0,0.008333,0.01048,0,0,0,0,0,28.8018,0,0.01533665,0.001433338,0
12,211,73.464,228.0180248,14423.57481,0.012423,0,0,0,0,0,0,0,0,0,8.9118,0,0.01533665,0.001433338,0
12,211,73.464,228.0180248,14423.57481,0.00644,0,1.2712,0,0,0,0,0,0,0,0,0,0.01533665,0.001433338,0
12,211,73.464,228.0180248,14423.57481,6.0303,0,0,0,0,0,0,0,0,0,15.8232,0,0.01533665,0.001433338,0
12,211,73.464,228.0180248,14423.57481,0.17094,0,0,0,0,0,0,0,0,0,8.7318,0,0.01533665,0.001433338,0
12,211,73.464,228.0180248,14423.57481,0,0,0,0.003821,0.038297,0,0,0,0,0,0.33174,0,0.01533665,0.001433338,0
12,211,73.464,228.0180248,14423.57481,0,0,0,0,4.9078,0,4.3529,0,0,0,14.1318,0,0.01533665,0.001433338,0
12,211,73.464,228.0180248,14423.57481,0,0,0.0054435,0,0.73113,0,0,0,0,0,0,0,0.01533665,0.001433338,0
12,211,73.464,228.0180248,14423.57481,0,0,0,0,2.1125,0,0,0,0,0,0.151728,0,0.01533665,0.001433338,0
12,211,73.464,228.0180248,14423.57481,5.865,0,0,0,0,0,0,0,0,0,4.0518,0,0.01533665,0.001433338,0
12,211,73.464,228.0180248,14423.57481,0.00524,0,0,0,0,0,0,0,0,0,8.5524,0,0.01533665,0.001433338,0
12,211,73.464,228.0180248,14423.57481,0.0064565,0,0,0,0,0,0,0,0,0,0.273018,0,0.01533665,0.001433338,0
12,211,73.464,228.0180248,14423.57481,2.1218,0,0,0,0,0,0,0,0,0,57.423,0,0.01533665,0.001433338,0
12,211,73.464,228.0180248,14423.57481,0.007102,0,0,0.37527,0,0,0,0,0,0,10.6335,0,0.01533665,0.001433338,0
12,211,73.464,228.0180248,14423.57481,0.007102,0,0,0,0,0,0,0,0,0,0.31059,0,0.01533665,0.001433338,0
12,211,73.464,228.0180248,14423.57481,0,0,0,6.9518,0.012187,0.77921,0,0,0,0,4.4403,0,0.01533665,0.001433338,0
12,211,73.464,228.0180248,14423.57481,0,0,0,0.00833,0.23723,0,172.66,0,0,0,0.151728,0,0.01533665,0.001433338,0
12,211,73.464,228.0180248,14423.57481,0,0,0,0.6175,0,0,0,0,0,0,0.151728,0,0.01533665,0.001433338,0
12,211,73.464,228.0180248,14423.57481,0.011776,0,0,0,0,0,17.287,0,0,0,4.4403,0,0.01533665,0.001433338,0
12,211,73.464,228.0180248,14423.57481,0.11748,0,0,0,0,0,0,0,0,0,4.9119,0,0.01533665,0.001433338,0
12,211,73.464,228.0180248,14423.57481,0,0,0,3.8959,0,0,0,0,0,0,3.4872,0,0.01533665,0.001433338,0
12,211,73.464,228.0180248,14423.57481,0.0094528,0,0,0,0,0,0,0,0,0,0.151728,0,0.01533665,0.001433338,0
12,211,73.464,228.0180248,14423.57481,0,0,0,0.0059107,0,0,0.13028,0,0,0,2.6481,0,0.01533665,0.001433338,0
12,211,73.464,228.0180248,14423.57481,0,0,0,0.008333,1.0171,0,0,0,0,0,0,0,0.01533665,0.001433338,0
12,211,73.464,228.0180248,14423.57481,1.366,0,0,0.00062,0.008335,0,32.893,0,0,0,0.151728,0,0.01533665,0.001433338,0
12,211,73.464,228.0180248,14423.57481,0.00753,0,0,0,0,0,0,0,0,0,0.151728,0,0.01533665,0.001433338,0
12,211,73.464,228.0180248,14423.57481,0,0,0,0,6.4522,0,0,0,0,0,27.6384,0,0.01533665,0.001433338,0
12,211,73.464,228.0180248,14423.57481,0,0,0,12.69,0,0.85442,4.7427,0,0,0,41.715,0,0.01533665,0.001433338,0
12,211,73.464,228.0180248,14423.57481,0.020418,0,0,0,0.016012,0,0,0,0,0,0,0,0.01533665,0.001433338,0
12,211,73.464,228.0180248,14423.57481,0,0,0,0,0.012187,0,0,0,0,0,4.4787,0,0.01533665,0.001433338,0
12,211,73.464,228.0180248,14423.57481,1.3203,0,0,0,0,0,17.287,0,0,0,18.849,0,0.01533665,0.001433338,0
12,211,73.464,228.0180248,14423.57481,0,0,0.003465,0,0,1.0992,0,0,0,0,0.151728,0,0.01533665,0.001433338,0
12,211,73.464,228.0180248,14423.57481,0.000545,0,0,0,0,0,0,0,0,0,0.151728,0,0.01533665,0.001433338,0
12,211,73.464,228.0180248,14423.57481,25.253,0,0,0,0,0,0,0,0,0,1.21974,0,0.01533665,0.001433338,0
12,211,73.464,228.0180248,14423.57481,0,0,0,0,0,0.084836,0.13028,0,0,0,0,0,0.01533665,0.001433338,0
12,211,73.464,228.0180248,14423.57481,2.1218,0,0,0,0,0.040918,30.781,0,0,0,0,0,0.01533665,0.001433338,0
12,211,73.464,228.0180248,14423.57481,0.53043,0,0,0,0.003821,0,0,0,0,0,0.151728,0,0.01533665,0.001433338,0
12,211,73.464,228.0180248,14423.57481,0,0,0,0.17235,0,0,0,0,0,0,0,0,0.01533665,0.001433338,0
12,211,73.464,228.0180248,14423.57481,0,0,21.205,0,0,0,0,0,0,0,9.5499,0,0.01533665,0.001433338,0
12,211,73.464,228.0180248,14423.57481,0.026038,0,0,0.024145,0,0,0,0,0,0,9.6318,0,0.01533665,0.001433338,0
12,211,73.464,228.0180248,14423.57481,0.98357,0,0,0,0,0,0,0,0,0,0,0,0.01533665,0.001433338,0
12,211,73.464,228.0180248,14423.57481,0.00524,0,0,0,0.008333,0,0,0,0,0,0.9426,0,0.01533665,0.001433338,0
12,211,73.464,228.0180248,14423.57481,0,0,0,0.003346,0.001669,0,0,0,0,0,1.57404,0,0.01533665,0.001433338,0
12,211,73.464,228.0180248,14423.57481,0.0964,0,0,0,0,0,0,0,0,0,6.2754,0,0.01533665,0.001433338,0
12,211,73.464,228.0180248,14423.57481,0.008333,0,0,0,0.027077,1.0657,0,0,0,0,1.10577,0,0.01533665,0.001433338,0
12,211,73.464,228.0180248,14423.57481,0,0,0,0,0.16189,0,0,0,0,0,0,0,0.01533665,0.001433338,0
12,211,73.464,228.0180248,14423.57481,0.000376,0,0,0,0.00524,0,0,0,0,0,0,0,0.01533665,0.001433338,0
12,211,73.464,228.0180248,14423.57481,10.309,0,0,0,0.00524,0,0,0,0,0,0,0,0.01533665,0.001433338,0
12,211,73.464,228.0180248,14423.57481,0.001267,0,10.938,3.2371,0,0,0,0,0,0,12.3399,0,0.01533665,0.001433338,0
12,211,73.464,228.0180248,14423.57481,0.000078,0,0,0.008335,0.001326,0,0.059897,0,0,0,6.5418,0,0.01533665,0.001433338,0
12,211,73.464,228.0180248,14423.57481,0,0,0,0.01391,0,0,0,0,0,0,0,0,0.01533665,0.001433338,0
12,211,73.464,228.0180248,14423.57481,15.2,0,0,0,0.000124,0.78189,0,0,0,0,198.603,0,0.01533665,0.001433338,0
12,211,73.464,228.0180248,14423.57481,0,0,0,0,0,0,118.54,0,0,0,0.151728,0,0.01533665,0.001433338,0
12,211,73.464,228.0180248,14423.57481,4.119,0,0,0,0,0,0,0,0,0,4.4103,0,0.01533665,0.001433338,0
12,211,73.464,228.0180248,14423.57481,0.51613,0,0,0,0,0,0,0,0,0,0.151728,0,0.01533665,0.001433338,0
12,211,73.464,228.0180248,14423.57481,1.5374,0,0,0,0,0,0,0,0,0,0.34593,0,0.01533665,0.001433338,0
12,211,73.464,228.0180248,14423.57481,0.013012,0,0,0.01409,0.013476,0,0.059897,0,0,0,0.151728,0,0.01533665,0.001433338,0
12,211,73.464,228.0180248,14423.57481,0,0,0,0,0.008333,0,52.387,0,0,0,3.7518,0,0.01533665,0.001433338,0
12,211,73.464,228.0180248,14423.57481,0.00062,0,0,0.001434,0,0,0,0,0,0,2.52933,0,0.01533665,0.001433338,0
12,211,73.464,228.0180248,14423.57481,0,0,0.005397,15.984,0,0,0,0,0,0,0,0,0.01533665,0.001433338,0
12,211,73.464,228.0180248,14423.57481,0.010479,0,0,0.008333,12.308,0,0,0,0,0,0.151728,0,0.01533665,0.001433338,0
12,211,73.464,228.0180248,14423.57481,6.8272,0,0,1.7274,0.0070165,0,0,0,0,0,1.57179,0,0.01533665,0.001433338,0
12,211,73.464,228.0180248,14423.57481,0.63883,0,0,0,0.14172,0.10003,0,0,0,0,0,0,0.01533665,0.001433338,0
12,211,73.464,228.0180248,14423.57481,2.5147,0,0,0,0,0,0,0,0,0,17.3718,0,0.01533665,0.001433338,0
12,211,73.464,228.0180248,14423.57481,0,0,0,0,0,0,0,0,0,0,0.151728,0,0.01533665,0.001433338,0
12,211,73.464,228.0180248,14423.57481,0.000251,0,0,0.36044,0.36581,0,0,0,0,0,0,0,0.01533665,0.001433338,0
12,211,73.464,228.0180248,14423.57481,0,0,0,1.1831,0,0,0,0,0,0,8.9718,0,0.01533665,0.001433338,0
12,211,73.464,228.0180248,14423.57481,0.00021,0,0,0.00524,0,0,0.13028,0,0,0,0,0,0.01533665,0.001433338,0
12,211,73.464,228.0180248,14423.57481,0.01048,0,0,0,0,0,0,0,0,0,34.872,0,0.01533665,0.001433338,0
12,211,73.464,228.0180248,14423.57481,1.6091,0,0,0,0,0,0,0,0,0,12.2682,0,0.01533665,0.001433338,0
12,211,73.464,228.0180248,14423.57481,0.000688,0,0,0,14.084,0,0,0,0,0,10.4415,0,0.01533665,0.001433338,0
12,211,73.464,228.0180248,14423.57481,0.060379,0,0,0,0,0,0,0,0,0,1.57107,0,0.01533665,0.001433338,0
12,211,73.464,228.0180248,14423.57481,0.031802,0,0,0,0,0.000033,0,0,0,0,0,0,0.01533665,0.001433338,0
12,211,73.464,228.0180248,14423.57481,0.011297,0,0,0.008333,1.2208,0,0,0,0,0,4.5198,0,0.01533665,0.001433338,0
12,211,73.464,228.0180248,14423.57481,0,0,0,0.008333,0.0057595,0,0,0,0,0,0.151728,0,0.01533665,0.001433338,0
12,211,73.464,228.0180248,14423.57481,1.6091,0,0,0,9.8934,0,0,0,0,0,0,0,0.01533665,0.001433338,0
12,211,73.464,228.0180248,14423.57481,0.19687,0,0,0.0097027,0,0.77421,0,0,0,0,1.86174,0,0.01533665,0.001433338,0
12,211,73.464,228.0180248,14423.57481,0,0,0,8.389,0,0,0,0,0,0,0.57,0,0.01533665,0.001433338,0
12,211,73.464,228.0180248,14423.57481,0.016058,0,0,0,0,0,7.6576,0,0,0,37.836,0,0.01533665,0.001433338,0
12,211,73.464,228.0180248,14423.57481,45.509,0,0,0,0,0,15.202,0,0,0,39.096,0,0.01533665,0.001433338,0
12,211,73.464,228.0180248,14423.57481,43.218,0,0,46.554,0,0,0,0,0,0,0,0,0.01533665,0.001433338,0
12,211,73.464,228.0180248,14423.57481,0,0,0,0,18.998,0.011,0,0,0,0,4.1406,0,0.01533665,0.001433338,0
12,211,73.464,228.0180248,14423.57481,0.002868,0,0,0,0,0.78033,14.188,0,0,0,0,0,0.01533665,0.001433338,0
12,211,73.464,228.0180248,14423.57481,0.008333,0,0,0,0,0,0.60778,0,0,0,0.151728,0,0.01533665,0.001433338,0
12,211,73.464,228.0180248,14423.57481,0,0,0,55.04,2.4885,0,0,0,0,0,12.6336,0,0.01533665,0.001433338,0
12,211,73.464,228.0180248,14423.57481,0,0,0,0,2.3758,0,18.805,0,0,0,1.88184,0,0.01533665,0.001433338,0
12,211,73.464,228.0180248,14423.57481,0.018322,0,0,0,124.34,0,0,0,0,0,0,0,0.01533665,0.001433338,0
12,211,73.464,228.0180248,14423.57481,0.008333,0,0,0,0,0,0,0,0,0,0,0,0.01533665,0.001433338,0
12,211,73.464,228.0180248,14423.57481,0.005239,0,0,0.00833,0.000688,0,0,0,0,0,0.93561,0,0.01533665,0.001433338,0
12,211,73.464,228.0180248,14423.57481,0,0,0,0,0,0,0,0,0,0,10.3692,0,0.01533665,0.001433338,0
12,211,73.464,228.0180248,14423.57481,0.29343,0,0,0,0,0,0,0,0,0,0,0,0.01533665,0.001433338,0
12,211,73.464,228.0180248,14423.57481,0,0,1.7534,0,0.005239,4.6961,0,0,0,0,0.151728,0,0.01533665,0.001433338,0
12,211,73.464,228.0180248,14423.57481,0.35231,0,0,4.1106,4.9078,0,0,0,0,0,0.70341,0,0.01533665,0.001433338,0
12,211,73.464,228.0180248,14423.57481,0,0,0,0.044269,0,0,0,0,0,0,0,0,0.01533665,0.001433338,0
12,211,73.464,228.0180248,14423.57481,0,0,0,0,0.008333,0.008333,0,0,0,0,20.8818,0,0.01533665,0.001433338,0
12,211,73.464,228.0180248,14423.57481,0,0,0,0.20517,0.011532,0,0.93424,0,0,0,8.9718,0,0.01533665,0.001433338,0
12,211,73.464,228.0180248,14423.57481,0,0,0,6.2716,0,0,0,0,0,0,0.151728,0,0.01533665,0.001433338,0
12,211,73.464,228.0180248,14423.57481,0,0,0,5.1219,0,0,0,0,0,0,0.6021,0,0.01533665,0.001433338,0
12,211,73.464,228.0180248,14423.57481,0.005239,0,0.0066735,3.7171,0,0,0,0,0,0,50.673,0,0.01533665,0.001433338,0
12,211,73.464,228.0180248,14423.57481,0.008335,0,0,0,32.03,0,0,0,0,0,0,0,0.01533665,0.001433338,0
12,211,73.464,228.0180248,14423.57481,0.047912,0,0,3.0263,0,0,0,0,0,0,0.50493,0,0.01533665,0.001433338,0
12,211,73.464,228.0180248,14423.57481,0,0,0,0,0,0,77.672,0,0,0,0.151728,0,0.01533665,0.001433338,0
12,211,73.464,228.0180248,14423.57481,0,0,0,0,14.084,0,0,0,0,0,17.3718,0,0.01533665,0.001433338,0
12,211,73.464,228.0180248,14423.57481,0.015667,0,0,0,0,0,0.13028,0,0,0,0.151728,0,0.01533665,0.001433338,0
12,211,73.464,228.0180248,14423.57481,22.449,0,0,0,0.008333,0,0,0,0,0,0,0,0.01533665,0.001433338,0
12,211,73.464,228.0180248,14423.57481,63.495,0,0,0,0,0,0.13028,0,0,0,4.7865,0,0.01533665,0.001433338,0
12,211,73.464,228.0180248,14423.57481,0.008333,0,0,0,0.062887,0,0,0,0,0,0,0,0.01533665,0.001433338,0
12,211,73.464,228.0180248,14423.57481,0,0,0,0.00524,1.1039,0,0,0,0,0,20.8818,0,0.01533665,0.001433338,0
12,211,73.464,228.0180248,14423.57481,0,0,0,0,0.007102,0,13.103,0,0,0,0.151728,0,0.01533665,0.001433338,0
12,211,73.464,228.0180248,14423.57481,0.008333,0,0,3.0666,0,0,0,0,0,0,0.151728,0,0.01533665,0.001433338,0
12,211,73.464,228.0180248,14423.57481,0.21588,0,3.9436,0,2.0594,0,0,0,0,0,0.151728,0,0.01533665,0.001433338,0
12,211,73.464,228.0180248,14423.57481,0,0,0,0,0.008333,0,0,0,0,0,0.151728,0,0.01533665,0.001433338,0
12,211,73.464,228.0180248,14423.57481,0,0,0,0,0,0,0,0,0,0,3.6159,0,0.01533665,0.001433338,0
12,211,73.464,228.0180248,14423.57481,0.030048,0,0,0,0,0,0,0,0,0,17.3718,0,0.01533665,0.001433338,0
12,211,73.464,228.0180248,14423.57481,0,0,0,0,0.025169,0.63853,0,0,0,0,14.3958,0,0.01533665,0.001433338,0
12,211,73.464,228.0180248,14423.57481,0,0,0,0,0.01564,0,0,0,0,0,0,0,0.01533665,0.001433338,0
12,211,73.464,228.0180248,14423.57481,0.20881,0,0,0,1.7249,0,0,0,0,0,0,0,0.01533665,0.001433338,0
12,211,73.464,228.0180248,14423.57481,6.8104,0,0,0.00315,0,0,0,0,0,0,0,0,0.01533665,0.001433338,0
12,211,73.464,228.0180248,14423.57481,0.010479,0,0,0.005239,0,0,0,0,2.2528,0,0.27432,0,0.01533665,0.001433338,0
12,211,73.464,228.0180248,14423.57481,8.2504,0,0,0.000376,0.030964,0,0,0,0,0,4.2768,0,0.01533665,0.001433338,0
12,211,73.464,228.0180248,14423.57481,0,0,0,0,0,0,0,0,0,0,0.151728,0,0.01533665,0.001433338,0
12,211,73.464,228.0180248,14423.57481,0.008333,0,0.0054435,3.1662,0,0,0,0,0,0,18.9018,0,0.01533665,0.001433338,0
12,211,73.464,228.0180248,14423.57481,0.091719,0,0,0,0,0,0,0,0,0,1.05978,0,0.01533665,0.001433338,0
12,211,73.464,228.0180248,14423.57481,0,0,0,0,0.000688,0,0,0,0,0,0.84174,0,0.01533665,0.001433338,0
12,211,73.464,228.0180248,14423.57481,0.0964,0,0,0.011652,15.439,0,0,0,0,0,22.6218,0,0.01533665,0.001433338,0
12,211,73.464,228.0180248,14423.57481,0.008333,0,0,0,0.014719,0,0,0,0,0,0,0,0.01533665,0.001433338,0
12,211,73.464,228.0180248,14423.57481,0.002508,0,0,0,5.4878,0,0,0,0,0,5.7318,0,0.01533665,0.001433338,0
12,211,73.464,228.0180248,14423.57481,0,0,0,0,0.008333,0,0,0,0,0,3.8823,0,0.01533665,0.001433338,0
12,211,73.464,228.0180248,14423.57481,0,0,0,5.7154,0.23723,0,0,0,0,0,0.181728,0,0.01533665,0.001433338,0
12,211,73.464,228.0180248,14423.57481,7.049,0,0,0,0.00524,0,0,0,0,0,0,0,0.01533665,0.001433338,0
12,211,73.464,228.0180248,14423.57481,0,0,0,20.449,0.027077,0,0,0,0,0,0.273357,0,0.01533665,0.001433338,0
12,211,73.464,228.0180248,14423.57481,0,0,0,0,0.49136,1.9376,0,0,0,0,0,0,0.01533665,0.001433338,0
12,211,73.464,228.0180248,14423.57481,0,0,0,0.008335,0.00524,0.026763,0,0,0,0,0,0,0.01533665,0.001433338,0
12,211,73.464,228.0180248,14423.57481,0.00524,0,0,0,5.1226,0,36.808,0,0,0,8.3718,0,0.01533665,0.001433338,0
12,211,73.464,228.0180248,14423.57481,0,0,0,0.025929,0,0,97.067,0,0,0,14.4696,0,0.01533665,0.001433338,0
12,211,73.464,228.0180248,14423.57481,11.344,0,0,0,0,0,0,0,0,0,0.75903,0,0.01533665,0.001433338,0
12,211,73.464,228.0180248,14423.57481,0,0,0,0,0,0,0,0,0,0,0.151728,0,0.01533665,0.001433338,0
12,211,73.464,228.0180248,14423.57481,1.3203,0,0,1.3952,0,0,0,0,0,0,0.151728,0,0.01533665,0.001433338,0
12,211,73.464,228.0180248,14423.57481,0.0059107,0,0,0,0.008333,0,0,0,0,0,0.54798,0,0.01533665,0.001433338,0
12,211,73.464,228.0180248,14423.57481,0,0,0,0,0,0,0,0,0,0,17.2929,0,0.01533665,0.001433338,0
12,211,73.464,228.0180248,14423.57481,53.36,0,0,0.068295,0.008475,0,0,0,0.020369,0,3.8823,0,0.01533665,0.001433338,0
12,211,73.464,228.0180248,14423.57481,0,0,0,0,0.008333,0,0,0,0,0,9.1953,0,0.01533665,0.001433338,0
12,211,73.464,228.0180248,14423.57481,0.00524,0,0,0,0.00524,0,0,0,0,0,1.63956,0,0.01533665,0.001433338,0
12,211,73.464,228.0180248,14423.57481,0,0,0,2.2778,0,0,0,0,0,0,0,0,0.01533665,0.001433338,0
12,211,73.464,228.0180248,14423.57481,0,0,0,0,0,0,0,0,0,0,29.7018,0,0.01533665,0.001433338,0
12,211,73.464,228.0180248,14423.57481,3.5296,0,0,0,0,0,0,0,0,0,21.2118,0,0.01533665,0.001433338,0
12,211,73.464,228.0180248,14423.57481,0.005769,0,0,0,0,0.080226,0.021726,0,0,0,9.5499,0,0.01533665,0.001433338,0
12,211,73.464,228.0180248,14423.57481,11.506,0,0.00062,1.4572,0,0,0,0,0,0,28.1349,0,0.01533665,0.001433338,0
12,211,73.464,228.0180248,14423.57481,0,0,0,0,0,0,0.67845,0,0,0,16.0221,0,0.01533665,0.001433338,0
12,211,73.464,228.0180248,14423.57481,0,0,0,0,0,0,0,0,0,0,0,0,0.01533665,0.001433338,0
12,211,73.464,228.0180248,14423.57481,0.51774,0,0,0,0,0.77921,0,0,0,0,0.151728,0,0.01533665,0.001433338,0
12,211,73.464,228.0180248,14423.57481,0.65673,0,0,0,0.0082165,0,20.78,0,0,0,0.151728,0,0.01533665,0.001433338,0
12,211,73.464,228.0180248,14423.57481,0.009261,0,0,0,0,0,0,0,0,0,0.151728,0,0.01533665,0.001433338,0
12,211,73.464,228.0180248,14423.57481,0,0,0,32.687,0,0,0,0,0,0,6.108,0,0.01533665,0.001433338,0
12,211,73.464,228.0180248,14423.57481,6.3539,0,0,0,0,6.3468,0,0,0,0,0,0,0.01533665,0.001433338,0
12,211,73.464,228.0180248,14423.57481,0,0,0,9.9,0,0,11.179,0,0,0,0,0,0.01533665,0.001433338,0
12,211,73.464,228.0180248,14423.57481,109.34,0,0,0,0.002055,0,0,0,0,0,0.9426,0,0.01533665,0.001433338,0
12,211,73.464,228.0180248,14423.57481,0.002011,0,0,4.8058,7.0112,0,0,0,0,0,7.5918,0,0.01533665,0.001433338,0
12,211,73.464,228.0180248,14423.57481,0.030048,0,0,0.033648,0,0,0.60778,0,0,0,16.3047,0,0.01533665,0.001433338,0
12,211,73.464,228.0180248,14423.57481,2.2494,0,0,4.7036,0,0,0,0,0,0,12.8901,0,0.01533665,0.001433338,0
12,211,73.464,228.0180248,14423.57481,23.582,0,0,0,0.0088426,0,0,0,0,0,3.8946,0,0.01533665,0.001433338,0
12,211,73.464,228.0180248,14423.57481,4.9504,0,0,4.2796,8.0306,0,0,0,0,0,0.92517,0,0.01533665,0.001433338,0
12,211,73.464,228.0180248,14423.57481,0.002031,0,0,0,0,0,0,0,0,0,0,0,0.01533665,0.001433338,0
12,211,73.464,228.0180248,14423.57481,0.005769,0,0,0,0.2943,0,0,0,0,0,0.278694,0,0.01533665,0.001433338,0
12,211,73.464,228.0180248,14423.57481,0,0,0,0.020093,80.307,0.000182,0,0,0,0,0.151728,0,0.01533665,0.001433338,0
12,211,73.464,228.0180248,14423.57481,0.10527,0,0,0,0.0085875,0.040918,0,0,0,0,0,0,0.01533665,0.001433338,0
12,211,73.464,228.0180248,14423.57481,0.0066265,0,0,0.008332,16.858,0,0,0,0,0,0,0,0.01533665,0.001433338,0
12,211,73.464,228.0180248,14423.57481,0.008333,0,0,0,0,0,0,0,0,0,8.8155,0,0.01533665,0.001433338,0
12,211,73.464,228.0180248,14423.57481,0.10527,0,0,0,0,0,0,0,0,0,15.8232,0,0.01533665,0.001433338,0
12,211,73.464,228.0180248,14423.57481,7.2682,0,0,0.001493,0.01564,0.008333,0,0,0,0,0.151728,0,0.01533665,0.001433338,0
12,211,73.464,228.0180248,14423.57481,0,0,0,0,0,0,0.67845,0,0,0,18.849,0,0.01533665,0.001433338,0
12,211,73.464,228.0180248,14423.57481,1.8379,0,0,0.19366,0.0059348,0,0,0,0,0,0.84174,0,0.01533665,0.001433338,0
12,211,73.464,228.0180248,14423.57481,0.007697,0,0,9.0645,0,0,0,0,0,0,0.84174,0,0.01533665,0.001433338,0
12,211,73.464,228.0180248,14423.57481,0.002031,0,0,1.8616,0,0,0,0,0,0,0,0,0.01533665,0.001433338,0
12,211,73.464,228.0180248,14423.57481,0.01048,0,0,0,0,0,0,0,0,0,0.151728,0,0.01533665,0.001433338,0
12,211,73.464,228.0180248,14423.57481,0,0,0,0,0,0,0,0,0,0,0,0,0.01533665,0.001433338,0
12,211,73.464,228.0180248,14423.57481,0,0,0,0,0,0,0,0,0,0,0,0,0.01533665,0.001433338,0
12,211,73.464,228.0180248,14423.57481,0.00524,0,0,0.008333,0.007148,0,0,0,0,0,0.151728,0,0.01533665,0.001433338,0
12,211,73.464,228.0180248,14423.57481,0.0067502,0,0,0,0,0,0,0,0,0,0,0,0.01533665,0.001433338,0
12,211,73.464,228.0180248,14423.57481,5.0534,0,0,0,0,0,0,0,0,0,0,0,0.01533665,0.001433338,0
12,211,73.464,228.0180248,14423.57481,0.070781,0,0,0.025929,0.40097,0,0,0,0,0,0,0,0.01533665,0.001433338,0
12,211,73.464,228.0180248,14423.57481,0.013572,0,0,0,0.14346,0,0,0,0,0,0.34593,0,0.01533665,0.001433338,0
12,211,73.464,228.0180248,14423.57481,0.68217,0,0.00014,7.8979,0.008333,0,0,0,0,0,12.4689,0,0.01533665,0.001433338,0
12,211,73.464,228.0180248,14423.57481,0,0,0,0,0,0,0,0,0,0,18.3318,0,0.01533665,0.001433338,0
12,211,73.464,228.0180248,14423.57481,0,0,0,0,0,1.3521,0,0,0,0,0,0,0.01533665,0.001433338,0
12,211,73.464,228.0180248,14423.57481,0.008335,0,0,0.088496,0,0,0,0,0,0,10.4865,0,0.01533665,0.001433338,0
12,211,73.464,228.0180248,14423.57481,0,0,0,0,0,0,0,0,0,0,30.786,0,0.01533665,0.001433338,0
12,211,73.464,228.0180248,14423.57481,13.81,0,0,0,0,0,0.42744,0,0,0,0,0,0.01533665,0.001433338,0
12,211,73.464,228.0180248,14423.57481,53.36,0,0,0,7.544,0,0,0,0,0,1.65174,0,0.01533665,0.001433338,0
12,211,73.464,228.0180248,14423.57481,0.03314,0,0,0,0.012187,0.77904,0,0,0,0,3.1278,0,0.01533665,0.001433338,0
12,211,73.464,228.0180248,14423.57481,0,0,0,0.0081579,0.005239,0,0,0,0,0,0.278529,0,0.01533665,0.001433338,0
12,211,73.464,228.0180248,14423.57481,0,0,3.018,0.46711,0.062887,0,0,0,0,0,0,0,0.01533665,0.001433338,0
12,211,73.464,228.0180248,14423.57481,0,0,0,0,3.969,0,0,0,0,0,2.41287,0,0.01533665,0.001433338,0
12,211,73.464,228.0180248,14423.57481,0.00036,0,0,0.12679,0.008321,6.0658,0.13028,0,0,0,5.4765,0,0.01533665,0.001433338,0
12,211,73.464,228.0180248,14423.57481,0.042738,0,0,17.164,0.001493,0,27.295,0,0,0,0.151728,0,0.01533665,0.001433338,0
12,211,73.464,228.0180248,14423.57481,0.34912,0,0,0,0,0,0,0,0,0,1.86174,0,0.01533665,0.001433338,0
12,211,73.464,228.0180248,14423.57481,8.1913,0,0,0.008333,0,0.79321,0,0,0,0,0,0,0.01533665,0.001433338,0
12,211,73.464,228.0180248,14423.57481,0.075337,0,0,5.8999,0,0,0.74966,0,0,0,1.57404,0,0.01533665,0.001433338,0
12,211,73.464,228.0180248,14423.57481,0,0,0,1.3385,0,0.77921,0,0,0,0,2.93637,0,0.01533665,0.001433338,0
12,211,73.464,228.0180248,14423.57481,0,0,0,0.73108,0.030965,0,0,0,0,0,0.288579,0,0.01533665,0.001433338,0
12,211,73.464,228.0180248,14423.57481,0,0,0,0.6175,0.008335,0,0,0,0,0,2.28174,0,0.01533665,0.001433338,0
12,211,73.464,228.0180248,14423.57481,0.008333,0,0,0,0,0,0,0,0,0,0.151728,0,0.01533665,0.001433338,0
12,211,73.464,228.0180248,14423.57481,0,0,0,0,0.008333,0,0,0,0,0,0,0,0.01533665,0.001433338,0
12,211,73.464,228.0180248,14423.57481,24.337,0,0,0,0,0,0,0,0,0,0,0,0.01533665,0.001433338,0
12,211,73.464,228.0180248,14423.57481,0.17903,0,0,0,0.010122,0,0,5.7705,0,0,0.151728,0,0.01533665,0.001433338,0
12,211,73.464,228.0180248,14423.57481,0.002139,0,0,68.713,0.008333,0,0,0,0,0,0.34593,0,0.01533665,0.001433338,0
12,211,73.464,228.0180248,14423.57481,0,0,0,0,0,0,0,0,53.46,0,17.3325,0,0.01533665,0.001433338,0
12,211,73.464,228.0180248,14423.57481,6.0303,0,0.0057565,0,0,0,0,0,0,0,0.151728,0,0.01533665,0.001433338,0
12,211,73.464,228.0180248,14423.57481,0.010963,0,0,0,0.0067709,0,0,0,0,0,1.88184,0,0.01533665,0.001433338,0
12,211,73.464,228.0180248,14423.57481,0.030048,0,0,0,0,0,0,0,0,0,4.4358,0,0.01533665,0.001433338,0
12,211,73.464,228.0180248,14423.57481,0.016638,0,0,0,0.025169,1.0166,0,0,0,0,0,0,0.01533665,0.001433338,0
12,211,73.464,228.0180248,14423.57481,1.4262,0,0,0,0.23265,0,0,0,0,0,68.145,0,0.01533665,0.001433338,0
12,211,73.464,228.0180248,14423.57481,0.3628,0,0,0.013421,0.008333,0,0,0,0,0,0.151728,0,0.01533665,0.001433338,0
12,211,73.464,228.0180248,14423.57481,6.2048,0,0,8.0353,0.003821,0.79321,0,0,0,0,0.278532,0,0.01533665,0.001433338,0
12,211,73.464,228.0180248,14423.57481,0,0,0,0,0.065813,0,0,0,0,0,47.328,0,0.01533665,0.001433338,0
12,211,73.464,228.0180248,14423.57481,0,0,0,0,0,0,0,0,0,0,0,0,0.01533665,0.001433338,0
12,211,73.464,228.0180248,14423.57481,0.00524,0,0,0,0,0,0,0,0,0,0.65616,0,0.01533665,0.001433338,0
12,211,73.464,228.0180248,14423.57481,0.018235,0,0,0,0.014119,0,97.067,0,0,0,0.50493,0,0.01533665,0.001433338,0
12,211,73.464,228.0180248,14423.57481,0.50457,0,0,0,6.0919,0,0,0,0,0,14.1318,0,0.01533665,0.001433338,0
12,211,73.464,228.0180248,14423.57481,4.282,0,0,0.003346,0.14105,0,0,0,0,0,2.3544,0,0.01533665,0.001433338,0
12,211,73.464,228.0180248,14423.57481,0.048638,0,0,15.984,0.008333,0,0,0,0,0,3.5568,0,0.01533665,0.001433338,0
12,211,73.464,228.0180248,14423.57481,0.034133,0,0,0,0,0,0.13028,0,0,0,7.3257,0,0.01533665,0.001433338,0
12,211,73.464,228.0180248,14423.57481,0.00524,0,0,0,0.014581,0,0,0,0,0,3.2364,0,0.01533665,0.001433338,0
12,211,73.464,228.0180248,14423.57481,0.008335,0,0,0,0.008321,0,0,0,0,0,0.151728,0,0.01533665,0.001433338,0
12,211,73.464,228.0180248,14423.57481,0,0,0,0.007148,0,0,0,0,0,0,0.151728,0,0.01533665,0.001433338,0
12,211,73.464,228.0180248,14423.57481,0.028169,0,0,0,0.002055,0,0,0,0,0,3.4872,0,0.01533665,0.001433338,0
12,211,73.464,228.0180248,14423.57481,0,0,0,0,0,0,0,0,0,0,0.151728,0,0.01533665,0.001433338,0
12,211,73.464,228.0180248,14423.57481,0,0,0,0,0,0,0,0,0,0,0.42399,0,0.01533665,0.001433338,0
12,211,73.464,228.0180248,14423.57481,0.0055799,0,0,0.000739,3.3777,0,0,0,0,0,0.151728,0,0.01533665,0.001433338,0
12,211,73.464,228.0180248,14423.57481,0.041249,0,0,0,0.86472,0,0,0,0,0,6.8079,0,0.01533665,0.001433338,0
12,211,73.464,228.0180248,14423.57481,0.0055384,0,0,0.008333,2.6315,0,0,0,0,0,0,0,0.01533665,0.001433338,0
12,211,73.464,228.0180248,14423.57481,0.00524,0,0,0,0.023106,0,0,0,0,0,2.61366,0,0.01533665,0.001433338,0
12,211,73.464,228.0180248,14423.57481,0.008333,0,0,0.13117,0.00524,0,0,0,0,0,5.4381,0,0.01533665,0.001433338,0
12,211,73.464,228.0180248,14423.57481,0.063798,0,0,0,0.37101,0,0,0,0,0,0.151728,0,0.01533665,0.001433338,0
12,211,73.464,228.0180248,14423.57481,0,0,0,0,0,0,36.808,0,0,0,5.0718,0,0.01533665,0.001433338,0
12,211,73.464,228.0180248,14423.57481,0,0,0,0.00644,0,0.034291,0,0,0,0,0,0,0.01533665,0.001433338,0
12,211,73.464,228.0180248,14423.57481,2.6123,0,0,0,0,0,0,0,0,0,0.68376,0,0.01533665,0.001433338,0
12,211,73.464,228.0180248,14423.57481,0,0,0,0,0,0,0,0,0,0,0,0,0.01533665,0.001433338,0
12,211,73.464,228.0180248,14423.57481,1.1394,0,0,0,0.030073,0,8.872,0,0,0,0,0,0.01533665,0.001433338,0
12,211,73.464,228.0180248,14423.57481,0.0098678,0,0,0.001326,16,0,0,0,0,0,0,0,0.01533665,0.001433338,0
12,211,73.464,228.0180248,14423.57481,0,0,0,0.030237,0.010107,0,0,0,0,0,3.9402,0,0.01533665,0.001433338,0
12,211,73.464,228.0180248,14423.57481,0,0,0,0,0.014178,0,0,0,0,0,4.4313,0,0.01533665,0.001433338,0
12,211,73.464,228.0180248,14423.57481,0,0,0,0,0,0,0,0,0,0,0,0,0.01533665,0.001433338,0
12,211,73.464,228.0180248,14423.57481,0.008333,0,0,0,0,0,0,0,0,0,0.151728,0,0.01533665,0.001433338,0
12,211,73.464,228.0180248,14423.57481,0.063798,0,0,0,0,0,0,0,0,0,30.786,0,0.01533665,0.001433338,0
12,211,73.464,228.0180248,14423.57481,0,0,0,0,0,0,0.13028,0,0,0,2.05122,0,0.01533665,0.001433338,0
12,211,73.464,228.0180248,14423.57481,0,0,0,0.005239,0.070777,0,0,0,0,0,23.3337,0,0.01533665,0.001433338,0
12,211,73.464,228.0180248,14423.57481,0.000172,0,0,0.0306,0,0,0,0,0,0,0.151728,0,0.01533665,0.001433338,0
12,211,73.464,228.0180248,14423.57481,0,0,0,2.2294,0,0,0,0,0,0,4.521,0,0.01533665,0.001433338,0
12,211,73.464,228.0180248,14423.57481,0.000376,0,0,0.014206,0,0,0,0,0,0,0,0,0.01533665,0.001433338,0
12,211,73.464,228.0180248,14423.57481,0,0,0,0,4.6346,0,0,0,0,0,11.0184,0,0.01533665,0.001433338,0
12,211,73.464,228.0180248,14423.57481,0,0,0,0,0,0,0,0,0,0,12.0405,0,0.01533665,0.001433338,0
12,211,73.464,228.0180248,14423.57481,0.008335,0,0.084515,0.008333,0,0.77921,0,0,0,0,0.151728,0,0.01533665,0.001433338,0
12,211,73.464,228.0180248,14423.57481,0.023786,0,0,0.01377,0.93679,0,0,0,0,0,16.3047,0,0.01533665,0.001433338,0
12,211,73.464,228.0180248,14423.57481,0.003416,0,0,0.002508,0,0,0,0,0,0,0.53757,0,0.01533665,0.001433338,0
12,211,73.464,228.0180248,14423.57481,0,0,0,0,0,0,0,0,0,0,0,0,0.01533665,0.001433338,0
12,211,73.464,228.0180248,14423.57481,0,0,0,0,0,0,0,0,0,0,0,0,0.01533665,0.001433338,0
12,211,73.464,228.0180248,14423.57481,0.047912,0,0,0.00644,0,0,51.57,0,0,0,10.6335,0,0.01533665,0.001433338,0
12,211,73.464,228.0180248,14423.57481,0.00524,0,0,1.0487,8.1751,0,0,0,0,0,0.151728,0,0.01533665,0.001433338,0
12,211,73.464,228.0180248,14423.57481,0.005239,0,0,0,0.00014,0.10235,0,0,0,0,0.151728,0,0.01533665,0.001433338,0
12,211,73.464,228.0180248,14423.57481,0.0088426,0,0,0,0,0,0,0,0,0,4.4403,0,0.01533665,0.001433338,0
12,211,73.464,228.0180248,14423.57481,0.38105,0,0.001326,0,6.9699,0,0,0,0,0,4.1943,0,0.01533665,0.001433338,0
12,211,73.464,228.0180248,14423.57481,0,0,0,0,0,0,0,0,0,0,52.569,0,0.01533665,0.001433338,0
12,211,73.464,228.0180248,14423.57481,0.11399,0,0,0,0,0,0,0,0,0,0.151728,0,0.01533665,0.001433338,0
12,211,73.464,228.0180248,14423.57481,3.2038,0,0,0.008333,5.7523,0,0.67845,0,0,0,39.096,0,0.01533665,0.001433338,0
12,211,73.464,228.0180248,14423.57481,0,0,0,0.008336,16,0,0,0,0,0,4.6158,0,0.01533665,0.001433338,0
12,211,73.464,228.0180248,14423.57481,1.4262,0,0,0,0,0,0,0,0,0,0,0,0.01533665,0.001433338,0
12,211,73.464,228.0180248,14423.57481,0,0,0,0,0,0,0,0,0,0,4.1568,0,0.01533665,0.001433338,0
12,211,73.464,228.0180248,14423.57481,3.2227,0,0,4.1106,0.074576,2.3282,0,0,0,0,0.151728,0,0.01533665,0.001433338,0
12,211,73.464,228.0180248,14423.57481,6.87,0,0,0.003346,0,0,0.59876,0,0,0,0.151728,0,0.01533665,0.001433338,0
12,211,73.464,228.0180248,14423.57481,3.8952,0,0,0.062249,0,0,0,0,0,0,0.151728,0,0.01533665,0.001433338,0
12,211,73.464,228.0180248,14423.57481,0,0,0,0,0,0,0,0,0,0,0.151728,0,0.01533665,0.001433338,0
12,211,73.464,228.0180248,14423.57481,0.21588,0,0.049251,70.359,0,0,0,0,0,0,4.0518,0,0.01533665,0.001433338,0
12,211,73.464,228.0180248,14423.57481,0,0,0,0.11243,0,0,0,0,0,0,0.151728,0,0.01533665,0.001433338,0
12,211,73.464,228.0180248,14423.57481,0.004864,0,0,0.36044,0,0,0,0,0,0,3.4926,0,0.01533665,0.001433338,0
12,211,73.464,228.0180248,14423.57481,0.29343,0,0,0.0306,0.069058,0,0.42744,0,0,0,18.849,0,0.01533665,0.001433338,0
12,211,73.464,228.0180248,14423.57481,9.9965,0,0,0,0.0078558,0,0,0,0,0,0.278526,0,0.01533665,0.001433338,0
12,211,73.464,228.0180248,14423.57481,0,0,0,4.4534,0,0,0,0,0,0,0.151728,0,0.01533665,0.001433338,0
12,211,73.464,228.0180248,14423.57481,0.008333,0,0,0,0,0,0,0,0,0,0.278526,0,0.01533665,0.001433338,0
13,212,11.888,511.9849857,32386.27187,0,0,0,0.00524,0,0,22.25,0,0,0,0.51381,1.611949377,0.035349597,0.003303714,0
13,212,11.888,511.9849857,32386.27187,0.029004,0,0,0,4.0421,0,0,0,0,0,7.3638,0.757177028,0.035349597,0.003303714,0
13,212,11.888,511.9849857,32386.27187,0.00524,0,46.499,0.55992,0,0,0,0,0,0,0.151728,3.933904712,0.035349597,0.003303714,0
13,212,11.888,511.9849857,32386.27187,7.049,0,0,0.017468,1.0363,3.2273,0,0,0.008338,0,0.151728,0.496109546,0.035349597,0.003303714,0
13,212,11.888,511.9849857,32386.27187,0.000688,0,0,0,0.047685,0,0,0,0,0,0,1.437091095,0.035349597,0.003303714,0
13,212,11.888,511.9849857,32386.27187,0.011479,0,0,0,0,0,0,0,0,0,0,0.757177028,0.035349597,0.003303714,0
13,212,11.888,511.9849857,32386.27187,50.529,0,0,0.00644,22.461,8.6074,0,0,0,0,0.151728,8.563989377,0.035349597,0.003303714,0
13,212,11.888,511.9849857,32386.27187,0.0055384,0,1.1973,0.008333,0.93679,0,0,2.738,0,0,0.151728,3.933904712,0.035349597,0.003303714,0
13,212,11.888,511.9849857,32386.27187,0.008333,0,0,0.021906,0,0,0,0,0,0,0,4.286874454,0.035349597,0.003303714,0
13,212,11.888,511.9849857,32386.27187,0.023705,0,0,9.9,0.00524,3.4808,0,0,0,0,0.37014,7.61406159,0.035349597,0.003303714,0
13,212,11.888,511.9849857,32386.27187,0.53043,0,0,0.00644,17.64,0,0,0,0,0,0,0.757177028,0.035349597,0.003303714,0
13,212,11.888,511.9849857,32386.27187,0,0,0,0,4.6346,0,0,0,0,0,0.151728,96.95287753,0.035349597,0.003303714,0
13,212,11.888,511.9849857,32386.27187,0,0,0,0,0,0,0,0,0,0,0.151728,0.163878809,0.035349597,0.003303714,0
13,212,11.888,511.9849857,32386.27187,0.00644,0,0,0,0,0,0,0,0,0,0,1.629841853,0.035349597,0.003303714,0
13,212,11.888,511.9849857,32386.27187,0,0,0,17.949,0,0,0.13028,0,0,0,0.151728,8.643285575,0.035349597,0.003303714,0
13,212,11.888,511.9849857,32386.27187,0.037775,0,0,0.008333,0,0.54889,0,0,2.0037,0,0.9426,1.437091095,0.035349597,0.003303714,0
13,212,11.888,511.9849857,32386.27187,0,0,0,15.984,0,0,0,0,0,0,7.2051,2.550491043,0.035349597,0.003303714,0
13,212,11.888,511.9849857,32386.27187,6.7661,0,0,0,0,0,0,0,0,0,7.2312,0.403800639,0.035349597,0.003303714,0
13,212,11.888,511.9849857,32386.27187,3.8952,0,0,0,0.008333,0,0,0,0,0,0.151728,1.480602342,0.035349597,0.003303714,0
13,212,11.888,511.9849857,32386.27187,63.495,0,0,0,2.8821,0.0000095,0,0,0,0,29.2218,2.626534064,0.035349597,0.003303714,0
13,212,11.888,511.9849857,32386.27187,0.005239,0,0,0.008333,6.873,0,0,0,0,0,0,0.496109546,0.035349597,0.003303714,0
13,212,11.888,511.9849857,32386.27187,0,0,0,0,0,8.0819,0,0,0,0,0,6.85281809,0.035349597,0.003303714,0
13,212,11.888,511.9849857,32386.27187,0.001309,0,0,0,46.767,0.56087,0,0,0,0,0,3.370698383,0.035349597,0.003303714,0
13,212,11.888,511.9849857,32386.27187,0,0,0.26609,0,0,0,0,0,0,0,43.863,1.480602342,0.035349597,0.003303714,0
13,212,11.888,511.9849857,32386.27187,0.74435,0,0,12.69,4.6708,0,0,0,0,0,5.2239,20.03672595,0.035349597,0.003303714,0
13,212,11.888,511.9849857,32386.27187,0.00524,0,1.4067,0,0,0,0,0,0,0,0.278526,0.51278208,0.035349597,0.003303714,0
13,212,11.888,511.9849857,32386.27187,198.15,0,0,0.017238,0.00524,0,0,0,0,0,0.151728,57.7672295,0.035349597,0.003303714,0
13,212,11.888,511.9849857,32386.27187,0.003821,0,0,0,0.0096305,0,0,0,0,0,0.151728,2.742428507,0.035349597,0.003303714,0
13,212,11.888,511.9849857,32386.27187,0,0,0,0,0,0,0,0,0,0,1.41975,1.480602342,0.035349597,0.003303714,0
13,212,11.888,511.9849857,32386.27187,0.014901,0,0,0,0,0,0.60778,0,0,0,0.84174,1.753869239,0.035349597,0.003303714,0
13,212,11.888,511.9849857,32386.27187,3.4031,0,0,0,0,0,0,0,0,0,0.151728,20.03672595,0.035349597,0.003303714,0
13,212,11.888,511.9849857,32386.27187,0,0,0,0.005239,12.686,0.95676,0,0,0,0,1.57107,14.97902997,0.035349597,0.003303714,0
13,212,11.888,511.9849857,32386.27187,1.4804,0,0,0,0,0,0,0,0,0,6.9018,0.533114438,0.035349597,0.003303714,0
13,212,11.888,511.9849857,32386.27187,0.00524,0,0,0.11797,10.115,6.9496,0.13028,0,0,0,2.39871,81.9106449,0.035349597,0.003303714,0
13,212,11.888,511.9849857,32386.27187,5.7412,0,0,0.001436,0,0,0,0,0,0,0.151728,1.926287639,0.035349597,0.003303714,0
13,212,11.888,511.9849857,32386.27187,0,0,0,0,0,0,0,0,0,0,1.10577,3.50611189,0.035349597,0.003303714,0
13,212,11.888,511.9849857,32386.27187,1.5561,0,0,0.007148,0,0,0,0,0,0,1.74174,1.753869239,0.035349597,0.003303714,0
13,212,11.888,511.9849857,32386.27187,0,0,0,0,0.0062716,0,0,0,0,0,0.151728,4.862686845,0.035349597,0.003303714,0
13,212,11.888,511.9849857,32386.27187,27.506,0,13.427,0,0.000124,0,0.59876,0,0,0,43.602,1.629841853,0.035349597,0.003303714,0
13,212,11.888,511.9849857,32386.27187,0,0,0,0,0,0,0,0,0,0,0,0.757177028,0.035349597,0.003303714,0
13,212,11.888,511.9849857,32386.27187,2.1165,0,0,0,0.00524,0,4.4928,0,0,0,0.151728,4.791523591,0.035349597,0.003303714,0
13,212,11.888,511.9849857,32386.27187,0.008332,0,0,0,0.008335,0.03757,0,0,0,0,2.23266,1.480602342,0.035349597,0.003303714,0
13,212,11.888,511.9849857,32386.27187,0.003821,0,0,0,0,0,0,0,0,0,0.151728,6.85281809,0.035349597,0.003303714,0
13,212,11.888,511.9849857,32386.27187,0,0,0,0,0.008333,0,0,0,0,0,1.97832,0.51278208,0.035349597,0.003303714,0
13,212,11.888,511.9849857,32386.27187,0.00524,0,0,0,0,0,0,0,0,0,7.3206,1.788434249,0.035349597,0.003303714,0
13,212,11.888,511.9849857,32386.27187,0,0,0.00062,0,0,0,0,0,0,0,1.85526,57.83043216,0.035349597,0.003303714,0
13,212,11.888,511.9849857,32386.27187,0,0,0,0,0,7.8317,0,0,0,0,0,9.094257285,0.035349597,0.003303714,0
13,212,11.888,511.9849857,32386.27187,0.0097975,0,0,0,3.7624,0,0,0,0,0,4.6029,0.163878809,0.035349597,0.003303714,0
13,212,11.888,511.9849857,32386.27187,0.21588,0,0,0,0.14346,0,0,0,0,0,0.99864,8.153142895,0.035349597,0.003303714,0
13,212,11.888,511.9849857,32386.27187,1.8905,0,0,0,0,0,0.021726,0,0,0,0,3.37110503,0.035349597,0.003303714,0
13,212,11.888,511.9849857,32386.27187,0.08029,0,0,0,0,0,0,0,0,0,12.6336,96.95287753,0.035349597,0.003303714,0
13,212,11.888,511.9849857,32386.27187,0.0056959,0,0,0,0.008333,0,0,0,0,0,2.37174,3.294248715,0.035349597,0.003303714,0
13,212,11.888,511.9849857,32386.27187,0.58468,0,0,0.50869,0,0,0,0,0,0,2.52933,2.282103912,0.035349597,0.003303714,0
13,212,11.888,511.9849857,32386.27187,0.028169,0,0,0.10557,35.29,0,0,0,0,0,1.03647,4.862686845,0.035349597,0.003303714,0
13,212,11.888,511.9849857,32386.27187,1.0344,0,0,0,0,0,0.13028,0,0,0,0,6.85281809,0.035349597,0.003303714,0
13,212,11.888,511.9849857,32386.27187,0,0,0,3.8138,0,0,0,0,0,0,2.10972,1.600969904,0.035349597,0.003303714,0
13,212,11.888,511.9849857,32386.27187,0,0,0,0.020575,0.013973,0,0,0,0,0,1.64742,1.953939646,0.035349597,0.003303714,0
13,212,11.888,511.9849857,32386.27187,0.10284,0,0,0,0,0.77864,0,0,0,0,0.151728,7.432290306,0.035349597,0.003303714,0
13,212,11.888,511.9849857,32386.27187,0,0,0,0.036193,0,0,0,0,0,0,0,6.438851272,0.035349597,0.003303714,0
13,212,11.888,511.9849857,32386.27187,0,0,0,7.8163,0,0,0,0,0,0,0,7.61406159,0.035349597,0.003303714,0
13,212,11.888,511.9849857,32386.27187,0,0,0,0,14.692,49.181,35.561,0,0,0,38.517,3.933904712,0.035349597,0.003303714,0
13,212,11.888,511.9849857,32386.27187,0.003485,0,0,0.071721,0,0,0,0,0,0,0.151728,0.403800639,0.035349597,0.003303714,0
13,212,11.888,511.9849857,32386.27187,0,0,0,0,14.084,0,0,7.1844,0,0,0,1.912461635,0.035349597,0.003303714,0
13,212,11.888,511.9849857,32386.27187,0.0088108,0,0,0.00036,0,0,0,0,0,0,5.4765,1.926287639,0.035349597,0.003303714,0
13,212,11.888,511.9849857,32386.27187,0.008336,0,0,0.00524,0,0,0,0,0,0,0,9.094257285,0.035349597,0.003303714,0
13,212,11.888,511.9849857,32386.27187,0.022591,0,0,1.5881,0.12099,0,0,0,0.93359,0,0,0.308645201,0.035349597,0.003303714,0
13,212,11.888,511.9849857,32386.27187,0,0,0,0,0.008321,0,0,0,0,0,0.151728,34.6982593,0.035349597,0.003303714,0
13,212,11.888,511.9849857,32386.27187,0,0,0.00524,0,0,25.566,0,0,0,0,43.602,8.153142895,0.035349597,0.003303714,0
13,212,11.888,511.9849857,32386.27187,0,0,0,0.011652,0,0,0,0,0,0,0.151728,5.924849251,0.035349597,0.003303714,0
13,212,11.888,511.9849857,32386.27187,0.012423,0,0,0,0.31656,8.0819,27.295,0,0,0,15.8232,8.153142895,0.035349597,0.003303714,0
13,212,11.888,511.9849857,32386.27187,0.10994,0,0,0.008335,0.0099455,0,0,0,0,0,0,0.677067536,0.035349597,0.003303714,0
13,212,11.888,511.9849857,32386.27187,2.2987,0,0,0,0,0,0,0,0,0,0,1.611949377,0.035349597,0.003303714,0
13,212,11.888,511.9849857,32386.27187,0,0,0,0.36044,0,0,11.56,0,0,0,0,1.082901411,0.035349597,0.003303714,0
13,212,11.888,511.9849857,32386.27187,0,0,0,0.012154,0.008321,0,0,0,0,0,0.37014,4.044970118,0.035349597,0.003303714,0
13,212,11.888,511.9849857,32386.27187,0,0,0,0.081032,0.0001875,0,0,0,0,0,0,4.044970118,0.035349597,0.003303714,0
13,212,11.888,511.9849857,32386.27187,5.4818,0,0,0.026311,9.3522,0,0,0,0,0,0.45174,0.677067536,0.035349597,0.003303714,0
13,212,11.888,511.9849857,32386.27187,0,0,0,0,0.00524,0,0,2.6871,0,0,10.8618,1.611949377,0.035349597,0.003303714,0
13,212,11.888,511.9849857,32386.27187,0.001493,0,0,0,0.0056,0,0,0,0,0,0.151728,9.094257285,0.035349597,0.003303714,0
13,212,11.888,511.9849857,32386.27187,0,0,0,11.325,0.005239,0,0,0,0,0,7.2312,2.282103912,0.035349597,0.003303714,0
13,212,11.888,511.9849857,32386.27187,16.8,0,0,0,0,0,0,0,0,0,0.286086,62.76023949,0.035349597,0.003303714,0
13,212,11.888,511.9849857,32386.27187,0.22208,0,0,0,0,0,0,0,0,0,0.181728,1.611949377,0.035349597,0.003303714,0
13,212,11.888,511.9849857,32386.27187,0.00644,0,0,0,0.00524,0,8.872,0,0,0,0,0.496109546,0.035349597,0.003303714,0
13,212,11.888,511.9849857,32386.27187,0.023222,0,0,0,1.6408,0,0,0,0,0,66.003,1.953939646,0.035349597,0.003303714,0
13,212,11.888,511.9849857,32386.27187,0.022279,0,0,0.051994,0.008953,1.0436,0,0,0,0,0.151728,0.506275725,0.035349597,0.003303714,0
13,212,11.888,511.9849857,32386.27187,0,0,0,0,0,0,0,0.090791,0,0,0.27948,4.748825638,0.035349597,0.003303714,0
13,212,11.888,511.9849857,32386.27187,0.0088108,0,0,2.9167,0,0.77921,0.13028,0,0,0,7.431,4.044970118,0.035349597,0.003303714,0
13,212,11.888,511.9849857,32386.27187,0,0,0,0.3488,0,0,0.021726,0,0,0,0,1.953939646,0.035349597,0.003303714,0
13,212,11.888,511.9849857,32386.27187,0,0,0,0,0,0,0,0,0,0,0.151728,2.550491043,0.035349597,0.003303714,0
13,212,11.888,511.9849857,32386.27187,5.15,0,0,0.034928,0,0,0,0,0,0,12.4689,10.8444667,0.035349597,0.003303714,0
13,212,11.888,511.9849857,32386.27187,53.36,0,0,0.003821,0,0,0,0,0,0,0.278532,7.61406159,0.035349597,0.003303714,0
13,212,11.888,511.9849857,32386.27187,0.008333,0,0,0,0,0,16.305,0,0,0,4.5897,2.473634728,0.035349597,0.003303714,0
13,212,11.888,511.9849857,32386.27187,0,0,0,0,0,0,0,0,0,0,24.5118,2.282103912,0.035349597,0.003303714,0
13,212,11.888,511.9849857,32386.27187,0.002011,0,0,0.007328,6.78,0,0,0,0,0,13.3746,7.432290306,0.035349597,0.003303714,0
13,212,11.888,511.9849857,32386.27187,0.008333,0,0,2.6259,0,0,0,0,0,0,65.781,20.03672595,0.035349597,0.003303714,0
13,212,11.888,511.9849857,32386.27187,46.878,0,8.1175,0,0,20.64,0,0,0,0,0,4.748825638,0.035349597,0.003303714,0
13,212,11.888,511.9849857,32386.27187,0.29343,0,0,0,0,0,0,0,0,0,5.0406,126.2789109,0.035349597,0.003303714,0
13,212,11.888,511.9849857,32386.27187,0.15712,0,0,4.8058,0.0088426,0,0,0,0,0,0.151728,1.953939646,0.035349597,0.003303714,0
13,212,11.888,511.9849857,32386.27187,6.7661,0,0,0.041028,14.692,0,0,0,0.008321,0,6.5418,13.20935554,0.035349597,0.003303714,0
13,212,11.888,511.9849857,32386.27187,0.012423,0,0,0.008333,0,0,0,0,0,0,4.1406,8.643285575,0.035349597,0.003303714,0
13,212,11.888,511.9849857,32386.27187,6.87,0,0,0,76.072,0,0.42744,0,0,0,34.872,19.71922933,0.035349597,0.003303714,0
13,212,11.888,511.9849857,32386.27187,0,0,0,0,0.68784,0,0,0,0,0,0,6.85281809,0.035349597,0.003303714,0
13,212,11.888,511.9849857,32386.27187,1.3203,0,0,0,0,0,0,0,0,0,1.35936,6.438851272,0.035349597,0.003303714,0
13,212,11.888,511.9849857,32386.27187,0.00524,0,0.79962,0,0.005239,0.026145,0,0,0,0,0.67983,0.533114438,0.035349597,0.003303714,0
13,212,11.888,511.9849857,32386.27187,0.39529,0,0,0,0,0,0,0,0,0,30.648,4.748825638,0.035349597,0.003303714,0
13,212,11.888,511.9849857,32386.27187,0,0,0,16.48,6.873,0,0.67845,0,0,0,6.8079,1.753869239,0.035349597,0.003303714,0
13,212,11.888,511.9849857,32386.27187,0.00062,0,0,5.4764,0.86472,0,0,0,0,0,0.151728,20.03672595,0.035349597,0.003303714,0
13,212,11.888,511.9849857,32386.27187,36.945,0,0,0,0,0,0,0,0,0,5.0406,3.50611189,0.035349597,0.003303714,0
13,212,11.888,511.9849857,32386.27187,1.2325,0,0,0,0.013036,0.77921,0,0,0,0,0.151728,1.753869239,0.035349597,0.003303714,0
13,212,11.888,511.9849857,32386.27187,0.047912,0,0,0,0.13592,0,0,0,0,0,1.91388,2.473634728,0.035349597,0.003303714,0
13,212,11.888,511.9849857,32386.27187,2.6123,0,0,0.040507,0,0,0,0,0,0,0.271728,5.924849251,0.035349597,0.003303714,0
13,212,11.888,511.9849857,32386.27187,24.337,0,0,0,0,0,7.2385,0,0,0,4.1406,4.862686845,0.035349597,0.003303714,0
13,212,11.888,511.9849857,32386.27187,0.25336,0,0,0.010105,0,0,0,0,0,0,10.4415,0.403800639,0.035349597,0.003303714,0
13,212,11.888,511.9849857,32386.27187,0.34912,0,0,2.0429,0,0,0,0,0,0,11.6058,0.308645201,0.035349597,0.003303714,0
13,212,11.888,511.9849857,32386.27187,0.007328,0,0,0,76.072,0.008333,0.021726,0,0,0,0,3.66575417,0.035349597,0.003303714,0
13,212,11.888,511.9849857,32386.27187,0.008333,0,0,23.551,1.5099,0,0,0,0,0,4.5198,107.1285055,0.035349597,0.003303714,0
13,212,11.888,511.9849857,32386.27187,0.013408,0,0,0,0,0,0,0,0,0,0,3.27635624,0.035349597,0.003303714,0
13,212,11.888,511.9849857,32386.27187,1.8379,0,0,0,0.005239,0.000886,0,0,0,0,0.27711,3.933904712,0.035349597,0.003303714,0
13,212,11.888,511.9849857,32386.27187,0.009261,0,0,6.376,0.19458,0,0,0,0,0,0.278532,1.480602342,0.035349597,0.003303714,0
13,212,11.888,511.9849857,32386.27187,0,0,0,6.9518,4.2216,0,0,0,0,0,22.8018,13.20935554,0.035349597,0.003303714,0
13,212,11.888,511.9849857,32386.27187,0.50457,0,0,0,0,0,0,0,0,0,7.2051,1.480602342,0.035349597,0.003303714,0
13,212,11.888,511.9849857,32386.27187,1.898,0,0,0.013546,0,0,0,0,0,0,0,3.370698383,0.035349597,0.003303714,0
13,212,11.888,511.9849857,32386.27187,185.11,0,0,0.094899,0,0,0,0,0,0,0,2.473634728,0.035349597,0.003303714,0
13,212,11.888,511.9849857,32386.27187,0.000688,0,0,0,0,0,0,0,0,0,0,6.438851272,0.035349597,0.003303714,0
13,212,11.888,511.9849857,32386.27187,0.0068531,0,0,0,0,0,0.13028,0,0,0,0,2.282103912,0.035349597,0.003303714,0
13,212,11.888,511.9849857,32386.27187,2.3556,0,0,0.006456,0,0,0,0,0,0,3.6423,2.282103912,0.035349597,0.003303714,0
13,212,11.888,511.9849857,32386.27187,23.582,0,0,0,0,0,0,0,0,0,0,38.6168241,0.035349597,0.003303714,0
13,212,11.888,511.9849857,32386.27187,0.016699,0,0,1.2021,0,0,25.393,0,0,0,0.279489,13.58857149,0.035349597,0.003303714,0
13,212,11.888,511.9849857,32386.27187,8.3439,0,0,6.6789,0,0,0,0,0,0,0,4.791523591,0.035349597,0.003303714,0
13,212,11.888,511.9849857,32386.27187,36.159,0,0,0.70621,0,0,0,0,0,0,0.151728,2.282103912,0.035349597,0.003303714,0
13,212,11.888,511.9849857,32386.27187,0,0,0,0.0088426,0,0,0,0,0,0,1.57179,8.563989377,0.035349597,0.003303714,0
13,212,11.888,511.9849857,32386.27187,0.011679,0,0,0,0.014078,0,0,0,0,0,0.151728,459.9889457,0.035349597,0.003303714,0
13,212,11.888,511.9849857,32386.27187,0,0,0,0.25593,0,0,0,6.1114,0,0,0.151728,20.03672595,0.035349597,0.003303714,0
13,212,11.888,511.9849857,32386.27187,0,0,0,0,0,0,0.13028,0,0,0,44.763,0.677067536,0.035349597,0.003303714,0
13,212,11.888,511.9849857,32386.27187,0,0,0,43.346,2.8091,0,0,0,0,0,0.151728,1.437091095,0.035349597,0.003303714,0
13,212,11.888,511.9849857,32386.27187,0.042738,0,0,0,21.064,0,0,0,0,0,0,1.611949377,0.035349597,0.003303714,0
13,212,11.888,511.9849857,32386.27187,0.65673,0,0,0,0.19458,0.80154,0,0,0,0,0.151728,8.643285575,0.035349597,0.003303714,0
13,212,11.888,511.9849857,32386.27187,0.5002,0,0,0.011527,0.008335,0,0,0,0,0,57.423,5.721119019,0.035349597,0.003303714,0
13,212,11.888,511.9849857,32386.27187,0.00524,0,0,0,13.034,0,0,0,0,0,0.33174,8.643285575,0.035349597,0.003303714,0
13,212,11.888,511.9849857,32386.27187,0,0,0,13.409,0.0094528,0,0,0,0,0,13.3746,0.403800639,0.035349597,0.003303714,0
13,212,11.888,511.9849857,32386.27187,0,0,0.005988,0.14108,0,3.4808,0,0,0,0,15.9147,7.61406159,0.035349597,0.003303714,0
13,212,11.888,511.9849857,32386.27187,1.0344,0,0,0,0,0,0.74966,0,0,0,58.353,8.643285575,0.035349597,0.003303714,0
13,212,11.888,511.9849857,32386.27187,0,0,0,1.1174,0,0,0,0,0,0,0,107.1285055,0.035349597,0.003303714,0
13,212,11.888,511.9849857,32386.27187,0.17903,0,0,0,0,0,0,0,0,0,0.45174,4.748825638,0.035349597,0.003303714,0
13,212,11.888,511.9849857,32386.27187,0,0,0,0,0.0072705,0,0,0,0,0,0,3.933904712,0.035349597,0.003303714,0
13,212,11.888,511.9849857,32386.27187,0.050392,0,0,0,0.000078,0.003718,0,0,0,0,0.151728,1.629841853,0.035349597,0.003303714,0
13,212,11.888,511.9849857,32386.27187,0,0,0,0,0,0,0,0,0,0,12.0405,57.83043216,0.035349597,0.003303714,0
13,212,11.888,511.9849857,32386.27187,0,0,0,0.00524,35.29,0,0,0,0,0,0.151728,5.721119019,0.035349597,0.003303714,0
13,212,11.888,511.9849857,32386.27187,0.004143,0,0,0,0,0,0,0,0,0,11.1597,3.37110503,0.035349597,0.003303714,0
13,212,11.888,511.9849857,32386.27187,0.008333,0,0,0.79273,0.011526,0,0,0,0,0,0,8.563989377,0.035349597,0.003303714,0
13,212,11.888,511.9849857,32386.27187,0.00524,0,0,0.008333,0,0,0,0,0,0,1.57107,0.403800639,0.035349597,0.003303714,0
13,212,11.888,511.9849857,32386.27187,0.00062,0,0,0,0,0,0,0,0,0,1.98174,0.51278208,0.035349597,0.003303714,0
13,212,11.888,511.9849857,32386.27187,4.1811,0,0,0,0,0.069446,0,0,0,0,0.151728,13.58857149,0.035349597,0.003303714,0
13,212,11.888,511.9849857,32386.27187,0,0,0,0,0,0,0,0,0,0,4.6158,7.432290306,0.035349597,0.003303714,0
13,212,11.888,511.9849857,32386.27187,0.003822,0,0,0,0,0,0,0,0,0,0.77829,38.6168241,0.035349597,0.003303714,0
13,212,11.888,511.9849857,32386.27187,0.0097975,0,0,0,0,0,0,0,0,0,0,3.933904712,0.035349597,0.003303714,0
13,212,11.888,511.9849857,32386.27187,0,0,0,0,0,0,0,0,0,0,5.1363,7.432290306,0.035349597,0.003303714,0
13,212,11.888,511.9849857,32386.27187,177.88,0,0,0.007328,0,0,0,0,0,0,8.9118,8.563989377,0.035349597,0.003303714,0
13,212,11.888,511.9849857,32386.27187,0.008335,0,0,0.0067817,1.6868,0,0,0,0,0,0.151728,2.626534064,0.035349597,0.003303714,0
13,212,11.888,511.9849857,32386.27187,0.22208,0,4.2757,20.449,0.005239,0,0,0,0,0,0.72228,4.748825638,0.035349597,0.003303714,0
13,212,11.888,511.9849857,32386.27187,0.000376,0,0,0,0.13092,0,0,0,0,0,0,1.480602342,0.035349597,0.003303714,0
13,212,11.888,511.9849857,32386.27187,0,0,0,0,0,0,0,0,0,0,0,3.27635624,0.035349597,0.003303714,0
13,212,11.888,511.9849857,32386.27187,0.20881,0,0,0.054581,0.006456,0,0,0,0,0,6.9018,19.16080795,0.035349597,0.003303714,0
13,212,11.888,511.9849857,32386.27187,0,0,0,0.014206,0,0,0,0,0,0,0,1.753869239,0.035349597,0.003303714,0
13,212,11.888,511.9849857,32386.27187,0.67038,0,0.98593,0.00524,0.008333,0,14.079,0,0,0,0.151728,0.757177028,0.035349597,0.003303714,0
13,212,11.888,511.9849857,32386.27187,0,0,0,0.33242,0,0,0,0,0,0,0.50493,1.611949377,0.035349597,0.003303714,0
13,212,11.888,511.9849857,32386.27187,0.38105,0,0,0,0,0.004625,0,0,0,0,0.151728,81.9106449,0.035349597,0.003303714,0
13,212,11.888,511.9849857,32386.27187,0,0,0,0.11797,0,0,21.515,0,0,0,7.3638,1.611949377,0.035349597,0.003303714,0
13,212,11.888,511.9849857,32386.27187,0,0,0,0,0,0,0,0,0,0,0.99864,2.550491043,0.035349597,0.003303714,0
13,212,11.888,511.9849857,32386.27187,0.013012,0,0,0,29.422,0,0,0,0,0,0,3.539348854,0.035349597,0.003303714,0
13,212,11.888,511.9849857,32386.27187,0.008333,0,0,0,0.16189,0,0,0,0,0,0,1.926287639,0.035349597,0.003303714,0
13,212,11.888,511.9849857,32386.27187,0.011297,0,0,0,0,0,0,0,0,0,0,57.83043216,0.035349597,0.003303714,0
13,212,11.888,511.9849857,32386.27187,28.979,0,0,0,0,0,0,0,0,0,0.151728,2.626534064,0.035349597,0.003303714,0
13,212,11.888,511.9849857,32386.27187,0,0,0,0,3.1339,0,15.593,0,0,0,107.403,4.286874454,0.035349597,0.003303714,0
13,212,11.888,511.9849857,32386.27187,0,0,0,0.008332,0,0,0,0,0,0,27.5562,3.37110503,0.035349597,0.003303714,0
13,212,11.888,511.9849857,32386.27187,2.0814,0,0,0,14.692,0,91.335,0,0,0,0.151728,2.473634728,0.035349597,0.003303714,0
13,212,11.888,511.9849857,32386.27187,0.22048,0,0,0,0,0,0,0,0,0,0.151728,8.563989377,0.035349597,0.003303714,0
13,212,11.888,511.9849857,32386.27187,0.063798,0,0,0,0.00524,0,0,0,0,0,1.35936,0.496109546,0.035349597,0.003303714,0
13,212,11.888,511.9849857,32386.27187,0.01332,0,0,6.9518,0.021907,1.3521,130.32,0,0,0,0.151728,0.496109546,0.035349597,0.003303714,0
13,212,11.888,511.9849857,32386.27187,7.1589,0,0,0.008333,0,0,0,0,0,0,0,5.721119019,0.035349597,0.003303714,0
13,212,11.888,511.9849857,32386.27187,0.000251,0,0,0.008335,0.00524,0,0,0,0,0,0.151728,0.757177028,0.035349597,0.003303714,0
13,212,11.888,511.9849857,32386.27187,0.047912,0,0,46.554,0.002741,0.79321,0,0,0,0,39.753,0.403800639,0.035349597,0.003303714,0
13,212,11.888,511.9849857,32386.27187,0,0,0,0.001493,0,0,0.13028,0,0,0,6.5418,2.626534064,0.035349597,0.003303714,0
13,212,11.888,511.9849857,32386.27187,0,0,0,4.2796,0,0,0,0,0,0,5.4765,2.473634728,0.035349597,0.003303714,0
13,212,11.888,511.9849857,32386.27187,2.8708,0,0,0.002139,0,0,0,0,0,0,4.8687,1.912461635,0.035349597,0.003303714,0
13,212,11.888,511.9849857,32386.27187,2.1571,0,0,0,4.5283,0,0,0,0,0,0.9426,62.76023949,0.035349597,0.003303714,0
13,212,11.888,511.9849857,32386.27187,0,0,0,0,0,0,0,0,0,0,2.96682,13.58857149,0.035349597,0.003303714,0
13,212,11.888,511.9849857,32386.27187,6.7661,0,0,0,1.2446,0,0,0,0,0,1.65174,0.163878809,0.035349597,0.003303714,0
13,212,11.888,511.9849857,32386.27187,0,0,0,0.000739,0.008333,0,0,0,0,0,0.151728,5.721119019,0.035349597,0.003303714,0
13,212,11.888,511.9849857,32386.27187,0.2494,0,0,0.0060235,0.00036,0,0.13028,0,0,0,0.151728,0.308645201,0.035349597,0.003303714,0
13,212,11.888,511.9849857,32386.27187,0,0,0,0,0,0.093315,0,0,0,0,0,38.6168241,0.035349597,0.003303714,0
13,212,11.888,511.9849857,32386.27187,0,0,0,5.4764,0,0,0,0,0,0,19.4277,2.473634728,0.035349597,0.003303714,0
13,212,11.888,511.9849857,32386.27187,0.009021,0,0,0,0,0,0,0,0,0,0,20.03672595,0.035349597,0.003303714,0
13,212,11.888,511.9849857,32386.27187,1.1189,0,0,0,0,0,0,0,0,0,0,3.27635624,0.035349597,0.003303714,0
13,212,11.888,511.9849857,32386.27187,0,0,0,0,0,0.77921,0,0,0,0,0.151728,1.926287639,0.035349597,0.003303714,0
13,212,11.888,511.9849857,32386.27187,0.00524,0,0,0,3.9118,0.41195,0,0,0,0,87.522,4.791523591,0.035349597,0.003303714,0
13,212,11.888,511.9849857,32386.27187,0.00524,0,0,0,0.00014,0,0,0,0,0,7.0536,0.51278208,0.035349597,0.003303714,0
13,212,11.888,511.9849857,32386.27187,0.009056,0,0,8.389,0,0.38161,0.10863,0,0,0,0,0.533114438,0.035349597,0.003303714,0
13,212,11.888,511.9849857,32386.27187,184.67,0,0,0.42786,0,0,0.059897,0,0,0,18.849,19.71922933,0.035349597,0.003303714,0
13,212,11.888,511.9849857,32386.27187,0.027357,0,8.1624,0.009064,0.014178,0,0,0,0,0,0.276939,0.757177028,0.035349597,0.003303714,0
13,212,11.888,511.9849857,32386.27187,0,0,0,0.00524,0,0,0,0,0,0,0.151728,0.090682319,0.035349597,0.003303714,0
13,212,11.888,511.9849857,32386.27187,0,0,0,0.008333,0,0,0,0,0,0,0.151728,3.37110503,0.035349597,0.003303714,0
13,212,11.888,511.9849857,32386.27187,0.000081,0,0,0,0,0.88402,0,0,0,0,0,7.432290306,0.035349597,0.003303714,0
13,212,11.888,511.9849857,32386.27187,0.14827,0,0,0,0,0,0,0,0,0,2.39772,3.933904712,0.035349597,0.003303714,0
13,212,11.888,511.9849857,32386.27187,0,0,0,0,0,0.77921,0,0,0,0,11.0037,20.03672595,0.035349597,0.003303714,0
13,212,11.888,511.9849857,32386.27187,0.005239,0,0,0,0,0,0,0,0,0,0.286419,8.643285575,0.035349597,0.003303714,0
13,212,11.888,511.9849857,32386.27187,0,0,0,8.5618,0,0,0,0,0,0,0,0.677067536,0.035349597,0.003303714,0
13,212,11.888,511.9849857,32386.27187,0,0,0,0,0,0,0,0,0,0,0.151728,2.473634728,0.035349597,0.003303714,0
13,212,11.888,511.9849857,32386.27187,0.7554,0,0,0.00043,0.014581,0,0,0,0,0,10.1169,2.473634728,0.035349597,0.003303714,0
13,212,11.888,511.9849857,32386.27187,0.00524,0,0.005239,0,0,0,0,0,0,0,12.3399,3.37110503,0.035349597,0.003303714,0
13,212,11.888,511.9849857,32386.27187,0.15712,0,0,0,0.14105,0,0,0,0.008333,0,58.353,0.308645201,0.035349597,0.003303714,0
13,212,11.888,511.9849857,32386.27187,0,0,0,0,0.027174,0,0,0,0,0,0,0.308645201,0.035349597,0.003303714,0
13,212,11.888,511.9849857,32386.27187,0,0,0,0,0,0.34159,0,0,0,0,0.151728,6.85281809,0.035349597,0.003303714,0
13,212,11.888,511.9849857,32386.27187,0.002031,0,0,0,52.779,0.0006805,0.59876,0,0,0,1.47333,4.791523591,0.035349597,0.003303714,0
13,212,11.888,511.9849857,32386.27187,0,0,0,0.040507,0,0,0,0,0,0,0,2.626534064,0.035349597,0.003303714,0
13,212,11.888,511.9849857,32386.27187,0,0,0,0,14.084,0,0,0,0,0,18.1353,3.294248715,0.035349597,0.003303714,0
13,212,11.888,511.9849857,32386.27187,0.005239,0,0,0.073717,0.65463,0.79321,0,0,0,0,0.151728,6.85281809,0.035349597,0.003303714,0
13,212,11.888,511.9849857,32386.27187,0.098565,0,0,1.4572,0.64611,0,0.60778,0,0,0,0.151728,3.50611189,0.035349597,0.003303714,0
13,212,11.888,511.9849857,32386.27187,0.0068531,0,0,0,0.001669,0,0,0,0,0,1.62048,6.438851272,0.035349597,0.003303714,0
13,212,11.888,511.9849857,32386.27187,0.000251,0,0,0,7.544,0,0,0,0,0,0.151728,19.16080795,0.035349597,0.003303714,0
13,212,11.888,511.9849857,32386.27187,0,0,0,0,0,0,0,0,0,0,8.7318,1.912461635,0.035349597,0.003303714,0
13,212,11.888,511.9849857,32386.27187,0,0,0.00524,0,0.67961,0,0,0,0,0,25.3818,6.438851272,0.035349597,0.003303714,0
13,212,11.888,511.9849857,32386.27187,0.000251,0,0,0,0.003822,0,0,0,0,0,0.151728,0.090682319,0.035349597,0.003303714,0
13,212,11.888,511.9849857,32386.27187,0.005769,0,0,0,0,0.77904,0,0,0,0,0,3.370698383,0.035349597,0.003303714,0
13,212,11.888,511.9849857,32386.27187,6.8272,0,0,0.00524,0.013518,0,0,0,0,0,0,1.953939646,0.035349597,0.003303714,0
13,212,11.888,511.9849857,32386.27187,0,0,0,0,0,3.0433,0,0,0,0,0.87174,19.16080795,0.035349597,0.003303714,0
13,212,11.888,511.9849857,32386.27187,0.00524,0,0,1.5881,0.008953,0,15.593,0,0,0,0.151728,8.643285575,0.035349597,0.003303714,0
13,212,11.888,511.9849857,32386.27187,0,0,0,0,0,0,0,0,0,0,0.151728,0.506275725,0.035349597,0.003303714,0
13,212,11.888,511.9849857,32386.27187,0,0,0,0,0.0078558,0,0,0,0,0,0,27.05073767,0.035349597,0.003303714,0
13,212,11.888,511.9849857,32386.27187,0,0,0,0.008333,0.008333,0,0,0,0,0,0.151728,19.71922933,0.035349597,0.003303714,0
13,212,11.888,511.9849857,32386.27187,0,0,0,0,0.47436,0,0,0,0,0,0.151728,4.862686845,0.035349597,0.003303714,0
13,212,11.888,511.9849857,32386.27187,0,0,0,0.0027505,0,0,0,0,0,0,32.442,4.862686845,0.035349597,0.003303714,0
13,212,11.888,511.9849857,32386.27187,0.37708,0,0,0.003821,0,0,3.015,0,0,0,0,3.27635624,0.035349597,0.003303714,0
13,212,11.888,511.9849857,32386.27187,0.009021,0,0,0.005239,0.029406,0,0,0,0,0,3.8823,5.721119019,0.035349597,0.003303714,0
13,212,11.888,511.9849857,32386.27187,0,0,0,0.021603,0,0,0.13028,0,0,0,1.26477,2.282103912,0.035349597,0.003303714,0
13,212,11.888,511.9849857,32386.27187,2.6701,0,0,1.5881,0.005239,0,0,0,0,0,0.271128,83.74352198,0.035349597,0.003303714,0
13,212,11.888,511.9849857,32386.27187,0,0,0,0,0.008333,0,0,0,0,0,0.151728,8.643285575,0.035349597,0.003303714,0
13,212,11.888,511.9849857,32386.27187,8.3092,0,0,19.222,0.15682,0,0,0,0,0,0.278529,4.748825638,0.035349597,0.003303714,0
13,212,11.888,511.9849857,32386.27187,0.053886,0,0,0,0,0,0,0,0,0,0,1.953939646,0.035349597,0.003303714,0
13,212,11.888,511.9849857,32386.27187,0.022279,0,0,0.01409,0,0,0.10863,0,0,0,24.5118,3.294248715,0.035349597,0.003303714,0
13,212,11.888,511.9849857,32386.27187,0,0,2.5808,0,0.00062,0,0,0,0,0,5.2875,1.437091095,0.035349597,0.003303714,0
13,212,11.888,511.9849857,32386.27187,0.98357,0,0,0.013976,0.030073,0,65.662,0,0,0,0.273366,20.03672595,0.035349597,0.003303714,0
13,212,11.888,511.9849857,32386.27187,0,0,0,0,0,0,0,0,0,0,0,0.163878809,0.035349597,0.003303714,0
13,212,11.888,511.9849857,32386.27187,0,0,0,0.00036,0,0.77904,0,0,0,0,0.151728,6.85281809,0.035349597,0.003303714,0
13,212,11.888,511.9849857,32386.27187,0,0,0,0.007328,1.6602,0,0,0,0,0,0.3897,62.76023949,0.035349597,0.003303714,0
13,212,11.888,511.9849857,32386.27187,0.0055384,0,0,0.008335,0.72843,0,0,0,0,0,0.151728,4.044970118,0.035349597,0.003303714,0
13,212,11.888,511.9849857,32386.27187,0.0067817,0,0,0,0,0,0,0,0,0,17.3325,38.6168241,0.035349597,0.003303714,0
13,212,11.888,511.9849857,32386.27187,0.000081,0,0,0.0056478,0.00524,0,0,0,0,0,0,57.83043216,0.035349597,0.003303714,0
13,212,11.888,511.9849857,32386.27187,5.0534,0,0,3.2487,0.00524,0,0,0,0,0,0.151728,19.16080795,0.035349597,0.003303714,0
13,212,11.888,511.9849857,32386.27187,0,0,0,0,0,0,0,0,0,0,0,1.480602342,0.035349597,0.003303714,0
13,212,11.888,511.9849857,32386.27187,0,0,0,0,0,0,0,0,0,0,0,34.6982593,0.035349597,0.003303714,0
13,212,11.888,511.9849857,32386.27187,0,0,0,0,0,0,0,0,0,0,0,6.438851272,0.035349597,0.003303714,0
13,212,11.888,511.9849857,32386.27187,0.0094073,0,0,26.422,21.429,0,0,0,0,0,0.151728,3.27635624,0.035349597,0.003303714,0
13,212,11.888,511.9849857,32386.27187,0.005239,0,0.01603,6.6789,0,0,0,0,0,0,0,3.50611189,0.035349597,0.003303714,0
13,212,11.888,511.9849857,32386.27187,0.015379,0,0.043767,1.3385,0,0,0,0,0,0,0.151728,8.563989377,0.035349597,0.003303714,0
13,212,11.888,511.9849857,32386.27187,3.6358,0,0,8.2296,0,0.25468,0,0,0,0,81.042,1.740043236,0.035349597,0.003303714,0
13,212,11.888,511.9849857,32386.27187,0.012423,0,0,0.097569,2.8821,0,0,0,0,0,7.2051,8.563989377,0.035349597,0.003303714,0
13,212,11.888,511.9849857,32386.27187,0.029004,0,0,1.0905,0,0,0,0,0,0,0,1.480602342,0.035349597,0.003303714,0
13,212,11.888,511.9849857,32386.27187,7.9784,0,0,7.4028,0,0,0,0,0,0,46.293,27.05073767,0.035349597,0.003303714,0
13,212,11.888,511.9849857,32386.27187,0.2494,0,0,0,0.05414,0.000209,0,0,0,0,1.47333,1.480602342,0.035349597,0.003303714,0
13,212,11.888,511.9849857,32386.27187,0,0,0,0.000078,0,0,0,0,0,0,0.151728,0.308645201,0.035349597,0.003303714,0
13,212,11.888,511.9849857,32386.27187,0,0,0,1.788,0.059735,0,0,0,0,0,1.41975,5.924849251,0.035349597,0.003303714,0
13,212,11.888,511.9849857,32386.27187,0,0,0.1414,0,0,0,0,0,0,0,8.7318,4.791523591,0.035349597,0.003303714,0
13,212,11.888,511.9849857,32386.27187,0.00753,0,0,29.05,0.008335,0,0,0,0,0,19.7118,96.95287753,0.035349597,0.003303714,0
13,212,11.888,511.9849857,32386.27187,0,0,0,0.068295,0,0,0,0,0,0,0.151728,2.473634728,0.035349597,0.003303714,0
13,212,11.888,511.9849857,32386.27187,0,0,0,8.1583,0,0,0,0,0,0,14.1318,2.742428507,0.035349597,0.003303714,0
13,212,11.888,511.9849857,32386.27187,0.0068619,0,0,0,7.544,0.027754,0,0,0,0,0,1.740043236,0.035349597,0.003303714,0
13,212,11.888,511.9849857,32386.27187,0,0,0,0,0,0,0,0,0,0,0,0.090682319,0.035349597,0.003303714,0
13,212,11.888,511.9849857,32386.27187,0,0,0,0.010558,0.4381,0,0,0,0,0,2.61366,62.76023949,0.035349597,0.003303714,0
13,212,11.888,511.9849857,32386.27187,0.008333,0,0,0.0062753,0,0,0,0,0,0,0.151728,0.090682319,0.035349597,0.003303714,0
13,212,11.888,511.9849857,32386.27187,0,0,0,0,0,0,9.1898,0,0,0,3.9018,2.473634728,0.035349597,0.003303714,0
13,212,11.888,511.9849857,32386.27187,0.10284,0,0.010345,0,0.008333,0,0,0,0,0,23.5818,4.044970118,0.035349597,0.003303714,0
13,212,11.888,511.9849857,32386.27187,37.409,0,0,0.00043,0,0,0,0,0,0,0,5.924849251,0.035349597,0.003303714,0
13,212,11.888,511.9849857,32386.27187,109.34,0,0,0,0,0,0,0,0,0,0,1.926287639,0.035349597,0.003303714,0
13,212,11.888,511.9849857,32386.27187,0.00524,0,0,0,0.022119,0,0,5.0446,0,0,0,1.926287639,0.035349597,0.003303714,0
13,212,11.888,511.9849857,32386.27187,0.03314,0,0,0,0,0,0,0,0,0,0.279489,2.550491043,0.035349597,0.003303714,0
13,212,11.888,511.9849857,32386.27187,0,0,0,17.949,0.16189,0,0,0,0,0,1.63956,1.953939646,0.035349597,0.003303714,0
13,212,11.888,511.9849857,32386.27187,0,0,0,0,0.01359,0.56312,19.544,0,0,0,0,5.924849251,0.035349597,0.003303714,0
13,212,11.888,511.9849857,32386.27187,27.506,0,0,0,0,0.10003,0,0,0,0,0,0.677067536,0.035349597,0.003303714,0
13,212,11.888,511.9849857,32386.27187,0,0,0,0,0,0.79321,0,0,0,0,0,9.094257285,0.035349597,0.003303714,0
13,212,11.888,511.9849857,32386.27187,0.15712,0,0,0.00524,21.064,0,0,0,0,0,0,0.757177028,0.035349597,0.003303714,0
13,212,11.888,511.9849857,32386.27187,6.3539,0,0,0.10345,0.076792,0.15887,0,0,0,0,0,9.094257285,0.035349597,0.003303714,0
13,212,11.888,511.9849857,32386.27187,0.008333,0,0,0,0,0,0,0,0,0,0.151728,4.748825638,0.035349597,0.003303714,0
13,212,11.888,511.9849857,32386.27187,0,0,0,0,0,0,0,0,0,0,0.151728,27.05073767,0.035349597,0.003303714,0
13,212,11.888,511.9849857,32386.27187,0.0088108,0,0,0,0,0,0,0,0,0,4.4313,3.50611189,0.035349597,0.003303714,0
13,212,11.888,511.9849857,32386.27187,0.10284,0,0.002031,0,0.93395,0,0,0,0,0,0,5.924849251,0.035349597,0.003303714,0
13,212,11.888,511.9849857,32386.27187,0,0,0,15.197,0.1098,0,0,0,0,0,0.151728,0.757177028,0.035349597,0.003303714,0
13,212,11.888,511.9849857,32386.27187,0.008333,0,0,0,14.692,0.000209,0,0,9.3306,0,3.5568,3.294248715,0.035349597,0.003303714,0
13,212,11.888,511.9849857,32386.27187,0.022591,0,0,0,0.01564,0.000024,0,0,0,0,0,2.473634728,0.035349597,0.003303714,0
13,212,11.888,511.9849857,32386.27187,0,0,0,0.48282,0,0,0,0,1.6666,0,0,0.757177028,0.035349597,0.003303714,0
13,212,11.888,511.9849857,32386.27187,0,0,0,0,0,0,0,0,0,0,0,7.61406159,0.035349597,0.003303714,0
13,212,11.888,511.9849857,32386.27187,0,0,0,0,0,0.027754,0,0,0,0,8.5644,2.626534064,0.035349597,0.003303714,0
13,212,11.888,511.9849857,32386.27187,0.74435,0,0,0.015258,5.0207,0,0,0,0,0,0.151728,19.16080795,0.035349597,0.003303714,0
13,212,11.888,511.9849857,32386.27187,0,0,0,0.14395,0.005239,0,0,0,0,0,12.0405,0.496109546,0.035349597,0.003303714,0
13,212,11.888,511.9849857,32386.27187,4.9504,0,0.016473,11.876,0.0001405,0,0,0,0,0,4.0518,1.753869239,0.035349597,0.003303714,0
13,212,11.888,511.9849857,32386.27187,0,0,0,0,0,0,0,0,0,0,1.67382,0.403800639,0.035349597,0.003303714,0
13,212,11.888,511.9849857,32386.27187,0.001434,0,0,13.409,0.013573,0,0,0.78623,0,0,0.151728,4.748825638,0.035349597,0.003303714,0
13,212,11.888,511.9849857,32386.27187,8.3439,0,0,0,0.086094,0,0,0,0,0,5.1447,0.506275725,0.035349597,0.003303714,0
13,212,11.888,511.9849857,32386.27187,15.105,0,0,0.14897,0.090777,0,52.387,0,0,0,0.9426,34.6982593,0.035349597,0.003303714,0
13,212,11.888,511.9849857,32386.27187,0.005239,0,0,0,0,0,0,0,0,0,8.9118,0.496109546,0.035349597,0.003303714,0
13,212,11.888,511.9849857,32386.27187,0.00524,0,0,0,0,0,0,0,0,0,3.9402,2.473634728,0.035349597,0.003303714,0
13,212,11.888,511.9849857,32386.27187,0.17713,0,0,0,8.688,0,0,0,0,0,0.77829,0.757177028,0.035349597,0.003303714,0
13,212,11.888,511.9849857,32386.27187,0,0,0,0,0,0,0.13028,0,0,0,0.151728,0.090682319,0.035349597,0.003303714,0
13,212,11.888,511.9849857,32386.27187,0.008333,0,0,0,0,0.31917,0,0,0,0,14.8218,2.282103912,0.035349597,0.003303714,0
13,212,11.888,511.9849857,32386.27187,0.00014,0,0,0,0,0,0,0,0.00644,0,0.286086,81.9106449,0.035349597,0.003303714,0
13,212,11.888,511.9849857,32386.27187,0.047912,0,0,0,0,0,0,0,0,0,0,1.600969904,0.035349597,0.003303714,0
13,212,11.888,511.9849857,32386.27187,0,0,0,0.054581,0,0.80155,0,0,0,0,0,8.643285575,0.035349597,0.003303714,0
13,212,11.888,511.9849857,32386.27187,109.34,0,0,0,0,0,0,0,0,0,0,6.438851272,0.035349597,0.003303714,0
13,212,11.888,511.9849857,32386.27187,0.000545,0,0,0.14395,0.50221,0,0,0,0,0,0.276939,2.626534064,0.035349597,0.003303714,0
13,212,11.888,511.9849857,32386.27187,0.008333,0,0,0,0.008333,0,0.13028,0,0,0,0.151728,1.480602342,0.035349597,0.003303714,0
13,212,11.888,511.9849857,32386.27187,0,0,0,0,0,0,0,1.6252,0,0,0.151728,459.9889457,0.035349597,0.003303714,0
13,212,11.888,511.9849857,32386.27187,4.5748,0,0,0.13825,0,0,0,0,0,0,0.151728,4.791523591,0.035349597,0.003303714,0
13,212,11.888,511.9849857,32386.27187,0.007697,0,0,7.5633,0.000251,0,0,0,0,0,0,1.953939646,0.035349597,0.003303714,0
13,212,11.888,511.9849857,32386.27187,5.5802,0,0,0,0.008333,0,18.805,0,0,0,0.151728,6.438851272,0.035349597,0.003303714,0
13,212,11.888,511.9849857,32386.27187,0,0,0,0.008333,0,0,0,0,0,0,0.151728,0.757177028,0.035349597,0.003303714,0
13,212,11.888,511.9849857,32386.27187,7.8157,0,0,0,0.0214,0.026145,0,0,0,0,0,7.61406159,0.035349597,0.003303714,0
13,212,11.888,511.9849857,32386.27187,0.17713,0,0,0.01391,0.010996,0,0,0,0,0,16.0194,20.03672595,0.035349597,0.003303714,0
13,212,11.888,511.9849857,32386.27187,0,0,0,0.36044,0,0,0,0,0,0,0,9.094257285,0.035349597,0.003303714,0
13,212,11.888,511.9849857,32386.27187,0.0021738,0,0,0,0,0,0.021726,0,0,0,0,0.163878809,0.035349597,0.003303714,0
13,212,11.888,511.9849857,32386.27187,2.1571,0,0,0,0,0,0,0,0,0,0,7.432290306,0.035349597,0.003303714,0
13,212,11.888,511.9849857,32386.27187,0,0,0.8003,0,0.14346,0,0,0,0,0,6.8079,8.643285575,0.035349597,0.003303714,0
13,212,11.888,511.9849857,32386.27187,50.278,0,0,0,0,0,0,0,0,0,0,1.082901411,0.035349597,0.003303714,0
13,212,11.888,511.9849857,32386.27187,0,0,0,0,0.019681,0,0,0,0,0,0,0.090682319,0.035349597,0.003303714,0
13,212,11.888,511.9849857,32386.27187,0.018322,0,0,0.19366,4.0421,0,0,0,0,0,0,4.286874454,0.035349597,0.003303714,0
13,212,11.888,511.9849857,32386.27187,0,0,0,0.22391,0,0,0,0,0,0,0.151728,0.163878809,0.035349597,0.003303714,0
13,212,11.888,511.9849857,32386.27187,8.3092,0,0,0,0,0.78189,0,0,0,0,5.4765,1.740043236,0.035349597,0.003303714,0
13,212,11.888,511.9849857,32386.27187,0,0,0,0,3.2358,0,0,0,0,0,0,0.163878809,0.035349597,0.003303714,0
13,212,11.888,511.9849857,32386.27187,0,0,0,0,0.63967,0,0,0,0,0,0,5.924849251,0.035349597,0.003303714,0
13,212,11.888,511.9849857,32386.27187,0,0,0,0,0,0,0,0,0,0,0,4.862686845,0.035349597,0.003303714,0
13,212,11.888,511.9849857,32386.27187,0,0,0,0.00247,0,0,0,0,0,0,1.65174,4.748825638,0.035349597,0.003303714,0
13,212,11.888,511.9849857,32386.27187,0.001493,0,0,0,0.00524,0.0000095,0,0,0,0,10.2414,0.308645201,0.035349597,0.003303714,0
13,212,11.888,511.9849857,32386.27187,0,0,0,0,0.013518,0,0,0,0,0,0.151728,20.03672595,0.035349597,0.003303714,0
13,212,11.888,511.9849857,32386.27187,0,0,0,77.417,8.5334,0,0,0,0,0,0,0.677067536,0.035349597,0.003303714,0
13,212,11.888,511.9849857,32386.27187,0.008333,0,0,0,0,0,0.13028,0,0,0,14.4696,4.286874454,0.035349597,0.003303714,0
13,212,11.888,511.9849857,32386.27187,0,0,0,0,0,0,0,0,0,0,0.151728,5.924849251,0.035349597,0.003303714,0
13,212,11.888,511.9849857,32386.27187,4.4514,0,0,0,0,0,0,0,0,0,34.539,8.563989377,0.035349597,0.003303714,0
13,212,11.888,511.9849857,32386.27187,0.011776,0,0,0.27226,0,0.093315,3.9418,0,0,0,24.9618,6.438851272,0.035349597,0.003303714,0
13,212,11.888,511.9849857,32386.27187,0,0,0,4.2796,0,0,0.10863,0,0,0,0.273357,1.912461635,0.035349597,0.003303714,0
13,212,11.888,511.9849857,32386.27187,0,0,0,0.00524,0,0,0,0,0,0,22.617,4.286874454,0.035349597,0.003303714,0
13,212,11.888,511.9849857,32386.27187,3.6358,0,0,0.00524,4.0421,0,0,0,0,0,50.673,4.044970118,0.035349597,0.003303714,0
13,212,11.888,511.9849857,32386.27187,0,0,0,0,0,0,0,0,0,0,0,1.611949377,0.035349597,0.003303714,0
13,212,11.888,511.9849857,32386.27187,37.409,0,0,0,0,0,0,0,0,0,1.63956,7.432290306,0.035349597,0.003303714,0
13,212,11.888,511.9849857,32386.27187,0.22639,0,0.008528,15.984,211.21,0,0,0,0,0,0.151728,19.16080795,0.035349597,0.003303714,0
13,212,11.888,511.9849857,32386.27187,0,0,0,0,0.008333,0,0,0,0,0,1.08339,1.600969904,0.035349597,0.003303714,0
13,212,11.888,511.9849857,32386.27187,0,0,0,0.008333,0,9.7428,61.211,0,0,0,0.181728,1.788434249,0.035349597,0.003303714,0
13,212,11.888,511.9849857,32386.27187,0.012671,0,0,0,0,0,0,0,0,0,0.151728,6.85281809,0.035349597,0.003303714,0
13,212,11.888,511.9849857,32386.27187,0,0,0,0.005239,0.005239,0,0,0,0,0,0,3.37110503,0.035349597,0.003303714,0
13,212,11.888,511.9849857,32386.27187,2.9666,0,0,0,0,0,0,0,0,0,0.151728,0.090682319,0.035349597,0.003303714,0
13,212,11.888,511.9849857,32386.27187,0.026038,0,0,0.01377,0.17886,0,0,0,0,0,0.151728,1.953939646,0.035349597,0.003303714,0
13,212,11.888,511.9849857,32386.27187,11.506,0,0,0.021906,0,0,0,0,0,0,0,4.286874454,0.035349597,0.003303714,0
13,212,11.888,511.9849857,32386.27187,0,0,0,0,0,0,0,0,0,0,6.561,6.509873784,0.035349597,0.003303714,0
13,212,11.888,511.9849857,32386.27187,0,0,0,0.008333,0.050892,0,0,0,0,0,0.151728,3.933904712,0.035349597,0.003303714,0
13,212,11.888,511.9849857,32386.27187,0,0,0,17.76,0.008333,6.1311,0,0,0,0,0,2.550491043,0.035349597,0.003303714,0
13,212,11.888,511.9849857,32386.27187,0,0,0,0,0.014258,0,0,0,0,0,0,0.506275725,0.035349597,0.003303714,0
13,212,11.888,511.9849857,32386.27187,2.5794,0,0,0,0,0,76.126,0,0,0,3.1278,0.090682319,0.035349597,0.003303714,0
13,212,11.888,511.9849857,32386.27187,0.008332,0,0,0,0.008333,0.000668,0.60778,0,0,0,0,6.438851272,0.035349597,0.003303714,0
13,212,11.888,511.9849857,32386.27187,0,0,0,1.244,0,0,0,0,0,0,0,57.83043216,0.035349597,0.003303714,0
13,212,11.888,511.9849857,32386.27187,0,0,0,0,0.007102,0,0,0,0,0,12.8022,3.539348854,0.035349597,0.003303714,0
13,212,11.888,511.9849857,32386.27187,0.0072895,0,0,0.00524,0,0,0,0,0,0,0,8.643285575,0.035349597,0.003303714,0
13,212,11.888,511.9849857,32386.27187,0.000251,0,0,0,0,0,0,0,0,0,0,4.748825638,0.035349597,0.003303714,0
13,212,11.888,511.9849857,32386.27187,0,0,0,0,0,0,0,0,0,0,0.151728,19.71922933,0.035349597,0.003303714,0
13,212,11.888,511.9849857,32386.27187,0,0,1.4067,0.00062,0,0,0,0,0,0,0.151728,1.953939646,0.035349597,0.003303714,0
13,212,11.888,511.9849857,32386.27187,57.072,0,0,0.00524,0,0,0,0,0,0,6.8079,3.539348854,0.035349597,0.003303714,0
13,212,11.888,511.9849857,32386.27187,5.8431,0,0,0,0,0,0,0,0,0,0,3.27635624,0.035349597,0.003303714,0
13,212,11.888,511.9849857,32386.27187,0,0,0,0,0.005239,0,0,0,0,0,0.151728,3.27635624,0.035349597,0.003303714,0
13,212,11.888,511.9849857,32386.27187,5.5802,0,0,0.008333,0.013551,0,0.74966,0,0,0,0,2.282103912,0.035349597,0.003303714,0
13,212,11.888,511.9849857,32386.27187,0.010338,0,0,0,8.688,0,0,0,0,0,0.151728,38.6168241,0.035349597,0.003303714,0
13,212,11.888,511.9849857,32386.27187,0.0067817,0,0,0,0,0,0,0,0,0,0.151728,0.677067536,0.035349597,0.003303714,0
13,212,11.888,511.9849857,32386.27187,0,0,0,0,0.000124,0,6.2428,0,0,0,0,3.27635624,0.035349597,0.003303714,0
13,212,11.888,511.9849857,32386.27187,0.98357,0,0,0,0.003346,0.014727,11.179,0,0,0,7.6818,0.506275725,0.035349597,0.003303714,0
13,212,11.888,511.9849857,32386.27187,0.35231,0,0,0,8.0698,0,0.59876,0,0,0,0.151728,1.926287639,0.035349597,0.003303714,0
13,212,11.888,511.9849857,32386.27187,1.6744,0,0,0,0.018282,0,0,0,0,0,0.151728,5.924849251,0.035349597,0.003303714,0
13,212,11.888,511.9849857,32386.27187,4.3384,0,0,12.177,1.8824,0,0.059897,0,0,0,0.151728,7.61406159,0.035349597,0.003303714,0
13,212,11.888,511.9849857,32386.27187,0.026038,0,0,32.687,0,0.78245,0,0,0,0,4.0518,57.83043216,0.035349597,0.003303714,0
13,212,11.888,511.9849857,32386.27187,0,0,0,0.58718,0.000739,0.014982,0,0,0,0,3.4818,3.539348854,0.035349597,0.003303714,0
13,212,11.888,511.9849857,32386.27187,0.12208,0,0,0.55992,54.848,0,29.229,0,0,0,0.151728,1.953939646,0.035349597,0.003303714,0
13,212,11.888,511.9849857,32386.27187,0,0,0,0,0.008333,0,0,0,0,0,0.54798,2.282103912,0.035349597,0.003303714,0
13,212,11.888,511.9849857,32386.27187,0,0,0,0,0,0,22.25,0,0,0,0.31059,1.912461635,0.035349597,0.003303714,0
13,212,11.888,511.9849857,32386.27187,0.062194,0,0,0,2.8091,0,0,0,0,0,0,1.611949377,0.035349597,0.003303714,0
13,212,11.888,511.9849857,32386.27187,22.323,0,0,0,0.002508,0.77921,0,0,0,0,56.145,3.294248715,0.035349597,0.003303714,0
13,212,11.888,511.9849857,32386.27187,0,0,0,0,0.008333,0,0.67053,0,0,0,0,0.677067536,0.035349597,0.003303714,0
13,212,11.888,511.9849857,32386.27187,0,0,0,0,0,0.080373,0,0,0,0,0.151728,19.16080795,0.035349597,0.003303714,0
13,212,11.888,511.9849857,32386.27187,0,0,0,0,0,0,0,0,0,0,8.3751,0.757177028,0.035349597,0.003303714,0
13,212,11.888,511.9849857,32386.27187,0,0,0,0,0,0,0,0,0,0,0.151728,0.496109546,0.035349597,0.003303714,0
13,212,11.888,511.9849857,32386.27187,0,0,0,0.00524,0,0,0.841,0,0,0,0,3.294248715,0.035349597,0.003303714,0
13,212,11.888,511.9849857,32386.27187,0,0,0,0,0.67362,0.80945,308.3,0,0.0032875,0,0.279489,1.912461635,0.035349597,0.003303714,0
13,212,11.888,511.9849857,32386.27187,0.93731,0,0,0.14897,0.00644,0,0,0,0,0,0,1.926287639,0.035349597,0.003303714,0
13,212,11.888,511.9849857,32386.27187,0,0,0,0,0,0,0,0,0,0,0.273018,10.8444667,0.035349597,0.003303714,0
13,212,11.888,511.9849857,32386.27187,0.008585,0,0,0,0,0,0,0,0,0,0.86343,1.480602342,0.035349597,0.003303714,0
13,212,11.888,511.9849857,32386.27187,0.82366,0,0,0,2.1125,0,0,0,0,0,0.279615,62.76023949,0.035349597,0.003303714,0
13,212,11.888,511.9849857,32386.27187,0,0,0.98593,0.021906,0.00524,0,0.13028,12.787,0,0,0.151728,1.082901411,0.035349597,0.003303714,0
13,212,11.888,511.9849857,32386.27187,0.008333,0,0,0,0,0,0,0,0,0,0.34593,4.044970118,0.035349597,0.003303714,0
13,212,11.888,511.9849857,32386.27187,0.0964,0,0,0,0,0,0,0,0,0,0.280587,3.933904712,0.035349597,0.003303714,0
13,212,11.888,511.9849857,32386.27187,0,0,0,0,0.034463,0,0,0,0,0,17.1858,4.791523591,0.035349597,0.003303714,0
13,212,11.888,511.9849857,32386.27187,0,0,0,2.9167,0,0,0.13028,0,0,0,1.85526,1.953939646,0.035349597,0.003303714,0
13,212,11.888,511.9849857,32386.27187,0,0,0,0,0.053112,0,0,0,0,0,0.65616,14.97902997,0.035349597,0.003303714,0
13,212,11.888,511.9849857,32386.27187,0,0,0,0,0,0,0,0,0,0,3.7518,0.496109546,0.035349597,0.003303714,0
13,212,11.888,511.9849857,32386.27187,0.0056959,0,0,20.449,0,0,0,0,0,0,15.252,1.953939646,0.035349597,0.003303714,0
13,212,11.888,511.9849857,32386.27187,0.002031,0,0,0.00524,0.021909,0,0,0,0,0,0.151728,19.16080795,0.035349597,0.003303714,0
13,212,11.888,511.9849857,32386.27187,0.037775,0,0,0,0,0,0,0,0,0,28.1349,1.600969904,0.035349597,0.003303714,0
13,212,11.888,511.9849857,32386.27187,0.00524,0,0,4.3923,0,0,0,0,0,0,15.0003,1.082901411,0.035349597,0.003303714,0
13,212,11.888,511.9849857,32386.27187,0.7554,0,0,0,0,0,0,0,0,0,0,6.438851272,0.035349597,0.003303714,0
13,212,11.888,511.9849857,32386.27187,2.9666,0,0,0,0,0,0.13028,0,0,0,47.883,3.27635624,0.035349597,0.003303714,0
13,212,11.888,511.9849857,32386.27187,0,0,0,0,0,0,0,0,0,0,0,0.757177028,0.035349597,0.003303714,0
13,212,11.888,511.9849857,32386.27187,0.008333,0,0,0,0.041022,3.738,0,0,0,0,0.73911,2.742428507,0.035349597,0.003303714,0
13,212,11.888,511.9849857,32386.27187,0.00524,0,0,0.008333,0.16189,0,0,0,0,0,0,8.563989377,0.035349597,0.003303714,0
13,212,11.888,511.9849857,32386.27187,0,0,1.1973,0,0,0,0,0,0,0,0,0.308645201,0.035349597,0.003303714,0
13,212,11.888,511.9849857,32386.27187,0.008333,0,0,0,0,0.022157,0,0,0,0,0,20.03672595,0.035349597,0.003303714,0
13,212,11.888,511.9849857,32386.27187,0.007697,0,0,0.88687,0,0,0,0,0,0,0.151728,1.480602342,0.035349597,0.003303714,0
13,212,11.888,511.9849857,32386.27187,13.595,0,0,0,0.008333,0,0,0,0,0,0,0.163878809,0.035349597,0.003303714,0
13,212,11.888,511.9849857,32386.27187,0,0,0,0,0,0,0,0,0,0,149.193,10.8444667,0.035349597,0.003303714,0
13,212,11.888,511.9849857,32386.27187,0,0,0,10.118,0,0,25.715,0,0,0,0.68376,1.953939646,0.035349597,0.003303714,0
13,212,11.888,511.9849857,32386.27187,0,0,0.00744,0,0,0,0,0,0,0,0.273366,3.50611189,0.035349597,0.003303714,0
13,212,11.888,511.9849857,32386.27187,0.013573,0,0,0.008335,0.000063,0,0,0,0,0,0,5.924849251,0.035349597,0.003303714,0
13,212,11.888,511.9849857,32386.27187,0,0,0,0,4.4409,0,0,0,0,0,8.172,1.912461635,0.035349597,0.003303714,0
13,212,11.888,511.9849857,32386.27187,0,0,0,1.3952,0,3.5685,0,0,0,0,23.5818,4.748825638,0.035349597,0.003303714,0
13,212,11.888,511.9849857,32386.27187,0.098565,0,0,14.804,0.0085875,0,0,0,0,0,0.151728,3.933904712,0.035349597,0.003303714,0
13,212,11.888,511.9849857,32386.27187,11.344,0,0,0,0,0,0,0,0,0,4.3869,2.742428507,0.035349597,0.003303714,0
13,212,11.888,511.9849857,32386.27187,0,0,0,0,3.9118,0,0,0,0,0,7.5918,126.2789109,0.035349597,0.003303714,0
13,212,11.888,511.9849857,32386.27187,4.8879,0,0,0,0,0,0,0,0,0,0.37014,459.9889457,0.035349597,0.003303714,0
13,212,11.888,511.9849857,32386.27187,0,0,0,0,0,0,0,0,0,0,0,3.66575417,0.035349597,0.003303714,0
13,212,11.888,511.9849857,32386.27187,0.14827,0,0,1.4572,0.67961,0,0.40452,0,0,0,81.042,1.600969904,0.035349597,0.003303714,0
13,212,11.888,511.9849857,32386.27187,0.87352,0,0,1.4153,0.038932,0,21.515,0,0,0,10.9077,1.953939646,0.035349597,0.003303714,0
13,212,11.888,511.9849857,32386.27187,27.506,0,0,0,0,0,0,0,0,0,0,0.496109546,0.035349597,0.003303714,0
13,212,11.888,511.9849857,32386.27187,0.65673,0,0,0,0,0,0,0,0,0,0,4.286874454,0.035349597,0.003303714,0
13,212,11.888,511.9849857,32386.27187,0,0,0,0,0,0,0,0,0,0,34.746,2.473634728,0.035349597,0.003303714,0
13,212,11.888,511.9849857,32386.27187,0,0,0,0,0,0,0.008333,0,0,0,0.151728,126.2789109,0.035349597,0.003303714,0
13,212,11.888,511.9849857,32386.27187,0,0,0,55.04,1.3478,0,0,0,0,0,11.5818,4.791523591,0.035349597,0.003303714,0
13,212,11.888,511.9849857,32386.27187,0.00644,0,0,0.00387,0.002868,0,0,0,0,0,0,0.533114438,0.035349597,0.003303714,0
13,212,11.888,511.9849857,32386.27187,1.1697,0,0,0,0.00524,0,0,0,0,0,0,1.912461635,0.035349597,0.003303714,0
13,212,11.888,511.9849857,32386.27187,0.15712,0,0,0,0,2.1024,0,0,0,0,0.151728,19.16080795,0.035349597,0.003303714,0
13,212,11.888,511.9849857,32386.27187,3.619,0,0.65701,0,0,0,0,0,0,0,0.28866,1.788434249,0.035349597,0.003303714,0
13,212,11.888,511.9849857,32386.27187,8.3439,0,0,0,1.0784,4.2572,0,0,0,0,0,8.153142895,0.035349597,0.003303714,0
13,212,11.888,511.9849857,32386.27187,0.026827,0,0,0,0.014078,0,0,0,0,0,4.5198,1.611949377,0.035349597,0.003303714,0
13,212,11.888,511.9849857,32386.27187,3.2038,0,0,0,0.005239,0,0,0,0,0,0,3.37110503,0.035349597,0.003303714,0
13,212,11.888,511.9849857,32386.27187,0.001326,0,0,0.003346,0,0.79321,0,0,0,0,58.353,7.432290306,0.035349597,0.003303714,0
13,212,11.888,511.9849857,32386.27187,0,0,0.17444,0.094899,0,0,0,0,0,0,0,6.438851272,0.035349597,0.003303714,0
13,212,11.888,511.9849857,32386.27187,0.0066265,0,0.0066735,0,0,0,0,0,0,0,68.145,6.438851272,0.035349597,0.003303714,0
13,212,11.888,511.9849857,32386.27187,0.011679,0,0,0.14311,0.038932,0,0,0,0,0,0.278532,81.9106449,0.035349597,0.003303714,0
13,212,11.888,511.9849857,32386.27187,0,0,0,0,0.008333,0,0,0,0,0,0.151728,8.153142895,0.035349597,0.003303714,0
13,212,11.888,511.9849857,32386.27187,0,0,0,0,6.873,0,0,0,0,0,0.151728,0.757177028,0.035349597,0.003303714,0
13,212,11.888,511.9849857,32386.27187,0,0,0,0,0,0,0,0,0,0,44.073,0.51278208,0.035349597,0.003303714,0
13,212,11.888,511.9849857,32386.27187,0.008333,0,0,0.008333,0,0,0,0,0,0,4.5198,2.626534064,0.035349597,0.003303714,0
13,212,11.888,511.9849857,32386.27187,0.003821,0,0,0.008333,1.1866,0,4.0851,0,0,0,5.7318,0.677067536,0.035349597,0.003303714,0
13,212,11.888,511.9849857,32386.27187,1.0702,0,0,0.000124,0,0,0,0,0,0,19.5987,1.600969904,0.035349597,0.003303714,0
13,212,11.888,511.9849857,32386.27187,0,0,0,68.713,0,0,0,0,0,0,0.151728,1.480602342,0.035349597,0.003303714,0
13,212,11.888,511.9849857,32386.27187,3.2852,0,0,0,0,0,0,0,0,0,0,0.677067536,0.035349597,0.003303714,0
13,212,11.888,511.9849857,32386.27187,15.758,0,0,0,0.008333,0,0.42744,0,0,0,0.279489,0.501192636,0.035349597,0.003303714,0
13,212,11.888,511.9849857,32386.27187,0.007221,0,0,0,6.2437,0,26.325,0,0,0,0,3.37110503,0.035349597,0.003303714,0
13,212,11.888,511.9849857,32386.27187,0,0,0,1.1486,0.005239,0,0.67053,0,0,0,1.57107,5.721119019,0.035349597,0.003303714,0
13,212,11.888,511.9849857,32386.27187,0.001326,0,0.83459,0.008333,0.00524,0,0,0,0,0,0,0.51278208,0.035349597,0.003303714,0
13,212,11.888,511.9849857,32386.27187,0.008585,0,0,0,8.688,0,0,0,0,0,0,4.044970118,0.035349597,0.003303714,0
13,212,11.888,511.9849857,32386.27187,1.1189,0,0,0,0,0,0,0,0,0,22.7118,3.933904712,0.035349597,0.003303714,0
13,212,11.888,511.9849857,32386.27187,43.218,0,0,0,0,0,0,0,0,0,4.1568,1.611949377,0.035349597,0.003303714,0
13,212,11.888,511.9849857,32386.27187,0.041249,0,0,0,0.000124,0.77921,0,0,0,0,7.2312,0.533114438,0.035349597,0.003303714,0
13,212,11.888,511.9849857,32386.27187,0.043527,0,0,0,0.008333,0,0.67845,0,0,0,0,5.721119019,0.035349597,0.003303714,0
13,212,11.888,511.9849857,32386.27187,0,0,0,0,0.027077,0,0,0,0,0,0,2.282103912,0.035349597,0.003303714,0
13,212,11.888,511.9849857,32386.27187,0.008333,0,0,0.000251,0,0,0,0,0,0,0,3.933904712,0.035349597,0.003303714,0
13,212,11.888,511.9849857,32386.27187,3.0116,0,0,0,0,0,0,0,0,0,0.151728,0.163878809,0.035349597,0.003303714,0
13,212,11.888,511.9849857,32386.27187,0.2494,0,0,0,0,0,0,0,0,0,0,3.370698383,0.035349597,0.003303714,0
13,212,11.888,511.9849857,32386.27187,0,0,0.2087,0,0,0.38161,0.42744,0.78565,0,0,55.917,1.437091095,0.035349597,0.003303714,0
13,212,11.888,511.9849857,32386.27187,1.0702,0,0,0,0,0,0,0,0,0,0.151728,2.742428507,0.035349597,0.003303714,0
13,212,11.888,511.9849857,32386.27187,0,0,0,0.019748,0,0,0,0,0,0,121.068,57.7672295,0.035349597,0.003303714,0
13,212,11.888,511.9849857,32386.27187,0,0,0,0.14311,0.008321,0,0,0,0,0,0,3.294248715,0.035349597,0.003303714,0
13,212,11.888,511.9849857,32386.27187,0.00644,0,0.005239,0.008333,0,0,0,0,0,0,0,6.85281809,0.035349597,0.003303714,0
13,212,11.888,511.9849857,32386.27187,0,0,0,0.008333,0,0,5.7012,0,0,0,0.151728,20.03672595,0.035349597,0.003303714,0
13,212,11.888,511.9849857,32386.27187,0.00524,0,0,0,0,0,0,0,0,0,0,4.286874454,0.035349597,0.003303714,0
13,212,11.888,511.9849857,32386.27187,0,0,0,0,0.008333,0,0,0.003043,0,0,0,3.370698383,0.035349597,0.003303714,0
13,212,11.888,511.9849857,32386.27187,0.067102,0,0,0.17235,0,0,0,0,0,0,198.603,1.912461635,0.035349597,0.003303714,0
13,212,11.888,511.9849857,32386.27187,0.005239,0,0,0,0,0,0,0,0,0,0.151728,8.153142895,0.035349597,0.003303714,0
13,212,11.888,511.9849857,32386.27187,0,0,0,0,0,0,0,0,0,0,0.151728,2.473634728,0.035349597,0.003303714,0
13,212,11.888,511.9849857,32386.27187,0.008321,0,0,0.00524,0,0,0,0,0,0,0.151728,3.933904712,0.035349597,0.003303714,0
13,212,11.888,511.9849857,32386.27187,215.5,0,0,0.021603,0,0,0,0,0,0,10.6086,1.740043236,0.035349597,0.003303714,0
13,212,11.888,511.9849857,32386.27187,0.008333,0,0,0,0,1.5527,0,0,0,0,43.602,8.563989377,0.035349597,0.003303714,0
13,212,11.888,511.9849857,32386.27187,0,0,0,0,0.17103,0,0,0,0,0,0.151728,1.912461635,0.035349597,0.003303714,0
13,212,11.888,511.9849857,32386.27187,0,0,0,0.44439,0,6.3468,0,0,0,0,0.151728,14.97902997,0.035349597,0.003303714,0
13,212,11.888,511.9849857,32386.27187,0.012154,0,0,0,0,1.5743,0,0,0,0,9.5499,1.437091095,0.035349597,0.003303714,0
13,212,11.888,511.9849857,32386.27187,0.008489,0,0,0,0,0,0,0,0,0,23.5818,3.27635624,0.035349597,0.003303714,0
13,212,11.888,511.9849857,32386.27187,11.135,0,0,0,0.008333,0,0,0,2.7519,0,97.974,3.50611189,0.035349597,0.003303714,0
13,212,11.888,511.9849857,32386.27187,0.002508,0,0,15.984,14.692,0,0,0,0,0,0.151728,1.740043236,0.035349597,0.003303714,0
13,212,11.888,511.9849857,32386.27187,0.007697,0,0,0,0,0,0.13028,0,0,0,12.3399,0.757177028,0.035349597,0.003303714,0
13,212,11.888,511.9849857,32386.27187,0,0,0,0,3.1902,0,0,0,0,0,149.193,3.37110503,0.035349597,0.003303714,0
13,212,11.888,511.9849857,32386.27187,0.008333,0,0,0,0,0.084836,0,0,0,0,14.1318,3.66575417,0.035349597,0.003303714,0
13,212,11.888,511.9849857,32386.27187,0.0062156,0,0,0.70621,0,0,0,0,0,0,0.151728,2.626534064,0.035349597,0.003303714,0
13,212,11.888,511.9849857,32386.27187,0,0,0,0,14.692,0,0,0,0,0,0.280587,3.370698383,0.035349597,0.003303714,0
13,212,11.888,511.9849857,32386.27187,0,0,0.8007,0.91042,0,0,0.13028,0,0,0,0.286419,19.16080795,0.035349597,0.003303714,0
13,212,11.888,511.9849857,32386.27187,0.00524,0,0,0.15874,0.00524,0,0,0,0,0,0.151728,0.506275725,0.035349597,0.003303714,0
13,212,11.888,511.9849857,32386.27187,0,0,0,0.00524,0.008333,0,0,0,0,0,0,1.629841853,0.035349597,0.003303714,0
13,212,11.888,511.9849857,32386.27187,0.008333,0,0.019942,0,56.549,0.79385,0,0,0,0,66.645,19.16080795,0.035349597,0.003303714,0
13,212,11.888,511.9849857,32386.27187,1.366,0,0.11086,0.012154,0.016012,0,0,0,0,0,3.9402,27.05073767,0.035349597,0.003303714,0
13,212,11.888,511.9849857,32386.27187,0.00014,0,0,0,0,0,0,0,0,0,0.151728,3.37110503,0.035349597,0.003303714,0
13,212,11.888,511.9849857,32386.27187,0.00524,0,0,0,0.000688,0,0.40452,0,0,0,0.48174,0.403800639,0.035349597,0.003303714,0
13,212,11.888,511.9849857,32386.27187,0,0,0,31.038,0.68315,0,0,0,0,0,0.151728,96.95287753,0.035349597,0.003303714,0
13,212,11.888,511.9849857,32386.27187,0,0,0,0,2.529,0,0,0,0,0,0.151728,27.05073767,0.035349597,0.003303714,0
13,212,11.888,511.9849857,32386.27187,0,0,0,0,0,0,0,0,0,0,0,1.740043236,0.035349597,0.003303714,0
13,212,11.888,511.9849857,32386.27187,0,0,0,0.005239,0.007148,0,0,0,0,0,0.151728,3.933904712,0.035349597,0.003303714,0
13,212,11.888,511.9849857,32386.27187,0.000688,0,0,0,0.52251,0,5.7969,0,0,0,3.5568,10.8444667,0.035349597,0.003303714,0
13,212,11.888,511.9849857,32386.27187,0.005239,0,0,0,1.2072,1.6287,0,0,0,0,11.0268,0.090682319,0.035349597,0.003303714,0
13,212,11.888,511.9849857,32386.27187,0,0,0,0,0,0,0.008333,0,0,0,0.273018,2.626534064,0.035349597,0.003303714,0
13,212,11.888,511.9849857,32386.27187,0,0,0,0,0.006456,0,0,0,0,0,0,0.677067536,0.035349597,0.003303714,0
13,212,11.888,511.9849857,32386.27187,46.059,0,0,0,3.2048,0,0,0,0,0,0.151728,3.539348854,0.035349597,0.003303714,0
14,213,8.116,511.9752805,32385.65796,0,0,0,0.18602,0,0,0,0,0,0,198.603,15.12102526,0.03459536,0.003233224,0
14,213,8.116,511.9752805,32385.65796,0.0097027,0,0,0.62945,0,0.18827,0,0,0,0,0,3.789481443,0.03459536,0.003233224,0
14,213,8.116,511.9752805,32385.65796,0,0,0,0,0,0,0,0,0,0,0.151728,2.124635517,0.03459536,0.003233224,0
14,213,8.116,511.9752805,32385.65796,0.74435,0,0,0,5.0207,0,0,0,0,0,0,17.60572724,0.03459536,0.003233224,0
14,213,8.116,511.9752805,32385.65796,0.67499,0,0.80154,2.7689,10.361,0,0,0,0,0,0.151728,2.474804353,0.03459536,0.003233224,0
14,213,8.116,511.9752805,32385.65796,0.00524,0,0,0,58.159,0,0,0,0,0,0.86343,0.99739448,0.03459536,0.003233224,0
14,213,8.116,511.9752805,32385.65796,0,0,0,0.018806,0,0,0.059897,0,0,0,0,3.789481443,0.03459536,0.003233224,0
14,213,8.116,511.9752805,32385.65796,5.7412,0,0,0.008333,0,0,0,0,0,0,0.151728,1.035375756,0.03459536,0.003233224,0
14,213,8.116,511.9752805,32385.65796,0,0,0,0,0.001669,0,0,0,0,0,0,0.541773565,0.03459536,0.003233224,0
14,213,8.116,511.9752805,32385.65796,0.68217,0,0,0,0.008333,0,0,0,0,0,6.102,3.237208988,0.03459536,0.003233224,0
14,213,8.116,511.9752805,32385.65796,0,0,0,0,0,0.008333,0,0,0,0,0.151728,6.472102045,0.03459536,0.003233224,0
14,213,8.116,511.9752805,32385.65796,0.008333,0,0,0,1.1453,0,0,0,0,0,0,3.237208988,0.03459536,0.003233224,0
14,213,8.116,511.9752805,32385.65796,0.011297,0,0,0,0,0,0,0,0,0,0,0.541773565,0.03459536,0.003233224,0
14,213,8.116,511.9752805,32385.65796,25.205,0,0.001463,0,0.01564,0.29716,0,0,0,0,0,0.99739448,0.03459536,0.003233224,0
14,213,8.116,511.9752805,32385.65796,0.045123,0,0,0,0,0,0,0,0,0,10.6818,0.99739448,0.03459536,0.003233224,0
14,213,8.116,511.9752805,32385.65796,3.0116,0,0,0,0.007148,0,0,0,0,0,0.151728,0.423815456,0.03459536,0.003233224,0
14,213,8.116,511.9752805,32385.65796,0,0,0,0,6.2079,0,0,0,0,0,0.151728,3.237208988,0.03459536,0.003233224,0
14,213,8.116,511.9752805,32385.65796,9.9965,0,0,77.417,0.0078558,0,0,0,0,0,1.62048,0.541773565,0.03459536,0.003233224,0
14,213,8.116,511.9752805,32385.65796,0,0,0,0,0,0,0,0,0,0,0.151728,11.33524931,0.03459536,0.003233224,0
14,213,8.116,511.9752805,32385.65796,1.4262,0,0,0,0,0.000886,0,0,0,0,10.1169,3.789481443,0.03459536,0.003233224,0
14,213,8.116,511.9752805,32385.65796,0,0,0,0.008333,0.008333,0,0,0,0,0,0.151728,0.423815456,0.03459536,0.003233224,0
14,213,8.116,511.9752805,32385.65796,0,0,0,0,7.544,0,0,0,0,0,0.151728,0.99739448,0.03459536,0.003233224,0
14,213,8.116,511.9752805,32385.65796,1.2325,0,0,0,0,0,0,0,0,0,7.6407,0.219704697,0.03459536,0.003233224,0
14,213,8.116,511.9752805,32385.65796,0.011297,0,0.81358,208.31,0,0,0,0,0,0,0,2.474804353,0.03459536,0.003233224,0
14,213,8.116,511.9752805,32385.65796,0.00524,0,6.0541,0,0.001434,0,0,0.79321,0,0,0.151728,1.035375756,0.03459536,0.003233224,0
14,213,8.116,511.9752805,32385.65796,0,0,0,0.000688,0.008333,0,17.287,0,0,0,0,2.124635517,0.03459536,0.003233224,0
14,213,8.116,511.9752805,32385.65796,0,0,0,0.008333,2.6315,8.6074,0,0,0,0,10.2414,11.33524931,0.03459536,0.003233224,0
14,213,8.116,511.9752805,32385.65796,0,0,0,0,1.0192,0.78972,0,0,0,0,5.1444,3.237208988,0.03459536,0.003233224,0
14,213,8.116,511.9752805,32385.65796,27.506,0,0,0.008333,0,0,0,0,0,0,0,1.651413523,0.03459536,0.003233224,0
14,213,8.116,511.9752805,32385.65796,0,0,0,0,0.84234,0,0.13028,0,0,0,0.151728,0.541773565,0.03459536,0.003233224,0
14,213,8.116,511.9752805,32385.65796,1.4385,0,0,0,0,0,0,0,0,0,0.268926,6.495762651,0.03459536,0.003233224,0
14,213,8.116,511.9752805,32385.65796,0.002139,0,0.01603,0,0,0,0,0,0,0,0,0.085689464,0.03459536,0.003233224,0
14,213,8.116,511.9752805,32385.65796,1.4385,0,0,0,4.3986,0,0.42744,0,0,0,7.0518,15.12102526,0.03459536,0.003233224,0
14,213,8.116,511.9752805,32385.65796,0.000172,0,0,0,0,0.002774,0.67053,0,0,0,0.45174,0.423815456,0.03459536,0.003233224,0
14,213,8.116,511.9752805,32385.65796,0,0,0,0.081032,3.5225,0,0.059897,0,0,0,55.917,0.99739448,0.03459536,0.003233224,0
14,213,8.116,511.9752805,32385.65796,0,0,0,43.946,17.934,0,0,0,0,0,0.151728,11.33524931,0.03459536,0.003233224,0
14,213,8.116,511.9752805,32385.65796,0.008333,0,0,0,0,0,14.188,0,0,0,0.286419,2.124635517,0.03459536,0.003233224,0
14,213,8.116,511.9752805,32385.65796,0,0,0,0.0002525,3.1902,0,0,0,0,0,0,11.33524931,0.03459536,0.003233224,0
14,213,8.116,511.9752805,32385.65796,0,0,0,0.008333,0.008335,0,0,0,0.10194,0,0.151728,4.278895437,0.03459536,0.003233224,0
14,213,8.116,511.9752805,32385.65796,0.0019345,0,0,0,2.5837,0,0,0,0,0,0.151728,0.085689464,0.03459536,0.003233224,0
14,213,8.116,511.9752805,32385.65796,0,0,0,0.0067817,0,0,0,0,0,0,6.8154,1.651413523,0.03459536,0.003233224,0
14,213,8.116,511.9752805,32385.65796,0.012423,0,0,0,0,0,0,0,0,0,0.151728,0.219704697,0.03459536,0.003233224,0
14,213,8.116,511.9752805,32385.65796,0.001326,0,13.427,0,0,0,0,0,0,0,0.151728,11.33524931,0.03459536,0.003233224,0
14,213,8.116,511.9752805,32385.65796,0.005979,0,0,0.00524,0,0,0.13028,0,0,0,0.151728,0.301225485,0.03459536,0.003233224,0
14,213,8.116,511.9752805,32385.65796,0,0,0,0,0,0,0,0,0,0,1.84839,2.007567612,0.03459536,0.003233224,0
14,213,8.116,511.9752805,32385.65796,0,0,0,0,2.0298,0,0,0,0,0,13.5342,11.33524931,0.03459536,0.003233224,0
14,213,8.116,511.9752805,32385.65796,0.004864,0,0,1.6635,0,0,0,0,0,0,0.151728,2.124635517,0.03459536,0.003233224,0
14,213,8.116,511.9752805,32385.65796,0.010122,0,0,8.389,0.63967,0,0,0,0,0,0,2.124635517,0.03459536,0.003233224,0
14,213,8.116,511.9752805,32385.65796,0,0,0,0.00315,0,53.202,0.42744,0,0,0,12.8901,0.99739448,0.03459536,0.003233224,0
14,213,8.116,511.9752805,32385.65796,49.011,0,0,0,0,0,0,0,0,0,176.907,1.035375756,0.03459536,0.003233224,0
14,213,8.116,511.9752805,32385.65796,28.979,0,0,0,0,0,0.67053,0,0,0,5.0757,6.472102045,0.03459536,0.003233224,0
14,213,8.116,511.9752805,32385.65796,0.00524,0,0,0,0,0,0,0,0,0,2.23266,0.219704697,0.03459536,0.003233224,0
14,213,8.116,511.9752805,32385.65796,0.022591,0,0,0,0,0,0,0,0,0,0.30174,11.33524931,0.03459536,0.003233224,0
14,213,8.116,511.9752805,32385.65796,0.008333,0,0,0,0.008335,0,15.504,0,0,0,0,2.124635517,0.03459536,0.003233224,0
14,213,8.116,511.9752805,32385.65796,0,0,0,0.0043235,0,0,0,0,0,0,0,10.04744876,0.03459536,0.003233224,0
14,213,8.116,511.9752805,32385.65796,0,0,0,0,51.372,0,0,0,0,0,73.308,2.124635517,0.03459536,0.003233224,0
14,213,8.116,511.9752805,32385.65796,0,0,0,0,0,0,0,0,0,0,4.8507,11.68233493,0.03459536,0.003233224,0
14,213,8.116,511.9752805,32385.65796,0.15712,0,0,0,0.21192,0.85321,27.706,0,0,0,3.4635,3.237208988,0.03459536,0.003233224,0
14,213,8.116,511.9752805,32385.65796,0.007697,0,0,5.2482,0,0,0,0,0,0,0,0.423815456,0.03459536,0.003233224,0
14,213,8.116,511.9752805,32385.65796,1.1394,0,0,2.2294,0.0062716,0,0,0,0,0,0,1.651413523,0.03459536,0.003233224,0
14,213,8.116,511.9752805,32385.65796,0.53043,0,0,0,0,0,0,0,0,0,0.44541,6.495762651,0.03459536,0.003233224,0
14,213,8.116,511.9752805,32385.65796,0,0,0,0.054581,0.010479,0,0.002308,0,0,0,5.2875,2.124635517,0.03459536,0.003233224,0
14,213,8.116,511.9752805,32385.65796,0.00524,0,0,0.16809,0,0,0,0,0,0,0.278526,0.085689464,0.03459536,0.003233224,0
14,213,8.116,511.9752805,32385.65796,0,0,0,0,0,0,0,0,0,0,0.151728,1.035375756,0.03459536,0.003233224,0
14,213,8.116,511.9752805,32385.65796,0.00014,0,0,2.7308,0.003538,0.66655,0.13028,0,0,0,24.9618,15.12102526,0.03459536,0.003233224,0
14,213,8.116,511.9752805,32385.65796,0.0097027,0,0,0,0,0.023853,0,0,0,0,0,11.33524931,0.03459536,0.003233224,0
14,213,8.116,511.9752805,32385.65796,6.8104,0,0,0.0011005,0.008333,0,0,0,0,0,0.44541,6.472102045,0.03459536,0.003233224,0
14,213,8.116,511.9752805,32385.65796,1.8115,0,0,2.8607,0,0,0.74966,0,0,0,4.6839,13.06734301,0.03459536,0.003233224,0
14,213,8.116,511.9752805,32385.65796,0,0,0,6.0441,0.14346,0,0,0,0,0,0,3.237208988,0.03459536,0.003233224,0
14,213,8.116,511.9752805,32385.65796,0.061886,0,0.00014,0,3.2048,0,0,0,0,0,2.23266,2.474804353,0.03459536,0.003233224,0
14,213,8.116,511.9752805,32385.65796,0.008335,0,0,4.4534,0,0,0,0,0,0,0,2.124635517,0.03459536,0.003233224,0
14,213,8.116,511.9752805,32385.65796,5.865,0,0,0.008332,0,0,0,0,0,0,0.72174,22.79016382,0.03459536,0.003233224,0
14,213,8.116,511.9752805,32385.65796,0.005239,0,0,0,1.4315,0,0,0,0,0,4.8507,3.789481443,0.03459536,0.003233224,0
14,213,8.116,511.9752805,32385.65796,0.00524,0,0,0,0,0,0,0,0,0,0.288579,0.301225485,0.03459536,0.003233224,0
14,213,8.116,511.9752805,32385.65796,0,0,0,0.19366,0,0,0,0,0,0,0.151728,0.085689464,0.03459536,0.003233224,0
14,213,8.116,511.9752805,32385.65796,0,0,0,0.008333,0,0,0,0,0,0,30.885,0.301225485,0.03459536,0.003233224,0
14,213,8.116,511.9752805,32385.65796,0.00524,0,0,0,0,0,0,0,0,0,0.151728,3.237208988,0.03459536,0.003233224,0
14,213,8.116,511.9752805,32385.65796,0,0,5.2658,0,0.52975,0,0,0.92683,0,0,7.2312,4.278895437,0.03459536,0.003233224,0
14,213,8.116,511.9752805,32385.65796,0.72108,0,0,0.0025559,0.000063,0,0,0,0,0,22.617,0.085689464,0.03459536,0.003233224,0
14,213,8.116,511.9752805,32385.65796,0,0,0.0057565,0,0.014581,0,0,0,0,0,0.151728,3.237208988,0.03459536,0.003233224,0
14,213,8.116,511.9752805,32385.65796,57.072,0,0,0.071721,1.5895,0,3.4784,0,0,0,0,1.651413523,0.03459536,0.003233224,0
14,213,8.116,511.9752805,32385.65796,0.048638,0,0.007332,0.071721,0,0.023853,0,0,0,0,0.151728,0.423815456,0.03459536,0.003233224,0
14,213,8.116,511.9752805,32385.65796,0.008333,0,0,0,3.3385,0,0,0,0,0,55.917,11.33524931,0.03459536,0.003233224,0
14,213,8.116,511.9752805,32385.65796,0,0,0.00524,0.008333,0,0,0,0,0,0,0.286419,0.085689464,0.03459536,0.003233224,0
14,213,8.116,511.9752805,32385.65796,0.44516,0,0,0,0,0,0.13028,0,0,0,0,0.423815456,0.03459536,0.003233224,0
14,213,8.116,511.9752805,32385.65796,0,0,0,0,0,0.10235,0,0,0,0,10.3692,1.651413523,0.03459536,0.003233224,0
14,213,8.116,511.9752805,32385.65796,0.062652,0,0,0.00524,0,0,0,0,0,0,0.151728,1.651413523,0.03459536,0.003233224,0
14,213,8.116,511.9752805,32385.65796,0.03314,0,0,0.010558,0,0,0,0,0,0,0.151728,3.789481443,0.03459536,0.003233224,0
14,213,8.116,511.9752805,32385.65796,0,0,0,0,0,0.79323,0,0,0,0,19.6818,2.474804353,0.03459536,0.003233224,0
14,213,8.116,511.9752805,32385.65796,0.17962,0,0,0,0,0.003718,0,0,0,0,7.0518,25.71929039,0.03459536,0.003233224,0
14,213,8.116,511.9752805,32385.65796,0,0,0,0.003821,0,0.87289,0,0,0,0,1.09647,3.789481443,0.03459536,0.003233224,0
14,213,8.116,511.9752805,32385.65796,0,0,0,0,0.4381,0,0,0,0,0,0.292407,0.085689464,0.03459536,0.003233224,0
14,213,8.116,511.9752805,32385.65796,55.389,0,0,1.9259,0.019035,0,0,0,0,0,0.151728,2.124635517,0.03459536,0.003233224,0
14,213,8.116,511.9752805,32385.65796,0,0,0,3.6568,0.013746,0,0,0,0,0,0.151728,3.237208988,0.03459536,0.003233224,0
14,213,8.116,511.9752805,32385.65796,5.0534,0,0,0,0,0,0,0,0,0,0.88596,0.423815456,0.03459536,0.003233224,0
14,213,8.116,511.9752805,32385.65796,0.008333,0,0,0,0,0,0,0,0,0,1.5003,2.474804353,0.03459536,0.003233224,0
14,213,8.116,511.9752805,32385.65796,0.018381,0,0,0.015258,0,0.001655,0,0,0,0,0,0.085689464,0.03459536,0.003233224,0
14,213,8.116,511.9752805,32385.65796,0.005239,0,0,0,0,0,0,13.684,0,0,0.31059,0.301225485,0.03459536,0.003233224,0
14,213,8.116,511.9752805,32385.65796,0.030381,0,0,0,0,0,0.93424,0,0,0,9.1953,0.085689464,0.03459536,0.003233224,0
14,213,8.116,511.9752805,32385.65796,0,0,0,0,0.008333,0,0,0,0,0,0.286419,2.124635517,0.03459536,0.003233224,0
14,213,8.116,511.9752805,32385.65796,0,0,0,2.3519,0.013036,0,45.746,0,0,0,61.47,11.33524931,0.03459536,0.003233224,0
14,213,8.116,511.9752805,32385.65796,0,0,0,1.4572,0,0,0,0,0,0,0.151728,0.085689464,0.03459536,0.003233224,0
14,213,8.116,511.9752805,32385.65796,0.043506,0,0,0,0.023106,0,0,0,0,0,0.151728,0.423815456,0.03459536,0.003233224,0
14,213,8.116,511.9752805,32385.65796,0.014901,0,0.016815,0,0,2.8066,0,0,0,0,0.275769,0.301225485,0.03459536,0.003233224,0
14,213,8.116,511.9752805,32385.65796,0.008333,0,0,0.038288,0.008333,0,0,0,0,0,0.73911,0.219704697,0.03459536,0.003233224,0
14,213,8.116,511.9752805,32385.65796,0.002139,0,0,0.00062,0,0,0,0,0,0,0,6.472102045,0.03459536,0.003233224,0
14,213,8.116,511.9752805,32385.65796,0,0,0,0.008333,80.307,0,0,0,0,0,1.91388,2.124635517,0.03459536,0.003233224,0
14,213,8.116,511.9752805,32385.65796,0,0,0,0,0,0,0.021726,0,0,0,18.3318,0.085689464,0.03459536,0.003233224,0
14,213,8.116,511.9752805,32385.65796,0,0,0,0.38795,0.050892,0,0,0.79321,0,0,0.151728,1.035375756,0.03459536,0.003233224,0
14,213,8.116,511.9752805,32385.65796,0.0094073,0,0,0.007328,0.00036,0,0,0,0,0,0.288579,0.085689464,0.03459536,0.003233224,0
14,213,8.116,511.9752805,32385.65796,0.061767,0,0,0,0,0,0,0,0,0,0,10.04744876,0.03459536,0.003233224,0
14,213,8.116,511.9752805,32385.65796,0,0,0,0.011941,0.008333,0.008333,0,0,0,0,0.273384,3.789481443,0.03459536,0.003233224,0
14,213,8.116,511.9752805,32385.65796,0,0,0,14.804,0,0,0,0,0,0,0.151728,0.99739448,0.03459536,0.003233224,0
14,213,8.116,511.9752805,32385.65796,10.309,0,0,0,0,0,0,0,0,0,0.42399,11.68233493,0.03459536,0.003233224,0
14,213,8.116,511.9752805,32385.65796,6.4349,0,0,3.4325,0,0,0,0,0,0,1.09155,11.33524931,0.03459536,0.003233224,0
14,213,8.116,511.9752805,32385.65796,0.008699,0,0,3.4325,0,0.000491,0,0,0,0,0.73911,2.124635517,0.03459536,0.003233224,0
14,213,8.116,511.9752805,32385.65796,0,0,0,0,0,0.80154,0,0,0,0,0.151728,0.219704697,0.03459536,0.003233224,0
14,213,8.116,511.9752805,32385.65796,1.8709,0,0,0,14.856,0,0,0,0,0,10.3692,15.12102526,0.03459536,0.003233224,0
14,213,8.116,511.9752805,32385.65796,0.00524,0,0,0,0,0,0.002308,6.9391,0,0,0,11.33524931,0.03459536,0.003233224,0
14,213,8.116,511.9752805,32385.65796,0,0,0,0.011527,0.008333,0,0,0,0,0,14.3958,6.472102045,0.03459536,0.003233224,0
14,213,8.116,511.9752805,32385.65796,0.008333,0,0,4.5651,0,0,0,28.626,0,0,28.0509,22.79016382,0.03459536,0.003233224,0
14,213,8.116,511.9752805,32385.65796,0.031802,0,0,0,0.0001875,0,0,0,0,0,17.1858,1.035375756,0.03459536,0.003233224,0
14,213,8.116,511.9752805,32385.65796,0,0,0,0,1.1453,0,0,0,0,0,73.296,1.035375756,0.03459536,0.003233224,0
14,213,8.116,511.9752805,32385.65796,0.49815,0,0,1.3385,0,0.78972,0,0,0,0,0,3.237208988,0.03459536,0.003233224,0
14,213,8.116,511.9752805,32385.65796,0.023786,0,0,0.00524,0,0,0,0,0,0,0.151728,0.219704697,0.03459536,0.003233224,0
14,213,8.116,511.9752805,32385.65796,1.7403,0,0,5.4764,0,0,0,0,0,0,0,6.495762651,0.03459536,0.003233224,0
14,213,8.116,511.9752805,32385.65796,0.011479,0,0,0,0.008333,0,0,0,0,0,13.5342,1.651413523,0.03459536,0.003233224,0
14,213,8.116,511.9752805,32385.65796,0.00021,0,0,0.15275,0,37.958,0,0,0,0,5.0757,4.278895437,0.03459536,0.003233224,0
14,213,8.116,511.9752805,32385.65796,0.015487,0,0,4.8779,0,0,0,0,0,0,198.603,0.219704697,0.03459536,0.003233224,0
14,213,8.116,511.9752805,32385.65796,0.026038,0,0,0,0,0.060187,0,0,0,0,61.47,11.33524931,0.03459536,0.003233224,0
14,213,8.116,511.9752805,32385.65796,0,0,0,0.007328,0.00524,0,14.489,0,0,0,0.273384,2.124635517,0.03459536,0.003233224,0
14,213,8.116,511.9752805,32385.65796,1.8709,0,0,0.007697,0,0,0,0,0,0,0.67983,0.301225485,0.03459536,0.003233224,0
14,213,8.116,511.9752805,32385.65796,0.0094528,0,0,0.008332,70.761,0,0,0,0,0,0.151728,1.035375756,0.03459536,0.003233224,0
14,213,8.116,511.9752805,32385.65796,0.003346,0,0,0.10557,0.008763,0,0,0,0,0,6.5418,3.237208988,0.03459536,0.003233224,0
14,213,8.116,511.9752805,32385.65796,0,0,0,10.118,0,0.18042,12.2,0,0,0,0,13.06734301,0.03459536,0.003233224,0
14,213,8.116,511.9752805,32385.65796,0.0059398,0,0,0,13.034,0,0.13028,0,0,0,0.287505,0.085689464,0.03459536,0.003233224,0
14,213,8.116,511.9752805,32385.65796,0.035255,0,0,0,0,0,0,0,0,0,4.7865,6.472102045,0.03459536,0.003233224,0
14,213,8.116,511.9752805,32385.65796,0,0,0,10.118,0.000739,0,0,0,0,0,3.4872,3.789481443,0.03459536,0.003233224,0
14,213,8.116,511.9752805,32385.65796,0.01357,0,0,0.005239,2.0594,0,0,0,0,0,0.54798,4.278895437,0.03459536,0.003233224,0
14,213,8.116,511.9752805,32385.65796,0.002011,0,0,10.418,0,0,0.42744,0,0,0,0.279489,0.541773565,0.03459536,0.003233224,0
14,213,8.116,511.9752805,32385.65796,0.38105,0,0,0,0,0,0,0,0,0,0.285792,4.278895437,0.03459536,0.003233224,0
14,213,8.116,511.9752805,32385.65796,0.021605,0,0.003821,0.80704,0,2.1024,0,0,0.0055592,0,17.1858,1.035375756,0.03459536,0.003233224,0
14,213,8.116,511.9752805,32385.65796,0.057403,0,0,0,0,0,0.059897,0,0,0,7.2168,11.33524931,0.03459536,0.003233224,0
14,213,8.116,511.9752805,32385.65796,9.7427,0,0,0,0.00524,1.5693,0,0,0,0,17.2929,3.237208988,0.03459536,0.003233224,0
14,213,8.116,511.9752805,32385.65796,3.5296,0,0,0.010471,0,0,0,0,0,0,0.151728,2.474804353,0.03459536,0.003233224,0
14,213,8.116,511.9752805,32385.65796,0.35231,0,0,0.030966,0,0,13.456,0,0,0,7.3206,25.71929039,0.03459536,0.003233224,0
14,213,8.116,511.9752805,32385.65796,0.013575,0,0,0,0,0,0,0,0,0,34.872,0.219704697,0.03459536,0.003233224,0
14,213,8.116,511.9752805,32385.65796,0.00644,0,0,1.2811,0,0,0,0,0,0,0.151728,3.237208988,0.03459536,0.003233224,0
14,213,8.116,511.9752805,32385.65796,0,0,7.5185,0,0,0.59584,0.008333,0,0,0,7.1259,0.541773565,0.03459536,0.003233224,0
14,213,8.116,511.9752805,32385.65796,0.001434,0,0,0,0,0,0,0,0,0,0.151728,4.278895437,0.03459536,0.003233224,0
14,213,8.116,511.9752805,32385.65796,0.078253,0,0,0,0,0,0,0,0,0,5.2239,0.085689464,0.03459536,0.003233224,0
14,213,8.116,511.9752805,32385.65796,0.011957,0,0,0,0,0,0,0,0,0,0,2.124635517,0.03459536,0.003233224,0
14,213,8.116,511.9752805,32385.65796,0.018235,0,0,3.0666,0.011841,0,0,0,0,0,0.273366,3.237208988,0.03459536,0.003233224,0
14,213,8.116,511.9752805,32385.65796,2.2987,0,0,0,1.8824,5.3213,28.852,0,0,0,0,11.33524931,0.03459536,0.003233224,0
14,213,8.116,511.9752805,32385.65796,0.010122,0,2.1639,0,0,0.034291,0,0,0,0,0.151728,2.124635517,0.03459536,0.003233224,0
14,213,8.116,511.9752805,32385.65796,0.0056,0,0,0,0,0,0,0,0,0,0.78174,0.541773565,0.03459536,0.003233224,0
14,213,8.116,511.9752805,32385.65796,0.00644,0,0.81358,0,0,0,0,0,0,0,0,1.651413523,0.03459536,0.003233224,0
14,213,8.116,511.9752805,32385.65796,0.39529,0,0,0.002011,0.566,0,0,0,0,0,0.75174,0.423815456,0.03459536,0.003233224,0
14,213,8.116,511.9752805,32385.65796,0,0,0,13.409,0,0,0,0,0,0,4.521,0.99739448,0.03459536,0.003233224,0
14,213,8.116,511.9752805,32385.65796,0.008335,0,0,0.0068531,0.011527,0.008333,0,0,0,0,18.819,0.301225485,0.03459536,0.003233224,0
14,213,8.116,511.9752805,32385.65796,0.01048,0,0.094579,0.008333,0.008336,0,0,0,0,0,0,1.035375756,0.03459536,0.003233224,0
14,213,8.116,511.9752805,32385.65796,0,0,0,0,0,0,0,0,0,0,3.2364,0.99739448,0.03459536,0.003233224,0
14,213,8.116,511.9752805,32385.65796,0.001434,0,0,0,0,0,0,0,0,0,15.7923,25.71929039,0.03459536,0.003233224,0
14,213,8.116,511.9752805,32385.65796,2.0814,0,0,0,27.763,0,0,0,0,0,0,3.237208988,0.03459536,0.003233224,0
14,213,8.116,511.9752805,32385.65796,0,0,0,0,0.003538,0,0.13028,0,0,0,0.151728,0.301225485,0.03459536,0.003233224,0
14,213,8.116,511.9752805,32385.65796,0.014662,0,0,0.010105,0.008953,0,0,0,0.0059343,0,21.2118,0.423815456,0.03459536,0.003233224,0
14,213,8.116,511.9752805,32385.65796,0.081094,0,0,0,0,0,0,0,0,0,0.151728,2.474804353,0.03459536,0.003233224,0
14,213,8.116,511.9752805,32385.65796,0,0,0,3.325,0,0,0,0,0,0,0.151728,6.472102045,0.03459536,0.003233224,0
14,213,8.116,511.9752805,32385.65796,0,0,0,0.030965,0,0,0,0,0,0,0.70764,2.124635517,0.03459536,0.003233224,0
14,213,8.116,511.9752805,32385.65796,0,0,0,0.007102,0,0,0,0,0,0,123.459,1.651413523,0.03459536,0.003233224,0
14,213,8.116,511.9752805,32385.65796,0.10284,0,0,0,0,0,0,0,0,0,0,3.237208988,0.03459536,0.003233224,0
14,213,8.116,511.9752805,32385.65796,0,0,63.617,0,0.008333,0,0,0,0,0,6.5418,11.33524931,0.03459536,0.003233224,0
14,213,8.116,511.9752805,32385.65796,0,0,0,0.0021738,0.00524,0,0,0,0,0,0.151728,3.789481443,0.03459536,0.003233224,0
14,213,8.116,511.9752805,32385.65796,0.15204,0,0.000078,0,0,0,0,0,0,0,0,0.219704697,0.03459536,0.003233224,0
14,213,8.116,511.9752805,32385.65796,0.000172,0,0,0,0.23723,0,0.13028,0,0,0,4.5198,0.301225485,0.03459536,0.003233224,0
14,213,8.116,511.9752805,32385.65796,0.00014,0,0,0.73108,0.014258,22.837,0,0,0,0,8.5524,10.04744876,0.03459536,0.003233224,0
14,213,8.116,511.9752805,32385.65796,0,0,0,0.21079,0,0,0,0,0,0,2.76468,0.301225485,0.03459536,0.003233224,0
14,213,8.116,511.9752805,32385.65796,0,0,0,0,0.84234,0.90378,0,0,0,0,0.151728,25.71929039,0.03459536,0.003233224,0
14,213,8.116,511.9752805,32385.65796,0.34912,0,0,1.0312,0,0,0,0,0,0,0,11.33524931,0.03459536,0.003233224,0
14,213,8.116,511.9752805,32385.65796,0.001009,0,0,2.7097,0,0,0,0,0,0,0.77829,10.04744876,0.03459536,0.003233224,0
14,213,8.116,511.9752805,32385.65796,0.00524,0,0,0,0,0,5.7012,0,0,0,8.5644,6.472102045,0.03459536,0.003233224,0
14,213,8.116,511.9752805,32385.65796,0,0,0,0,0,0,0,0,0,0,1.57404,0.085689464,0.03459536,0.003233224,0
14,213,8.116,511.9752805,32385.65796,0.00387,0,0,0.003821,0.15682,0,0,0,0,0,0.44541,2.474804353,0.03459536,0.003233224,0
14,213,8.116,511.9752805,32385.65796,4.119,0,0,0,0,0.000547,137.34,0,0,0,0,1.035375756,0.03459536,0.003233224,0
14,213,8.116,511.9752805,32385.65796,1.8154,0,0,4.4257,0.011526,0,0,0,0,0,7.2051,3.789481443,0.03459536,0.003233224,0
14,213,8.116,511.9752805,32385.65796,0,0,0,0,0,0,0,0,0,0,0,0.541773565,0.03459536,0.003233224,0
14,213,8.116,511.9752805,32385.65796,0,0,5.5296,0,0,0,0,0,0,0,0.44541,0.085689464,0.03459536,0.003233224,0
14,213,8.116,511.9752805,32385.65796,0.10994,0,0,6.376,0,0,0,0,0.00524,0,0.151728,0.99739448,0.03459536,0.003233224,0
14,213,8.116,511.9752805,32385.65796,25.253,0,0,0.013455,0.086094,0,0,0,0,0,0,2.474804353,0.03459536,0.003233224,0
14,213,8.116,511.9752805,32385.65796,0.071675,0,0,0.7793,1.1676,0,0,0,0.00062,0,0.151728,11.33524931,0.03459536,0.003233224,0
14,213,8.116,511.9752805,32385.65796,0.002139,0,0,0,0,0,0,0,0,0,11.0268,11.33524931,0.03459536,0.003233224,0
14,213,8.116,511.9752805,32385.65796,0,0,0,0.008333,0,0,0,0,0,0,0.3897,0.085689464,0.03459536,0.003233224,0
14,213,8.116,511.9752805,32385.65796,0.010479,0,0,7.2355,0,0,0,0,0,0,1.31526,2.124635517,0.03459536,0.003233224,0
14,213,8.116,511.9752805,32385.65796,0.013572,0,0,17.373,2.439,0,0,0,8.4536,0,0.151728,6.472102045,0.03459536,0.003233224,0
14,213,8.116,511.9752805,32385.65796,0.007697,0,0,0.42786,11.167,0,0,0,0,0,28.113,0.301225485,0.03459536,0.003233224,0
14,213,8.116,511.9752805,32385.65796,0,0,0,0,7.2444,0,0,0,0,0,0.278526,3.789481443,0.03459536,0.003233224,0
14,213,8.116,511.9752805,32385.65796,0.00014,0,0,0,0,0,0,0,0,0,24.9618,0.085689464,0.03459536,0.003233224,0
14,213,8.116,511.9752805,32385.65796,0.052214,0,0,0,0,0,0,0,0,0,0,1.035375756,0.03459536,0.003233224,0
14,213,8.116,511.9752805,32385.65796,0,0,0,0,0,0,0,0,0,0,0.151728,2.007567612,0.03459536,0.003233224,0
14,213,8.116,511.9752805,32385.65796,0.022591,0,0,0.011527,0,0,0,0,0,0,0,0.085689464,0.03459536,0.003233224,0
14,213,8.116,511.9752805,32385.65796,1.0344,0,0,0,0,0,0,0,0.00644,0,15.8232,143.9831763,0.03459536,0.003233224,0
14,213,8.116,511.9752805,32385.65796,9.7427,0,0,0,0,0,0,0,0,0,0.275769,4.278895437,0.03459536,0.003233224,0
14,213,8.116,511.9752805,32385.65796,0,0,0,0,0.68315,0,0,0,0,0,0,2.007567612,0.03459536,0.003233224,0
14,213,8.116,511.9752805,32385.65796,0.008333,0,21.812,0.010558,0.008321,0,0,0,0,0,1.04805,45.52343809,0.03459536,0.003233224,0
14,213,8.116,511.9752805,32385.65796,0.43058,0,0,0.002084,0,0,0,0,0,0,13.494,0.085689464,0.03459536,0.003233224,0
14,213,8.116,511.9752805,32385.65796,2.2256,0,0.009348,0,2.5837,4.3866,0,0,0,0,0,0.219704697,0.03459536,0.003233224,0
14,213,8.116,511.9752805,32385.65796,0,0,0,43.346,0,0,0,0,0,0,1.05978,0.301225485,0.03459536,0.003233224,0
14,213,8.116,511.9752805,32385.65796,0,0,0.005988,0.007102,0.008133,0,0,0,0,0,0,17.60572724,0.03459536,0.003233224,0
14,213,8.116,511.9752805,32385.65796,11.135,0,0.77195,0.10345,0.61065,0,0,0,0,0,0,10.04744876,0.03459536,0.003233224,0
14,213,8.116,511.9752805,32385.65796,0,0,0,5.2482,0,0,0,0,0,0,0.151728,1.651413523,0.03459536,0.003233224,0
14,213,8.116,511.9752805,32385.65796,0,0,0,0,0,0,0,0,0,0,0.151728,0.085689464,0.03459536,0.003233224,0
14,213,8.116,511.9752805,32385.65796,0,0,0,0,0.0057595,0,0,0,0,0,0.151728,2.007567612,0.03459536,0.003233224,0
14,213,8.116,511.9752805,32385.65796,0.008335,0,0,0,0.73688,0,0,0,0,0,0,3.789481443,0.03459536,0.003233224,0
14,213,8.116,511.9752805,32385.65796,1.2548,0,0,0,0.013573,0,7.6576,0,0,0,0.151728,6.472102045,0.03459536,0.003233224,0
14,213,8.116,511.9752805,32385.65796,0,0,0,0,0,0,0.13028,0,0,0,0.151728,2.124635517,0.03459536,0.003233224,0
14,213,8.116,511.9752805,32385.65796,0,0,0,0,0.008333,0,0,0,0,0,7.3257,0.219704697,0.03459536,0.003233224,0
14,213,8.116,511.9752805,32385.65796,0,0,0,1.2164,2.6315,0,14.188,0,0,0,4.1943,4.278895437,0.03459536,0.003233224,0
14,213,8.116,511.9752805,32385.65796,0.007697,0,0,0,0.060787,0,0,0,0,0,0.84174,0.301225485,0.03459536,0.003233224,0
14,213,8.116,511.9752805,32385.65796,0,0,0,0,0,0,0,0,0,0,0,2.124635517,0.03459536,0.003233224,0
14,213,8.116,511.9752805,32385.65796,0.01061,0,0,0.53462,5.3243,1.6459,0,0,0,0,0.45174,17.60572724,0.03459536,0.003233224,0
14,213,8.116,511.9752805,32385.65796,0.15083,0,0,0.00247,0,0,0,0,0,0,0.151728,3.789481443,0.03459536,0.003233224,0
14,213,8.116,511.9752805,32385.65796,0.022591,0,0,0.00524,0.008336,0,0,0,0,0,0.151728,0.99739448,0.03459536,0.003233224,0
14,213,8.116,511.9752805,32385.65796,0.0056959,0,0,0,0,0,0,0,0,0,0.151728,1.651413523,0.03459536,0.003233224,0
14,213,8.116,511.9752805,32385.65796,0.078253,0,0,0,0,0,0,0,0,0,0.151728,1.035375756,0.03459536,0.003233224,0
14,213,8.116,511.9752805,32385.65796,0.014662,0,0,0,20.653,0,0,0,0,0,1.57404,0.99739448,0.03459536,0.003233224,0
14,213,8.116,511.9752805,32385.65796,0,0,0,0,0,0,6.2428,0,0,0,0,1.035375756,0.03459536,0.003233224,0
14,213,8.116,511.9752805,32385.65796,0.0088426,0,0,0.36044,0.008333,0,0,0,0,0,0.151728,22.79016382,0.03459536,0.003233224,0
14,213,8.116,511.9752805,32385.65796,1.6744,0,0,1.0692,0,0,0.60778,0,0,0,0.54798,0.219704697,0.03459536,0.003233224,0
14,213,8.116,511.9752805,32385.65796,0.0064565,0,0,0.008332,0,2.4162,0,0,0,0,0,0.423815456,0.03459536,0.003233224,0
14,213,8.116,511.9752805,32385.65796,0,0,0,0,0.1667,0,0,0,0,0,176.907,1.035375756,0.03459536,0.003233224,0
14,213,8.116,511.9752805,32385.65796,0.00524,0,8.3189,62.543,16,0,0,0,0,0,0,0.99739448,0.03459536,0.003233224,0
14,213,8.116,511.9752805,32385.65796,2.1821,0,0,0,0,0,0,0,0,0,0,1.035375756,0.03459536,0.003233224,0
14,213,8.116,511.9752805,32385.65796,1.5561,0,0,1.0905,0.010479,0,0,0,0,0,0.151728,11.33524931,0.03459536,0.003233224,0
14,213,8.116,511.9752805,32385.65796,0.000545,0,0,0.010986,52.779,0,0,0,0,0,0.151728,0.301225485,0.03459536,0.003233224,0
14,213,8.116,511.9752805,32385.65796,0,0,0,0,0,0,0,0,0,0,0,11.68233493,0.03459536,0.003233224,0
14,213,8.116,511.9752805,32385.65796,0.12797,0,0,0.15874,0.003468,0,0,0,0,0,0,6.472102045,0.03459536,0.003233224,0
14,213,8.116,511.9752805,32385.65796,0,0,0,0,0.49136,0,6.9551,0,0,0,0.151728,0.423815456,0.03459536,0.003233224,0
14,213,8.116,511.9752805,32385.65796,0.00524,0,0,0.0097027,0,0,0,0,0,0,0.86343,0.423815456,0.03459536,0.003233224,0
14,213,8.116,511.9752805,32385.65796,7.2682,0,0,0,9.5619,0,0,0,0,0,0,0.541773565,0.03459536,0.003233224,0
14,213,8.116,511.9752805,32385.65796,0.008333,0,0,0,0,0,0,0,0,0,0,0.219704697,0.03459536,0.003233224,0
14,213,8.116,511.9752805,32385.65796,0.72108,0,0,3.4325,0,0,21.569,0,0,0,0.151728,4.278895437,0.03459536,0.003233224,0
14,213,8.116,511.9752805,32385.65796,0.60993,0,0,0,0,0,0,0,0,0,0.151728,15.12102526,0.03459536,0.003233224,0
14,213,8.116,511.9752805,32385.65796,50.529,0,0,0,2.3758,0,0,0,0,0,0,0.541773565,0.03459536,0.003233224,0
14,213,8.116,511.9752805,32385.65796,0.008333,0,0,0,0.003821,0,0,0,0,0,12.3399,10.04744876,0.03459536,0.003233224,0
14,213,8.116,511.9752805,32385.65796,0.00524,0,0,0.00524,0,0,0,0,0,0,2.76468,1.651413523,0.03459536,0.003233224,0
14,213,8.116,511.9752805,32385.65796,0,0,0,0.37527,0,0,0,0,0,0,0,3.237208988,0.03459536,0.003233224,0
14,213,8.116,511.9752805,32385.65796,0.007221,0,0,0,0.00524,0,0,0,0,0,0.273372,17.60572724,0.03459536,0.003233224,0
14,213,8.116,511.9752805,32385.65796,40.517,0,0,0,14.692,0,0,0,0,0,7.3257,10.04744876,0.03459536,0.003233224,0
14,213,8.116,511.9752805,32385.65796,0.002011,0,0,0,0,0,0,0,0,0,0.151728,15.12102526,0.03459536,0.003233224,0
14,213,8.116,511.9752805,32385.65796,0,0,0,0,0,0,65.662,0,0,0,0.151728,15.12102526,0.03459536,0.003233224,0
14,213,8.116,511.9752805,32385.65796,0.00524,0,0,11.552,0,0,0,0,0,0,0,15.12102526,0.03459536,0.003233224,0
14,213,8.116,511.9752805,32385.65796,50.278,0,0,0.040274,0,0,0,0,0,0,12.8454,2.474804353,0.03459536,0.003233224,0
14,213,8.116,511.9752805,32385.65796,0,0,0,3.0889,0,0,0.60778,0,0,0,0.92517,6.472102045,0.03459536,0.003233224,0
14,213,8.116,511.9752805,32385.65796,0,0,0,2.7097,1.3821,0,0,0,0,0,0.93561,0.085689464,0.03459536,0.003233224,0
14,213,8.116,511.9752805,32385.65796,0,0,0,0,0,0.41195,0,0,0,0,0.44541,15.12102526,0.03459536,0.003233224,0
14,213,8.116,511.9752805,32385.65796,0.098565,0,0,0.83912,0.1098,0,0.13028,0,0,0,0.65616,143.9831763,0.03459536,0.003233224,0
14,213,8.116,511.9752805,32385.65796,0,0,0,0.012904,3.0251,0.79321,0,0,0,0,14.4696,143.9831763,0.03459536,0.003233224,0
14,213,8.116,511.9752805,32385.65796,0,0,0,0,0.005239,0,0,0,0,0,0.151728,0.219704697,0.03459536,0.003233224,0
14,213,8.116,511.9752805,32385.65796,0,0,0,0,0,0,0.10863,0,2.9965,0,0,11.33524931,0.03459536,0.003233224,0
14,213,8.116,511.9752805,32385.65796,0,0,0,6.9518,0.014719,0,0,0.15442,0,0,0,0.219704697,0.03459536,0.003233224,0
14,213,8.116,511.9752805,32385.65796,0,0,0,0,0.008333,0,0.13028,0,0,0,0.151728,3.237208988,0.03459536,0.003233224,0
14,213,8.116,511.9752805,32385.65796,0,0,0,0.0025559,1.2208,0,0,0,0,0,0,0.423815456,0.03459536,0.003233224,0
14,213,8.116,511.9752805,32385.65796,0,0,0,0,6.2437,0,0,0,0,0,0,0.301225485,0.03459536,0.003233224,0
14,213,8.116,511.9752805,32385.65796,0.0094073,0,0,0.11621,0,0.023853,0,0,0,0,0,3.237208988,0.03459536,0.003233224,0
14,213,8.116,511.9752805,32385.65796,0,0,0,47.493,0,0,17.287,0,0,0,0,2.124635517,0.03459536,0.003233224,0
14,213,8.116,511.9752805,32385.65796,0,0,0,0,0.027306,0,0,0,0,0,0.151728,0.085689464,0.03459536,0.003233224,0
14,213,8.116,511.9752805,32385.65796,0.27066,0,0,0.002508,0.00014,0,0,0,0,0,0.75174,0.99739448,0.03459536,0.003233224,0
14,213,8.116,511.9752805,32385.65796,8.3439,0,0,0,0.003346,0.00097,0,0,0,0,0.151728,6.472102045,0.03459536,0.003233224,0
14,213,8.116,511.9752805,32385.65796,0,0,0,19.222,0,0,0,0,0,0,0,1.651413523,0.03459536,0.003233224,0
14,213,8.116,511.9752805,32385.65796,0.002031,0,0,0.000688,0,0,99.841,0,0,0,0.181728,10.04744876,0.03459536,0.003233224,0
14,213,8.116,511.9752805,32385.65796,0,0,0,0,20.056,0,0,0,0,0,22.617,15.12102526,0.03459536,0.003233224,0
14,213,8.116,511.9752805,32385.65796,0,0,0,0.17658,0,0.76551,124.31,0,0,0,25.9959,6.472102045,0.03459536,0.003233224,0
14,213,8.116,511.9752805,32385.65796,0,0,0,1.8616,0,0,0,0,0,0,0.278532,17.60572724,0.03459536,0.003233224,0
14,213,8.116,511.9752805,32385.65796,0,0,0,0,0,0,0.13028,0,0,0,0.151728,6.472102045,0.03459536,0.003233224,0
14,213,8.116,511.9752805,32385.65796,0,0,0,0,0,0,0,0,0,0,0,2.474804353,0.03459536,0.003233224,0
14,213,8.116,511.9752805,32385.65796,0.73427,0,0,17.76,0,0,0,0,0,0,0.204657,6.495762651,0.03459536,0.003233224,0
14,213,8.116,511.9752805,32385.65796,1.0344,0,0,4.0096,0,0,0,0,0,0,4.4313,11.33524931,0.03459536,0.003233224,0
14,213,8.116,511.9752805,32385.65796,0.005239,0,0,0,2.0529,0,0,0,0,0,52.569,3.789481443,0.03459536,0.003233224,0
14,213,8.116,511.9752805,32385.65796,0.0059107,0,0,0,70.761,0,0,0,0,0,0.151728,2.474804353,0.03459536,0.003233224,0
14,213,8.116,511.9752805,32385.65796,0,0,0,0.0076281,13.034,0,0,0,0,0,19.2864,1.035375756,0.03459536,0.003233224,0
14,213,8.116,511.9752805,32385.65796,0.000251,0,0,0.005239,0.008953,0,0,0,0,0,0,2.474804353,0.03459536,0.003233224,0
14,213,8.116,511.9752805,32385.65796,0,0,0,0,0.014178,0,0,0,0,0,0,1.651413523,0.03459536,0.003233224,0
14,213,8.116,511.9752805,32385.65796,6.0303,0,0,17.164,2.8821,0,0,0,34.712,0,0.151728,25.71929039,0.03459536,0.003233224,0
14,213,8.116,511.9752805,32385.65796,0.031802,0,0,0,0.00644,0,0.67845,0,0,0,0.273018,2.474804353,0.03459536,0.003233224,0
14,213,8.116,511.9752805,32385.65796,0,0,0,0,0,0,0,0,0,0,0.151728,3.789481443,0.03459536,0.003233224,0
14,213,8.116,511.9752805,32385.65796,2.2987,0,0,0,0,0,0,0,0,0,5.6418,0.085689464,0.03459536,0.003233224,0
14,213,8.116,511.9752805,32385.65796,23.064,0,0,0.00524,3.6586,0,0,0,0,0,0,3.789481443,0.03459536,0.003233224,0
14,213,8.116,511.9752805,32385.65796,22.323,0,0.00062,0.27312,0,0.18042,0,0,0,0,29.2218,3.237208988,0.03459536,0.003233224,0
14,213,8.116,511.9752805,32385.65796,16.603,0,0,0,1.5408,0,24.831,0,0,0,0.151728,13.06734301,0.03459536,0.003233224,0
14,213,8.116,511.9752805,32385.65796,0,0,0,0.047407,0.026162,0,0,0,0,0,0.44541,15.12102526,0.03459536,0.003233224,0
14,213,8.116,511.9752805,32385.65796,0,0,0,0,0.0084565,0,0,5.47,0,0,10.2414,0.085689464,0.03459536,0.003233224,0
14,213,8.116,511.9752805,32385.65796,18.306,0,0,0.37666,0,0,24.186,0,0,0,68.145,0.301225485,0.03459536,0.003233224,0
14,213,8.116,511.9752805,32385.65796,0.08029,0,0,0,0,0,0.67845,0,0,0,3.8823,143.9831763,0.03459536,0.003233224,0
14,213,8.116,511.9752805,32385.65796,8.6108,0,0,0,0.90312,0,0,0,0,0,0.151728,11.33524931,0.03459536,0.003233224,0
14,213,8.116,511.9752805,32385.65796,0,0,0,0.69261,9.3522,0,0,0,0,0,0.273357,143.9831763,0.03459536,0.003233224,0
14,213,8.116,511.9752805,32385.65796,0,0,0,0,0,0,0,0,0,0,2.01174,0.99739448,0.03459536,0.003233224,0
14,213,8.116,511.9752805,32385.65796,0.00524,0,22.216,0,0.041022,0,0,0,0,0,0.151728,2.124635517,0.03459536,0.003233224,0
14,213,8.116,511.9752805,32385.65796,0,0,0,0,0,0.79321,0,0,0,0,0.84174,2.124635517,0.03459536,0.003233224,0
14,213,8.116,511.9752805,32385.65796,0.46343,0,0,0,0.0088426,0,0,0,0,0,25.2354,0.085689464,0.03459536,0.003233224,0
14,213,8.116,511.9752805,32385.65796,0,0,0,0.29765,1.1676,0,0.059897,0,0,0,0.151728,15.12102526,0.03459536,0.003233224,0
14,213,8.116,511.9752805,32385.65796,2.1218,0,0,0,7.2444,0,0,0,0,0,0,0.301225485,0.03459536,0.003233224,0
14,213,8.116,511.9752805,32385.65796,0,0,0,0.00524,0.002055,1.5684,0,0,0,0,0.151728,6.472102045,0.03459536,0.003233224,0
14,213,8.116,511.9752805,32385.65796,0,0,0,0,0,0,0,0,0,0,66.645,4.278895437,0.03459536,0.003233224,0
14,213,8.116,511.9752805,32385.65796,0.007697,0,0,0,0.18655,0,0,0,0,0,2.34936,6.472102045,0.03459536,0.003233224,0
14,213,8.116,511.9752805,32385.65796,0.01367,0,0,0.00524,0.73113,0,0,0,0,0,3.3057,2.124635517,0.03459536,0.003233224,0
14,213,8.116,511.9752805,32385.65796,0.001326,0,0,0.036193,0,0,0,0,0,0,1.98174,6.472102045,0.03459536,0.003233224,0
14,213,8.116,511.9752805,32385.65796,0,0,0,0,0.52975,0,0,0,0,0,0.151728,0.423815456,0.03459536,0.003233224,0
14,213,8.116,511.9752805,32385.65796,0.17713,0,0,6.7865,0.000124,0,0,0,0,0,0,2.007567612,0.03459536,0.003233224,0
14,213,8.116,511.9752805,32385.65796,0,0,0,4.2796,2.529,0,0,0,0,0,0.273324,11.33524931,0.03459536,0.003233224,0
14,213,8.116,511.9752805,32385.65796,1.2894,0,0,0,0,0,0,0,0,0,10.8618,3.789481443,0.03459536,0.003233224,0
14,213,8.116,511.9752805,32385.65796,0,0,0,52.922,0,3.8342,0,0,0,0,0.151728,0.085689464,0.03459536,0.003233224,0
14,213,8.116,511.9752805,32385.65796,0.17962,0,0,0,0,0,47.395,0,0,0,0.280446,0.219704697,0.03459536,0.003233224,0
14,213,8.116,511.9752805,32385.65796,0.0068619,0,0,0,0,0,0,0,0,0,0,3.789481443,0.03459536,0.003233224,0
14,213,8.116,511.9752805,32385.65796,0.002139,0,0,0.008336,0,0.77921,0,0,0,0,0,0.301225485,0.03459536,0.003233224,0
14,213,8.116,511.9752805,32385.65796,0,0,0,0,0.010507,0,0.002308,0,0,0,1.85526,2.474804353,0.03459536,0.003233224,0
14,213,8.116,511.9752805,32385.65796,0,0,0,17.949,0,0,0.59876,0,0,0,0,25.71929039,0.03459536,0.003233224,0
14,213,8.116,511.9752805,32385.65796,0,0,5.9813,0,0.016012,0,0.42744,17.618,0,0,0,230.0573677,0.03459536,0.003233224,0
14,213,8.116,511.9752805,32385.65796,0,0,0,0.086213,0.00524,0,0,0,0,0,45.933,1.035375756,0.03459536,0.003233224,0
14,213,8.116,511.9752805,32385.65796,6.8104,0,0,0.003821,0,0,0,0,0,0,1.70622,1.035375756,0.03459536,0.003233224,0
14,213,8.116,511.9752805,32385.65796,0.047912,0,0,0.008333,0.029406,0,0,1.4806,0,0,0.151728,0.219704697,0.03459536,0.003233224,0
14,213,8.116,511.9752805,32385.65796,2.2602,0,0,0,0.84234,0,0.008333,0,0,0,0.151728,3.789481443,0.03459536,0.003233224,0
14,213,8.116,511.9752805,32385.65796,0.070781,0,0,20.576,0,0,0,0,0,0,0.151728,11.33524931,0.03459536,0.003233224,0
14,213,8.116,511.9752805,32385.65796,0.00524,0,0,0,0.0059348,0,0,0,0,0,1.63956,22.79016382,0.03459536,0.003233224,0
14,213,8.116,511.9752805,32385.65796,0.027357,0,0,0,0.021909,0,0,0,0,0,16.0221,0.301225485,0.03459536,0.003233224,0
14,213,8.116,511.9752805,32385.65796,0,0,0,0,0.019035,0,0,0,0,0,6.8079,13.06734301,0.03459536,0.003233224,0
14,213,8.116,511.9752805,32385.65796,0.001267,0,0,3.2371,0,0,0,0,0,0,60.207,143.9831763,0.03459536,0.003233224,0
14,213,8.116,511.9752805,32385.65796,0.00524,0,0,0.00014,1.3024,0,0,0,0,0,25.2354,2.007567612,0.03459536,0.003233224,0
14,213,8.116,511.9752805,32385.65796,0.00524,0,0,0.00524,9.3522,0,0,0,0,0,0,0.541773565,0.03459536,0.003233224,0
14,213,8.116,511.9752805,32385.65796,0,0,0,0.29765,20.056,0,0,0,0,0,10.4415,2.474804353,0.03459536,0.003233224,0
14,213,8.116,511.9752805,32385.65796,0.002139,0,0,0.012154,0,0,0,0,0,0,2.3544,0.219704697,0.03459536,0.003233224,0
14,213,8.116,511.9752805,32385.65796,0,0,0,0,0,0,0,0,0,0,3.4818,143.9831763,0.03459536,0.003233224,0
14,213,8.116,511.9752805,32385.65796,0,0,0,0.002084,0,0,0,0,0,0,27.5562,6.472102045,0.03459536,0.003233224,0
14,213,8.116,511.9752805,32385.65796,0,0,0,0.00524,0,0,0,0,0,0,0.276939,0.219704697,0.03459536,0.003233224,0
14,213,8.116,511.9752805,32385.65796,0.29003,0,0,0,0.001434,0,0,0,0,0,0,143.9831763,0.03459536,0.003233224,0
14,213,8.116,511.9752805,32385.65796,0,0,0,0.00043,0,0,0,0,0,0,11.0037,1.035375756,0.03459536,0.003233224,0
14,213,8.116,511.9752805,32385.65796,2.4135,0,0,0,0.00043,0,0,0,0,0,0.151728,2.474804353,0.03459536,0.003233224,0
14,213,8.116,511.9752805,32385.65796,0,0,0,2.8113,0.0059348,0,0,0,0,0,0.67983,2.124635517,0.03459536,0.003233224,0
14,213,8.116,511.9752805,32385.65796,0.052214,0,0,2.853,0.005239,0,0,0,0,0,5.7318,3.237208988,0.03459536,0.003233224,0
14,213,8.116,511.9752805,32385.65796,0.008333,0,0.021503,0,0.18217,0,0,0,0,0,0.279615,0.085689464,0.03459536,0.003233224,0
14,213,8.116,511.9752805,32385.65796,0.28712,0,0,0,0,0,0,0,0,0,0,17.60572724,0.03459536,0.003233224,0
14,213,8.116,511.9752805,32385.65796,0.000752,0,0,0,0.00328,0,0,0,0,0,0,0.301225485,0.03459536,0.003233224,0
14,213,8.116,511.9752805,32385.65796,0,0,0,0.67703,0,0,0,0,0.008661,0,0,1.035375756,0.03459536,0.003233224,0
14,213,8.116,511.9752805,32385.65796,0.000688,0,0,0,0,0,0,0,0,0,0,0.219704697,0.03459536,0.003233224,0
14,213,8.116,511.9752805,32385.65796,0.013575,0,0,0,10.444,0,0,0,0,0,0,15.12102526,0.03459536,0.003233224,0
14,213,8.116,511.9752805,32385.65796,0.008333,0,0,0.00524,27.763,0,0,0,0,0,12.0081,3.789481443,0.03459536,0.003233224,0
14,213,8.116,511.9752805,32385.65796,0.00021,0,0,5.7154,0.008332,0,0,0,0,0,6.1116,4.278895437,0.03459536,0.003233224,0
14,213,8.116,511.9752805,32385.65796,0,0,0,16.558,7.0738,0,0,0,0,0,0.151728,2.124635517,0.03459536,0.003233224,0
14,213,8.116,511.9752805,32385.65796,0.000376,0,0,10.612,0.097858,0,0.021726,0,0,0,7.6407,0.219704697,0.03459536,0.003233224,0
14,213,8.116,511.9752805,32385.65796,0.00036,0,0,0,0,0,0,0,0,0,0.151728,2.474804353,0.03459536,0.003233224,0
14,213,8.116,511.9752805,32385.65796,0.071675,0,0,0,5.6507,0,0,0,0,0,4.4787,15.12102526,0.03459536,0.003233224,0
14,213,8.116,511.9752805,32385.65796,8.3092,0,0,0.008265,0,4.0019,0,0,0,0,1.5003,0.219704697,0.03459536,0.003233224,0
14,213,8.116,511.9752805,32385.65796,0,0,0,0,0,1.5527,0,0,0,0,0.151728,0.301225485,0.03459536,0.003233224,0
14,213,8.116,511.9752805,32385.65796,0,0,0,0.00524,0.003346,0,0,0,0,0,0.151728,6.472102045,0.03459536,0.003233224,0
14,213,8.116,511.9752805,32385.65796,1.2548,0,0,3.7171,0,0.77921,0,0,0,0,19.4277,0.301225485,0.03459536,0.003233224,0
14,213,8.116,511.9752805,32385.65796,6.0739,0,0,0.0093259,0,0,0,0,0,0,0,15.12102526,0.03459536,0.003233224,0
14,213,8.116,511.9752805,32385.65796,0,0,0,0,0,0,0,0,0,0,1.35936,3.789481443,0.03459536,0.003233224,0
14,213,8.116,511.9752805,32385.65796,9.7427,0,0,0.0014795,0.31016,0,0.13028,0,0,0,0.151728,15.12102526,0.03459536,0.003233224,0
14,213,8.116,511.9752805,32385.65796,0.35231,0,0,3.7669,0,0,0,0,0,0,0.181728,0.99739448,0.03459536,0.003233224,0
14,213,8.116,511.9752805,32385.65796,0.4515,0,0,0.008333,18.998,0,0,0,0,0,0,3.237208988,0.03459536,0.003233224,0
14,213,8.116,511.9752805,32385.65796,253.52,0,0,0.055562,0,0,0,0,0,0,0.151728,25.71929039,0.03459536,0.003233224,0
14,213,8.116,511.9752805,32385.65796,0,0,0,0,0,0,0,0,0,0,9.1953,0.99739448,0.03459536,0.003233224,0
14,213,8.116,511.9752805,32385.65796,0,0,0,0.008333,0,0,0,0,0,0,18.5811,3.789481443,0.03459536,0.003233224,0
14,213,8.116,511.9752805,32385.65796,0.0066265,0,0,0,0,0,0,0,0,0,0,1.035375756,0.03459536,0.003233224,0
14,213,8.116,511.9752805,32385.65796,0.080184,0,0,77.417,0.013746,0,0.008333,0,0,0,0,6.472102045,0.03459536,0.003233224,0
14,213,8.116,511.9752805,32385.65796,0.91229,0,0,0,0.37101,0,0,0,0,0,4.2768,0.541773565,0.03459536,0.003233224,0
14,213,8.116,511.9752805,32385.65796,0,0,0,0,17.64,0,0,0,0,0,1.67382,4.278895437,0.03459536,0.003233224,0
14,213,8.116,511.9752805,32385.65796,0,0,0,0,2.3758,0,0,0,0,0,0,17.60572724,0.03459536,0.003233224,0
14,213,8.116,511.9752805,32385.65796,0.51774,0,0,0,0,0,0,2.1965,0,0,0.286419,0.301225485,0.03459536,0.003233224,0
14,213,8.116,511.9752805,32385.65796,0,0,0,0,0,0,0.021726,0,0,0,0.151728,0.541773565,0.03459536,0.003233224,0
14,213,8.116,511.9752805,32385.65796,0,0,0,0.014341,76.072,0,0,0,0,0,0.151728,15.12102526,0.03459536,0.003233224,0
14,213,8.116,511.9752805,32385.65796,0.00062,0,0,0.80704,0,0,0,0,0,0,0.151728,3.237208988,0.03459536,0.003233224,0
14,213,8.116,511.9752805,32385.65796,0.008489,0,0,6.9518,0.23723,0,0,0,0,0,0,1.035375756,0.03459536,0.003233224,0
14,213,8.116,511.9752805,32385.65796,1.7741,0,0,0.00524,0,0,13.556,0,0,0,2.3544,15.12102526,0.03459536,0.003233224,0
14,213,8.116,511.9752805,32385.65796,0,0,0,0,1.1676,0,0,0,0,0,0.87174,0.99739448,0.03459536,0.003233224,0
14,213,8.116,511.9752805,32385.65796,0,0,0,0,0,0,0,0,0,0,198.615,1.035375756,0.03459536,0.003233224,0
14,213,8.116,511.9752805,32385.65796,0.003295,0,0,0.049787,5.7051,0,0,0,0,0,0.151728,3.789481443,0.03459536,0.003233224,0
14,213,8.116,511.9752805,32385.65796,0,0,0,0,0,0,0,0,69.252,0,0.31755,39.57625232,0.03459536,0.003233224,0
14,213,8.116,511.9752805,32385.65796,0.002011,0,0,0,0.050892,0,0,0,0,0,0,0.219704697,0.03459536,0.003233224,0
14,213,8.116,511.9752805,32385.65796,0.01367,0,0,0,0.00524,0,0,0,0,0,0,11.33524931,0.03459536,0.003233224,0
14,213,8.116,511.9752805,32385.65796,0.29343,0,0,0.008333,0,0.00524,0,0,0,0,39.753,0.085689464,0.03459536,0.003233224,0
14,213,8.116,511.9752805,32385.65796,0.00524,0,0,0,0.31016,0.88402,0,0,0,0,0.151728,2.124635517,0.03459536,0.003233224,0
14,213,8.116,511.9752805,32385.65796,0,0,0,0.44439,0,0,0,0,0,0,16.3047,0.99739448,0.03459536,0.003233224,0
14,213,8.116,511.9752805,32385.65796,253.52,0,0,0.025929,0.008333,0,0,0,0,0,0,15.12102526,0.03459536,0.003233224,0
14,213,8.116,511.9752805,32385.65796,0.17713,0,0,0,0,0,0,0,0,0,17.1858,0.301225485,0.03459536,0.003233224,0
14,213,8.116,511.9752805,32385.65796,0.013573,0,0,0,0,0,0,0,0,0,7.1259,6.472102045,0.03459536,0.003233224,0
14,213,8.116,511.9752805,32385.65796,25.253,0,0,7.7379,3.8185,0,0.67845,0,0,0,13.5936,3.237208988,0.03459536,0.003233224,0
14,213,8.116,511.9752805,32385.65796,0.046194,0,0,0,3.5933,0,24.186,0,0,0,0,3.789481443,0.03459536,0.003233224,0
14,213,8.116,511.9752805,32385.65796,0.00644,0,3.8903,0,8.5334,0.000342,0,0,0,0,0.151728,6.472102045,0.03459536,0.003233224,0
14,213,8.116,511.9752805,32385.65796,0.60993,0,0,0.0067015,0,0,18.805,0,0,0,0.151728,4.278895437,0.03459536,0.003233224,0
14,213,8.116,511.9752805,32385.65796,23.582,0,0,0,0,0,0,0,0,0,0.151728,3.237208988,0.03459536,0.003233224,0
14,213,8.116,511.9752805,32385.65796,1.8709,0,0.000172,0,0,0,0,0,0,0,1.72038,1.651413523,0.03459536,0.003233224,0
14,213,8.116,511.9752805,32385.65796,1.1697,0,0,0.31537,1.2072,0,0,0,0,0,29.7018,0.085689464,0.03459536,0.003233224,0
14,213,8.116,511.9752805,32385.65796,0,0,0,0.008333,1.1453,0,0,0,0,0,1.67382,0.541773565,0.03459536,0.003233224,0
14,213,8.116,511.9752805,32385.65796,0,0,0,0,0,0,0,6.4934,0,0,0.270372,0.219704697,0.03459536,0.003233224,0
14,213,8.116,511.9752805,32385.65796,0.000376,0,0,0.17658,0.00524,0,0.13028,0,0,0,0.279615,3.789481443,0.03459536,0.003233224,0
14,213,8.116,511.9752805,32385.65796,0,0,0,43.946,0,0,0,0,0,0,0.278532,2.474804353,0.03459536,0.003233224,0
14,213,8.116,511.9752805,32385.65796,0.047912,0,0,0.002011,0,0,0,0,20.36,0,56.145,1.035375756,0.03459536,0.003233224,0
14,213,8.116,511.9752805,32385.65796,0.022591,0,0,0,0,0,0.021726,0,0,0,12.6336,3.237208988,0.03459536,0.003233224,0
14,213,8.116,511.9752805,32385.65796,0.019152,0,0,0,0,0,0,0,0,0,0.151728,0.301225485,0.03459536,0.003233224,0
14,213,8.116,511.9752805,32385.65796,0,0,0,17.164,0,0.78642,0,0,0,0,0.34593,0.541773565,0.03459536,0.003233224,0
14,213,8.116,511.9752805,32385.65796,0.11748,0,0,0,2.9298,5.0308,0,0,0,0,7.6407,6.495762651,0.03459536,0.003233224,0
14,213,8.116,511.9752805,32385.65796,3.5296,0,0,0.00524,32.03,0,0.13028,0,0,0,0,2.007567612,0.03459536,0.003233224,0
14,213,8.116,511.9752805,32385.65796,0,0,0,0,3.2358,0,0,0,0,0,87.522,6.472102045,0.03459536,0.003233224,0
14,213,8.116,511.9752805,32385.65796,0.0055384,0,0,0,0,0,0,0,0,0,18.1353,4.278895437,0.03459536,0.003233224,0
14,213,8.116,511.9752805,32385.65796,0,0,0,0.030964,1.2446,0,0,0,0,0,11.0268,2.474804353,0.03459536,0.003233224,0
14,213,8.116,511.9752805,32385.65796,0,0,0,10.418,7.8711,0,0,0,0,0,0.273324,0.541773565,0.03459536,0.003233224,0
14,213,8.116,511.9752805,32385.65796,0.91229,0,0,0,0,0.000668,0,0,0,0,0.151728,0.219704697,0.03459536,0.003233224,0
14,213,8.116,511.9752805,32385.65796,0,0,0,0.007214,0.008333,0.000547,454.11,0,0,0,0.151728,13.06734301,0.03459536,0.003233224,0
14,213,8.116,511.9752805,32385.65796,0.00524,0,0,0.000688,0,0,0,0,0,0,2.68779,15.12102526,0.03459536,0.003233224,0
14,213,8.116,511.9752805,32385.65796,0,0,0,4.4257,0.00524,0,0,0,0,0,0.280578,2.474804353,0.03459536,0.003233224,0
14,213,8.116,511.9752805,32385.65796,0.008332,0,0,0,0,0,0,0,0,0,1.19187,0.301225485,0.03459536,0.003233224,0
14,213,8.116,511.9752805,32385.65796,0,0,0,0,1.7912,0,0,0,23.797,0,0.151728,0.085689464,0.03459536,0.003233224,0
14,213,8.116,511.9752805,32385.65796,19.622,0,0.000739,0,0.000124,0,0,0,0,0,0.31059,15.12102526,0.03459536,0.003233224,0
14,213,8.116,511.9752805,32385.65796,0.013575,0,0,0,0,0,0,0,0,0,0.151728,1.035375756,0.03459536,0.003233224,0
14,213,8.116,511.9752805,32385.65796,0,0,0,0.00524,0,0.79321,0,0,0,0,0.151728,0.541773565,0.03459536,0.003233224,0
14,213,8.116,511.9752805,32385.65796,0,0,0,0,1.7509,3.4808,0,0,0,0,9.0018,2.124635517,0.03459536,0.003233224,0
14,213,8.116,511.9752805,32385.65796,0,0,0,0.062249,0.042129,0,17.287,0,0,0,16.0221,0.219704697,0.03459536,0.003233224,0
14,213,8.116,511.9752805,32385.65796,0.00824,0,0,0.008333,0.88295,0,0,0,0,0,0.151728,25.71929039,0.03459536,0.003233224,0
14,213,8.116,511.9752805,32385.65796,0,0,0,0,0,0,0,0,0,0,0.151728,3.789481443,0.03459536,0.003233224,0
14,213,8.116,511.9752805,32385.65796,0,0,0,0,0,0,0.13028,0,0,0,0.93561,2.474804353,0.03459536,0.003233224,0
14,213,8.116,511.9752805,32385.65796,0.002868,0,0,0,0,0,0,0,0,0,0.151728,2.474804353,0.03459536,0.003233224,0
14,213,8.116,511.9752805,32385.65796,0,0,0,0,62.065,0.79321,0,0,0,0,19.6818,1.035375756,0.03459536,0.003233224,0
14,213,8.116,511.9752805,32385.65796,0,0,0,0,0,0,0,0,0,0,0.151728,15.12102526,0.03459536,0.003233224,0
14,213,8.116,511.9752805,32385.65796,0,0,0,0,1.4315,0,0,0,0,0,12.6336,143.9831763,0.03459536,0.003233224,0
14,213,8.116,511.9752805,32385.65796,0.002598,0,0,0.003346,0.027077,0,0,0,0,0,0.67983,0.301225485,0.03459536,0.003233224,0
14,213,8.116,511.9752805,32385.65796,0.013573,0,0,0.042858,0,0,0,0,0,0,0,0.541773565,0.03459536,0.003233224,0
14,213,8.116,511.9752805,32385.65796,0,0,0,0,0.31016,0,0,0,0,0,0.151728,143.9831763,0.03459536,0.003233224,0
14,213,8.116,511.9752805,32385.65796,1.7403,0,0,8.2296,0.008333,0,0,0,0,0,0,0.99739448,0.03459536,0.003233224,0
14,213,8.116,511.9752805,32385.65796,0.29343,0,0,0,0,0,0,0,0,0,0,17.60572724,0.03459536,0.003233224,0
14,213,8.116,511.9752805,32385.65796,0,0,0,0,1.1453,0,0,0,0,0,4.6158,11.33524931,0.03459536,0.003233224,0
14,213,8.116,511.9752805,32385.65796,0.12797,0,0,0,0,0.88402,0,0,0,0,5.0406,10.04744876,0.03459536,0.003233224,0
14,213,8.116,511.9752805,32385.65796,0,0,0,0.008332,0,0.79321,0,0,0,0,4.4787,0.423815456,0.03459536,0.003233224,0
14,213,8.116,511.9752805,32385.65796,0,0,0,0,0,0,0,0,0,0,3.6918,4.278895437,0.03459536,0.003233224,0
14,213,8.116,511.9752805,32385.65796,0.002139,0,0,0.008333,0.0041885,0,0,0,0,0,0,17.60572724,0.03459536,0.003233224,0
14,213,8.116,511.9752805,32385.65796,0.72108,0,0,2.7308,0,0,0,0,0,0,2.52933,0.085689464,0.03459536,0.003233224,0
14,213,8.116,511.9752805,32385.65796,0,0,3.4544,0,0,0,0,0,0,0,0,6.472102045,0.03459536,0.003233224,0
14,213,8.116,511.9752805,32385.65796,0.013572,0,0,3.2371,0,0,0,0,0,0,10.1169,6.472102045,0.03459536,0.003233224,0
14,213,8.116,511.9752805,32385.65796,0.048638,0,0.33343,0,0,0,0,0,0,0,4.8618,17.60572724,0.03459536,0.003233224,0
14,213,8.116,511.9752805,32385.65796,0.85316,0,0,0.040507,0.0072705,0,0,0,0,0,0.269961,0.99739448,0.03459536,0.003233224,0
14,213,8.116,511.9752805,32385.65796,0,0,0,0.020575,2.5837,0,0,0,0,0,0.37014,1.035375756,0.03459536,0.003233224,0
14,213,8.116,511.9752805,32385.65796,0,0,0,0,0,0,0,0,0,0,0.151728,3.789481443,0.03459536,0.003233224,0
14,213,8.116,511.9752805,32385.65796,0.000251,0,0,0.007251,0,0,0,0,0,0,0.151728,2.474804353,0.03459536,0.003233224,0
14,213,8.116,511.9752805,32385.65796,0,0,0,0,0.009767,0,0,0,0,0,0,4.278895437,0.03459536,0.003233224,0
14,213,8.116,511.9752805,32385.65796,0.00524,0,0,15.592,0,0,0,0,0,0,0,0.219704697,0.03459536,0.003233224,0
14,213,8.116,511.9752805,32385.65796,0.93731,0,0,0.02191,0,0,0,0,0,0,123.459,3.237208988,0.03459536,0.003233224,0
14,213,8.116,511.9752805,32385.65796,0.001478,0,2.1987,0,3.1081,0,0,0,0,0,0.151728,2.474804353,0.03459536,0.003233224,0
14,213,8.116,511.9752805,32385.65796,0.00524,0,0,0,0,0,0,0,0,0,14.8218,13.06734301,0.03459536,0.003233224,0
14,213,8.116,511.9752805,32385.65796,1.2894,0,0,0,0.005239,0,0.13028,0,0,0,8.7918,0.423815456,0.03459536,0.003233224,0
14,213,8.116,511.9752805,32385.65796,0.44516,0,0,0.00524,2.6315,0.005198,0,0,0,0,19.5987,1.651413523,0.03459536,0.003233224,0
14,213,8.116,511.9752805,32385.65796,0,0,0,0.030631,0.008336,1.5743,0,0,0,0,0.151728,0.423815456,0.03459536,0.003233224,0
14,213,8.116,511.9752805,32385.65796,0,0,0,0.1451,0.0306,0.77921,0.13028,0,0,0,9.0018,0.541773565,0.03459536,0.003233224,0
14,213,8.116,511.9752805,32385.65796,0.015764,0,0,0,0.013573,0,0,0,0,0,18.3318,15.12102526,0.03459536,0.003233224,0
14,213,8.116,511.9752805,32385.65796,0.005239,0,0,0,0.003346,0,0,0,0,0,0,11.33524931,0.03459536,0.003233224,0
14,213,8.116,511.9752805,32385.65796,0,0,0,0.0098389,0,0,0,0,0,0,1.17966,0.301225485,0.03459536,0.003233224,0
14,213,8.116,511.9752805,32385.65796,0,0,0,0.1964,1.649,0,0,0,0,0,0.280446,1.035375756,0.03459536,0.003233224,0
14,213,8.116,511.9752805,32385.65796,0.00524,0,0,0,3.0251,0,0,0,0,0,0.151728,2.124635517,0.03459536,0.003233224,0
14,213,8.116,511.9752805,32385.65796,0.040702,0,0,0,0.00524,0,0,0,0,0,1.35936,2.124635517,0.03459536,0.003233224,0
14,213,8.116,511.9752805,32385.65796,0,0,0,0,0,0,0,0,0,0,1.04805,3.237208988,0.03459536,0.003233224,0
14,213,8.116,511.9752805,32385.65796,0,0,0,9.9,0,0,0,0,0,0,0,6.472102045,0.03459536,0.003233224,0
14,213,8.116,511.9752805,32385.65796,0,0,0,0,0.00524,0,0,0,0,0,0.151728,0.99739448,0.03459536,0.003233224,0
14,213,8.116,511.9752805,32385.65796,0.008333,0,0,0.008333,0.61065,0,0,0,0,0,0.33174,0.99739448,0.03459536,0.003233224,0
14,213,8.116,511.9752805,32385.65796,1.898,0,0,0,0,0,0,0,0,0,13.494,6.472102045,0.03459536,0.003233224,0
14,213,8.116,511.9752805,32385.65796,0,0,8.646,0,0,0,0,0,0,0,69.483,11.33524931,0.03459536,0.003233224,0
14,213,8.116,511.9752805,32385.65796,8.2504,0,0,62.543,0,0,0,0,0,0,83.223,11.33524931,0.03459536,0.003233224,0
14,213,8.116,511.9752805,32385.65796,0.01048,0,0,0,0,0,0,0,0,0,8.3751,11.68233493,0.03459536,0.003233224,0
14,213,8.116,511.9752805,32385.65796,0.023275,0,0,4.3441,0,0,0,0,0,0,0.273324,11.33524931,0.03459536,0.003233224,0
14,213,8.116,511.9752805,32385.65796,0.001326,0,0,0,0,0,0,0,0,0,0.151728,25.71929039,0.03459536,0.003233224,0
14,213,8.116,511.9752805,32385.65796,0.00524,0,0.000124,0,1.3024,2.6486,0,0,0,0,0.151728,1.035375756,0.03459536,0.003233224,0
14,213,8.116,511.9752805,32385.65796,0.0094073,0,0,0,0,0,0,0,0,0,0.151728,0.085689464,0.03459536,0.003233224,0
14,213,8.116,511.9752805,32385.65796,0,0,0,0,0.0014495,0,0,0,0,0,8.6688,4.278895437,0.03459536,0.003233224,0
14,213,8.116,511.9752805,32385.65796,0.008333,0,0,0,9.3772,0,0,0,0,0,0.151728,6.495762651,0.03459536,0.003233224,0
14,213,8.116,511.9752805,32385.65796,0,0,0,0,0,0,0,0,0,0,0,2.474804353,0.03459536,0.003233224,0
14,213,8.116,511.9752805,32385.65796,7.9005,0,0,0,0,0,0,0,0,0,7.2111,1.651413523,0.03459536,0.003233224,0
14,213,8.116,511.9752805,32385.65796,1.0702,0,0,0,30.954,0,0,0,0,0,0.181728,0.219704697,0.03459536,0.003233224,0
14,213,8.116,511.9752805,32385.65796,0,0,0,0,0,0,0,0,0,0,0.151728,1.651413523,0.03459536,0.003233224,0
14,213,8.116,511.9752805,32385.65796,0,0,0,0,0,0,0,0,0,0,0.151728,0.219704697,0.03459536,0.003233224,0
14,213,8.116,511.9752805,32385.65796,3.619,0,0,223.54,0.008321,0,0,0,0,0,0.151728,0.541773565,0.03459536,0.003233224,0
14,213,8.116,511.9752805,32385.65796,0,0,0,0,211.21,0,0,0,0,0,0,3.237208988,0.03459536,0.003233224,0
14,213,8.116,511.9752805,32385.65796,0,0,0,7.4028,0,0,0.008333,0,0,0,0.151728,3.789481443,0.03459536,0.003233224,0
14,213,8.116,511.9752805,32385.65796,0.013573,0,0,0,0,0,0,0,0,0,6.1116,2.474804353,0.03459536,0.003233224,0
14,213,8.116,511.9752805,32385.65796,0,0,0,0,0,0,0,0,0,0,0,0.219704697,0.03459536,0.003233224,0
14,213,8.116,511.9752805,32385.65796,0.98086,0,0,0.00524,0.1098,0,0,0,0,0,14.0655,6.472102045,0.03459536,0.003233224,0
14,213,8.116,511.9752805,32385.65796,0.0055384,0,0,0,0,0.79321,0,0,0,0,0,0.99739448,0.03459536,0.003233224,0
14,213,8.116,511.9752805,32385.65796,53.36,0,0,0.0093259,0.030073,0,0,0,0,0,5.6418,2.474804353,0.03459536,0.003233224,0
14,213,8.116,511.9752805,32385.65796,0.18763,0,0,0.001669,0,0,0.13028,0,0,0,0.275259,1.651413523,0.03459536,0.003233224,0
14,213,8.116,511.9752805,32385.65796,0,0,0,0,10.721,0,0,0,0,0,2.41287,2.124635517,0.03459536,0.003233224,0
14,213,8.116,511.9752805,32385.65796,0.014662,0,0,0,4.6708,0,0,0,0,0,0.87174,0.219704697,0.03459536,0.003233224,0
14,213,8.116,511.9752805,32385.65796,0,0,0,0,0.008333,0,0,0,0,0,14.8218,0.99739448,0.03459536,0.003233224,0
14,213,8.116,511.9752805,32385.65796,0.026942,0,0,0.008333,0.046032,0,0,0,0,0,0.151728,0.301225485,0.03459536,0.003233224,0
14,213,8.116,511.9752805,32385.65796,0.005769,0,0,0.012154,0.0064809,0,0,0,0,0,18.819,25.71929039,0.03459536,0.003233224,0
14,213,8.116,511.9752805,32385.65796,0.12208,0,0,0,0,0,0,0,0,0,0,1.651413523,0.03459536,0.003233224,0
14,213,8.116,511.9752805,32385.65796,0,0,0,0,0.002508,0,0,0,0,0,4.5198,0.085689464,0.03459536,0.003233224,0
14,213,8.116,511.9752805,32385.65796,0,0,0,0,0,0,0,0,0,0,0,2.474804353,0.03459536,0.003233224,0
14,213,8.116,511.9752805,32385.65796,0.10527,0,0,0,0,0.10693,0,0,0,0,0.288579,2.007567612,0.03459536,0.003233224,0
14,213,8.116,511.9752805,32385.65796,0,0,0,0.008333,0,0,0,0,0,0,0.151728,1.651413523,0.03459536,0.003233224,0
14,213,8.116,511.9752805,32385.65796,0.18763,0,0,0,0,0,0,0,0,0,0,0.423815456,0.03459536,0.003233224,0
14,213,8.116,511.9752805,32385.65796,0.01048,0,0,0.008333,0,0,0,0,0,0,0,0.085689464,0.03459536,0.003233224,0
14,213,8.116,511.9752805,32385.65796,0.012568,0,0,0,0,0.80146,0,0,0,0,0.151728,107.6982002,0.03459536,0.003233224,0
14,213,8.116,511.9752805,32385.65796,0,0,0,0,0,0,0,0,0,0,0,1.035375756,0.03459536,0.003233224,0
14,213,8.116,511.9752805,32385.65796,0.027357,0,0,0.008333,0,0,0,0,0,0,2.10972,11.33524931,0.03459536,0.003233224,0
15,214,94.296,512.0275868,32388.96666,0.008333,0,0,0.005341,3.5933,0,0,0,0,0,0,0,0.034432704,0.003218023,0
15,214,94.296,512.0275868,32388.96666,0,0,0.12387,0.02191,0.008333,0,0,0,0,0,0,0,0.034432704,0.003218023,0
15,214,94.296,512.0275868,32388.96666,0,0,0,0.0076281,0,0,265.12,0,0,0,0.286086,0,0.034432704,0.003218023,0
15,214,94.296,512.0275868,32388.96666,0.10527,0,0,0,1.2072,0,0,0,0,0,0.279822,0,0.034432704,0.003218023,0
15,214,94.296,512.0275868,32388.96666,0.001493,0,0,0,0,0,4.4928,0,0,0,0,0,0.034432704,0.003218023,0
15,214,94.296,512.0275868,32388.96666,0.061886,0,0,0.62945,0,3.8342,0,0,0,0,198.603,0,0.034432704,0.003218023,0
15,214,94.296,512.0275868,32388.96666,0,0,0,0,4.2216,0.005198,0,0,0,0,6.4536,0,0.034432704,0.003218023,0
15,214,94.296,512.0275868,32388.96666,0.0062156,0,0,0.007148,0,0,0,0,0,0,0,0,0.034432704,0.003218023,0
15,214,94.296,512.0275868,32388.96666,0,0,0,0,0.0001875,0,0,0,0,0,2.3544,0,0.034432704,0.003218023,0
15,214,94.296,512.0275868,32388.96666,19.622,0,0.034478,0.001669,0.013973,0,0,0,0,0,0.181728,0,0.034432704,0.003218023,0
15,214,94.296,512.0275868,32388.96666,8.2504,0,0,0.013976,0,0,0,0,0,0,0,0,0.034432704,0.003218023,0
15,214,94.296,512.0275868,32388.96666,0.003822,0,0,0.02762,0,0,0,0,0,0,0,0,0.034432704,0.003218023,0
15,214,94.296,512.0275868,32388.96666,0.005239,0,0,5.8999,0.002508,0,0,0,0,0,28.113,0,0.034432704,0.003218023,0
15,214,94.296,512.0275868,32388.96666,0.48229,0,0,0,0,0,0,0,0,0,0.151728,0,0.034432704,0.003218023,0
15,214,94.296,512.0275868,32388.96666,0.000545,0,0,0.18811,4.8466,0,0,0,0,0,0,0,0.034432704,0.003218023,0
15,214,94.296,512.0275868,32388.96666,0,0,0,0,0,0,0,0,0,0,18.723,0,0.034432704,0.003218023,0
15,214,94.296,512.0275868,32388.96666,0.0094073,0,0,0.0081579,0,0.077537,0,0,0,0,0.151728,0,0.034432704,0.003218023,0
15,214,94.296,512.0275868,32388.96666,6.4349,0,0.002741,0.0062753,0,1.5693,0,0,0,0,5.2239,0,0.034432704,0.003218023,0
15,214,94.296,512.0275868,32388.96666,3.0031,0,0,0,3.3385,0,0,0,0,0,0.151728,0,0.034432704,0.003218023,0
15,214,94.296,512.0275868,32388.96666,0,0,0,0,0,0,0,0,0,0,0.151728,0,0.034432704,0.003218023,0
15,214,94.296,512.0275868,32388.96666,0,0,0,0,0.17103,0,0,0,0,0,1.62048,0,0.034432704,0.003218023,0
15,214,94.296,512.0275868,32388.96666,0.0067817,0,0,0.002139,0.008335,0,0.008333,0,0,0,3.6486,0,0.034432704,0.003218023,0
15,214,94.296,512.0275868,32388.96666,0.008333,0,0,0,3.5225,0,0.59876,0,0,0,0.151728,0,0.034432704,0.003218023,0
15,214,94.296,512.0275868,32388.96666,0,0,0,0.02647,0.0094528,0,0,0,0,0,28.0509,0,0.034432704,0.003218023,0
15,214,94.296,512.0275868,32388.96666,0.00524,0,0,2.6259,0,0,18.961,0,0,0,10.1169,0,0.034432704,0.003218023,0
15,214,94.296,512.0275868,32388.96666,4.9504,0,0,0.70621,0,0.781,0,0,0,0,0,0,0.034432704,0.003218023,0
15,214,94.296,512.0275868,32388.96666,184.67,0,0,0,43.562,0,0,0,0,0,0.151728,0,0.034432704,0.003218023,0
15,214,94.296,512.0275868,32388.96666,0,0,0,0.008333,0,0,0,0,0,0,0,0,0.034432704,0.003218023,0
15,214,94.296,512.0275868,32388.96666,25.205,0,0,0.008335,0,0,0,0,0,0,2.76954,0,0.034432704,0.003218023,0
15,214,94.296,512.0275868,32388.96666,0.0097027,0,0,0,0.031711,0,0,0,0,0,16.4517,0,0.034432704,0.003218023,0
15,214,94.296,512.0275868,32388.96666,0.016058,0,0,0,0,0,0,0,0,0,0,0,0.034432704,0.003218023,0
15,214,94.296,512.0275868,32388.96666,9.7427,0,0,0,7.544,0,0,0,0,0,0,0,0.034432704,0.003218023,0
15,214,94.296,512.0275868,32388.96666,0.0072895,0,0,0,0.000739,0,0,0,0,0,0,0,0.034432704,0.003218023,0
15,214,94.296,512.0275868,32388.96666,45.509,0,0,0.016337,0,0.026763,0,0,0,0,5.4765,0,0.034432704,0.003218023,0
15,214,94.296,512.0275868,32388.96666,0,0,0.005264,2.7308,0.00524,0,0,0,0,0,0,0,0.034432704,0.003218023,0
15,214,94.296,512.0275868,32388.96666,0.008333,0,0,0,0,0,0,0,0,0,0.70341,0,0.034432704,0.003218023,0
15,214,94.296,512.0275868,32388.96666,0.0083909,0,0.003346,1.6824,0.64611,0.79323,0,0,0,0,78.063,0,0.034432704,0.003218023,0
15,214,94.296,512.0275868,32388.96666,0,0,0,0,0,0,0,0,0,0,0,0,0.034432704,0.003218023,0
15,214,94.296,512.0275868,32388.96666,0.001326,0,0.009348,0,0.008333,0,0,0,0,0,0.44541,0,0.034432704,0.003218023,0
15,214,94.296,512.0275868,32388.96666,0,0,0,0,0,0,110.33,0,0,0,1.67382,0,0.034432704,0.003218023,0
15,214,94.296,512.0275868,32388.96666,0,0,0,0.0021738,0.008333,0,0,0,0,0,37.836,0,0.034432704,0.003218023,0
15,214,94.296,512.0275868,32388.96666,0.87352,0,0,0,0,0,95.863,0,0,0,2.01174,0,0.034432704,0.003218023,0
15,214,94.296,512.0275868,32388.96666,2.7267,0,0,0,0,0,0,0,0,0,0.31755,0,0.034432704,0.003218023,0
15,214,94.296,512.0275868,32388.96666,0.015333,0,0,0,0.0099455,0,0,0,0,0,0,0,0.034432704,0.003218023,0
15,214,94.296,512.0275868,32388.96666,0,0,0,0,0,0,0,0,0,0,0,0,0.034432704,0.003218023,0
15,214,94.296,512.0275868,32388.96666,0,0,0,0,0,1.3382,0,0,0,0,0,0,0.034432704,0.003218023,0
15,214,94.296,512.0275868,32388.96666,0.008333,0,0,23.088,0.003538,0,0,0,0,0,0,0,0.034432704,0.003218023,0
15,214,94.296,512.0275868,32388.96666,0.0152,0,0,0,0.1136,0,0,0,0,0,0.151728,0,0.034432704,0.003218023,0
15,214,94.296,512.0275868,32388.96666,0,0,5.9813,0.033648,0,0,0,0,0,0,0,0,0.034432704,0.003218023,0
15,214,94.296,512.0275868,32388.96666,0,0,0,0,0.049462,0,0,0,0,0,0.273366,0,0.034432704,0.003218023,0
15,214,94.296,512.0275868,32388.96666,0,0,0,4.1106,0,0,0.13028,0,0,0,29.2218,0,0.034432704,0.003218023,0
15,214,94.296,512.0275868,32388.96666,0.90611,0,0,0,0,0,0,0,0,0,5.2875,0,0.034432704,0.003218023,0
15,214,94.296,512.0275868,32388.96666,3.0031,0,0,23.088,0,0,0.008333,0,0,0,15.3204,0,0.034432704,0.003218023,0
15,214,94.296,512.0275868,32388.96666,0.018235,0,0,0.008333,3.8185,0,0,0,0,0,3.8946,0,0.034432704,0.003218023,0
15,214,94.296,512.0275868,32388.96666,0.008333,0,0,3.2487,0,0,0,0,0,0,1.95174,0,0.034432704,0.003218023,0
15,214,94.296,512.0275868,32388.96666,0,0,0,0,0.00524,75.3,0,0,0,0,0,0,0.034432704,0.003218023,0
15,214,94.296,512.0275868,32388.96666,0,0,0,0,0,0.79321,0,0,0,0,18.849,0,0.034432704,0.003218023,0
15,214,94.296,512.0275868,32388.96666,8.6108,0,0,0.11797,0,0.005198,0,0,0,0,0.151728,0,0.034432704,0.003218023,0
15,214,94.296,512.0275868,32388.96666,0.44516,0,0,0.071721,0.002031,0,0,0,0,0,0,0,0.034432704,0.003218023,0
15,214,94.296,512.0275868,32388.96666,0.22048,0,0,0.62945,0,0,5.0969,0,0,0,0.151728,0,0.034432704,0.003218023,0
15,214,94.296,512.0275868,32388.96666,0,0,0,0.068295,0.031711,0,0,0,0,0,4.8687,0,0.034432704,0.003218023,0
15,214,94.296,512.0275868,32388.96666,2.4135,0,0,0,0,0,0,0,0,0,0.273366,0,0.034432704,0.003218023,0
15,214,94.296,512.0275868,32388.96666,0.50457,0,0,0.040274,0,0,0,0,0,0,0,0,0.034432704,0.003218023,0
15,214,94.296,512.0275868,32388.96666,0,0,0,0.00524,8.3856,0,0,0,0,0,12.3399,0,0.034432704,0.003218023,0
15,214,94.296,512.0275868,32388.96666,46.059,0,0,0,0.73688,0,0,0,0,0,0.279942,0,0.034432704,0.003218023,0
15,214,94.296,512.0275868,32388.96666,0.18763,0,0,2.0984,0,0,0,0,0,0,0.151728,0,0.034432704,0.003218023,0
15,214,94.296,512.0275868,32388.96666,0.00524,0,0,0,0,0,0,0,0,0,0,0,0.034432704,0.003218023,0
15,214,94.296,512.0275868,32388.96666,0.00524,0,0,0,0.011526,3.4808,16.74,0,0,0,5.1447,0,0.034432704,0.003218023,0
15,214,94.296,512.0275868,32388.96666,0.001434,0,0,0,0,0,0,0,30.85,0,0.51381,0,0.034432704,0.003218023,0
15,214,94.296,512.0275868,32388.96666,0.008333,0,0,0,0.008333,0,0,0,0.43919,0,1.85526,0,0.034432704,0.003218023,0
15,214,94.296,512.0275868,32388.96666,0,0,0,0,0,0,0,0,0,0,78.063,0,0.034432704,0.003218023,0
15,214,94.296,512.0275868,32388.96666,0.070781,0,0,0.008333,0.72843,0,0,0,0,0,0,0,0.034432704,0.003218023,0
15,214,94.296,512.0275868,32388.96666,0.008333,0,0,3.5574,0,0,0,0,0,0,0,0,0.034432704,0.003218023,0
15,214,94.296,512.0275868,32388.96666,1.2774,0,0,0.84472,0.1136,0,0,0,0,0,0,0,0.034432704,0.003218023,0
15,214,94.296,512.0275868,32388.96666,0,0,0.81432,43.946,0,0,0,0,0,0,0,0,0.034432704,0.003218023,0
15,214,94.296,512.0275868,32388.96666,0.002139,0,0,0,0,0.20095,0.86583,0,0,0,3.1572,0,0.034432704,0.003218023,0
15,214,94.296,512.0275868,32388.96666,0,0,0,0,3.5225,0,0,0,2.7779,0,0.151728,0,0.034432704,0.003218023,0
15,214,94.296,512.0275868,32388.96666,0.008333,0,0,2.0984,0,0,0,0,0,0,4.3869,0,0.034432704,0.003218023,0
15,214,94.296,512.0275868,32388.96666,1.0344,0,0,2.2017,0.00524,0.77904,0.008333,0,0,0,22.617,0,0.034432704,0.003218023,0
15,214,94.296,512.0275868,32388.96666,0,0,4.2757,0.007697,0.008333,0,0,0,0,0,4.8507,0,0.034432704,0.003218023,0
15,214,94.296,512.0275868,32388.96666,0.00644,0,0,0,0,0,0,0,0,0,0.151728,0,0.034432704,0.003218023,0
15,214,94.296,512.0275868,32388.96666,0.020418,0,0,0.007697,0.00524,0,0,0,0,0,3.6423,0,0.034432704,0.003218023,0
15,214,94.296,512.0275868,32388.96666,0,0,0,0,0.007148,0,0,0,0,0,0,0,0.034432704,0.003218023,0
15,214,94.296,512.0275868,32388.96666,0.010479,0,0,0,1.2446,0,0,0,0,0,8.9118,0,0.034432704,0.003218023,0
15,214,94.296,512.0275868,32388.96666,0.008333,0,0,0,32.03,0.77904,0,0,0,0,0.73911,0,0.034432704,0.003218023,0
15,214,94.296,512.0275868,32388.96666,0.19687,0,0,0,0,0,0,0,0,0,0.273324,0,0.034432704,0.003218023,0
15,214,94.296,512.0275868,32388.96666,0.00753,0,0,0,0.007102,0.014181,0,0,0,0,16.0221,0,0.034432704,0.003218023,0
15,214,94.296,512.0275868,32388.96666,0.032101,0,0,0,0,0,0.40452,0,0,0,0,0,0.034432704,0.003218023,0
15,214,94.296,512.0275868,32388.96666,0.008333,0,0,0.55992,0,0,0.021726,0,0,0,0.151728,0,0.034432704,0.003218023,0
15,214,94.296,512.0275868,32388.96666,0.008585,0,0,0,0,0,0,0,0,0,5.0406,0,0.034432704,0.003218023,0
15,214,94.296,512.0275868,32388.96666,0.057403,0,0,0,0.0014495,0,51.57,0,0,0,17.1858,0,0.034432704,0.003218023,0
15,214,94.296,512.0275868,32388.96666,0.00524,0,0,0.00524,6.2079,0,0,0,0,0,12.3399,0,0.034432704,0.003218023,0
15,214,94.296,512.0275868,32388.96666,0.00753,0,0,2.5863,3.969,0,0,0,0,0,0.151728,0,0.034432704,0.003218023,0
15,214,94.296,512.0275868,32388.96666,0.00524,0,0,0,0,12.816,0.67053,0,0,0,0,0,0.034432704,0.003218023,0
15,214,94.296,512.0275868,32388.96666,43.218,0,0,0,0.005239,0,0.42744,0,0,0,0,0,0.034432704,0.003218023,0
15,214,94.296,512.0275868,32388.96666,0,0,0,0,0,0,0,0,0,0,4.2768,0,0.034432704,0.003218023,0
15,214,94.296,512.0275868,32388.96666,0,0,0,0.0074133,0,0,0,0,0,0,8.3718,0,0.034432704,0.003218023,0
15,214,94.296,512.0275868,32388.96666,0.008332,0,0,0,0,0,130.49,0,0,0,1.52439,0,0.034432704,0.003218023,0
15,214,94.296,512.0275868,32388.96666,0.008335,0,0,0,0,0,0.002308,0,0,0,0.151728,0,0.034432704,0.003218023,0
15,214,94.296,512.0275868,32388.96666,0.025372,0,0,0,5.1226,0,0,0,0,0,3.9402,0,0.034432704,0.003218023,0
15,214,94.296,512.0275868,32388.96666,0.44516,0,0,0.008335,0,1.3521,0.13028,0,0,0,0.151728,0,0.034432704,0.003218023,0
15,214,94.296,512.0275868,32388.96666,0.008333,0,0,0.005239,0.005395,2.6486,0,0,0,0,0.292407,0,0.034432704,0.003218023,0
15,214,94.296,512.0275868,32388.96666,0,0,0,0.009064,23.272,0,0,0,0,0,2.96682,0,0.034432704,0.003218023,0
15,214,94.296,512.0275868,32388.96666,0.87352,0,0,2.2778,0,0,0.13028,0,0,0,0.151728,0,0.034432704,0.003218023,0
15,214,94.296,512.0275868,32388.96666,0.0072895,0,0,0.051994,0.047685,0,0,0,0,0,0.151728,0,0.034432704,0.003218023,0
15,214,94.296,512.0275868,32388.96666,0.031802,0,0,0,0,0,0,0,0,0,0,0,0.034432704,0.003218023,0
15,214,94.296,512.0275868,32388.96666,0,0,0,0.044269,0,0,18.313,0,0,0,0,0,0.034432704,0.003218023,0
15,214,94.296,512.0275868,32388.96666,0,0,0,0,0,0.79323,0,0,0,0,0,0,0.034432704,0.003218023,0
15,214,94.296,512.0275868,32388.96666,1.4262,0,0,0,0.00524,0,0,0,0,0,7.2312,0,0.034432704,0.003218023,0
15,214,94.296,512.0275868,32388.96666,7.049,0,0,0.001493,26.494,0,0,0,0,0,12.8454,0,0.034432704,0.003218023,0
15,214,94.296,512.0275868,32388.96666,0.0068531,0,0,0,0.031711,0.78548,0,0,0,0,0.151728,0,0.034432704,0.003218023,0
15,214,94.296,512.0275868,32388.96666,51.143,0,0,0,0,0,0,0,0,0,0.151728,0,0.034432704,0.003218023,0
15,214,94.296,512.0275868,32388.96666,0.00524,0,0,0,0.33405,0,0,0,0,0,29.2218,0,0.034432704,0.003218023,0
15,214,94.296,512.0275868,32388.96666,0.98357,0,0,0.86967,0.097858,0,0,0,0,0,53.889,0,0.034432704,0.003218023,0
15,214,94.296,512.0275868,32388.96666,0,0,0,0,0.030964,0,0,0,0,0,0.151728,0,0.034432704,0.003218023,0
15,214,94.296,512.0275868,32388.96666,5.7412,0,0,0.00524,0,0,0,0,0,0,3.9402,0,0.034432704,0.003218023,0
15,214,94.296,512.0275868,32388.96666,0,0,0,0,0,0,0,0,0,0,0,0,0.034432704,0.003218023,0
15,214,94.296,512.0275868,32388.96666,0.00524,0,0,0.040507,0.070777,0,16.305,0,0,0,0.151728,0,0.034432704,0.003218023,0
15,214,94.296,512.0275868,32388.96666,0,0,0,0,0.4381,0.0016135,0,0,0,0,0.88596,0,0.034432704,0.003218023,0
15,214,94.296,512.0275868,32388.96666,0.067102,0,0,0,0,0,15.504,0,1.7258,0,0.283572,0,0.034432704,0.003218023,0
15,214,94.296,512.0275868,32388.96666,0.60993,0,0,0,0,7.545,0,0,0,0,0,0,0.034432704,0.003218023,0
15,214,94.296,512.0275868,32388.96666,0,0,0,3.0666,20.056,0,0,0,0,0,47.883,0,0.034432704,0.003218023,0
15,214,94.296,512.0275868,32388.96666,0.067102,0,0,0.00524,26.765,0,0,0,0,0,0.151728,0,0.034432704,0.003218023,0
15,214,94.296,512.0275868,32388.96666,0.18674,0,0,0,0,0,0,0,0,0,5.4765,0,0.034432704,0.003218023,0
15,214,94.296,512.0275868,32388.96666,0,0,0,0.82457,0.36581,0,0,0,0,0,0.151728,0,0.034432704,0.003218023,0
15,214,94.296,512.0275868,32388.96666,0.14827,0,0,0.47974,0,0,0,0,0,0,5.6418,0,0.034432704,0.003218023,0
15,214,94.296,512.0275868,32388.96666,0.5002,0,0,0,0,0,0.13028,0,0,0,9.5499,0,0.034432704,0.003218023,0
15,214,94.296,512.0275868,32388.96666,0.00644,0,0,0,0.008333,0,0,0,0,0,0.84174,0,0.034432704,0.003218023,0
15,214,94.296,512.0275868,32388.96666,0,0,0,0,0,1.0289,13.556,0,0,0,0.151728,0,0.034432704,0.003218023,0
15,214,94.296,512.0275868,32388.96666,0,0,0,0,0,1.4271,0,0,0,0,0.181728,0,0.034432704,0.003218023,0
15,214,94.296,512.0275868,32388.96666,0.14827,0,0,0,0.008333,0,0.74966,0,0,0,6.9018,0,0.034432704,0.003218023,0
15,214,94.296,512.0275868,32388.96666,0.000172,0,0,0,0.005239,0,0.13028,0,0,0,0.84174,0,0.034432704,0.003218023,0
15,214,94.296,512.0275868,32388.96666,1.5561,0,0,0,0,0,0,0,0,0,0.151728,0,0.034432704,0.003218023,0
15,214,94.296,512.0275868,32388.96666,0.002868,0,0,0,0,0,0,0,0,0,6.4536,0,0.034432704,0.003218023,0
15,214,94.296,512.0275868,32388.96666,0.080184,0,0,0.000739,0,0,0,0,0,0,0.271128,0,0.034432704,0.003218023,0
15,214,94.296,512.0275868,32388.96666,0.013575,0,0,0.0055291,0,0,0.67845,0,0,0,0,0,0.034432704,0.003218023,0
15,214,94.296,512.0275868,32388.96666,0.008333,0,0,1.0905,0,0,0,0,0,0,2.37174,0,0.034432704,0.003218023,0
15,214,94.296,512.0275868,32388.96666,0.043506,0,0,0.005239,51.372,0,0,0,0,0,0,0,0.034432704,0.003218023,0
15,214,94.296,512.0275868,32388.96666,0,0,0,0,0,0,0,0,0,0,0,0,0.034432704,0.003218023,0
15,214,94.296,512.0275868,32388.96666,0.00524,0,0,0,3.969,0,0,0,0,0,0.151728,0,0.034432704,0.003218023,0
15,214,94.296,512.0275868,32388.96666,0.016638,0,0,0,0.62723,0,0,0,0,0,0.151728,0,0.034432704,0.003218023,0
15,214,94.296,512.0275868,32388.96666,0,0,0,0,0,0,0,0,0,0,0.86343,0,0.034432704,0.003218023,0
15,214,94.296,512.0275868,32388.96666,0.053886,0,0.82183,0,1.0171,0,0,0,0,0,0.151728,0,0.034432704,0.003218023,0
15,214,94.296,512.0275868,32388.96666,0.061886,0,0,68.713,0,0,0,0,0,0,0,0,0.034432704,0.003218023,0
15,214,94.296,512.0275868,32388.96666,0,0,0,0,0,0,0,0,0,0,0.75903,0,0.034432704,0.003218023,0
15,214,94.296,512.0275868,32388.96666,0.008333,0,0,0.65249,0.001434,0,0,0,0,0,0.70503,0,0.034432704,0.003218023,0
15,214,94.296,512.0275868,32388.96666,1.7741,0,0,0,0,1.3939,0,0,0,0,3.7518,0,0.034432704,0.003218023,0
15,214,94.296,512.0275868,32388.96666,0,0,0,0,0,0,0,0,0,0,0,0,0.034432704,0.003218023,0
15,214,94.296,512.0275868,32388.96666,0.000078,0,0,0,0.008332,0,0,0,0,0,0.151728,0,0.034432704,0.003218023,0
15,214,94.296,512.0275868,32388.96666,0.098565,0,42.935,0,0.005239,0,0,0,0,0,0,0,0.034432704,0.003218023,0
15,214,94.296,512.0275868,32388.96666,1.6989,0,0,0,0,0,15.481,0,0,0,0.273021,0,0.034432704,0.003218023,0
15,214,94.296,512.0275868,32388.96666,0.5002,0,0,0,0.008333,0.0003,0,0,0,0,0,0,0.034432704,0.003218023,0
15,214,94.296,512.0275868,32388.96666,1.7403,0,0,0,1.6408,0.32195,0,0,0,0,0.151728,0,0.034432704,0.003218023,0
15,214,94.296,512.0275868,32388.96666,0.01367,0,0,0.017468,0,0.77921,0,0,0,0,0,0,0.034432704,0.003218023,0
15,214,94.296,512.0275868,32388.96666,0.013573,0,0,0.008333,0,0,124.31,0,0,0,0,0,0.034432704,0.003218023,0
15,214,94.296,512.0275868,32388.96666,0.00524,0,0,0,1.8824,0,0,0,0,0,0.151728,0,0.034432704,0.003218023,0
15,214,94.296,512.0275868,32388.96666,1.2774,0,0,0.00524,3.1081,0,0,0,0,0,0.181728,0,0.034432704,0.003218023,0
15,214,94.296,512.0275868,32388.96666,0,0,0.006915,0,0,0,0,0,0,0,0.151728,0,0.034432704,0.003218023,0
15,214,94.296,512.0275868,32388.96666,1.0831,0,0,0,0,0,0,0,0,0,22.617,0,0.034432704,0.003218023,0
15,214,94.296,512.0275868,32388.96666,0.002011,0,0.000254,0,3.8185,0,0,0,0,0,0.151728,0,0.034432704,0.003218023,0
15,214,94.296,512.0275868,32388.96666,0.08029,0,0,0,0,0,0.13028,0,0,0,5.1447,0,0.034432704,0.003218023,0
15,214,94.296,512.0275868,32388.96666,0,0,0,5.7154,0,0,0,0,0,0,0.181728,0,0.034432704,0.003218023,0
15,214,94.296,512.0275868,32388.96666,0.017603,0,0.001434,0,0.3855,0,0,0,0,0,19.5987,0,0.034432704,0.003218023,0
15,214,94.296,512.0275868,32388.96666,184.67,0,0,0.008333,0,0,0,0,0,0,11.6058,0,0.034432704,0.003218023,0
15,214,94.296,512.0275868,32388.96666,0.00062,0,0,0,0,0,0,0,0,0,0,0,0.034432704,0.003218023,0
15,214,94.296,512.0275868,32388.96666,0.062194,0,0,5.7154,0.25503,10.661,0,0,0,0,0.27948,0,0.034432704,0.003218023,0
15,214,94.296,512.0275868,32388.96666,0,0,0,0.008333,0.21732,0.77921,0,0,0,0,0,0,0.034432704,0.003218023,0
15,214,94.296,512.0275868,32388.96666,198.15,0,0,0.018148,0,0,0.13028,0,0,0,0.151728,0,0.034432704,0.003218023,0
15,214,94.296,512.0275868,32388.96666,0,0,0,3.5574,0,0,0,0.82228,0,0,0,0,0.034432704,0.003218023,0
15,214,94.296,512.0275868,32388.96666,0.17713,0,0,0,0,0,0,0,0,0,27.5562,0,0.034432704,0.003218023,0
15,214,94.296,512.0275868,32388.96666,25.205,0,0,0,0,0,5.6931,0,0,0,0.44541,0,0.034432704,0.003218023,0
15,214,94.296,512.0275868,32388.96666,0,0,0,0,0.008333,2.5002,0,0,0,0,0,0,0.034432704,0.003218023,0
15,214,94.296,512.0275868,32388.96666,2.7267,0,0,0,0.008333,0,0,0,0,0,0,0,0.034432704,0.003218023,0
15,214,94.296,512.0275868,32388.96666,0.002868,0,0,0.00062,0,0,0,0,0,0,34.872,0,0.034432704,0.003218023,0
15,214,94.296,512.0275868,32388.96666,0,0,0,0,0.027306,0,0,0,0,0,0.151728,0,0.034432704,0.003218023,0
15,214,94.296,512.0275868,32388.96666,0,0,0,0,0,0,0,0,0,0,0,0,0.034432704,0.003218023,0
15,214,94.296,512.0275868,32388.96666,0,0,0,1.9259,0.67961,0,0,0,0,0,0,0,0.034432704,0.003218023,0
15,214,94.296,512.0275868,32388.96666,0.008585,0,0,0,0,0,0,0,0,0,0,0,0.034432704,0.003218023,0
15,214,94.296,512.0275868,32388.96666,0.00524,0,0.71224,0,0,0,0,0,0,0,66.645,0,0.034432704,0.003218023,0
15,214,94.296,512.0275868,32388.96666,0.008699,0,0,0,0.17103,0,338.29,0,0,0,0.151728,0,0.034432704,0.003218023,0
15,214,94.296,512.0275868,32388.96666,0.00062,0,0,0,0,0.008335,0,0,0,0,0,0,0.034432704,0.003218023,0
15,214,94.296,512.0275868,32388.96666,0.007102,0,0,0,0,0,0,0,0,0,0.70485,0,0.034432704,0.003218023,0
15,214,94.296,512.0275868,32388.96666,0.008335,0,0,31.038,0,0.56078,0,0,0,0,0.151728,0,0.034432704,0.003218023,0
15,214,94.296,512.0275868,32388.96666,0,0,12.694,0,5.2863,0.000886,0,0,0,0,0.151728,0,0.034432704,0.003218023,0
15,214,94.296,512.0275868,32388.96666,2.2256,0,10.597,0,0,0,0.002308,0,0,0,6.3561,0,0.034432704,0.003218023,0
15,214,94.296,512.0275868,32388.96666,0.005239,0,0,0,0,0,0.67053,0,0,0,0,0,0.034432704,0.003218023,0
15,214,94.296,512.0275868,32388.96666,3.5296,0,0,0,76.072,0,0,0,0,0,0,0,0.034432704,0.003218023,0
15,214,94.296,512.0275868,32388.96666,0,0,0,4.2796,0.008333,0,0,0,0,0,0,0,0.034432704,0.003218023,0
15,214,94.296,512.0275868,32388.96666,6.8104,0,0,0.38795,246.96,0,0,0,0,0,0,0,0.034432704,0.003218023,0
15,214,94.296,512.0275868,32388.96666,0.011297,0,0,0,0,0,0,0,0,0,0,0,0.034432704,0.003218023,0
15,214,94.296,512.0275868,32388.96666,0,0,0,0.008265,0.31016,0,0,0,0,0,3.0075,0,0.034432704,0.003218023,0
15,214,94.296,512.0275868,32388.96666,0.091719,0,0,0.013976,0.002741,0,0,0.011778,0,0,4.5897,0,0.034432704,0.003218023,0
15,214,94.296,512.0275868,32388.96666,0.007102,0,0,0,0,0,0,0,0,0,0.273018,0,0.034432704,0.003218023,0
15,214,94.296,512.0275868,32388.96666,0.008333,0,0.79446,0,0.18217,0,0,0,0,0,0,0,0.034432704,0.003218023,0
15,214,94.296,512.0275868,32388.96666,1.8115,0,0,0,0,0,0,0,0,0,2.7027,0,0.034432704,0.003218023,0
15,214,94.296,512.0275868,32388.96666,0,0,0,0,0,0,0,0,0,0,0.151728,0,0.034432704,0.003218023,0
15,214,94.296,512.0275868,32388.96666,0.013573,0,0,0.00524,17.217,0,0,0,0,0,4.0518,0,0.034432704,0.003218023,0
15,214,94.296,512.0275868,32388.96666,0.013892,0,0,6.9518,0.005239,0,0,0,0,0,0,0,0.034432704,0.003218023,0
15,214,94.296,512.0275868,32388.96666,0,0,0,0,0,1.944,0,0,0,0,10.6086,0,0.034432704,0.003218023,0
15,214,94.296,512.0275868,32388.96666,0,0,0,0,0.003538,0.077537,0,0,0,0,0.151728,0,0.034432704,0.003218023,0
15,214,94.296,512.0275868,32388.96666,0,0,0,16.558,0,0,0,0,0,0,0.151728,0,0.034432704,0.003218023,0
15,214,94.296,512.0275868,32388.96666,0,0,0,0.010165,0,0,0,0,0,0,0.273357,0,0.034432704,0.003218023,0
15,214,94.296,512.0275868,32388.96666,0,0,0,0.000376,0.007328,0,0,0,0,0,0,0,0.034432704,0.003218023,0
15,214,94.296,512.0275868,32388.96666,0.00524,0,0,1.1486,0,0,0,0,0,0,0.286086,0,0.034432704,0.003218023,0
15,214,94.296,512.0275868,32388.96666,0.016058,0,0,0.008333,0.1136,0,0,0,0,0,0.151728,0,0.034432704,0.003218023,0
15,214,94.296,512.0275868,32388.96666,0,0,0,0,0,0,10.868,0,0,0,4.1406,0,0.034432704,0.003218023,0
15,214,94.296,512.0275868,32388.96666,0,0,0,0.008335,0,0.78144,0,0,0,0,20.8818,0,0.034432704,0.003218023,0
15,214,94.296,512.0275868,32388.96666,0,0,0,13.805,0,0,25.393,0,0,0,0.181728,0,0.034432704,0.003218023,0
15,214,94.296,512.0275868,32388.96666,0.019152,0,0,0,0.018282,0,3.9418,0,0,0,0.93561,0,0.034432704,0.003218023,0
15,214,94.296,512.0275868,32388.96666,15.105,0,0,0,0,0,5.1885,0,0,0,0,0,0.034432704,0.003218023,0
15,214,94.296,512.0275868,32388.96666,0.028169,0,0,0.15605,0.000063,0,12.641,0,0,0,8.9718,0,0.034432704,0.003218023,0
15,214,94.296,512.0275868,32388.96666,1.8379,0,0,0,0,0,0,0,0,0,0.151728,0,0.034432704,0.003218023,0
15,214,94.296,512.0275868,32388.96666,0.0055799,0,0,0.008333,0,0,0,0,0,0,0.151728,0,0.034432704,0.003218023,0
15,214,94.296,512.0275868,32388.96666,0,0,0,0,0.053112,0,0,0,0,0,0,0,0.034432704,0.003218023,0
15,214,94.296,512.0275868,32388.96666,9.9965,0,0,9.0645,0.008333,0.008332,0,0,0,0,0,0,0.034432704,0.003218023,0
15,214,94.296,512.0275868,32388.96666,3.2852,0,0,0.002011,0,0,0,0,0,0,5.2875,0,0.034432704,0.003218023,0
15,214,94.296,512.0275868,32388.96666,5.5802,0,0,0,0.032706,0,0,0,0,0,0.151728,0,0.034432704,0.003218023,0
15,214,94.296,512.0275868,32388.96666,0.17094,0,0,0.0094528,0,0.0016135,0,0,0,0,0,0,0.034432704,0.003218023,0
15,214,94.296,512.0275868,32388.96666,0.73427,0,0,0,0,1.3382,0,0,0,0,42.879,0,0.034432704,0.003218023,0
15,214,94.296,512.0275868,32388.96666,0.078253,0,0,0,3.6586,0,76.371,0,0,0,0,0,0.034432704,0.003218023,0
15,214,94.296,512.0275868,32388.96666,0.022591,0,0,0.00247,1.2072,0,132.95,0,0,0,0,0,0.034432704,0.003218023,0
15,214,94.296,512.0275868,32388.96666,0.0152,0,0,0,0.00524,0,3.2846,0,0,0,1.73121,0,0.034432704,0.003218023,0
15,214,94.296,512.0275868,32388.96666,0.00644,0,0.016815,0,2.0594,0,0,0,0,0,0.273366,0,0.034432704,0.003218023,0
15,214,94.296,512.0275868,32388.96666,0,0,0,0.013546,0,0,0,0,0,0,2.52933,0,0.034432704,0.003218023,0
15,214,94.296,512.0275868,32388.96666,1.366,0,0,0.008333,0.14105,0,0,0,0,0,0.279615,0,0.034432704,0.003218023,0
15,214,94.296,512.0275868,32388.96666,0,0,0,0,0.0096305,0,0,0,0,0,11.1597,0,0.034432704,0.003218023,0
15,214,94.296,512.0275868,32388.96666,0.010122,0,0,0,0,0,0,0,0,0,0.151728,0,0.034432704,0.003218023,0
15,214,94.296,512.0275868,32388.96666,0.17903,0,0,0.79273,0.008333,0.89381,0,0,0,0,0,0,0.034432704,0.003218023,0
15,214,94.296,512.0275868,32388.96666,43.582,0,0,65.783,44.94,0,0,0,0,0,0.151728,0,0.034432704,0.003218023,0
15,214,94.296,512.0275868,32388.96666,0,0,0,0.005239,0,0,0.841,0,0,0,0.276924,0,0.034432704,0.003218023,0
15,214,94.296,512.0275868,32388.96666,5.6933,0,0,0,0,0,0,0,0,0,6.1116,0,0.034432704,0.003218023,0
15,214,94.296,512.0275868,32388.96666,13.81,0,0,0,0,0.79321,0,0,0,0,0.33174,0,0.034432704,0.003218023,0
15,214,94.296,512.0275868,32388.96666,0,0,0,0,0,0,0,0,0,0,0,0,0.034432704,0.003218023,0
15,214,94.296,512.0275868,32388.96666,0.020418,0,0,1.0205,0,0,0,0,0,0,0.30174,0,0.034432704,0.003218023,0
15,214,94.296,512.0275868,32388.96666,0,0,0,0,0.008333,0,0,0,0,0,2.37174,0,0.034432704,0.003218023,0
15,214,94.296,512.0275868,32388.96666,1.1984,0,0,0,0,0,0,0,0,0,0,0,0.034432704,0.003218023,0
15,214,94.296,512.0275868,32388.96666,0.075337,0,0,0.008335,1.6868,0,0,0,0,0,0.151728,0,0.034432704,0.003218023,0
15,214,94.296,512.0275868,32388.96666,23.582,0,0.61005,0,0,0,0,0,0,0,0.151728,0,0.034432704,0.003218023,0
15,214,94.296,512.0275868,32388.96666,0,0,0,0,5.4878,0,0,0,0,0,8.9718,0,0.034432704,0.003218023,0
15,214,94.296,512.0275868,32388.96666,55.389,0,0,46.554,0,0,0,0,0,0,0,0,0.034432704,0.003218023,0
15,214,94.296,512.0275868,32388.96666,0.071675,0,0,0,0.0067709,0,0,0,0,0,0,0,0.034432704,0.003218023,0
15,214,94.296,512.0275868,32388.96666,0,0,0,0.040507,0.73113,0,0,0,0,0,8.1576,0,0.034432704,0.003218023,0
15,214,94.296,512.0275868,32388.96666,0,0,0,0,0,0,0.67053,0,0,0,0,0,0.034432704,0.003218023,0
15,214,94.296,512.0275868,32388.96666,0.007328,0,0,0,0,0,0,0,0,0,8.7918,0,0.034432704,0.003218023,0
15,214,94.296,512.0275868,32388.96666,0.82366,0,0.83572,0,0.0001405,0,0,0,0,0,0.271128,0,0.034432704,0.003218023,0
15,214,94.296,512.0275868,32388.96666,0,0,0,0,0,0,0,0,0,0,0,0,0.034432704,0.003218023,0
15,214,94.296,512.0275868,32388.96666,5.2762,0,0,1.244,0.008333,0,0,0,0,0,0,0,0.034432704,0.003218023,0
15,214,94.296,512.0275868,32388.96666,0.000251,0,0,0.008333,0.010122,0,0,0,0.0057415,0,0.151728,0,0.034432704,0.003218023,0
15,214,94.296,512.0275868,32388.96666,0,0,0,0.00247,0,0.040918,0,0,0,0,0.151728,0,0.034432704,0.003218023,0
15,214,94.296,512.0275868,32388.96666,0.51613,0,0.00014,0.008333,0.011532,0,0,0,0,0,0.151728,0,0.034432704,0.003218023,0
15,214,94.296,512.0275868,32388.96666,0.00524,0,51.335,0,0,0,0,0,0,0,0.151728,0,0.034432704,0.003218023,0
15,214,94.296,512.0275868,32388.96666,0.023786,0,0,14.532,0.030662,0,15.249,0,0,0,5.2875,0,0.034432704,0.003218023,0
15,214,94.296,512.0275868,32388.96666,0,0,0,0,0,0,0,0,0,0,39.096,0,0.034432704,0.003218023,0
15,214,94.296,512.0275868,32388.96666,2.3556,0,0,0,32.03,0,0,0,0,0,0,0,0.034432704,0.003218023,0
15,214,94.296,512.0275868,32388.96666,0,0,0,0,0,0,0.74966,0,0,0,0.151728,0,0.034432704,0.003218023,0
15,214,94.296,512.0275868,32388.96666,1.4262,0,0,0,0.1136,0,137.34,0,0,0,0,0,0.034432704,0.003218023,0
15,214,94.296,512.0275868,32388.96666,0,0,0,0.82457,0,0,0.059897,0,0,0,0.151728,0,0.034432704,0.003218023,0
15,214,94.296,512.0275868,32388.96666,28.979,0,0,0,0,0,0,0,0,0,17.3325,0,0.034432704,0.003218023,0
15,214,94.296,512.0275868,32388.96666,0.00524,0,0,0,0,0.77921,0,0,0,0,0,0,0.034432704,0.003218023,0
15,214,94.296,512.0275868,32388.96666,0.19687,0,0,0,0,0,0,0,0,0,13.3746,0,0.034432704,0.003218023,0
15,214,94.296,512.0275868,32388.96666,0,0,0,0,0,0,0,0,0,0,9.5499,0,0.034432704,0.003218023,0
15,214,94.296,512.0275868,32388.96666,7.8157,0,0,0,0.046032,0,0,0,0,0,6.4536,0,0.034432704,0.003218023,0
15,214,94.296,512.0275868,32388.96666,0,0,0,0.83912,0,0,0,0,0,0,0.278529,0,0.034432704,0.003218023,0
15,214,94.296,512.0275868,32388.96666,0.0021738,0,0,0.45906,0,0,0,0,0,0,0.50493,0,0.034432704,0.003218023,0
15,214,94.296,512.0275868,32388.96666,0,0,0,0,0,0,0,14.83,0,0,1.63956,0,0.034432704,0.003218023,0
15,214,94.296,512.0275868,32388.96666,0.001434,0,0.80154,0,0.003538,0.78245,0,0,0,0,7.3638,0,0.034432704,0.003218023,0
15,214,94.296,512.0275868,32388.96666,43.218,0,0,0.00524,0,0,0,0,0,0,0.151728,0,0.034432704,0.003218023,0
15,214,94.296,512.0275868,32388.96666,0,0,0,0,0.010373,0,0,0,0,0,0,0,0.034432704,0.003218023,0
15,214,94.296,512.0275868,32388.96666,0.019714,0,0,0,0,0,0,0,0,0,0,0,0.034432704,0.003218023,0
15,214,94.296,512.0275868,32388.96666,0.00524,0,0,0,0,0,0,0,0,0,3.5568,0,0.034432704,0.003218023,0
15,214,94.296,512.0275868,32388.96666,0.000752,0,0,0,0.013518,0,0,0,0,0,0.151728,0,0.034432704,0.003218023,0
15,214,94.296,512.0275868,32388.96666,0,0,0,0.9504,0.63967,0,0,0,0,0,0,0,0.034432704,0.003218023,0
15,214,94.296,512.0275868,32388.96666,0.0097975,0,0.801,0.011652,5.2863,0.004827,0,0,0,0,0,0,0.034432704,0.003218023,0
15,214,94.296,512.0275868,32388.96666,0,0,0,1.3952,0,0,0,0,0,0,0.151728,0,0.034432704,0.003218023,0
15,214,94.296,512.0275868,32388.96666,0,0,0,0.05917,0.0068531,0,0,0,0,0,0,0,0.034432704,0.003218023,0
15,214,94.296,512.0275868,32388.96666,0,0,0,26.422,0.008332,0.047442,0,0,0,0,5.787,0,0.034432704,0.003218023,0
15,214,94.296,512.0275868,32388.96666,0.000081,0,0,0,0,0,0,0,0,0,13.3746,0,0.034432704,0.003218023,0
15,214,94.296,512.0275868,32388.96666,63.495,0,0,0.000739,2.006,0,0,0,0,0,198.603,0,0.034432704,0.003218023,0
15,214,94.296,512.0275868,32388.96666,2.2494,0,0,0.000716,2.7524,0,0,0,0,0,5.1447,0,0.034432704,0.003218023,0
15,214,94.296,512.0275868,32388.96666,0.018235,0,0.002031,0.008333,0,32.552,0,0,0,0,3.3018,0,0.034432704,0.003218023,0
15,214,94.296,512.0275868,32388.96666,109.34,0,0,0,0,0,0.002308,0,0,0,0.151728,0,0.034432704,0.003218023,0
15,214,94.296,512.0275868,32388.96666,0,0,0,0,0,0,0,0,0,0,0,0,0.034432704,0.003218023,0
15,214,94.296,512.0275868,32388.96666,0.014901,0,0,0,0.000739,0,0,0,0,0,1.52439,0,0.034432704,0.003218023,0
15,214,94.296,512.0275868,32388.96666,3.3665,0,0,0,0.011532,0,0,0,0,0,0,0,0.034432704,0.003218023,0
15,214,94.296,512.0275868,32388.96666,0,0,0,0,0,0,0,0,0,0,0.151728,0,0.034432704,0.003218023,0
15,214,94.296,512.0275868,32388.96666,1.8154,0,0,0,0,0,15.593,0,0,0,0.151728,0,0.034432704,0.003218023,0
15,214,94.296,512.0275868,32388.96666,1.7472,0,0,0.008321,0.26036,2.1024,0,0,0,0,0,0,0.034432704,0.003218023,0
15,214,94.296,512.0275868,32388.96666,0,0,0,0,0.008332,0.25468,0.10863,0,0,0,0.151728,0,0.034432704,0.003218023,0
15,214,94.296,512.0275868,32388.96666,0.071675,0,0,0.068295,0.21192,0,0,0,0,0,0.151728,0,0.034432704,0.003218023,0
15,214,94.296,512.0275868,32388.96666,4.3384,0,0,0.0078558,0.021909,0,0,0,0,0,17.3718,0,0.034432704,0.003218023,0
15,214,94.296,512.0275868,32388.96666,0.007697,0,0,0,0,0,0,0,0,0,0,0,0.034432704,0.003218023,0
15,214,94.296,512.0275868,32388.96666,0.008333,0,0,2.5432,0,0.781,0,0,0,0,6.8079,0,0.034432704,0.003218023,0
15,214,94.296,512.0275868,32388.96666,0,0,0,0.017238,0.03958,0,0,0,0,0,10.4865,0,0.034432704,0.003218023,0
15,214,94.296,512.0275868,32388.96666,0.020418,0,0,0,0,0,0,0,0,0,8.5524,0,0.034432704,0.003218023,0
15,214,94.296,512.0275868,32388.96666,0.050392,0,0,0,0,0,0,0,0,0,41.715,0,0.034432704,0.003218023,0
15,214,94.296,512.0275868,32388.96666,0.21588,0,0,0,0,0,0,0,0,0,0.151728,0,0.034432704,0.003218023,0
15,214,94.296,512.0275868,32388.96666,0.0068531,0,0,0.008333,0,0,0,0,0,0,0,0,0.034432704,0.003218023,0
15,214,94.296,512.0275868,32388.96666,0,0,0,0.088496,4.0421,0,0,0,0,0,0,0,0.034432704,0.003218023,0
15,214,94.296,512.0275868,32388.96666,0,0,0,0,0,0,0,0,0,0,0,0,0.034432704,0.003218023,0
15,214,94.296,512.0275868,32388.96666,0,0,0,2.4911,0.086094,0,8.4952,0,0,0,0,0,0.034432704,0.003218023,0
15,214,94.296,512.0275868,32388.96666,0.042136,0,0,0,0,0,0,0,0,0,3.8823,0,0.034432704,0.003218023,0
15,214,94.296,512.0275868,32388.96666,0.00062,0,0,0,0,0,0,0,0,0,0,0,0.034432704,0.003218023,0
15,214,94.296,512.0275868,32388.96666,0,0,0,0,0,0,0,0,0,0,0.181728,0,0.034432704,0.003218023,0
15,214,94.296,512.0275868,32388.96666,0,0,0,0.0056478,8.1439,0.022157,0,0,0,0,0.151728,0,0.034432704,0.003218023,0
15,214,94.296,512.0275868,32388.96666,0,0,0,0.030964,0.72843,0,0,66.651,0,0,0.57,0,0.034432704,0.003218023,0
15,214,94.296,512.0275868,32388.96666,0,0,0,0,8.0306,0,0,0,0,0,0.34434,0,0.034432704,0.003218023,0
15,214,94.296,512.0275868,32388.96666,25.205,0,0,0,0,0,0,0,0,0,0,0,0.034432704,0.003218023,0
15,214,94.296,512.0275868,32388.96666,0.35231,0,0,0,0,0,11.179,0,0,0,12.6336,0,0.034432704,0.003218023,0
15,214,94.296,512.0275868,32388.96666,36.159,0,0,0.223,0.081175,0,0,5.8573,0,0,0,0,0.034432704,0.003218023,0
15,214,94.296,512.0275868,32388.96666,0.007835,0,0,0,0.014719,0,0,0,0,0,0,0,0.034432704,0.003218023,0
15,214,94.296,512.0275868,32388.96666,0,0,0,0,0.007328,0,0,0,0,0,0.275259,0,0.034432704,0.003218023,0
15,214,94.296,512.0275868,32388.96666,0,0,0,0,0,0,0,0,0,0,0.151728,0,0.034432704,0.003218023,0
15,214,94.296,512.0275868,32388.96666,49.592,0,0,0,16.858,0,0,0,0,0,0,0,0.034432704,0.003218023,0
15,214,94.296,512.0275868,32388.96666,0.00524,0,0,0.013455,17.934,0,0,0,0,0,0,0,0.034432704,0.003218023,0
15,214,94.296,512.0275868,32388.96666,1.366,0,0,0,0.002156,0,0,0,0,0,0.151728,0,0.034432704,0.003218023,0
15,214,94.296,512.0275868,32388.96666,0,0,0,0,0.00524,0,0,0,0,0,0,0,0.034432704,0.003218023,0
15,214,94.296,512.0275868,32388.96666,0.67038,0,0,0,0,0,0,0,0,0,0.86343,0,0.034432704,0.003218023,0
15,214,94.296,512.0275868,32388.96666,0.17962,0,0,0,21.429,0,0.67845,0,0,0,0,0,0.034432704,0.003218023,0
15,214,94.296,512.0275868,32388.96666,0,0,0,0.008333,0,0,0,0,0,0,7.2111,0,0.034432704,0.003218023,0
15,214,94.296,512.0275868,32388.96666,0.018381,0,0,0,0,2.879,0,0,0,0,0,0,0.034432704,0.003218023,0
15,214,94.296,512.0275868,32388.96666,0.003295,0,0,0.00524,0,0.77921,0,0,0,0,8.172,0,0.034432704,0.003218023,0
15,214,94.296,512.0275868,32388.96666,0,0,0,0,0.002055,0,4.8562,0,0,0,1.62018,0,0.034432704,0.003218023,0
15,214,94.296,512.0275868,32388.96666,0,0,0,8.8181,0.000124,0.56312,0,0,0,0,10.6335,0,0.034432704,0.003218023,0
15,214,94.296,512.0275868,32388.96666,0.25336,0,0,0.10557,0.046926,0,0,0,0,0,0.151728,0,0.034432704,0.003218023,0
15,214,94.296,512.0275868,32388.96666,0.008333,0,0,0.001434,0,0,0,0,0,0,0.151728,0,0.034432704,0.003218023,0
15,214,94.296,512.0275868,32388.96666,0,0,0,3.5574,54.848,0,0,0,0,0,4.5198,0,0.034432704,0.003218023,0
15,214,94.296,512.0275868,32388.96666,0,0,0,0,0,0,0,0,0,0,1.91388,0,0.034432704,0.003218023,0
15,214,94.296,512.0275868,32388.96666,0.007221,0,0,0,0,0,0,0,0,0,0,0,0.034432704,0.003218023,0
15,214,94.296,512.0275868,32388.96666,2.1571,0,0,0,0,0,0,0,0,0,7.0518,0,0.034432704,0.003218023,0
15,214,94.296,512.0275868,32388.96666,0.00524,0,0,0,0,0,0,0,0,0,0,0,0.034432704,0.003218023,0
15,214,94.296,512.0275868,32388.96666,0.012568,0,0,0,0,0,0,0,0,0,0.151728,0,0.034432704,0.003218023,0
15,214,94.296,512.0275868,32388.96666,0,0,0.19195,4.3441,0.01787,0,0,0,0,0,0,0,0.034432704,0.003218023,0
15,214,94.296,512.0275868,32388.96666,0,0,0,0,2.8821,0,0,0,0,0,107.403,0,0.034432704,0.003218023,0
15,214,94.296,512.0275868,32388.96666,0.000376,0,0,0,0.022119,0,0,0,0,0,0.151728,0,0.034432704,0.003218023,0
15,214,94.296,512.0275868,32388.96666,0.65673,0,0,0.31537,30.954,0,0,0,0,0,3.9402,0,0.034432704,0.003218023,0
15,214,94.296,512.0275868,32388.96666,0,0,0,0,0.008335,0,0,0,0,0,53.889,0,0.034432704,0.003218023,0
15,214,94.296,512.0275868,32388.96666,0,0,0,9.9,0.50221,0,0,0,0,0,0.151728,0,0.034432704,0.003218023,0
15,214,94.296,512.0275868,32388.96666,0.047389,0,0,0.19366,0,0.78033,0,0,0,0,11.0268,0,0.034432704,0.003218023,0
15,214,94.296,512.0275868,32388.96666,0.51613,0,0,0.009056,0,0.000033,0,0,0,0,0,0,0.034432704,0.003218023,0
15,214,94.296,512.0275868,32388.96666,0.00062,0,0,0,0.090777,0,4.4928,0,0,0,0.151728,0,0.034432704,0.003218023,0
15,214,94.296,512.0275868,32388.96666,0,0,0,0.067813,0,0,16.83,0,0,0,2.10972,0,0.034432704,0.003218023,0
15,214,94.296,512.0275868,32388.96666,0,0,0,0,0,0,0,0,0,0,0.151728,0,0.034432704,0.003218023,0
15,214,94.296,512.0275868,32388.96666,0,0,0,0.001669,0,0,0.13028,0,0,0,17.3325,0,0.034432704,0.003218023,0
15,214,94.296,512.0275868,32388.96666,0.0067817,0,0,0.008333,3.8185,0,10.791,0,0,0,0.151728,0,0.034432704,0.003218023,0
15,214,94.296,512.0275868,32388.96666,1.4262,0,11.622,0.0067015,0.008336,0,0,0,0,0,0.273384,0,0.034432704,0.003218023,0
15,214,94.296,512.0275868,32388.96666,0,0,0,0,0,0.79321,28.852,0,0,0,0.151728,0,0.034432704,0.003218023,0
15,214,94.296,512.0275868,32388.96666,0.005239,0,0,15.592,0,0,8.1826,0,0,0,0.151728,0,0.034432704,0.003218023,0
15,214,94.296,512.0275868,32388.96666,0.010963,0,0,0.00524,0,0,0,0,0,0,0.151728,0,0.034432704,0.003218023,0
15,214,94.296,512.0275868,32388.96666,1.7472,0,0,0,0,0,0,0,0,0,0.151728,0,0.034432704,0.003218023,0
15,214,94.296,512.0275868,32388.96666,0.90611,0,0,0,0,0,0,0,0,0,0.151728,0,0.034432704,0.003218023,0
15,214,94.296,512.0275868,32388.96666,0.38105,0,0.00043,0,0,0,0,0,0,0,0,0,0.034432704,0.003218023,0
15,214,94.296,512.0275868,32388.96666,0.2494,0,0,2.4911,0,0,0,0,0,0,0,0,0.034432704,0.003218023,0
15,214,94.296,512.0275868,32388.96666,0,0,0,0.008333,0,0,0,0,0,0,10.3692,0,0.034432704,0.003218023,0
15,214,94.296,512.0275868,32388.96666,0,0,0,0.010986,0.006456,0,0,0,0,0,2.01174,0,0.034432704,0.003218023,0
15,214,94.296,512.0275868,32388.96666,0.008336,0,0,0.094899,0.000078,0,5.7969,0,0,0,0,0,0.034432704,0.003218023,0
15,214,94.296,512.0275868,32388.96666,8.1913,0,0,0.00524,0,0.026763,0.67053,0,0,0,1.57107,0,0.034432704,0.003218023,0
15,214,94.296,512.0275868,32388.96666,0.0964,0,0,0,0,0,0,0,0,0,0,0,0.034432704,0.003218023,0
15,214,94.296,512.0275868,32388.96666,0,0,0,0,0,0,0,0,0,0,0.151728,0,0.034432704,0.003218023,0
15,214,94.296,512.0275868,32388.96666,0.29343,0,0,0.00043,0.000739,0.000273,0,0,0,0,0,0,0.034432704,0.003218023,0
15,214,94.296,512.0275868,32388.96666,0,0,0,0,0,0,0,0,0,0,3.3018,0,0.034432704,0.003218023,0
15,214,94.296,512.0275868,32388.96666,0.010963,0,0,0,0,0,0,0,1.7773,0,7.6818,0,0.034432704,0.003218023,0
15,214,94.296,512.0275868,32388.96666,6.7661,0,0,0,0,0,0,0,0,0,13.1718,0,0.034432704,0.003218023,0
15,214,94.296,512.0275868,32388.96666,0.82366,0,0,0,0,0,0,0,0,0,4.0518,0,0.034432704,0.003218023,0
15,214,94.296,512.0275868,32388.96666,2.5794,0,0,0,0,0,0,0,0,0,12.0081,0,0.034432704,0.003218023,0
15,214,94.296,512.0275868,32388.96666,0.22208,0,0,7.0709,0.01048,0,0,0,0,0,8.3718,0,0.034432704,0.003218023,0
15,214,94.296,512.0275868,32388.96666,0.0964,0,0,0,0,0.79321,0,0,0,0,66.645,0,0.034432704,0.003218023,0
15,214,94.296,512.0275868,32388.96666,0.091719,0,0,0.047701,0,0,0,0,0,0,0.73911,0,0.034432704,0.003218023,0
15,214,94.296,512.0275868,32388.96666,0,0,0,0,0.008336,0.000273,29.961,0,0,0,0.151728,0,0.034432704,0.003218023,0
15,214,94.296,512.0275868,32388.96666,0.0094073,0,0,0.013024,0,0,0,0,0,0,1.02351,0,0.034432704,0.003218023,0
15,214,94.296,512.0275868,32388.96666,0.006702,0,0,0,1.0784,0,29.399,0,0,0,0,0,0.034432704,0.003218023,0
15,214,94.296,512.0275868,32388.96666,0.16397,0,0,0,0.14346,0,0,0,0,0,0,0,0.034432704,0.003218023,0
15,214,94.296,512.0275868,32388.96666,0,0,0,0,0,0,0.13028,0,0,0,0,0,0.034432704,0.003218023,0
15,214,94.296,512.0275868,32388.96666,9.146,0,0,0,0,0,0,0,0,0,4.5897,0,0.034432704,0.003218023,0
15,214,94.296,512.0275868,32388.96666,0.015379,0,0,0,0.041022,0,46.36,0,0,0,10.7733,0,0.034432704,0.003218023,0
15,214,94.296,512.0275868,32388.96666,0.00644,0,0,0.80704,0,0,0,0,0,0,13.1718,0,0.034432704,0.003218023,0
15,214,94.296,512.0275868,32388.96666,0.68217,0,0,0.82457,0,0,225,0,0,0,0.151728,0,0.034432704,0.003218023,0
15,214,94.296,512.0275868,32388.96666,8.933,0,0,0.011652,0,1.7614,0,0,0,0,0.271728,0,0.034432704,0.003218023,0
15,214,94.296,512.0275868,32388.96666,0.3267,0,0,0,0,0,0,0,0,0,0.68376,0,0.034432704,0.003218023,0
15,214,94.296,512.0275868,32388.96666,8.2504,0,0,0,1.7509,0,0,0,0,0,0,0,0.034432704,0.003218023,0
15,214,94.296,512.0275868,32388.96666,0.008333,0,0,0,0,0,8.0913,0,0.0059343,0,0.151728,0,0.034432704,0.003218023,0
15,214,94.296,512.0275868,32388.96666,0,0,0,0.005769,0,0,132.95,0,0,0,0.151728,0,0.034432704,0.003218023,0
15,214,94.296,512.0275868,32388.96666,0,0,0,2.4911,0.33405,0,4.7427,0,0,0,81.042,0,0.034432704,0.003218023,0
15,214,94.296,512.0275868,32388.96666,0,0,0,0,5.2021,0,0,0,0,0,0.78174,0,0.034432704,0.003218023,0
15,214,94.296,512.0275868,32388.96666,0,0,0,3.4764,4.9078,0,0,0,0,0,0,0,0.034432704,0.003218023,0
15,214,94.296,512.0275868,32388.96666,0.008333,0,0,0,8.1751,0.25711,0,0,0,0,2.64756,0,0.034432704,0.003218023,0
15,214,94.296,512.0275868,32388.96666,1.4262,0,0,0,0,0,0,0,0,0,0,0,0.034432704,0.003218023,0
15,214,94.296,512.0275868,32388.96666,0,0,0,0.12252,0,0,0,0,0,0,0.151728,0,0.034432704,0.003218023,0
15,214,94.296,512.0275868,32388.96666,0.075337,0,0,0.003539,0.006456,0,0,0,0,0,0.151728,0,0.034432704,0.003218023,0
15,214,94.296,512.0275868,32388.96666,0.052214,0,0,0,3.6586,0,0,0,0,0,0,0,0.034432704,0.003218023,0
15,214,94.296,512.0275868,32388.96666,0,0,0,0.021907,0,0,0,0,0,0,10.6818,0,0.034432704,0.003218023,0
15,214,94.296,512.0275868,32388.96666,0.000124,0,0,0,0.021906,0,0,0,0,0,0.286086,0,0.034432704,0.003218023,0
15,214,94.296,512.0275868,32388.96666,0,0,0,0,0,0.45857,0.59876,0,0,0,0,0,0.034432704,0.003218023,0
15,214,94.296,512.0275868,32388.96666,0,0,0,0,0,0,0,0,0,0,0,0,0.034432704,0.003218023,0
15,214,94.296,512.0275868,32388.96666,3.2038,0,0,0.11243,0,0.000157,13.456,0,0,0,0.151728,0,0.034432704,0.003218023,0
15,214,94.296,512.0275868,32388.96666,50.529,0,0,11.325,0,0,0.60778,0,0,0,18.819,0,0.034432704,0.003218023,0
15,214,94.296,512.0275868,32388.96666,52.722,0,0,0,0,0,0,0,0,0,0.151728,0,0.034432704,0.003218023,0
15,214,94.296,512.0275868,32388.96666,0.0072895,0,0,0,0,0,0,0,0,0,2.22174,0,0.034432704,0.003218023,0
15,214,94.296,512.0275868,32388.96666,0.000376,0,0,0,2.8291,0,0,0,0,0,0.151728,0,0.034432704,0.003218023,0
15,214,94.296,512.0275868,32388.96666,3.6358,0,0,0.01391,0,0,0,0,0,0,0,0,0.034432704,0.003218023,0
15,214,94.296,512.0275868,32388.96666,0,0,0,0,0,0,0,0.001474,0,0,37.836,0,0.034432704,0.003218023,0
15,214,94.296,512.0275868,32388.96666,0.11748,0,0,0,0,0,0,0,0,0,0.73911,0,0.034432704,0.003218023,0
15,214,94.296,512.0275868,32388.96666,0,0,0,0,0,0,0,0,0,0,0.151728,0,0.034432704,0.003218023,0
15,214,94.296,512.0275868,32388.96666,0.005239,0,0,0,0.008333,0,0,0,0.007221,0,1.65174,0,0.034432704,0.003218023,0
15,214,94.296,512.0275868,32388.96666,0.020418,0,0,0,0,0,29.229,0,0,0,0.151728,0,0.034432704,0.003218023,0
15,214,94.296,512.0275868,32388.96666,0.022279,0,0,0.0021738,0.008335,0.23142,0,0,0,0,14.0655,0,0.034432704,0.003218023,0
15,214,94.296,512.0275868,32388.96666,0.013572,0,0,0,0.21081,0,0,0,0,0,0.151728,0,0.034432704,0.003218023,0
15,214,94.296,512.0275868,32388.96666,0.14297,0,0,0,246.96,0,0,0,0,0,1.91388,0,0.034432704,0.003218023,0
15,214,94.296,512.0275868,32388.96666,0,0,0,0,0,0,0,0,0,0,0.280578,0,0.034432704,0.003218023,0
15,214,94.296,512.0275868,32388.96666,0,0,49.422,0,0,0,0.13028,0,0,0,0,0,0.034432704,0.003218023,0
15,214,94.296,512.0275868,32388.96666,0,0,0,0,14.569,0.77921,0,0,0,0,5.0757,0,0.034432704,0.003218023,0
15,214,94.296,512.0275868,32388.96666,0.023705,0,0,0,0,0,0,0,0,0,0.72228,0,0.034432704,0.003218023,0
15,214,94.296,512.0275868,32388.96666,0.007328,0,1.565,1.0692,0,0,0,0,0,0,8.6688,0,0.034432704,0.003218023,0
15,214,94.296,512.0275868,32388.96666,0,0,0,0,0.008336,0,0,0,0,0,0,0,0.034432704,0.003218023,0
15,214,94.296,512.0275868,32388.96666,0,0,0,0.46711,20.177,0,0,0,0,0,0,0,0.034432704,0.003218023,0
15,214,94.296,512.0275868,32388.96666,2.1218,0,0,0,0,0,0,0,0,0,0,0,0.034432704,0.003218023,0
15,214,94.296,512.0275868,32388.96666,0.002011,0,0,0,0,0,0,0,0,0,12.8022,0,0.034432704,0.003218023,0
15,214,94.296,512.0275868,32388.96666,0.016058,0,0,0,0.008335,0,0,0,0,0,3.3018,0,0.034432704,0.003218023,0
15,214,94.296,512.0275868,32388.96666,7.5139,0,0,0,0,0,0.13028,0,0,0,0.151728,0,0.034432704,0.003218023,0
15,214,94.296,512.0275868,32388.96666,2.2987,0,0,0,0.000124,0,0,0,0,0,0.151728,0,0.034432704,0.003218023,0
15,214,94.296,512.0275868,32388.96666,0,0,0,0.062249,0,0.051019,0,0,0,0,4.5105,0,0.034432704,0.003218023,0
15,214,94.296,512.0275868,32388.96666,0,0,0.002868,0.000739,0,0,0,0,0,0,5.2875,0,0.034432704,0.003218023,0
15,214,94.296,512.0275868,32388.96666,0,0,0,0.033648,0,78.459,0,0,15.763,0,34.872,0,0.034432704,0.003218023,0
15,214,94.296,512.0275868,32388.96666,0.00524,0,0,0,0,0,0,0,0,0,0.151728,0,0.034432704,0.003218023,0
15,214,94.296,512.0275868,32388.96666,0,0,0,0,7.2444,0,0,0,0,0,0,0,0.034432704,0.003218023,0
15,214,94.296,512.0275868,32388.96666,0.062652,0,0,0,0,0,0,0,0,0,1.72038,0,0.034432704,0.003218023,0
15,214,94.296,512.0275868,32388.96666,0.021605,0,0,0.008321,0,0,0,0,0,0,0.151728,0,0.034432704,0.003218023,0
15,214,94.296,512.0275868,32388.96666,0.008335,0,0,0,0.23265,0,0,0,0,0,13.1718,0,0.034432704,0.003218023,0
15,214,94.296,512.0275868,32388.96666,0.0062156,0,0,0.58718,0,0,0,0,0,0,1.88184,0,0.034432704,0.003218023,0
15,214,94.296,512.0275868,32388.96666,0,0,0,0,0.93395,0.006508,0,0,0,0,0,0,0.034432704,0.003218023,0
15,214,94.296,512.0275868,32388.96666,0.019714,0,0,0,0,0,0.021726,4.4555,0,0,34.746,0,0.034432704,0.003218023,0
15,214,94.296,512.0275868,32388.96666,0,0,0.000063,0,0,0,0,0,0,0,4.5897,0,0.034432704,0.003218023,0
15,214,94.296,512.0275868,32388.96666,0.007353,0,0,0,7.2444,0,0,0,0,0,0,0,0.034432704,0.003218023,0
15,214,94.296,512.0275868,32388.96666,0.013012,0,0,0,0,0,0,0,0,0,0.151728,0,0.034432704,0.003218023,0
15,214,94.296,512.0275868,32388.96666,0,0,0,12.981,0,0,0,0,0,0,5.5146,0,0.034432704,0.003218023,0
15,214,94.296,512.0275868,32388.96666,0.0088108,0,0,0,0.008333,0,0,0,0,0,0.151728,0,0.034432704,0.003218023,0
15,214,94.296,512.0275868,32388.96666,0.001436,0,0,223.54,0,0,0,13.209,0,0,0.273372,0,0.034432704,0.003218023,0
15,214,94.296,512.0275868,32388.96666,0.000688,0,0,0,0,0,19.664,0,0,0,0,0,0.034432704,0.003218023,0
15,214,94.296,512.0275868,32388.96666,0.008333,0,0,0,0,0,0,0,0,0,0.151728,0,0.034432704,0.003218023,0
15,214,94.296,512.0275868,32388.96666,0.005769,0,0,29.05,0.00014,2.6216,0.13028,0,0,0,0.151728,0,0.034432704,0.003218023,0
15,214,94.296,512.0275868,32388.96666,0.026038,0,0.81432,0,0,0,0,0,0,0,0,0,0.034432704,0.003218023,0
15,214,94.296,512.0275868,32388.96666,0.045123,0,0,0.001326,0.4786,0,0,0,0,0,0.276939,0,0.034432704,0.003218023,0
15,214,94.296,512.0275868,32388.96666,0,0,0,0,0.00524,0,0.13028,0,0,0,0,0,0.034432704,0.003218023,0
15,214,94.296,512.0275868,32388.96666,0,0,0.001669,0.02891,0.021906,0,0.13028,0,0,0,107.403,0,0.034432704,0.003218023,0
15,214,94.296,512.0275868,32388.96666,0.015333,0,0,4.3441,0,0,0,0,0,0,8.9418,0,0.034432704,0.003218023,0
15,214,94.296,512.0275868,32388.96666,0.00043,0,0,0,2.5837,0,0,0,0,0,0,0,0.034432704,0.003218023,0
15,214,94.296,512.0275868,32388.96666,0.19126,0,0,0.00043,0.025169,0,0,0,0,0,0.151728,0,0.034432704,0.003218023,0
15,214,94.296,512.0275868,32388.96666,0.063798,0,0,0.17235,0,0,0,0,0,0,0,0,0.034432704,0.003218023,0
15,214,94.296,512.0275868,32388.96666,0,0,0,0,0,0,0,0,0,0,0.151728,0,0.034432704,0.003218023,0
15,214,94.296,512.0275868,32388.96666,0.005239,0,0,0,3.5225,0,207.8,0,0,0,0,0,0.034432704,0.003218023,0
15,214,94.296,512.0275868,32388.96666,0.13074,0,0,0.0076281,5.6507,0,0.42744,0,0,0,56.145,0,0.034432704,0.003218023,0
15,214,94.296,512.0275868,32388.96666,0.000251,0,0,0,3.969,0,0,0,0,0,5.6418,0,0.034432704,0.003218023,0
15,214,94.296,512.0275868,32388.96666,0,0,0,0.00387,0,0,0,0,0,0,0.273018,0,0.034432704,0.003218023,0
15,214,94.296,512.0275868,32388.96666,0.008333,0,0,0,0,0,0,0,0,0,1.47333,0,0.034432704,0.003218023,0
15,214,94.296,512.0275868,32388.96666,51.143,0,0,0,0,0,0,0,0,0,0.151728,0,0.034432704,0.003218023,0
15,214,94.296,512.0275868,32388.96666,0.008333,0,0,0.001677,0,0,0,0,0,0,1.05978,0,0.034432704,0.003218023,0
15,214,94.296,512.0275868,32388.96666,0.00524,0,0,0,2.4885,0,0,0,0,0,10.6086,0,0.034432704,0.003218023,0
15,214,94.296,512.0275868,32388.96666,0.0021738,0,0,0.20517,0.008333,0,0,0,0,0,4.5105,0,0.034432704,0.003218023,0
15,214,94.296,512.0275868,32388.96666,0,0,0,0,4.9078,0,0,0,0,0,0.151728,0,0.034432704,0.003218023,0
15,214,94.296,512.0275868,32388.96666,0,0,0,46.554,0,0,0,0,0,0,0.151728,0,0.034432704,0.003218023,0
15,214,94.296,512.0275868,32388.96666,1.2894,0,0,0,1.5408,0,0,0,0,0,11.1597,0,0.034432704,0.003218023,0
15,214,94.296,512.0275868,32388.96666,0,0,0,0,0.001326,0,0,0,0,0,0,0,0.034432704,0.003218023,0
15,214,94.296,512.0275868,32388.96666,6.7661,0,0,0,0,0,0,0,0,0,16.0194,0,0.034432704,0.003218023,0
15,214,94.296,512.0275868,32388.96666,0,0,0,0,0.010107,0,0,0,0,0,0.151728,0,0.034432704,0.003218023,0
15,214,94.296,512.0275868,32388.96666,0.002031,0,0,0,0.008335,0.79321,0,0,0,0,0,0,0.034432704,0.003218023,0
15,214,94.296,512.0275868,32388.96666,0.71313,0,0,0.0088426,0.065813,0,0,0,0,0,0.151728,0,0.034432704,0.003218023,0
15,214,94.296,512.0275868,32388.96666,0.0059107,0,0,0.013455,0,0.000138,0,0,0,0,0.181728,0,0.034432704,0.003218023,0
15,214,94.296,512.0275868,32388.96666,0.00524,0,0,0,0.001493,0,0,0,0,0,0.151728,0,0.034432704,0.003218023,0
15,214,94.296,512.0275868,32388.96666,0,0,0,0,0,0,0,0,0,0,0,0,0.034432704,0.003218023,0
15,214,94.296,512.0275868,32388.96666,6.8272,0,0,0,0.14346,0,0,0,0,0,0,0,0.034432704,0.003218023,0
15,214,94.296,512.0275868,32388.96666,0,0,220.32,2.8607,0.00524,0,0,0,0,0,0.151728,0,0.034432704,0.003218023,0
15,214,94.296,512.0275868,32388.96666,0.008335,0,0,0,0.059735,0,0,0,0,0,0.28509,0,0.034432704,0.003218023,0
15,214,94.296,512.0275868,32388.96666,0,0,0,0.003821,0,0,0,0,0,0,1.62018,0,0.034432704,0.003218023,0
15,214,94.296,512.0275868,32388.96666,0.1613,0,0,0,4.3986,0,0,0,0,0,15.8232,0,0.034432704,0.003218023,0
15,214,94.296,512.0275868,32388.96666,0,0,0,0.008333,0.014119,0,0,0,0,0,0.151728,0,0.034432704,0.003218023,0
15,214,94.296,512.0275868,32388.96666,0.002011,0,0,0.18602,0,0,0,0,0,0,19.2864,0,0.034432704,0.003218023,0
15,214,94.296,512.0275868,32388.96666,0,0,0,0,3.5933,0,0,0,0,0,42.996,0,0.034432704,0.003218023,0
15,214,94.296,512.0275868,32388.96666,0.17481,0,0,0,0,0,0,0,0,0,22.6218,0,0.034432704,0.003218023,0
15,214,94.296,512.0275868,32388.96666,0,0,0,0,0,0,0,0,0,0,97.974,0,0.034432704,0.003218023,0
15,214,94.296,512.0275868,32388.96666,0.005979,0,0,0.005769,0,2.0371,0,0,0,0,0.151728,0,0.034432704,0.003218023,0
15,214,94.296,512.0275868,32388.96666,0,0,0,0,0.007328,0,0,0,0,0,0,0,0.034432704,0.003218023,0
15,214,94.296,512.0275868,32388.96666,0.008333,0,0,0,0,0.78238,0,0,0,0,14.0655,0,0.034432704,0.003218023,0
15,214,94.296,512.0275868,32388.96666,0,0,13.803,0,0,0,0,0,0,0,0.151728,0,0.034432704,0.003218023,0
15,214,94.296,512.0275868,32388.96666,0,0,0,0.000739,0.32888,16.163,0,1.0349,0,0,1.26477,0,0.034432704,0.003218023,0
15,214,94.296,512.0275868,32388.96666,2.5794,0,0,0,0.001669,0,0,0,0,0,14.4696,0,0.034432704,0.003218023,0
15,214,94.296,512.0275868,32388.96666,0.008333,0,0,0,0,0,0,0,0,0,0.70503,0,0.034432704,0.003218023,0
15,214,94.296,512.0275868,32388.96666,0,0,0,0,8.3856,0,0,0,0,0,18.9018,0,0.034432704,0.003218023,0
15,214,94.296,512.0275868,32388.96666,0,0,1.5932,0,0,0,0,0,0,0,0.151728,0,0.034432704,0.003218023,0
15,214,94.296,512.0275868,32388.96666,0.027357,0,0,0,0,0,0,0,0,0,5.787,0,0.034432704,0.003218023,0
15,214,94.296,512.0275868,32388.96666,0,0,0,0.19366,0,0.023853,0,0,0,0,0.151728,0,0.034432704,0.003218023,0
15,214,94.296,512.0275868,32388.96666,0.008333,0,0,0.002031,0,0,0,0,0,0,0.44541,0,0.034432704,0.003218023,0
15,214,94.296,512.0275868,32388.96666,36.159,0,0,5.8999,0.010507,0,0,0,0,0,11.682,0,0.034432704,0.003218023,0
15,214,94.296,512.0275868,32388.96666,0.00644,0,0,0,0,0,0,0,0,0,4.6158,0,0.034432704,0.003218023,0
15,214,94.296,512.0275868,32388.96666,0,0,0,123.21,0,0,0,0,0,0,0.151728,0,0.034432704,0.003218023,0
15,214,94.296,512.0275868,32388.96666,2.2256,0,0,0.007697,0.028193,0.78445,0.10863,0,0,0,0.151728,0,0.034432704,0.003218023,0
15,214,94.296,512.0275868,32388.96666,0.0059107,0,0,0,11.928,0,0,0,0,0,0.151728,0,0.034432704,0.003218023,0
15,214,94.296,512.0275868,32388.96666,0.01061,0,0,0,0.007148,0,0,0,0,0,0,0,0.034432704,0.003218023,0
15,214,94.296,512.0275868,32388.96666,0,0,0,0,0,0,0.13028,0,0,0,0.280587,0,0.034432704,0.003218023,0
15,214,94.296,512.0275868,32388.96666,0.008333,0,0,0,0.016895,0,0,0,0,0,4.1568,0,0.034432704,0.003218023,0
15,214,94.296,512.0275868,32388.96666,0,0,0,0.0059107,0.00524,0,18.805,0,0,0,0,0,0.034432704,0.003218023,0
15,214,94.296,512.0275868,32388.96666,0.060379,0,0,0.010105,0,0,0,0,0,0,0.151728,0,0.034432704,0.003218023,0
16,215,5.798,1099.208254,69531.83857,0,0,0,0,0,0,0.67845,0,0,0,30.786,2.473634728,0.076063541,0.007108771,0
16,215,5.798,1099.208254,69531.83857,0.00524,0,0,0,1.6408,0,0,0,0,0,0,0.757177028,0.076063541,0.007108771,0
16,215,5.798,1099.208254,69531.83857,0.008333,0,0,0,0.00062,0.7814,0,0,0,0,0.84174,14.97902997,0.076063541,0.007108771,0
16,215,5.798,1099.208254,69531.83857,0,0,0,0.008335,0,0,45.114,0,0,0,0.151728,459.9889457,0.076063541,0.007108771,0
16,215,5.798,1099.208254,69531.83857,0.0055799,0,0,8.5618,1.7912,0,0,0,0,0,116.517,10.8444667,0.076063541,0.007108771,0
16,215,5.798,1099.208254,69531.83857,2.0814,0,0,0,0,0,0,0,0,0,2.76954,8.153142895,0.076063541,0.007108771,0
16,215,5.798,1099.208254,69531.83857,0.005372,0,0,0,0,0,0,0,0,0,13.494,17.06991896,0.076063541,0.007108771,0
16,215,5.798,1099.208254,69531.83857,0,0,0.8293,0.013024,5.7523,0,36.808,0,0,0,0,7.61406159,0.076063541,0.007108771,0
16,215,5.798,1099.208254,69531.83857,2.1473,0,0,3.4764,68.77,0,0.40452,0,0,0,12.8454,1.740043236,0.076063541,0.007108771,0
16,215,5.798,1099.208254,69531.83857,0.009056,0,0,0,0,0,0,0,0,0,0.65616,2.473634728,0.076063541,0.007108771,0
16,215,5.798,1099.208254,69531.83857,13.81,0,0,0,0.33405,0,0,0,0,0,0,3.50611189,0.076063541,0.007108771,0
16,215,5.798,1099.208254,69531.83857,0,0,0,0.14311,0,1.112,0,0,0,0,0.151728,2.473634728,0.076063541,0.007108771,0
16,215,5.798,1099.208254,69531.83857,0,0,0,0,0,0,41.34,0,0,0,2.23266,14.97902997,0.076063541,0.007108771,0
16,215,5.798,1099.208254,69531.83857,0.018322,0,0,0,0.00524,3.8342,0,0,0,0,198.615,0.677067536,0.076063541,0.007108771,0
16,215,5.798,1099.208254,69531.83857,0,0,0,43.946,0,0,0.13028,0,0,0,0,6.438851272,0.076063541,0.007108771,0
16,215,5.798,1099.208254,69531.83857,0,0,0,4.6787,0,0,0,0,0,0,0.241728,83.74352198,0.076063541,0.007108771,0
16,215,5.798,1099.208254,69531.83857,0,0,0,0.022218,8.0698,0,0,0,0,0,0.151728,6.438851272,0.076063541,0.007108771,0
16,215,5.798,1099.208254,69531.83857,0,0,0,0,0,0,0,0,0,0,2.34936,3.50611189,0.076063541,0.007108771,0
16,215,5.798,1099.208254,69531.83857,0.40788,0,0,0,0.008333,0,0,0,0,0,0,0.51278208,0.076063541,0.007108771,0
16,215,5.798,1099.208254,69531.83857,0,0,0,0,0,0.79321,4.3529,0,0,0,0.271128,7.432290306,0.076063541,0.007108771,0
16,215,5.798,1099.208254,69531.83857,0,0,0,0,0,0.78754,0,0,0,0,0,19.71922933,0.076063541,0.007108771,0
16,215,5.798,1099.208254,69531.83857,6.7661,0,0,208.31,0,0,0,0,0,0,9.6318,3.933904712,0.076063541,0.007108771,0
16,215,5.798,1099.208254,69531.83857,0.002508,0,0,0,0.0094528,0.79079,0,0,0,0,69.483,3.539348854,0.076063541,0.007108771,0
16,215,5.798,1099.208254,69531.83857,0.050392,0,0,5.5669,0.042129,0,0,0,0,0,0.151728,57.83043216,0.076063541,0.007108771,0
16,215,5.798,1099.208254,69531.83857,0,0,0,0.014602,0,0,0,0,0,0,0,5.924849251,0.076063541,0.007108771,0
16,215,5.798,1099.208254,69531.83857,0.0056959,0,0,0,0,1.944,0,0,0,0,0,5.924849251,0.076063541,0.007108771,0
16,215,5.798,1099.208254,69531.83857,0.008333,0,0.00062,0,0.025169,0,0,0,0,0,1.57404,8.643285575,0.076063541,0.007108771,0
16,215,5.798,1099.208254,69531.83857,0,0,0,0,0,0,0,0,0,0,0.151728,3.37110503,0.076063541,0.007108771,0
16,215,5.798,1099.208254,69531.83857,0,0,0,6.2716,0.014258,0,0,0,0,0,0,1.753869239,0.076063541,0.007108771,0
16,215,5.798,1099.208254,69531.83857,0.1789,0,0.015232,0.007148,0,0,0,0,0,0,43.863,3.27635624,0.076063541,0.007108771,0
16,215,5.798,1099.208254,69531.83857,0.00524,0,0,0,0.00524,0,0,0,0,0,9.6318,0.496109546,0.076063541,0.007108771,0
16,215,5.798,1099.208254,69531.83857,0.00644,0,0,0.0055291,0.007148,0,0,0,0,0,9.6318,19.16080795,0.076063541,0.007108771,0
16,215,5.798,1099.208254,69531.83857,0.015379,0,1.3736,0,0,0,0,0,0,0,14.5008,0.506275725,0.076063541,0.007108771,0
16,215,5.798,1099.208254,69531.83857,0,0,0,0,0,0,0.67053,0,0,0,0.151728,1.082901411,0.076063541,0.007108771,0
16,215,5.798,1099.208254,69531.83857,0,0,0,0,76.072,0,0,0,0,0,4.5897,1.629841853,0.076063541,0.007108771,0
16,215,5.798,1099.208254,69531.83857,0,0,0,0,0,0,0,0,0,0,0.45174,1.611949377,0.076063541,0.007108771,0
16,215,5.798,1099.208254,69531.83857,0.008333,0,0,0,0.0094528,0,0,0,0,0,2.94174,126.2789109,0.076063541,0.007108771,0
16,215,5.798,1099.208254,69531.83857,0,0,0,1.4572,0,0,0.93424,0,0,0,0,1.953939646,0.076063541,0.007108771,0
16,215,5.798,1099.208254,69531.83857,0.0094528,0,0,0.0029965,0,0,0,0,0,0,0,459.9889457,0.076063541,0.007108771,0
16,215,5.798,1099.208254,69531.83857,4.3384,0,0,3.4764,0,4.3866,0,0,0,0,8.5644,3.37110503,0.076063541,0.007108771,0
16,215,5.798,1099.208254,69531.83857,0.35231,0,0.060653,0,0,0,0.13028,0,0,0,0.151728,7.61406159,0.076063541,0.007108771,0
16,215,5.798,1099.208254,69531.83857,0,0,0,0.18602,0,0,0,0,0,0,0.151728,8.563989377,0.076063541,0.007108771,0
16,215,5.798,1099.208254,69531.83857,0.15083,0,0.22384,0,2.8291,0,0,0,0,0,19.7118,1.740043236,0.076063541,0.007108771,0
16,215,5.798,1099.208254,69531.83857,0,0,0,0.01836,0,0,0,0,0,0,0,1.600969904,0.076063541,0.007108771,0
16,215,5.798,1099.208254,69531.83857,0.007835,0,0,0.017468,1.1453,0.49503,0,0,0,0,13.5936,3.50611189,0.076063541,0.007108771,0
16,215,5.798,1099.208254,69531.83857,0.0088108,0,0,0,0,0,0,0,0,0,3.8823,1.753869239,0.076063541,0.007108771,0
16,215,5.798,1099.208254,69531.83857,0.003485,0,0,10.612,0.12099,1.1314,0,0,0,0,0.151728,3.37110503,0.076063541,0.007108771,0
16,215,5.798,1099.208254,69531.83857,0.28712,0,0,0,11.167,0,0,0,0,0,7.6818,8.643285575,0.076063541,0.007108771,0
16,215,5.798,1099.208254,69531.83857,0.51774,0,0,4.4534,0.019681,0.79321,0,0,0,0,0,13.58857149,0.076063541,0.007108771,0
16,215,5.798,1099.208254,69531.83857,0.013573,0,0,0.00524,58.159,0,23.156,0,0,0,0.151728,3.539348854,0.076063541,0.007108771,0
16,215,5.798,1099.208254,69531.83857,0.008333,0,0,0.007328,0,0,0,0,0,0,2.06073,1.480602342,0.076063541,0.007108771,0
16,215,5.798,1099.208254,69531.83857,0,0,0,0.008333,0.025169,0,0,0,0,0,0,1.629841853,0.076063541,0.007108771,0
16,215,5.798,1099.208254,69531.83857,0.007353,0,0,0,0.00524,0,0,0,0,0,12.4689,0.308645201,0.076063541,0.007108771,0
16,215,5.798,1099.208254,69531.83857,0.007328,0,0.20937,0.67703,0.013036,0,0,0,0,0,3.6918,6.509873784,0.076063541,0.007108771,0
16,215,5.798,1099.208254,69531.83857,0.00524,0,0,6.9518,0,0,0,0,0,0,0,10.8444667,0.076063541,0.007108771,0
16,215,5.798,1099.208254,69531.83857,0.008333,0,0.0021738,0.0027505,3.1081,0,0,0,0,0,0,4.044970118,0.076063541,0.007108771,0
16,215,5.798,1099.208254,69531.83857,0,0,0,0,0.90312,0,0.13028,0,0,0,0,2.473634728,0.076063541,0.007108771,0
16,215,5.798,1099.208254,69531.83857,0.00524,0,0,0.002031,0,0,21.569,0,0,0,0,1.629841853,0.076063541,0.007108771,0
16,215,5.798,1099.208254,69531.83857,0,0,0,0.0056478,0,0,225,0,0,0,0.72228,1.788434249,0.076063541,0.007108771,0
16,215,5.798,1099.208254,69531.83857,0.051828,0,0,0.00043,14.856,0,0,0,0,0,0.151728,3.539348854,0.076063541,0.007108771,0
16,215,5.798,1099.208254,69531.83857,0.10527,0,0,0,0,0.00524,0,0,0,0,0,0.506275725,0.076063541,0.007108771,0
16,215,5.798,1099.208254,69531.83857,0,0,0,0,0.007102,0,0,0,0,0,0,2.550491043,0.076063541,0.007108771,0
16,215,5.798,1099.208254,69531.83857,0.00644,0,0,0,0,0.40336,0.13028,0,0,0,0,34.6982593,0.076063541,0.007108771,0
16,215,5.798,1099.208254,69531.83857,0,0,0,0,0,0,0,0,0,0,0.151728,0.51278208,0.076063541,0.007108771,0
16,215,5.798,1099.208254,69531.83857,5.8431,0,0,0.005239,0.008332,0,0,0,0,0,73.296,4.165922286,0.076063541,0.007108771,0
16,215,5.798,1099.208254,69531.83857,3.619,0,0,0,0.008335,0.78099,0,0,0,0,0.181728,1.480602342,0.076063541,0.007108771,0
16,215,5.798,1099.208254,69531.83857,0.000251,0,0,0.008336,0,0,0,0,0,0,7.6818,4.862686845,0.076063541,0.007108771,0
16,215,5.798,1099.208254,69531.83857,0.0055799,0,0,0,0,0,1.5219,0,0,0,0.181728,3.933904712,0.076063541,0.007108771,0
16,215,5.798,1099.208254,69531.83857,0.010479,0,0,0.1075,0.21081,0,71.996,6.5421,0,0,0.151728,3.50611189,0.076063541,0.007108771,0
16,215,5.798,1099.208254,69531.83857,0,0,0,0,0,0,0,0,0,0,1.62048,6.438851272,0.076063541,0.007108771,0
16,215,5.798,1099.208254,69531.83857,0.27365,0,0,1.788,0.008335,0,0,0,0,0,5.2239,1.458846718,0.076063541,0.007108771,0
16,215,5.798,1099.208254,69531.83857,0,0,0,0,0,0,0,0,0,0,0.151728,8.563989377,0.076063541,0.007108771,0
16,215,5.798,1099.208254,69531.83857,0.27066,0,0,0,0,0,0.059897,0,0,0,3.9402,1.740043236,0.076063541,0.007108771,0
16,215,5.798,1099.208254,69531.83857,0,0,0,0,0,0.79323,0.67845,0,0,0,121.068,0.403800639,0.076063541,0.007108771,0
16,215,5.798,1099.208254,69531.83857,0.00524,0,0,0.011201,0.001493,0,0,0,0,0,0,5.924849251,0.076063541,0.007108771,0
16,215,5.798,1099.208254,69531.83857,0.00524,0,0,0.008333,9.5619,0,0,0.30203,0,0,5.1447,3.37110503,0.076063541,0.007108771,0
16,215,5.798,1099.208254,69531.83857,0,0,0,5.5669,0.00524,0.79307,0.67845,0,0,0,0.151728,6.438851272,0.076063541,0.007108771,0
16,215,5.798,1099.208254,69531.83857,0.005372,0,0,0.19366,0.01359,0,0,0,0,0,0,6.438851272,0.076063541,0.007108771,0
16,215,5.798,1099.208254,69531.83857,0.00524,0,0,0,0,0,0,0,0,0,0.151728,4.286874454,0.076063541,0.007108771,0
16,215,5.798,1099.208254,69531.83857,0.000251,0,0,0,0.002055,0,28.471,0,0,0,16.3047,7.432290306,0.076063541,0.007108771,0
16,215,5.798,1099.208254,69531.83857,0.17094,0,0,0,0.013973,0,0,0,0,0,0.151728,0.163878809,0.076063541,0.007108771,0
16,215,5.798,1099.208254,69531.83857,0,0,0,0.53462,0,0,0,0,0,0,5.0406,1.082901411,0.076063541,0.007108771,0
16,215,5.798,1099.208254,69531.83857,0.028169,0,0,0,0,0,0,0,0,0,15.7923,6.438851272,0.076063541,0.007108771,0
16,215,5.798,1099.208254,69531.83857,0,0,0,0,0.007102,0,14.489,0,0,0,34.746,41.65055169,0.076063541,0.007108771,0
16,215,5.798,1099.208254,69531.83857,0.14297,0,0,0,0.008133,0,0,0,0,0,22.7118,3.933904712,0.076063541,0.007108771,0
16,215,5.798,1099.208254,69531.83857,0,0,0,0,0.01048,0,0,0,0.008332,0,0,3.933904712,0.076063541,0.007108771,0
16,215,5.798,1099.208254,69531.83857,0,0,0,0,0.008333,0,0.021726,0,0,0,0.6021,1.926287639,0.076063541,0.007108771,0
16,215,5.798,1099.208254,69531.83857,0.21588,0,0,0,0.008333,0,0,0,0,0,24.5118,41.65055169,0.076063541,0.007108771,0
16,215,5.798,1099.208254,69531.83857,0.018235,0,0,0.0093259,0.4786,0.79321,0,0,0,0,10.4865,6.509873784,0.076063541,0.007108771,0
16,215,5.798,1099.208254,69531.83857,0.0055384,0,0,0.008333,2.439,0,0,0,0,0,61.47,1.788434249,0.076063541,0.007108771,0
16,215,5.798,1099.208254,69531.83857,0,0,0,1.0312,0,0,10.349,0,0,0,0.151728,2.550491043,0.076063541,0.007108771,0
16,215,5.798,1099.208254,69531.83857,0.22048,0,0,0,0,0,0,0,0,0,5.2875,1.953939646,0.076063541,0.007108771,0
16,215,5.798,1099.208254,69531.83857,0.002011,0,0,0,0,0,0,0,0,0,0.270372,0.677067536,0.076063541,0.007108771,0
16,215,5.798,1099.208254,69531.83857,28.979,0,0,0,4.6346,0,0,0,0,0,0,0.506275725,0.076063541,0.007108771,0
16,215,5.798,1099.208254,69531.83857,0.41786,0,0,0,0,0,65.662,0,0,0,0.151728,4.044970118,0.076063541,0.007108771,0
16,215,5.798,1099.208254,69531.83857,6.8104,0,0,0,0,0,0,0,0,0,0.88596,4.791523591,0.076063541,0.007108771,0
16,215,5.798,1099.208254,69531.83857,0,0,0.54712,0,0,838,171.91,0,0,0,0.151728,34.6982593,0.076063541,0.007108771,0
16,215,5.798,1099.208254,69531.83857,0,0,0,0,0,0,0,0,0,0,0,3.27635624,0.076063541,0.007108771,0
16,215,5.798,1099.208254,69531.83857,0.00524,0,0,0,0,0.000273,0,0,0,0,0.204657,0.677067536,0.076063541,0.007108771,0
16,215,5.798,1099.208254,69531.83857,0.19126,0,0,7.1341,0.0033865,0,0,0,0,0,0,1.600969904,0.076063541,0.007108771,0
16,215,5.798,1099.208254,69531.83857,0,0,0,0,0,0,0,0,0,0,2.01174,9.094257285,0.076063541,0.007108771,0
16,215,5.798,1099.208254,69531.83857,2.9666,0,0,0,0,0.78033,0,0,0,0,176.907,4.044970118,0.076063541,0.007108771,0
16,215,5.798,1099.208254,69531.83857,2.1218,0,0,0,0,0,0,0,0,0,0,6.438851272,0.076063541,0.007108771,0
16,215,5.798,1099.208254,69531.83857,43.582,0,0,0,0,0,0,0,0,0,0,20.03672595,0.076063541,0.007108771,0
16,215,5.798,1099.208254,69531.83857,0,0,0,0,0,0,0,0,0,0,0.151728,4.791523591,0.076063541,0.007108771,0
16,215,5.798,1099.208254,69531.83857,0.016858,0,0,0.005769,0,0,0,0,0,0,0,20.03672595,0.076063541,0.007108771,0
16,215,5.798,1099.208254,69531.83857,0.035255,0,0,2.7308,0,0,0,0,0,0,18.7944,9.094257285,0.076063541,0.007108771,0
16,215,5.798,1099.208254,69531.83857,0,0,0,0,0,0,0,0,0,0,0,10.8444667,0.076063541,0.007108771,0
16,215,5.798,1099.208254,69531.83857,0.010364,0,0,0,0,0,0,0,0,0,0.151728,4.748825638,0.076063541,0.007108771,0
16,215,5.798,1099.208254,69531.83857,0,0,0,0,0,0,0,0.27964,0,0,0.151728,1.788434249,0.076063541,0.007108771,0
16,215,5.798,1099.208254,69531.83857,0.000251,0,0,0,0,0,0,0,0,0,3.1572,27.05073767,0.076063541,0.007108771,0
16,215,5.798,1099.208254,69531.83857,0.016058,0,0,0,0.031711,0,0,0,0,0,0.278532,5.924849251,0.076063541,0.007108771,0
16,215,5.798,1099.208254,69531.83857,0,0,0,0,7.0738,0,0,0,0.00524,0,0.151728,3.27635624,0.076063541,0.007108771,0
16,215,5.798,1099.208254,69531.83857,0.060379,0,0,0,0,0,0,0,0,0,0.70341,3.370698383,0.076063541,0.007108771,0
16,215,5.798,1099.208254,69531.83857,0,0,0,0,0,0.008333,0,0,0,0,2.64756,7.61406159,0.076063541,0.007108771,0
16,215,5.798,1099.208254,69531.83857,2.1473,0,0,2.0429,0,0,0,0,0,0,0.276924,1.788434249,0.076063541,0.007108771,0
16,215,5.798,1099.208254,69531.83857,0.67038,0,0,0,0,0,0,0,0,0,8.5434,34.6982593,0.076063541,0.007108771,0
16,215,5.798,1099.208254,69531.83857,25.253,0,0,0,0,0.0003,0,0,0,0,7.3257,81.9106449,0.076063541,0.007108771,0
16,215,5.798,1099.208254,69531.83857,0,0,0,0,0.008333,0,0,0,0,0,0.273324,107.1285055,0.076063541,0.007108771,0
16,215,5.798,1099.208254,69531.83857,0.005239,0,0,2.9167,1.8144,0,0,0,0,0,0,7.61406159,0.076063541,0.007108771,0
16,215,5.798,1099.208254,69531.83857,0,0,0,0,0,0,0,0,0,0,7.3257,3.294248715,0.076063541,0.007108771,0
16,215,5.798,1099.208254,69531.83857,0,0,0,0,0,0,14.079,0,0,0,0.151728,3.933904712,0.076063541,0.007108771,0
16,215,5.798,1099.208254,69531.83857,0.007328,0,0,10.418,0,0,0,0,0,0,0,19.71922933,0.076063541,0.007108771,0
16,215,5.798,1099.208254,69531.83857,2.6123,0,0,0,0.000078,1.0289,0,0,0,0,36.924,1.753869239,0.076063541,0.007108771,0
16,215,5.798,1099.208254,69531.83857,0.44516,0,0,3.7171,0,0,0,0,0,0,1.09155,3.50611189,0.076063541,0.007108771,0
16,215,5.798,1099.208254,69531.83857,0,0,0,0,6.2437,0,0,0,0,0,0.151728,3.37110503,0.076063541,0.007108771,0
16,215,5.798,1099.208254,69531.83857,0,0,0,0.10345,0.041022,0,0,0,0,0,1.17966,1.437091095,0.076063541,0.007108771,0
16,215,5.798,1099.208254,69531.83857,0.00036,0,0,0,0,3.4338,0,0,0,0,0.151728,0.677067536,0.076063541,0.007108771,0
16,215,5.798,1099.208254,69531.83857,0,0,0,0,0,0,0,0,0,0,0.151728,2.473634728,0.076063541,0.007108771,0
16,215,5.798,1099.208254,69531.83857,28.979,0,0,21.209,0,0,0,0,0,0,0,2.626534064,0.076063541,0.007108771,0
16,215,5.798,1099.208254,69531.83857,0.20435,0,0,0,0,1.2403,0,0,0,0,0.283572,1.600969904,0.076063541,0.007108771,0
16,215,5.798,1099.208254,69531.83857,5.8431,0,0,0,0.008333,0,0.008333,0,0,0,2.94174,0.496109546,0.076063541,0.007108771,0
16,215,5.798,1099.208254,69531.83857,0.00524,0,0,0.14897,0.074576,0,0,0,0,0,0.77829,3.933904712,0.076063541,0.007108771,0
16,215,5.798,1099.208254,69531.83857,0.008333,0,0.8003,10.744,0,0,0,0,0,0,0,10.8444667,0.076063541,0.007108771,0
16,215,5.798,1099.208254,69531.83857,1.8115,0,0,0.0056478,5.6507,0,0,0,0,0,0.278529,3.37110503,0.076063541,0.007108771,0
16,215,5.798,1099.208254,69531.83857,0.0088426,0,0,0,0.074576,0,0,0,0,0,2.22174,4.791523591,0.076063541,0.007108771,0
16,215,5.798,1099.208254,69531.83857,5.8431,0,0,0,0,0,0,0,0,0,41.634,2.742428507,0.076063541,0.007108771,0
16,215,5.798,1099.208254,69531.83857,8.3439,0,0,0,1.7509,0,0,0,0,0,18.1353,5.924849251,0.076063541,0.007108771,0
16,215,5.798,1099.208254,69531.83857,0,0,0,0.016337,0,0.032076,0,0,0,0,34.746,2.742428507,0.076063541,0.007108771,0
16,215,5.798,1099.208254,69531.83857,0.000081,0,0,0,0.007697,0,0,0,0,0,0,4.044970118,0.076063541,0.007108771,0
16,215,5.798,1099.208254,69531.83857,0,0,0,0.0094528,0,0,0,0,0,0,0,1.629841853,0.076063541,0.007108771,0
16,215,5.798,1099.208254,69531.83857,49.592,0,0.005397,0,0,0,0,0,0,0,0.151728,0.506275725,0.076063541,0.007108771,0
16,215,5.798,1099.208254,69531.83857,872.97,0,0,0,0.13092,0.50544,0,0,0,0,0.287505,6.438851272,0.076063541,0.007108771,0
16,215,5.798,1099.208254,69531.83857,24.337,0,0,0,0,0,11.56,0,0,0,2.05122,6.85281809,0.076063541,0.007108771,0
16,215,5.798,1099.208254,69531.83857,0.030381,0,0,0,0,0,0,0,0,0,6.561,6.509873784,0.076063541,0.007108771,0
16,215,5.798,1099.208254,69531.83857,0.018338,0,0,0.000172,0,0,0,0,0,0,151.038,3.539348854,0.076063541,0.007108771,0
16,215,5.798,1099.208254,69531.83857,2.9666,0,0,0,4.2216,0,0,0,0,0,0.151728,0.533114438,0.076063541,0.007108771,0
16,215,5.798,1099.208254,69531.83857,4.4514,0,0,0.27563,0,0,0,0,0,0,0.151728,1.611949377,0.076063541,0.007108771,0
16,215,5.798,1099.208254,69531.83857,0.013573,0,0,3.4764,0,0.026763,0,0,0,0,3.8823,2.550491043,0.076063541,0.007108771,0
16,215,5.798,1099.208254,69531.83857,0.060379,0,0,0,0.17103,4.3866,0,0,0,0,0,27.05073767,0.076063541,0.007108771,0
16,215,5.798,1099.208254,69531.83857,6.4349,0,0,0,0,0,0,0,0,0,1.72038,4.862686845,0.076063541,0.007108771,0
16,215,5.798,1099.208254,69531.83857,0.0045845,0,0,8.0353,0,0,0,0,0,0,0.70503,3.370698383,0.076063541,0.007108771,0
16,215,5.798,1099.208254,69531.83857,0.0094073,0,0,0,0,0,0,0,0,0,0.151728,0.506275725,0.076063541,0.007108771,0
16,215,5.798,1099.208254,69531.83857,0.00524,0,0,0.042858,0,0,0,0,0,0,0.31755,0.533114438,0.076063541,0.007108771,0
16,215,5.798,1099.208254,69531.83857,0,0,0,0,6.4522,0.77921,0,0,0,0,0,0.403800639,0.076063541,0.007108771,0
16,215,5.798,1099.208254,69531.83857,0,0,0,0.00043,0,0,0,0,0,0,0.151728,4.862686845,0.076063541,0.007108771,0
16,215,5.798,1099.208254,69531.83857,0,0,0,0,10.444,0,0.13028,0,0,0,0,8.563989377,0.076063541,0.007108771,0
16,215,5.798,1099.208254,69531.83857,0.000376,0,0,0,0.003538,0,0.67845,0,0,0,41.634,7.432290306,0.076063541,0.007108771,0
16,215,5.798,1099.208254,69531.83857,0.005239,0,0,0.223,0.00328,0,0,0,0,0,0.44541,2.550491043,0.076063541,0.007108771,0
16,215,5.798,1099.208254,69531.83857,0,0,0,0,0,0,0.059897,0,0,0,4.4358,7.61406159,0.076063541,0.007108771,0
16,215,5.798,1099.208254,69531.83857,0.008489,0,0,0,0.005239,0,0,0,0,0,2.3544,3.370698383,0.076063541,0.007108771,0
16,215,5.798,1099.208254,69531.83857,4.6688,0,0,0.014341,0,0,0,0,0,0,2.6481,4.791523591,0.076063541,0.007108771,0
16,215,5.798,1099.208254,69531.83857,0.90611,0,0,3.9449,0.046032,0,0,0,0,0,97.974,8.563989377,0.076063541,0.007108771,0
16,215,5.798,1099.208254,69531.83857,0.1613,0,0,0,0,0,0,0,0,0,0.151728,2.550491043,0.076063541,0.007108771,0
16,215,5.798,1099.208254,69531.83857,11.135,0,0,0.073717,0.013036,0,0.40452,0,0,0,0.44541,3.370698383,0.076063541,0.007108771,0
16,215,5.798,1099.208254,69531.83857,0.00524,0,0,0.62945,0,0.004827,0,0,0,0,0,1.437091095,0.076063541,0.007108771,0
16,215,5.798,1099.208254,69531.83857,6.8272,0,0,0,0.00524,0.014982,0,0,0,0,0,1.611949377,0.076063541,0.007108771,0
16,215,5.798,1099.208254,69531.83857,0.010479,0,0,0,0.98255,0,0,0,0,0,0,3.294248715,0.076063541,0.007108771,0
16,215,5.798,1099.208254,69531.83857,49.592,0,0,5.0428,0.00524,0,0,0,0,0,0.279585,2.550491043,0.076063541,0.007108771,0
16,215,5.798,1099.208254,69531.83857,0.21588,0,0,0,0.008335,0,0,0,0,0,2.22174,0.533114438,0.076063541,0.007108771,0
16,215,5.798,1099.208254,69531.83857,0.00524,0,0,0,0,838,0,0,0,0,0,1.629841853,0.076063541,0.007108771,0
16,215,5.798,1099.208254,69531.83857,0,0,0,0,0.0068531,0,0,0,0,0,8.9418,4.862686845,0.076063541,0.007108771,0
16,215,5.798,1099.208254,69531.83857,0,0,0,0,0,0,124.31,0,0,0,0,2.473634728,0.076063541,0.007108771,0
16,215,5.798,1099.208254,69531.83857,0.0056959,0,0,0,0,0,0,0,0,0,0.151728,0.51278208,0.076063541,0.007108771,0
16,215,5.798,1099.208254,69531.83857,1.5202,0,0,0,0,0,0,0,0,0,0,1.611949377,0.076063541,0.007108771,0
16,215,5.798,1099.208254,69531.83857,6.8591,0,0,0,0,0,0,0,0,0,0,3.27635624,0.076063541,0.007108771,0
16,215,5.798,1099.208254,69531.83857,0.009261,0,0,19.222,0.023106,0,0,0,0,0,0,126.2789109,0.076063541,0.007108771,0
16,215,5.798,1099.208254,69531.83857,0.82366,0,0,0.013976,70.761,0,0,0,0,0,0.151728,4.791523591,0.076063541,0.007108771,0
16,215,5.798,1099.208254,69531.83857,2.1165,0,0,0,0,0.77921,0,0,0,0,0.151728,6.85281809,0.076063541,0.007108771,0
16,215,5.798,1099.208254,69531.83857,50.529,0,0,0,0,0,0,0,0,0,0,1.753869239,0.076063541,0.007108771,0
16,215,5.798,1099.208254,69531.83857,4.1811,0,0,0,1.2845,0,0,0,0,0,8.5434,1.480602342,0.076063541,0.007108771,0
16,215,5.798,1099.208254,69531.83857,2.2494,0,0,0,0,0,0,0,0,0,5.2875,1.740043236,0.076063541,0.007108771,0
16,215,5.798,1099.208254,69531.83857,0,0,0,0,0,0,1.8418,0,0,0,6.9018,19.16080795,0.076063541,0.007108771,0
16,215,5.798,1099.208254,69531.83857,0.00824,0,0,3.7669,22.461,0,0,0,0,0,0.151728,20.03672595,0.076063541,0.007108771,0
16,215,5.798,1099.208254,69531.83857,0,0,0,0.019748,0,0,0,0,0,0,0.151728,0.677067536,0.076063541,0.007108771,0
16,215,5.798,1099.208254,69531.83857,0,0,0,0,0,0,0,0,0,0,0.271128,3.370698383,0.076063541,0.007108771,0
16,215,5.798,1099.208254,69531.83857,0,0,0,0.01254,0,0,11.56,0,0.00043,0,0,4.044970118,0.076063541,0.007108771,0
16,215,5.798,1099.208254,69531.83857,0,0,0,0,0.008333,0,0,0,0,0,0.27432,0.496109546,0.076063541,0.007108771,0
16,215,5.798,1099.208254,69531.83857,0,0,0,0,27.763,0,0,0,0,0,0.151728,0.757177028,0.076063541,0.007108771,0
16,215,5.798,1099.208254,69531.83857,0.5002,0,0,0,43.562,1.5527,0,0,0,0,1.64742,7.432290306,0.076063541,0.007108771,0
16,215,5.798,1099.208254,69531.83857,0.013575,0,0,0.62945,0,0,0,0,0,0,0,2.282103912,0.076063541,0.007108771,0
16,215,5.798,1099.208254,69531.83857,0.17713,0,25.373,0,0,0,0,0,4.5651,0,0.151728,2.626534064,0.076063541,0.007108771,0
16,215,5.798,1099.208254,69531.83857,0.002011,0,8.1304,0.086213,0.007221,0,0,0,0,0,6.105,8.563989377,0.076063541,0.007108771,0
16,215,5.798,1099.208254,69531.83857,8.3092,0,0,0,0.13092,0,0,0,0,0,0.292407,7.61406159,0.076063541,0.007108771,0
16,215,5.798,1099.208254,69531.83857,0,0,0,0.008333,0,0,0.67053,0,0,0,0,57.7672295,0.076063541,0.007108771,0
16,215,5.798,1099.208254,69531.83857,0.00824,0,0,0,6.78,0,0,0,0,0,0.151728,0.677067536,0.076063541,0.007108771,0
16,215,5.798,1099.208254,69531.83857,184.67,0,0,0,0.032706,0.0004275,0,0,0,0,14.8218,2.473634728,0.076063541,0.007108771,0
16,215,5.798,1099.208254,69531.83857,0.015379,0,0,0,0,0,0,0,0,0,5.6418,1.629841853,0.076063541,0.007108771,0
16,215,5.798,1099.208254,69531.83857,0.031802,0,0,0.007221,0,0,0.13028,0,0,0,0.151728,0.506275725,0.076063541,0.007108771,0
16,215,5.798,1099.208254,69531.83857,0.29003,0,0,0.007328,0,0,0,0,0,0,0.151728,3.50611189,0.076063541,0.007108771,0
16,215,5.798,1099.208254,69531.83857,0.00524,0,0.008064,0.055562,0.013518,0,0.74966,0,0,0,0,20.03672595,0.076063541,0.007108771,0
16,215,5.798,1099.208254,69531.83857,0.00524,0,0,0.001493,0.98255,0,0,0,0,0,12.2682,2.282103912,0.076063541,0.007108771,0
16,215,5.798,1099.208254,69531.83857,0.010963,0,0,0,0.79075,0,0,0,0,0,0.151728,1.629841853,0.076063541,0.007108771,0
16,215,5.798,1099.208254,69531.83857,1.2325,0,0,0.55992,2.9298,0.15887,0,0,0,0,11.6058,0.506275725,0.076063541,0.007108771,0
16,215,5.798,1099.208254,69531.83857,0.005769,0,0,0.9504,0,0,0,0,0,0,0,83.74352198,0.076063541,0.007108771,0
16,215,5.798,1099.208254,69531.83857,0,0,0,0,0,0,0,0,0,0,2.13174,4.044970118,0.076063541,0.007108771,0
16,215,5.798,1099.208254,69531.83857,0.013892,0,0,0,1.6602,0,0,0,0,0,3.6486,0.677067536,0.076063541,0.007108771,0
16,215,5.798,1099.208254,69531.83857,0.67499,0,0,0,0,0.38161,0.841,0,0,0,6.8079,0.506275725,0.076063541,0.007108771,0
16,215,5.798,1099.208254,69531.83857,4.9504,0,0.034838,0,0.027077,0.42818,0,0,0,0,0,41.65055169,0.076063541,0.007108771,0
16,215,5.798,1099.208254,69531.83857,36.159,0,0,3.2487,0,2.1773,0,0,0,0,0,27.05073767,0.076063541,0.007108771,0
16,215,5.798,1099.208254,69531.83857,0,0,0,0,1.649,0,0,0,0,0,0.151728,20.03672595,0.076063541,0.007108771,0
16,215,5.798,1099.208254,69531.83857,14.661,0,0,0,0.031711,0,0,0,0,0,0,0.090682319,0.076063541,0.007108771,0
16,215,5.798,1099.208254,69531.83857,0.009261,0,0,0,1.8824,0,0,0.0044545,0,0,0.151728,7.61406159,0.076063541,0.007108771,0
16,215,5.798,1099.208254,69531.83857,9.7427,0,0,0,0.62723,0,0,0,0,0,0.151728,4.791523591,0.076063541,0.007108771,0
16,215,5.798,1099.208254,69531.83857,0,0,0,0,7.7396,0,0,0,0,0,47.883,0.308645201,0.076063541,0.007108771,0
16,215,5.798,1099.208254,69531.83857,0.19126,0,0,0.010165,0.008333,0,0,0,0,0,0.151728,19.16080795,0.076063541,0.007108771,0
16,215,5.798,1099.208254,69531.83857,0.003355,0,0,0,0,0,0.13028,0,0,0,0.151728,6.438851272,0.076063541,0.007108771,0
16,215,5.798,1099.208254,69531.83857,0.008333,0,0,0,0,0,0,0,0,0,0.151728,1.953939646,0.076063541,0.007108771,0
16,215,5.798,1099.208254,69531.83857,3.3665,0,0,12.177,0,0,0,0,0,0,0,0.308645201,0.076063541,0.007108771,0
16,215,5.798,1099.208254,69531.83857,45.509,0,0,0.003821,0,0,0,0,0,0,0.151728,3.66575417,0.076063541,0.007108771,0
16,215,5.798,1099.208254,69531.83857,872.97,0,0,0.003538,0,0,0,0,0,0,0.151728,126.2789109,0.076063541,0.007108771,0
16,215,5.798,1099.208254,69531.83857,43.582,0,0,0,0.008333,0,0,0,0,0,3.4926,0.677067536,0.076063541,0.007108771,0
16,215,5.798,1099.208254,69531.83857,1.8709,0,0,0,0.00833,0.19707,0.67845,0,0,0,0,3.294248715,0.076063541,0.007108771,0
16,215,5.798,1099.208254,69531.83857,0.00524,0,0.81626,0,0.000251,0,0,0,0,0,5.2875,2.282103912,0.076063541,0.007108771,0
16,215,5.798,1099.208254,69531.83857,0.00014,0,0,0.000078,0,0,0,0,0,0,18.3318,0.757177028,0.076063541,0.007108771,0
16,215,5.798,1099.208254,69531.83857,0,0,0,0.16809,0.00524,0,0.67053,0,0,0,0.44541,2.473634728,0.076063541,0.007108771,0
16,215,5.798,1099.208254,69531.83857,0.08383,0,0,0.013415,0,0,0,0,0,0,1.09647,5.924849251,0.076063541,0.007108771,0
16,215,5.798,1099.208254,69531.83857,0,0,0,0.1455,0,0,0,0,0,0,0.45174,2.742428507,0.076063541,0.007108771,0
16,215,5.798,1099.208254,69531.83857,0.16583,0,0,7.5633,0,0,0,0,0,0,0,2.742428507,0.076063541,0.007108771,0
16,215,5.798,1099.208254,69531.83857,0,0,0,0,0,0,0,0,0,0,0,2.626534064,0.076063541,0.007108771,0
16,215,5.798,1099.208254,69531.83857,0.005769,0,3.002,0.1075,0.069058,0,0,0,0,0,14.5008,2.282103912,0.076063541,0.007108771,0
16,215,5.798,1099.208254,69531.83857,0.0068531,0,0,0,0,0,0,0,0,0,73.296,3.50611189,0.076063541,0.007108771,0
16,215,5.798,1099.208254,69531.83857,0,0,0,0,0,0,0,0,0,0,0.151728,13.58857149,0.076063541,0.007108771,0
16,215,5.798,1099.208254,69531.83857,8.3439,0,0,0,0,0,0,0,0,0,0.28866,1.753869239,0.076063541,0.007108771,0
16,215,5.798,1099.208254,69531.83857,0.002011,0,0.00062,0,0.001669,0.003334,0,0,0,0,0.273357,2.550491043,0.076063541,0.007108771,0
16,215,5.798,1099.208254,69531.83857,0,0,0,0,0,0,0,0,0,0,50.673,3.27635624,0.076063541,0.007108771,0
16,215,5.798,1099.208254,69531.83857,0.014901,0,0,0.14311,2.0529,0,0,0,0,0,0.151728,3.933904712,0.076063541,0.007108771,0
16,215,5.798,1099.208254,69531.83857,0,0,0,0,0,0,0,0,0,0,6.4536,0.163878809,0.076063541,0.007108771,0
16,215,5.798,1099.208254,69531.83857,0.00524,0,0,0.008321,0.003538,5.9264,0,0,0,0,10.7733,4.286874454,0.076063541,0.007108771,0
16,215,5.798,1099.208254,69531.83857,13.81,0,0,0.01836,0,2.6216,0,0,0,0,0,0.496109546,0.076063541,0.007108771,0
16,215,5.798,1099.208254,69531.83857,0,0,0,29.05,0.008333,0,0,0,0,0,0,0.163878809,0.076063541,0.007108771,0
16,215,5.798,1099.208254,69531.83857,0,0,0,0.051994,1.6602,0,0,0,0,0,1.95174,1.740043236,0.076063541,0.007108771,0
16,215,5.798,1099.208254,69531.83857,0.000063,0,0.015729,0.002508,0,0,0,0,0,0,15.0018,1.912461635,0.076063541,0.007108771,0
16,215,5.798,1099.208254,69531.83857,0,0,0,5.0428,0,0,0,0,0,0,8.7918,5.291902932,0.076063541,0.007108771,0
16,215,5.798,1099.208254,69531.83857,0,0,0,0,13.549,0,0,0,0,0,3.8946,3.370698383,0.076063541,0.007108771,0
16,215,5.798,1099.208254,69531.83857,0.041249,0,0,0,0.12099,0,0,0,0,0,0,7.432290306,0.076063541,0.007108771,0
16,215,5.798,1099.208254,69531.83857,0.002031,0,0,0,0,0,0,0,0,0,0.151728,9.094257285,0.076063541,0.007108771,0
16,215,5.798,1099.208254,69531.83857,0.00036,0,0,0,0.014178,775.66,0,0,0,0,5.1447,13.20935554,0.076063541,0.007108771,0
16,215,5.798,1099.208254,69531.83857,1.0831,0,0,0,0,0,0,0,0,0,0.151728,6.438851272,0.076063541,0.007108771,0
16,215,5.798,1099.208254,69531.83857,0,0,0,0,0,0,0,0,0,0,0,1.912461635,0.076063541,0.007108771,0
16,215,5.798,1099.208254,69531.83857,0.008333,0,0,0.013421,0,0,0,0,0,0,0,1.740043236,0.076063541,0.007108771,0
16,215,5.798,1099.208254,69531.83857,0,0,0,0,0.00524,0,0,0,0,0,1.19187,0.677067536,0.076063541,0.007108771,0
16,215,5.798,1099.208254,69531.83857,0,0,0,0,0,0,0,0,0,0,9.0018,6.438851272,0.076063541,0.007108771,0
16,215,5.798,1099.208254,69531.83857,0,0,0.003346,0,0,0,0.75031,0,0,0,5.787,4.791523591,0.076063541,0.007108771,0
16,215,5.798,1099.208254,69531.83857,0,0,0,0,1.8824,0,0,0,0,0,6.9018,5.751441887,0.076063541,0.007108771,0
16,215,5.798,1099.208254,69531.83857,0.00524,0,0,0,0,0,0,0,0,0,0.151728,2.742428507,0.076063541,0.007108771,0
16,215,5.798,1099.208254,69531.83857,0.036852,0,0,0,15.439,0,0,0,0,0,12.8901,1.912461635,0.076063541,0.007108771,0
16,215,5.798,1099.208254,69531.83857,0.001309,0,0,0,0,0,0,0,0,0,0.151728,20.03672595,0.076063541,0.007108771,0
16,215,5.798,1099.208254,69531.83857,5.7412,0,0,0.11797,0.0041885,0,0,0,0,0,0.151728,2.473634728,0.076063541,0.007108771,0
16,215,5.798,1099.208254,69531.83857,0.013476,0,0,0,32.03,0,0,0,0,0,0,0.090682319,0.076063541,0.007108771,0
16,215,5.798,1099.208254,69531.83857,0,0,0,0,0,0,0,0,0,0,1.09155,2.742428507,0.076063541,0.007108771,0
16,215,5.798,1099.208254,69531.83857,0,0,0,0,5.7523,0.77921,0,0,0,0,4.5897,2.742428507,0.076063541,0.007108771,0
16,215,5.798,1099.208254,69531.83857,0.15083,0,0,0,0.4786,0,0,0,0,0,0,0.533114438,0.076063541,0.007108771,0
16,215,5.798,1099.208254,69531.83857,10.582,0,0,0,0.31016,0,0,0,0,0,3.6423,5.924849251,0.076063541,0.007108771,0
16,215,5.798,1099.208254,69531.83857,0.19687,0,0,0,0.4381,0,0,0,0,0,2.6931,34.6982593,0.076063541,0.007108771,0
16,215,5.798,1099.208254,69531.83857,6.2048,0,0,2.2017,0.010122,5.0956,0,0,0,0,0.273366,2.742428507,0.076063541,0.007108771,0
16,215,5.798,1099.208254,69531.83857,0,0,0.7988,0,0.010507,0,0,0,0,0,0.151728,2.473634728,0.076063541,0.007108771,0
16,215,5.798,1099.208254,69531.83857,2.1218,0,0,0,3.3385,0.000024,0,0,0,0,55.917,6.438851272,0.076063541,0.007108771,0
16,215,5.798,1099.208254,69531.83857,0,0,0,0,0,0,0,1.75,0,0,0.151728,4.862686845,0.076063541,0.007108771,0
16,215,5.798,1099.208254,69531.83857,3.4031,0,0,0,0.021909,0,0,0,0,0,0.278526,3.933904712,0.076063541,0.007108771,0
16,215,5.798,1099.208254,69531.83857,5.2762,0,0,0.011406,0,0.78209,0,0,0,0,8.172,0.403800639,0.076063541,0.007108771,0
16,215,5.798,1099.208254,69531.83857,0.023786,0,0,0.008336,0,0,0,0,0,0,0.92517,0.757177028,0.076063541,0.007108771,0
16,215,5.798,1099.208254,69531.83857,0.016699,0,0,0,0,0,0,0,0,0,0.151728,0.496109546,0.076063541,0.007108771,0
16,215,5.798,1099.208254,69531.83857,0.29003,0,0,0,2.5837,0,0,0,0,0,0.151728,81.9106449,0.076063541,0.007108771,0
16,215,5.798,1099.208254,69531.83857,22.323,0,0,7.1031,0.86472,0.014982,0,0,0,0,0.151728,57.83043216,0.076063541,0.007108771,0
16,215,5.798,1099.208254,69531.83857,25.253,0,0,0,0,0,0,0,0,0,0.151728,1.912461635,0.076063541,0.007108771,0
16,215,5.798,1099.208254,69531.83857,0,0,0,849.21,0,0,0.10863,0,0,0,22.7118,96.95287753,0.076063541,0.007108771,0
16,215,5.798,1099.208254,69531.83857,0.44516,0,0,0,35.29,0,0,0,0,0,10.3692,3.370698383,0.076063541,0.007108771,0
16,215,5.798,1099.208254,69531.83857,0.008333,0,0,0,0,0,0,4.4555,0,0,0.151728,1.480602342,0.076063541,0.007108771,0
16,215,5.798,1099.208254,69531.83857,0,0,0,0.012395,0,0,0,0,0,0,0,4.748825638,0.076063541,0.007108771,0
16,215,5.798,1099.208254,69531.83857,0.008333,0,0,0,0,0,0,0,0,0,11.5818,5.924849251,0.076063541,0.007108771,0
16,215,5.798,1099.208254,69531.83857,0.00524,0,0,0.030964,0.008333,0,0,0,0,0,1.08339,3.933904712,0.076063541,0.007108771,0
16,215,5.798,1099.208254,69531.83857,0,0,0,0,8.8857,0,0.13028,0,0,0,30.648,0.757177028,0.076063541,0.007108771,0
16,215,5.798,1099.208254,69531.83857,0,0,0,0,0,0,55.44,0,0,0,0,8.563989377,0.076063541,0.007108771,0
16,215,5.798,1099.208254,69531.83857,0.17481,0,2.737,0,0.005769,3.8342,0,0,0,0,0.151728,4.791523591,0.076063541,0.007108771,0
16,215,5.798,1099.208254,69531.83857,0.0068531,0,0,0,0,0,0.002308,0,0,0,198.615,4.862686845,0.076063541,0.007108771,0
16,215,5.798,1099.208254,69531.83857,0,0,0,0.010165,0.0082165,0.003334,0,0,0,0,0.151728,0.51278208,0.076063541,0.007108771,0
16,215,5.798,1099.208254,69531.83857,0.00524,0,0,0,0,4.6961,0,0,0,0,0.151728,1.082901411,0.076063541,0.007108771,0
16,215,5.798,1099.208254,69531.83857,0,0,0,13.409,0,0,0,0,0,0,7.6407,20.03672595,0.076063541,0.007108771,0
16,215,5.798,1099.208254,69531.83857,0,0,0,0.86967,0,0,0.13028,6.2151,0,0,1.98174,0.496109546,0.076063541,0.007108771,0
16,215,5.798,1099.208254,69531.83857,0,0,0,0,0,0,0,0,0,0,4.8618,3.933904712,0.076063541,0.007108771,0
16,215,5.798,1099.208254,69531.83857,0,0,0,0,0,0,0,0,0,0,6.1116,1.953939646,0.076063541,0.007108771,0
16,215,5.798,1099.208254,69531.83857,0.008333,0,0,0.0011005,0.007102,0,0,0,0,0,52.569,8.643285575,0.076063541,0.007108771,0
16,215,5.798,1099.208254,69531.83857,109.34,0,0,0.20517,0,0,0,0,0,0,0,3.933904712,0.076063541,0.007108771,0
16,215,5.798,1099.208254,69531.83857,5.2762,0,0,0,0.00833,78.459,0,0,0,0,46.293,5.924849251,0.076063541,0.007108771,0
16,215,5.798,1099.208254,69531.83857,2.5794,0,0,0,0,0,0,0,0,0,0.70764,3.370698383,0.076063541,0.007108771,0
16,215,5.798,1099.208254,69531.83857,0.002868,0,0,0,2.7524,1.1965,0,0,0,0,1.73121,2.626534064,0.076063541,0.007108771,0
16,215,5.798,1099.208254,69531.83857,0,0,0,0.001326,2.0529,0,0,0,0,0,34.746,6.438851272,0.076063541,0.007108771,0
16,215,5.798,1099.208254,69531.83857,0.00036,0,0,0,0.005239,0,0,0,0,0,0,4.286874454,0.076063541,0.007108771,0
16,215,5.798,1099.208254,69531.83857,0.010054,0,0,0.008333,76.072,0,0,0,0,0,0.151728,2.473634728,0.076063541,0.007108771,0
16,215,5.798,1099.208254,69531.83857,0,0,0,0.005239,0,0,0,0,0,0,3.4926,6.85281809,0.076063541,0.007108771,0
16,215,5.798,1099.208254,69531.83857,0,0,0,0.007328,3.9118,0,0,0,0,0,0.151728,10.8444667,0.076063541,0.007108771,0
16,215,5.798,1099.208254,69531.83857,0.035255,0,0,0,0.01787,0,0.13028,0,0,0,7.3206,0.308645201,0.076063541,0.007108771,0
16,215,5.798,1099.208254,69531.83857,0,0,0,0,1.5099,0,0,0,0,0,0,0.090682319,0.076063541,0.007108771,0
16,215,5.798,1099.208254,69531.83857,0,0,0,0.008321,0,0,0,0,0,0,25.9959,7.61406159,0.076063541,0.007108771,0
16,215,5.798,1099.208254,69531.83857,0.17903,0,0,4.8058,0,0,133.93,0,0,0,8.5434,1.912461635,0.076063541,0.007108771,0
16,215,5.798,1099.208254,69531.83857,0.016058,0,0,0.00524,0,0,0,0,0,0,0.151728,1.953939646,0.076063541,0.007108771,0
16,215,5.798,1099.208254,69531.83857,0,0,0,0,0.007697,0,0,0,0,0,0.273372,2.742428507,0.076063541,0.007108771,0
16,215,5.798,1099.208254,69531.83857,0.003295,0,0,0,0.00524,0,0,0,0,0,0.151728,1.953939646,0.076063541,0.007108771,0
16,215,5.798,1099.208254,69531.83857,0,0,0,0.008333,0,0,3.4784,0,0,0,0.269961,4.286874454,0.076063541,0.007108771,0
16,215,5.798,1099.208254,69531.83857,3.8952,0,0,0,0,0,0,0,0,0,0.151728,2.626534064,0.076063541,0.007108771,0
16,215,5.798,1099.208254,69531.83857,0.67499,0,0,0,1.1676,0,0,0,0,0,0,293.1339283,0.076063541,0.007108771,0
16,215,5.798,1099.208254,69531.83857,0,0,0,0,0,0,0,0,0,0,0.151728,0.090682319,0.076063541,0.007108771,0
16,215,5.798,1099.208254,69531.83857,0.29003,0,0,0,0.42442,0,0,0,0,0,28.1349,3.539348854,0.076063541,0.007108771,0
16,215,5.798,1099.208254,69531.83857,0.012671,0,0,13.805,0.050892,0,0,0,0,0,0,293.1339283,0.076063541,0.007108771,0
16,215,5.798,1099.208254,69531.83857,4.616,0,0,0,13.034,0,0,0,0,0,0.151728,8.643285575,0.076063541,0.007108771,0
16,215,5.798,1099.208254,69531.83857,0,0,0,1.3952,0.008333,0,0,0,0,0,0.151728,4.862686845,0.076063541,0.007108771,0
16,215,5.798,1099.208254,69531.83857,0,0,0,1.4572,6.0919,0,0,0,0,0,1.5003,6.509873784,0.076063541,0.007108771,0
16,215,5.798,1099.208254,69531.83857,5.0534,0,0,0.00524,0,0.80945,0,0,0,0,0,34.6982593,0.076063541,0.007108771,0
16,215,5.798,1099.208254,69531.83857,0,0,0,4.1106,0.40097,0,0,0,0,0,0,3.50611189,0.076063541,0.007108771,0
16,215,5.798,1099.208254,69531.83857,0.005979,0,0,0,0.010373,0,0,0,0,0,4.3869,14.97902997,0.076063541,0.007108771,0
16,215,5.798,1099.208254,69531.83857,1.8154,0,0,0.13117,5.6507,0,0,0,0,0,0.151728,5.924849251,0.076063541,0.007108771,0
16,215,5.798,1099.208254,69531.83857,0.014662,0,0,0,0,0,0,0,0,0,23.3337,96.95287753,0.076063541,0.007108771,0
16,215,5.798,1099.208254,69531.83857,0,0,0,0.000251,4.8466,0,0,0,0,0,0,2.626534064,0.076063541,0.007108771,0
16,215,5.798,1099.208254,69531.83857,0,0,0,0,0.008333,0.77927,0,0,0,0,0,0.51278208,0.076063541,0.007108771,0
16,215,5.798,1099.208254,69531.83857,1.3203,0,0,27.797,1.5099,0,0,0,0,0,7.3638,1.480602342,0.076063541,0.007108771,0
16,215,5.798,1099.208254,69531.83857,0.00524,0,0,0,0,0,0,0,0,0,7.2312,4.862686845,0.076063541,0.007108771,0
16,215,5.798,1099.208254,69531.83857,0.003295,0,0,0,0.03958,0,0,0,0,0,1.26477,3.50611189,0.076063541,0.007108771,0
16,215,5.798,1099.208254,69531.83857,0.001493,0,0,8.1583,7.2444,0.003718,0,0,0,0,41.715,1.629841853,0.076063541,0.007108771,0
16,215,5.798,1099.208254,69531.83857,0.018235,0,0,0.0012795,0,0,0,0,0,0,0.151728,96.95287753,0.076063541,0.007108771,0
16,215,5.798,1099.208254,69531.83857,0,0,0,0,0,0,0,0,0,0,9.4383,7.432290306,0.076063541,0.007108771,0
16,215,5.798,1099.208254,69531.83857,0,0,0,0.11243,0,0.77921,0,0,0,0,0.45174,1.082901411,0.076063541,0.007108771,0
16,215,5.798,1099.208254,69531.83857,0,0,0,0,0,0,0,0,0,0,41.634,0.163878809,0.076063541,0.007108771,0
16,215,5.798,1099.208254,69531.83857,0.000376,0,0,0.65046,0.074576,0,0.13028,0,0,0,0,1.953939646,0.076063541,0.007108771,0
16,215,5.798,1099.208254,69531.83857,2.7267,0,0,0.01254,0,49.181,0,0,0,0,16.4517,1.753869239,0.076063541,0.007108771,0
16,215,5.798,1099.208254,69531.83857,0.005372,0,0,0.008333,0.002055,0,0,0,0,0,14.5008,7.61406159,0.076063541,0.007108771,0
16,215,5.798,1099.208254,69531.83857,0,0,0,0,80.307,0,10.868,0,0,0,2.52933,1.953939646,0.076063541,0.007108771,0
16,215,5.798,1099.208254,69531.83857,50.278,0,0,10.118,0,0,0,0,0,0,0,5.721119019,0.076063541,0.007108771,0
16,215,5.798,1099.208254,69531.83857,0.00524,0,0,0.008335,0.013681,0,0,0,0,0,1.1697,0.496109546,0.076063541,0.007108771,0
16,215,5.798,1099.208254,69531.83857,0,0,0,0,0,0,0,0,0,0,0,8.563989377,0.076063541,0.007108771,0
16,215,5.798,1099.208254,69531.83857,0.53043,0,0,0,0.060787,0,0,0,0,0,0,2.742428507,0.076063541,0.007108771,0
16,215,5.798,1099.208254,69531.83857,0.00524,0,0,0.94228,0,0.781,0,0,0,0,0.31755,0.757177028,0.076063541,0.007108771,0
16,215,5.798,1099.208254,69531.83857,1.8379,0,0,0,0,0,0,0,12.418,0,0,5.721119019,0.076063541,0.007108771,0
16,215,5.798,1099.208254,69531.83857,0,0,0,0.50869,0,0,0,0,0,0,0.151728,4.862686845,0.076063541,0.007108771,0
16,215,5.798,1099.208254,69531.83857,0.5002,0,0,0.33642,0,0,0,0,0,0,0.151728,1.437091095,0.076063541,0.007108771,0
16,215,5.798,1099.208254,69531.83857,0.0094528,0,0,16.48,0.0064809,0,0,0,0,0,53.889,6.438851272,0.076063541,0.007108771,0
16,215,5.798,1099.208254,69531.83857,0,0,0,0,0.00524,0,0,0,0.00524,0,14.3958,4.286874454,0.076063541,0.007108771,0
16,215,5.798,1099.208254,69531.83857,0,0,0,52.922,0.008333,0,0,0,0,0,0.151728,20.03672595,0.076063541,0.007108771,0
16,215,5.798,1099.208254,69531.83857,0.00524,0,0,0,0.002031,0.084836,0,0,0,0,0.278694,1.926287639,0.076063541,0.007108771,0
16,215,5.798,1099.208254,69531.83857,0.011203,0,0,0.008333,0,0,0,0,0,0,0,0.163878809,0.076063541,0.007108771,0
16,215,5.798,1099.208254,69531.83857,0,0,0,0.00524,0,0,0,0,0,0,0.151728,8.153142895,0.076063541,0.007108771,0
16,215,5.798,1099.208254,69531.83857,0.012423,0,0,0,0,9.7428,0,0,0,0,8.172,2.473634728,0.076063541,0.007108771,0
16,215,5.798,1099.208254,69531.83857,0.015333,0,0,0,0,0.0003,0,0,0,0,0,0.308645201,0.076063541,0.007108771,0
16,215,5.798,1099.208254,69531.83857,0.034133,0,0.1054,0,0,0,0,0,0,0,1.88184,107.1285055,0.076063541,0.007108771,0
16,215,5.798,1099.208254,69531.83857,0.00014,0,0,0,0,0,0,0,0,0,0.151728,1.611949377,0.076063541,0.007108771,0
16,215,5.798,1099.208254,69531.83857,0,0,0,2.0429,0,0,0,0,9.3306,0,0,6.438851272,0.076063541,0.007108771,0
16,215,5.798,1099.208254,69531.83857,0.98086,0,0,0.022218,0.001493,0,0,0,0,0,10.3692,2.282103912,0.076063541,0.007108771,0
16,215,5.798,1099.208254,69531.83857,0.28712,0,0,0,0,0,0.13028,0,0,0,0.42399,0.533114438,0.076063541,0.007108771,0
16,215,5.798,1099.208254,69531.83857,0.51774,0,0,0,12.308,0,0,0,0,0,0.33174,1.926287639,0.076063541,0.007108771,0
16,215,5.798,1099.208254,69531.83857,0.01048,0,0,0,0.00524,0,0,0,0,0,9.5499,19.16080795,0.076063541,0.007108771,0
16,215,5.798,1099.208254,69531.83857,5.0534,0,0,0,0,0,0.13028,0,0,0,24.9618,459.9889457,0.076063541,0.007108771,0
16,215,5.798,1099.208254,69531.83857,0,0,0,0,0,0,0,0,0,0,0.33174,2.550491043,0.076063541,0.007108771,0
16,215,5.798,1099.208254,69531.83857,0.0066265,0,0,0.005341,813.22,0,0,0,0,0,0,4.748825638,0.076063541,0.007108771,0
16,215,5.798,1099.208254,69531.83857,0.008333,0,0,6.4627,0.013746,0,29.564,0,0,0,1.52439,126.2789109,0.076063541,0.007108771,0
16,215,5.798,1099.208254,69531.83857,0.00644,0,0,0,0,0,0,0,0,0,0.151728,27.05073767,0.076063541,0.007108771,0
16,215,5.798,1099.208254,69531.83857,0.008333,0,0,0,0,0,0,0,0,0,2.73105,3.50611189,0.076063541,0.007108771,0
16,215,5.798,1099.208254,69531.83857,0.002031,0,0,0,0.018484,0,0,0,0,0,0.151728,7.432290306,0.076063541,0.007108771,0
16,215,5.798,1099.208254,69531.83857,0.018596,0,0.005239,0.008333,0,0,0,0,0,0,6.108,6.438851272,0.076063541,0.007108771,0
16,215,5.798,1099.208254,69531.83857,0,0,0,1.6635,0,2.1773,0,0,0,0,19.7118,2.282103912,0.076063541,0.007108771,0
16,215,5.798,1099.208254,69531.83857,13.81,0,0,0,0,0,0,0,0,0,0,57.83043216,0.076063541,0.007108771,0
16,215,5.798,1099.208254,69531.83857,0.047389,0,0,0,0,0,0,0,0,0,0,13.20935554,0.076063541,0.007108771,0
16,215,5.798,1099.208254,69531.83857,0,0,0,0,0,0,0,0,0,0,12.4689,57.83043216,0.076063541,0.007108771,0
16,215,5.798,1099.208254,69531.83857,6.8104,0,0,0.0002525,0,0,0,0,0,0,0,0.533114438,0.076063541,0.007108771,0
16,215,5.798,1099.208254,69531.83857,0.3628,0,0,0.000688,0,0,0.13028,0,0,0,0.151728,7.432290306,0.076063541,0.007108771,0
16,215,5.798,1099.208254,69531.83857,0,0,0,0.007214,0.0088426,0,0,0,0,0,0.36594,1.082901411,0.076063541,0.007108771,0
16,215,5.798,1099.208254,69531.83857,1.6744,0,0,0,0,0,0,0,0,0,87.522,3.370698383,0.076063541,0.007108771,0
16,215,5.798,1099.208254,69531.83857,0.008333,0,0,0,7.8711,0,0,0,0,0,0.151728,4.748825638,0.076063541,0.007108771,0
16,215,5.798,1099.208254,69531.83857,0,0,0,0.22843,1.5895,0,0,0,0,0,149.193,8.153142895,0.076063541,0.007108771,0
16,215,5.798,1099.208254,69531.83857,2.1571,0,0,0,0,0,0,0,1.7031,0,9.4383,0.308645201,0.076063541,0.007108771,0
16,215,5.798,1099.208254,69531.83857,0.003822,0,0,0.000124,14.692,0,0,0,0,0,23.5818,1.480602342,0.076063541,0.007108771,0
16,215,5.798,1099.208254,69531.83857,0.034521,0,0,0,0,0,0,0,0,0,0,0.403800639,0.076063541,0.007108771,0
16,215,5.798,1099.208254,69531.83857,0.10284,0,0,0,0.14346,0,0,0,0,0,0.151728,3.370698383,0.076063541,0.007108771,0
16,215,5.798,1099.208254,69531.83857,0.0056959,0,0,0,0,0,0,0,0,0,0,1.437091095,0.076063541,0.007108771,0
16,215,5.798,1099.208254,69531.83857,0,0,0,0,0.025169,0,23.156,0,0,0,0.151728,3.933904712,0.076063541,0.007108771,0
16,215,5.798,1099.208254,69531.83857,0.051828,0,0,0.008333,0,0,0,0,0,0,0.151728,1.926287639,0.076063541,0.007108771,0
16,215,5.798,1099.208254,69531.83857,0,0,0,0,0,0,0,0,0,0,0.151728,4.286874454,0.076063541,0.007108771,0
16,215,5.798,1099.208254,69531.83857,0.001669,0,0,1.2164,0.47436,0,0,0,0,0,18.849,2.282103912,0.076063541,0.007108771,0
16,215,5.798,1099.208254,69531.83857,0,0,0,0.0060235,0,0,0,0,0,0,34.539,0.308645201,0.076063541,0.007108771,0
16,215,5.798,1099.208254,69531.83857,6.8591,0,0,0.79273,0,0,0,0,0,0,32.442,3.539348854,0.076063541,0.007108771,0
16,215,5.798,1099.208254,69531.83857,0.12797,0,0,14.532,0,0,0,0,0,0,7.6818,2.550491043,0.076063541,0.007108771,0
16,215,5.798,1099.208254,69531.83857,14.661,0,0,0,0.008333,0.011,0,0,0.01986,0,9.0018,5.721119019,0.076063541,0.007108771,0
16,215,5.798,1099.208254,69531.83857,0,0,0,0,0.00524,0,0,0,0,0,0.151728,9.094257285,0.076063541,0.007108771,0
16,215,5.798,1099.208254,69531.83857,0.009056,0,0,0,0.010107,0,0,0,0,0,30.648,3.27635624,0.076063541,0.007108771,0
16,215,5.798,1099.208254,69531.83857,0.00524,0,0,0,0.2943,0,0,0,0,0,1.08339,0.533114438,0.076063541,0.007108771,0
16,215,5.798,1099.208254,69531.83857,11.135,0,0,21.209,0.008333,0,0,0,0,0,0,57.83043216,0.076063541,0.007108771,0
16,215,5.798,1099.208254,69531.83857,0,0,0,0.006674,0.008333,0,0,0,0,0,0,1.437091095,0.076063541,0.007108771,0
16,215,5.798,1099.208254,69531.83857,0,0,0,0,0,0,0,0,0,0,0,9.094257285,0.076063541,0.007108771,0
16,215,5.798,1099.208254,69531.83857,0.18763,0,0,0,0,0,0,0,0,0,0.151728,0.163878809,0.076063541,0.007108771,0
16,215,5.798,1099.208254,69531.83857,45.509,0,0,0,0,0.77806,0.13028,0,0,0,1.1697,3.27635624,0.076063541,0.007108771,0
16,215,5.798,1099.208254,69531.83857,0,0,0,0,0.014581,0,0,0,0,0,14.5008,1.629841853,0.076063541,0.007108771,0
16,215,5.798,1099.208254,69531.83857,0,0,0,0,0,0,0,0,0,0,0.57,0.506275725,0.076063541,0.007108771,0
16,215,5.798,1099.208254,69531.83857,0,0,0,0.17235,8.688,0.032076,0,0,0,0,0.27948,7.432290306,0.076063541,0.007108771,0
16,215,5.798,1099.208254,69531.83857,3.2852,0,0,0,246.96,0,0,0,0,0,0.151728,1.437091095,0.076063541,0.007108771,0
16,215,5.798,1099.208254,69531.83857,0.27066,0,0,77.417,0,0,0,0,0,0,8.6688,2.282103912,0.076063541,0.007108771,0
16,215,5.798,1099.208254,69531.83857,0.21588,0,0,0.007148,0,0.014982,338.29,0,0,0,0.151728,19.16080795,0.076063541,0.007108771,0
16,215,5.798,1099.208254,69531.83857,0,0,0,0.008333,0,0,0,0,0,0,0.73911,0.403800639,0.076063541,0.007108771,0
16,215,5.798,1099.208254,69531.83857,0,0,0,0,0.002156,0,0,0,0,0,0.67983,62.76023949,0.076063541,0.007108771,0
16,215,5.798,1099.208254,69531.83857,1.2894,0,0,5.6081,0,0,0.13028,0,0,0,0,3.37110503,0.076063541,0.007108771,0
16,215,5.798,1099.208254,69531.83857,0.002868,0,0,0.0067015,0.00524,0,0,0,0,0,0.211728,6.85281809,0.076063541,0.007108771,0
16,215,5.798,1099.208254,69531.83857,0.010521,0,0,0.99417,0,0,0,0,0,0,0,0.757177028,0.076063541,0.007108771,0
16,215,5.798,1099.208254,69531.83857,0.026038,0,0,0,0,0,0,0,0,0,14.8218,4.748825638,0.076063541,0.007108771,0
16,215,5.798,1099.208254,69531.83857,3.4031,0,0,1.3385,0,0,0,0,0,0,0,4.286874454,0.076063541,0.007108771,0
16,215,5.798,1099.208254,69531.83857,0.008333,0,0.003821,11.552,10.444,0,0,0,0,0,0,3.37110503,0.076063541,0.007108771,0
16,215,5.798,1099.208254,69531.83857,0,0,0,0,0,0,0,0,0,0,0,5.721119019,0.076063541,0.007108771,0
16,215,5.798,1099.208254,69531.83857,0.0724,0,0,12.69,0,0,0,0,0,0,23.3337,7.61406159,0.076063541,0.007108771,0
16,215,5.798,1099.208254,69531.83857,7.5139,0,0,16.48,0,0,0,0,0,0,7.3257,6.509873784,0.076063541,0.007108771,0
16,215,5.798,1099.208254,69531.83857,0,0,0,0,0.016895,2.9165,0,0,0,0,9.4467,8.563989377,0.076063541,0.007108771,0
16,215,5.798,1099.208254,69531.83857,0.0094528,0,0,7.5633,0.008321,0,0,0,0,0,78.063,1.082901411,0.076063541,0.007108771,0
16,215,5.798,1099.208254,69531.83857,0.00524,0,0,0,0,0,0,0,0,0,73.296,1.953939646,0.076063541,0.007108771,0
16,215,5.798,1099.208254,69531.83857,0,0,0,27.797,0.31016,0.77921,0,0,0,0,0.151728,19.16080795,0.076063541,0.007108771,0
16,215,5.798,1099.208254,69531.83857,0,0,0,7.7379,0.007328,0,0,0,0,0,0,4.044970118,0.076063541,0.007108771,0
16,215,5.798,1099.208254,69531.83857,0.008333,0,0,0,80.307,0.42818,454.11,0,0,0,14.1318,1.740043236,0.076063541,0.007108771,0
16,215,5.798,1099.208254,69531.83857,0.08383,0,0,0,0,0,0,0,0,0,0.151728,5.721119019,0.076063541,0.007108771,0
16,215,5.798,1099.208254,69531.83857,3.3665,0,0,2.5432,2.439,0,0,0,0,0,0,459.9889457,0.076063541,0.007108771,0
16,215,5.798,1099.208254,69531.83857,0.008333,0,0,0,0,0,0,0,0,0,0.151728,1.437091095,0.076063541,0.007108771,0
16,215,5.798,1099.208254,69531.83857,0.41786,0,0,0,0.018282,0,0,0,0,0,5.4381,62.76023949,0.076063541,0.007108771,0
16,215,5.798,1099.208254,69531.83857,5.4818,0,0,0.008333,0,0,0,0,0,0,0,10.8444667,0.076063541,0.007108771,0
16,215,5.798,1099.208254,69531.83857,0.18449,0,0,0,0,0,0,0,0,0,0.36594,1.788434249,0.076063541,0.007108771,0
16,215,5.798,1099.208254,69531.83857,12.084,0,0,3.1662,0.008333,0,0,0,0,0,0.45174,0.757177028,0.076063541,0.007108771,0
16,215,5.798,1099.208254,69531.83857,0.015667,0,0,0,0,0,0.13028,0,0,0,0.151728,1.926287639,0.076063541,0.007108771,0
16,215,5.798,1099.208254,69531.83857,0,0,0,0,0,0,0,0,0,0,0.151728,4.791523591,0.076063541,0.007108771,0
16,215,5.798,1099.208254,69531.83857,0.74435,0,0,0.027172,0,0,0,0,0,0,20.8818,1.629841853,0.076063541,0.007108771,0
16,215,5.798,1099.208254,69531.83857,0,0,0,0.00833,0,0,3.015,0,0,0,0,9.094257285,0.076063541,0.007108771,0
16,215,5.798,1099.208254,69531.83857,0.00524,0,0,0.02191,0.18655,3.1357,0,0,0,0,97.974,2.282103912,0.076063541,0.007108771,0
16,215,5.798,1099.208254,69531.83857,0.062652,0,0,0,0,0,0,0,0,0,0.151728,4.791523591,0.076063541,0.007108771,0
16,215,5.798,1099.208254,69531.83857,215.5,0,0,0.0060235,0,0,0,0,0,0,0.151728,4.862686845,0.076063541,0.007108771,0
16,215,5.798,1099.208254,69531.83857,3.0031,0,0.22384,0,0,0,1.5219,0,0,0,0.75174,2.626534064,0.076063541,0.007108771,0
16,215,5.798,1099.208254,69531.83857,0,0,0,0.002031,0,0,0,0,0,0,0.151728,57.7672295,0.076063541,0.007108771,0
16,215,5.798,1099.208254,69531.83857,0.016058,0,0,3.0889,0,0,0,0,0,0,22.8018,27.05073767,0.076063541,0.007108771,0
16,215,5.798,1099.208254,69531.83857,0,0,0,0,1.1676,1.5329,0,0,0,0,0.151728,0.496109546,0.076063541,0.007108771,0
16,215,5.798,1099.208254,69531.83857,10.309,0,0,0.0068531,70.761,0,0.002308,0,0,0,0.181728,0.757177028,0.076063541,0.007108771,0
16,215,5.798,1099.208254,69531.83857,0,0,0,0.011074,70.761,0,0,0,0,0,16.4517,57.7672295,0.076063541,0.007108771,0
16,215,5.798,1099.208254,69531.83857,0,0,0,0.029402,0,0,0,0,0,0,9.0018,4.791523591,0.076063541,0.007108771,0
16,215,5.798,1099.208254,69531.83857,0.028169,0,0,0,0.005239,0,0,0,0,0,0.77829,7.432290306,0.076063541,0.007108771,0
16,215,5.798,1099.208254,69531.83857,0,0,0,0.0011005,27.763,0,0,0,0,0,0,0.677067536,0.076063541,0.007108771,0
16,215,5.798,1099.208254,69531.83857,0.091719,0,0,0,0,0,0,0,0,0,0.151728,1.082901411,0.076063541,0.007108771,0
16,215,5.798,1099.208254,69531.83857,0,0,0,23.088,0,0,0,0,0,0,0.151728,0.090682319,0.076063541,0.007108771,0
16,215,5.798,1099.208254,69531.83857,0.004143,0,0,0,4.8466,0,0,0,0,0,15.9147,0.308645201,0.076063541,0.007108771,0
16,215,5.798,1099.208254,69531.83857,0,0,0,0.01048,0.008333,0,0,0,0,0,0.278529,0.496109546,0.076063541,0.007108771,0
16,215,5.798,1099.208254,69531.83857,0.008333,0,0,0.007102,0,0,0,0,0,0,30.123,0.308645201,0.076063541,0.007108771,0
16,215,5.798,1099.208254,69531.83857,0.047389,0,0,0,0,0,0,0,0,0,4.0518,9.094257285,0.076063541,0.007108771,0
16,215,5.798,1099.208254,69531.83857,0.00644,0,0,0.53462,5.2863,0,0,0,0,0,0.151728,0.090682319,0.076063541,0.007108771,0
16,215,5.798,1099.208254,69531.83857,0.2494,0,0,0,0.73113,0,0,0,0,0,1.96911,96.95287753,0.076063541,0.007108771,0
16,215,5.798,1099.208254,69531.83857,0.008489,0,0,0.00524,0,0,0,0,0,0,0.151728,0.308645201,0.076063541,0.007108771,0
16,215,5.798,1099.208254,69531.83857,0,0,0,0,0.024251,0.77921,0,0,0,0,10.4415,4.862686845,0.076063541,0.007108771,0
16,215,5.798,1099.208254,69531.83857,0,0,0,0,0,0.78642,0,0,0,0,0.151728,4.748825638,0.076063541,0.007108771,0
16,215,5.798,1099.208254,69531.83857,0,0,0,0,0,0,0,0,0,0,0.151728,9.094257285,0.076063541,0.007108771,0
16,215,5.798,1099.208254,69531.83857,0,0,0,0,0,0,0,0,0,0,4.4313,1.082901411,0.076063541,0.007108771,0
16,215,5.798,1099.208254,69531.83857,0.14297,0,0,0,10.115,0,23.619,0,0,0,17.1858,6.438851272,0.076063541,0.007108771,0
16,215,5.798,1099.208254,69531.83857,0,0,0,0.13117,0,0,0,0,0,0,2.39871,6.509873784,0.076063541,0.007108771,0
16,215,5.798,1099.208254,69531.83857,0,0,0,0.071721,0,0,0.13028,0,0,0,29.2218,0.308645201,0.076063541,0.007108771,0
16,215,5.798,1099.208254,69531.83857,2.4135,0,0,0,0,0.13226,0,0,0,0,7.3257,4.791523591,0.076063541,0.007108771,0
16,215,5.798,1099.208254,69531.83857,0,0,0,0.65046,0,0,0,0,0,0,0.151728,0.403800639,0.076063541,0.007108771,0
16,215,5.798,1099.208254,69531.83857,0,0,0,0,0,0,0,0,0,0,0,9.094257285,0.076063541,0.007108771,0
16,215,5.798,1099.208254,69531.83857,0,0,0,0,0,0.7814,0,0,0,0,0.30174,7.61406159,0.076063541,0.007108771,0
16,215,5.798,1099.208254,69531.83857,0.012671,0,0,0.14311,43.956,0,0,0,0.008333,0,0.151728,1.606459641,0.076063541,0.007108771,0
16,215,5.798,1099.208254,69531.83857,15.2,0,0,0.11797,0.000063,0,0,0,0,0,45.663,8.153142895,0.076063541,0.007108771,0
16,215,5.798,1099.208254,69531.83857,0.16397,0,0,0,0.14105,0,0,0,0,0,1.84839,6.438851272,0.076063541,0.007108771,0
16,215,5.798,1099.208254,69531.83857,4.3384,0,0,0,1.2208,0,0,0,0,0,10.3692,1.926287639,0.076063541,0.007108771,0
16,215,5.798,1099.208254,69531.83857,0,0,0,0,0,2.7565,0,0,0,0,0,4.748825638,0.076063541,0.007108771,0
16,215,5.798,1099.208254,69531.83857,0,0,0,0,0,0,0,0,0,0,1.88184,20.03672595,0.076063541,0.007108771,0
16,215,5.798,1099.208254,69531.83857,0.15712,0,1.4218,0,0,0,0,0,0,0,0.151728,1.458846718,0.076063541,0.007108771,0
16,215,5.798,1099.208254,69531.83857,0.008333,0,0,0.002011,0,0,0.13028,0,0,0,0.151728,8.643285575,0.076063541,0.007108771,0
16,215,5.798,1099.208254,69531.83857,0,0,0,0,1.2446,0.77921,0,0,0,0,0,1.629841853,0.076063541,0.007108771,0
16,215,5.798,1099.208254,69531.83857,0,0,0,0,0.008333,0,0,0,0,0,0.151728,0.51278208,0.076063541,0.007108771,0
16,215,5.798,1099.208254,69531.83857,0.032537,0,0,0,0.027306,0,0,0,0,0,2.39871,3.27635624,0.076063541,0.007108771,0
16,215,5.798,1099.208254,69531.83857,0.018381,0,0,0,0,0,0,0,0,0,1.17966,3.37110503,0.076063541,0.007108771,0
16,215,5.798,1099.208254,69531.83857,0.008333,0,0,0.007102,0,0.006508,0,0,0,0,4.1568,5.721119019,0.076063541,0.007108771,0
16,215,5.798,1099.208254,69531.83857,0.034133,0,0,0.001669,0,0,0,0,0,0,0,4.862686845,0.076063541,0.007108771,0
16,215,5.798,1099.208254,69531.83857,0,0,0,0,0,0,0,0,0,0,2.06073,0.533114438,0.076063541,0.007108771,0
16,215,5.798,1099.208254,69531.83857,0,0,0,44.381,0,0,0,0,0,0,0,5.721119019,0.076063541,0.007108771,0
16,215,5.798,1099.208254,69531.83857,0.008335,0,0,0.1964,0,0.79321,0,0,0,0,3.8823,81.9106449,0.076063541,0.007108771,0
16,215,5.798,1099.208254,69531.83857,16.603,0,0,0.0074133,0.0014495,5.6833,0,0,0,0,45.663,2.742428507,0.076063541,0.007108771,0
16,215,5.798,1099.208254,69531.83857,2.7267,0,0,0,1.2845,0,0,0,0,0,19.2864,6.438851272,0.076063541,0.007108771,0
16,215,5.798,1099.208254,69531.83857,47.536,0,0,0,0,0,0.13028,3.1563,0,0,5.6418,6.85281809,0.076063541,0.007108771,0
16,215,5.798,1099.208254,69531.83857,0.038936,0,0,0,0,0,0,0,0,0,2.73105,3.37110503,0.076063541,0.007108771,0
16,215,5.798,1099.208254,69531.83857,0.001309,0,0,0.008333,0,0,0,0,0,0,7.2051,4.748825638,0.076063541,0.007108771,0
16,215,5.798,1099.208254,69531.83857,0.008333,0,0,0,0,0,0,0,0,0,0.151728,7.432290306,0.076063541,0.007108771,0
16,215,5.798,1099.208254,69531.83857,0,0,0,0,3.5933,0,9.1898,0,0,0,0.151728,3.50611189,0.076063541,0.007108771,0
16,215,5.798,1099.208254,69531.83857,49.011,0,0,0,0.008335,0,0.13028,0,0,0,0.151728,3.370698383,0.076063541,0.007108771,0
16,215,5.798,1099.208254,69531.83857,2.2494,0,0,0.003821,0,0,0,0,0,0,0.151728,8.563989377,0.076063541,0.007108771,0
16,215,5.798,1099.208254,69531.83857,0.012154,0,0,0,0.0001875,0,0,0,0,0,0.151728,34.6982593,0.076063541,0.007108771,0
16,215,5.798,1099.208254,69531.83857,0,0,0,0,0,0.79321,0,0,0,0,10.1169,2.282103912,0.076063541,0.007108771,0
16,215,5.798,1099.208254,69531.83857,0.008335,0,0,0.0065058,0,0.0003,0,0,0,0,0.271728,1.926287639,0.076063541,0.007108771,0
16,215,5.798,1099.208254,69531.83857,0.008333,0,0,0,0.00524,0,0,0,0,0,53.889,0.677067536,0.076063541,0.007108771,0
16,215,5.798,1099.208254,69531.83857,0.002598,0,0,0,0,0,0,0,0,0,0,19.16080795,0.076063541,0.007108771,0
16,215,5.798,1099.208254,69531.83857,0.008333,0,0,0,0,0.012727,0,0,0,0,0.151728,4.862686845,0.076063541,0.007108771,0
16,215,5.798,1099.208254,69531.83857,0,0,0,0,0,0,0,0,0,0,0,2.473634728,0.076063541,0.007108771,0
16,215,5.798,1099.208254,69531.83857,0,0,0,0,0,0.77921,0,0,0,0,0.151728,2.550491043,0.076063541,0.007108771,0
16,215,5.798,1099.208254,69531.83857,0.00524,0,0,0,0.00524,0,0,0,0,0,2.7027,2.550491043,0.076063541,0.007108771,0
17,216,3.958,1099.277684,69536.23042,2.2987,0,0,0.62945,0,0,0,0,0,0,0,0.99739448,0.074240502,0.006938393,0
17,216,3.958,1099.277684,69536.23042,0.030381,0,0,0.005341,0,0,0,0,0,0,2.76468,1.035375756,0.074240502,0.006938393,0
17,216,3.958,1099.277684,69536.23042,0,0,0,0,0,0,0,0,0,0,1.63956,17.60572724,0.074240502,0.006938393,0
17,216,3.958,1099.277684,69536.23042,0,0,0,0,0.0056,0,0,0,0,0,0.151728,15.12102526,0.074240502,0.006938393,0
17,216,3.958,1099.277684,69536.23042,10.582,0,0,0,0,0,0.13028,0,0,0,0,2.124635517,0.074240502,0.006938393,0
17,216,3.958,1099.277684,69536.23042,0,0,0,0,0,0,0,0,0,0,0.151728,17.60572724,0.074240502,0.006938393,0
17,216,3.958,1099.277684,69536.23042,0,0,0,0,0,0,0.059897,0,0,0,0.181728,1.035375756,0.074240502,0.006938393,0
17,216,3.958,1099.277684,69536.23042,0,0,0,0.00062,0.63967,0,0,0,0,0,0.151728,0.301225485,0.074240502,0.006938393,0
17,216,3.958,1099.277684,69536.23042,0.008333,0,0,0.017238,0.003538,0,0,0,0,0,0.151728,2.474804353,0.074240502,0.006938393,0
17,216,3.958,1099.277684,69536.23042,0,0,0,0.0088426,0,0,0,0,0,0,0.151728,11.33524931,0.074240502,0.006938393,0
17,216,3.958,1099.277684,69536.23042,0,0,0,0,0,0,0,0,0,0,0,6.472102045,0.074240502,0.006938393,0
17,216,3.958,1099.277684,69536.23042,0.008333,0,0,0.008333,0.003821,0,0,0,0,0,5.0406,15.12102526,0.074240502,0.006938393,0
17,216,3.958,1099.277684,69536.23042,1.1189,0,0,0,0,0,0,0,1.1905,0,0,3.237208988,0.074240502,0.006938393,0
17,216,3.958,1099.277684,69536.23042,0.008333,0,0,0,0,0,0,0,0,0,1.17966,3.789481443,0.074240502,0.006938393,0
17,216,3.958,1099.277684,69536.23042,0,0,0,6.6309,0.002868,0,0,0,0,0,19.2864,0.085689464,0.074240502,0.006938393,0
17,216,3.958,1099.277684,69536.23042,5.2762,0,0,0.008265,0,0,0,0,0,0,4.4358,2.124635517,0.074240502,0.006938393,0
17,216,3.958,1099.277684,69536.23042,0,0,0,0,3.969,15.927,0,0,0,0,0.151728,0.301225485,0.074240502,0.006938393,0
17,216,3.958,1099.277684,69536.23042,0.005239,0,0,0,0,0,0,0,0,0,0.286419,3.789481443,0.074240502,0.006938393,0
17,216,3.958,1099.277684,69536.23042,0.008333,0,0,0.030964,0,0,0.13028,0,0,0,1.33368,2.474804353,0.074240502,0.006938393,0
17,216,3.958,1099.277684,69536.23042,0,0,0,0,0,0,0,0,0,0,0,0.219704697,0.074240502,0.006938393,0
17,216,3.958,1099.277684,69536.23042,0.070781,0,0,5.7154,0,0,0,0,9.462,0,0,0.301225485,0.074240502,0.006938393,0
17,216,3.958,1099.277684,69536.23042,0.19687,0,0.001434,0,0,0.00158,0,0,0,0,0.278703,1.035375756,0.074240502,0.006938393,0
17,216,3.958,1099.277684,69536.23042,0.018338,0,0,0,0,0,0,0,0,0,0.67983,3.789481443,0.074240502,0.006938393,0
17,216,3.958,1099.277684,69536.23042,0.0094073,0,0,0,0,0,0,0,0,0,7.8318,1.651413523,0.074240502,0.006938393,0
17,216,3.958,1099.277684,69536.23042,0,0,0,1.6635,24.77,0,0,0,0,0,2.28174,0.219704697,0.074240502,0.006938393,0
17,216,3.958,1099.277684,69536.23042,1.8115,0,0,0.84472,0,0,0,0,0,0,5.0406,0.301225485,0.074240502,0.006938393,0
17,216,3.958,1099.277684,69536.23042,0.012154,0,0,0,0.000688,0,0,0,0,0,0.33174,0.99739448,0.074240502,0.006938393,0
17,216,3.958,1099.277684,69536.23042,0,0,0,0.008333,0,0,0.13028,0,0,0,34.539,3.237208988,0.074240502,0.006938393,0
17,216,3.958,1099.277684,69536.23042,0.005769,0,0,9.2817,0,0.56312,0,0,0,0,14.8218,2.124635517,0.074240502,0.006938393,0
17,216,3.958,1099.277684,69536.23042,0,0,0,0,0,0,0.13028,0,0,0,10.6086,143.9831763,0.074240502,0.006938393,0
17,216,3.958,1099.277684,69536.23042,1.7403,0,0,0,0,0,0,0,0,0,0,0.219704697,0.074240502,0.006938393,0
17,216,3.958,1099.277684,69536.23042,0,0,0,0.007148,3.9118,0,0,0,0,0,0.151728,15.12102526,0.074240502,0.006938393,0
17,216,3.958,1099.277684,69536.23042,1.5374,0,0,0,0.67362,0,0,0,0,0,0.151728,0.99739448,0.074240502,0.006938393,0
17,216,3.958,1099.277684,69536.23042,0,0,0,0.040507,0,0,0,0,0,0,1.08339,2.474804353,0.074240502,0.006938393,0
17,216,3.958,1099.277684,69536.23042,0.001434,0,0,0,2.9298,0,0,0,0,0,0.78999,1.651413523,0.074240502,0.006938393,0
17,216,3.958,1099.277684,69536.23042,0,0,0,2.0817,0.16189,0,0,0,0,0,43.602,1.035375756,0.074240502,0.006938393,0
17,216,3.958,1099.277684,69536.23042,0.12208,0,0,8.8181,0,9.7428,0,0,0,0,2.34429,4.278895437,0.074240502,0.006938393,0
17,216,3.958,1099.277684,69536.23042,0,0,0,0,0,1.3521,0,0,0,0,0.151728,3.789481443,0.074240502,0.006938393,0
17,216,3.958,1099.277684,69536.23042,0.0067817,0,0.92408,2.1625,0,0,0,0,0,0,0.151728,3.789481443,0.074240502,0.006938393,0
17,216,3.958,1099.277684,69536.23042,55.389,0,0,208.31,0,0,0,0,0,0,0,45.52343809,0.074240502,0.006938393,0
17,216,3.958,1099.277684,69536.23042,36.159,0,0,0,0.14993,0,0,0,0,0,0.279489,0.541773565,0.074240502,0.006938393,0
17,216,3.958,1099.277684,69536.23042,0.070781,0,0,4.4534,0,0,0.021726,0,0,0,4.5897,13.06734301,0.074240502,0.006938393,0
17,216,3.958,1099.277684,69536.23042,0,0,0,0,0,0,0,0,0,0,0.151728,2.124635517,0.074240502,0.006938393,0
17,216,3.958,1099.277684,69536.23042,0,0,0,0,0.17103,0,0,0,0,0,6.102,0.301225485,0.074240502,0.006938393,0
17,216,3.958,1099.277684,69536.23042,0.067102,0,0,2.3519,0,0,0,0,0,0,0,0.085689464,0.074240502,0.006938393,0
17,216,3.958,1099.277684,69536.23042,15.758,0,0,45.052,0.003346,0,0,0.001054,0,0,0.151728,15.12102526,0.074240502,0.006938393,0
17,216,3.958,1099.277684,69536.23042,0.008333,0,0,0.029402,0.65463,0.99064,0,0,0,0,1.57179,15.12102526,0.074240502,0.006938393,0
17,216,3.958,1099.277684,69536.23042,0.016638,0,0,0,0,0,0,0.94614,0,0,0,6.472102045,0.074240502,0.006938393,0
17,216,3.958,1099.277684,69536.23042,0.008333,0,0,0.008333,5.2021,0,0,0,0,0,0.37014,22.79016382,0.074240502,0.006938393,0
17,216,3.958,1099.277684,69536.23042,0,0,0,3.325,0.018484,0,0,0,0,0,0.273384,0.085689464,0.074240502,0.006938393,0
17,216,3.958,1099.277684,69536.23042,0.21588,0,0,52.922,0.005239,0,0,0,0,0,4.2768,0.301225485,0.074240502,0.006938393,0
17,216,3.958,1099.277684,69536.23042,0,0,0,0.65046,0,0,0,0,0,0,9.7158,143.9831763,0.074240502,0.006938393,0
17,216,3.958,1099.277684,69536.23042,0,0,0,0,0,0,9.039,0,0,0,2.10972,0.085689464,0.074240502,0.006938393,0
17,216,3.958,1099.277684,69536.23042,0,0,0,0.2491,0,0,0,0,0,0,0.151728,15.12102526,0.074240502,0.006938393,0
17,216,3.958,1099.277684,69536.23042,0.039743,0,0,0,0,0,0,0,0,0,10.3692,13.06734301,0.074240502,0.006938393,0
17,216,3.958,1099.277684,69536.23042,0,0,0,0,0,0,0,0,0,0,0.151728,3.237208988,0.074240502,0.006938393,0
17,216,3.958,1099.277684,69536.23042,7.1589,0,0,0.34605,0,0,0,0,0,0,0,2.474804353,0.074240502,0.006938393,0
17,216,3.958,1099.277684,69536.23042,0,0,0,0.27563,6.2079,0,0,0,0,0,107.403,63.91433386,0.074240502,0.006938393,0
17,216,3.958,1099.277684,69536.23042,189.16,0,0,1.3632,0.025169,0,0,0,0,0,4.0518,1.651413523,0.074240502,0.006938393,0
17,216,3.958,1099.277684,69536.23042,0.008335,0,0,0.002011,0,0,0,0,0,0,0.151728,0.301225485,0.074240502,0.006938393,0
17,216,3.958,1099.277684,69536.23042,0.40788,0,0,0,0.27367,0,0,0,0,0,3.0075,4.278895437,0.074240502,0.006938393,0
17,216,3.958,1099.277684,69536.23042,0,0,0,0,0.090777,0,0,0,0,0,22.7118,0.219704697,0.074240502,0.006938393,0
17,216,3.958,1099.277684,69536.23042,2.1165,0,0,1.0205,0.61065,0,0,0,0,0,0,3.237208988,0.074240502,0.006938393,0
17,216,3.958,1099.277684,69536.23042,0,0,0,0,0,0,0,0,0,0,0,0.301225485,0.074240502,0.006938393,0
17,216,3.958,1099.277684,69536.23042,0.0094528,0,0,0,0,0,0,0,0,0,0.151728,0.99739448,0.074240502,0.006938393,0
17,216,3.958,1099.277684,69536.23042,0.0059398,0,0,27.797,0,0,0,0,0,0,0.151728,11.33524931,0.074240502,0.006938393,0
17,216,3.958,1099.277684,69536.23042,185.11,0,0,0,0,0,385.54,0,0,0,12.8901,2.124635517,0.074240502,0.006938393,0
17,216,3.958,1099.277684,69536.23042,0,0,0,0,0,0,0,0,0,0,0,2.474804353,0.074240502,0.006938393,0
17,216,3.958,1099.277684,69536.23042,0,0,0.81835,0.008333,0,0,0,0,0,0,23.5818,3.789481443,0.074240502,0.006938393,0
17,216,3.958,1099.277684,69536.23042,0.001478,0,0,0,0,0,0,0,0,0,0.151728,0.99739448,0.074240502,0.006938393,0
17,216,3.958,1099.277684,69536.23042,0.002031,0,0,0.005341,0,0.000012,0,0,0,0,1.98174,1.035375756,0.074240502,0.006938393,0
17,216,3.958,1099.277684,69536.23042,1.7741,0,0,0,0,0,0,0,0,0,0,0.301225485,0.074240502,0.006938393,0
17,216,3.958,1099.277684,69536.23042,0.01048,0,0,0,0,0.77921,0,0,0,0,0.9426,1.651413523,0.074240502,0.006938393,0
17,216,3.958,1099.277684,69536.23042,0,0,0,0,0.73688,0,0.059897,0,0.000688,0,1.10577,3.237208988,0.074240502,0.006938393,0
17,216,3.958,1099.277684,69536.23042,4.616,0,0,0.026311,0,0,0,0,0,0,66.003,143.9831763,0.074240502,0.006938393,0
17,216,3.958,1099.277684,69536.23042,0.7988,0,0,0.001493,0,9.3295,0,0,0,0,0.78999,11.68233493,0.074240502,0.006938393,0
17,216,3.958,1099.277684,69536.23042,0,0,0,0.45906,0,0,0,0,0,0,0.151728,0.219704697,0.074240502,0.006938393,0
17,216,3.958,1099.277684,69536.23042,0.0068619,0,0,0,0.0022594,0,0,0,0,0,0,10.04744876,0.074240502,0.006938393,0
17,216,3.958,1099.277684,69536.23042,0.008333,0,0,0.008333,0,0.77921,0.13028,0,0,0,0.151728,15.12102526,0.074240502,0.006938393,0
17,216,3.958,1099.277684,69536.23042,0,0,0,0.0068531,0,0,0,0,0,0,0,15.12102526,0.074240502,0.006938393,0
17,216,3.958,1099.277684,69536.23042,0,0,0,0.014043,0.000376,0,0.42744,0,0,0,0,0.085689464,0.074240502,0.006938393,0
17,216,3.958,1099.277684,69536.23042,0,0,0,2.1757,0,0.001185,0,0,0,0,9.4383,0.423815456,0.074240502,0.006938393,0
17,216,3.958,1099.277684,69536.23042,6.2048,0,0,0,6.2437,0,0,0,0,0,0.151728,0.085689464,0.074240502,0.006938393,0
17,216,3.958,1099.277684,69536.23042,0,0,0,0.014341,0,0,0,0,0,0,73.296,0.085689464,0.074240502,0.006938393,0
17,216,3.958,1099.277684,69536.23042,0,0,0,0,14.269,0,0,0,0,0,0.151728,1.651413523,0.074240502,0.006938393,0
17,216,3.958,1099.277684,69536.23042,0,0,0,0,0,0,0,0,0,0,44.073,0.99739448,0.074240502,0.006938393,0
17,216,3.958,1099.277684,69536.23042,0.17962,0,0,7.5633,0.008333,0,0,0,0,0,0.280446,0.301225485,0.074240502,0.006938393,0
17,216,3.958,1099.277684,69536.23042,0,0,0,0,0,0,0,0,0,0,0.151728,1.651413523,0.074240502,0.006938393,0
17,216,3.958,1099.277684,69536.23042,0.008333,0,0,0.007251,0.05414,0,0,0,0,0,1.65174,6.472102045,0.074240502,0.006938393,0
17,216,3.958,1099.277684,69536.23042,0,0,0,0,0.018282,0,0,0,0,0,0.151728,0.219704697,0.074240502,0.006938393,0
17,216,3.958,1099.277684,69536.23042,0.002139,0,0,0,0,0,0,0,0,0,24.5118,0.99739448,0.074240502,0.006938393,0
17,216,3.958,1099.277684,69536.23042,0,0,0,0,0,0,0,0,0,0,0,10.04744876,0.074240502,0.006938393,0
17,216,3.958,1099.277684,69536.23042,0.00524,0,0,0,0,0,0.42744,0,0,0,0,0.301225485,0.074240502,0.006938393,0
17,216,3.958,1099.277684,69536.23042,0.002031,0,0,0,0,0,0,0,0,0,0,15.12102526,0.074240502,0.006938393,0
17,216,3.958,1099.277684,69536.23042,1.7741,0,0,0,0,0.97535,0,0,0,0,2.66157,0.423815456,0.074240502,0.006938393,0
17,216,3.958,1099.277684,69536.23042,0.007221,0,0,4.3441,0,0,0,0,0,0,0.151728,2.124635517,0.074240502,0.006938393,0
17,216,3.958,1099.277684,69536.23042,0,0,0,0,0,0,0,0,0,0,0,3.237208988,0.074240502,0.006938393,0
17,216,3.958,1099.277684,69536.23042,0.00524,0,0,0,0.3855,1.2883,0,0,0,0,0,15.12102526,0.074240502,0.006938393,0
17,216,3.958,1099.277684,69536.23042,0.15712,0,0,835.4,2.8291,0.005269,0.059897,0,0,0,0.88596,15.12102526,0.074240502,0.006938393,0
17,216,3.958,1099.277684,69536.23042,0.018235,0,0,0,0,0,0,0,0,0,9.6318,0.219704697,0.074240502,0.006938393,0
17,216,3.958,1099.277684,69536.23042,0,0,0,12.69,0,0,45.746,0,0,0,0.86343,0.541773565,0.074240502,0.006938393,0
17,216,3.958,1099.277684,69536.23042,0,0,0.21206,0.002868,0,0,0,0,0,0,0.151728,15.12102526,0.074240502,0.006938393,0
17,216,3.958,1099.277684,69536.23042,0.008333,0,0,0.042858,0,0,0,0,0,0,6.8079,1.035375756,0.074240502,0.006938393,0
17,216,3.958,1099.277684,69536.23042,2.1165,0,0,8.1583,0.4786,0.077537,0,0,0,0,0.78174,1.651413523,0.074240502,0.006938393,0
17,216,3.958,1099.277684,69536.23042,0.90611,0,0,4.1588,0,0,0,0,0,0,3.4818,0.541773565,0.074240502,0.006938393,0
17,216,3.958,1099.277684,69536.23042,0,0,0,0,0,0.50544,0,0,0,0,81.042,0.423815456,0.074240502,0.006938393,0
17,216,3.958,1099.277684,69536.23042,0.001326,0,0,0,0,2.0442,0,0,0,0,0,1.035375756,0.074240502,0.006938393,0
17,216,3.958,1099.277684,69536.23042,0,0,0,0,1.1676,0,0,0,0,0,0.151728,0.99739448,0.074240502,0.006938393,0
17,216,3.958,1099.277684,69536.23042,0,0,0,0,3.2358,0,0,0,0,0,7.8318,15.12102526,0.074240502,0.006938393,0
17,216,3.958,1099.277684,69536.23042,0.019305,0,0,0,0.001669,0,0,0,0,0,0.151728,1.651413523,0.074240502,0.006938393,0
17,216,3.958,1099.277684,69536.23042,8.6108,0,0,45.052,0.002741,0,47.395,0,0,0,58.353,0.423815456,0.074240502,0.006938393,0
17,216,3.958,1099.277684,69536.23042,0,0,0,0,0,0.13286,0,0,0,0,4.6158,0.301225485,0.074240502,0.006938393,0
17,216,3.958,1099.277684,69536.23042,0.72108,0,0,0.008335,0,0,0,0,0,0,23.5818,6.495762651,0.074240502,0.006938393,0
17,216,3.958,1099.277684,69536.23042,0.019305,0,0,0,27.763,0,35.561,0,0,0,11.6058,25.71929039,0.074240502,0.006938393,0
17,216,3.958,1099.277684,69536.23042,0.004143,0,0,5.4764,0.000124,0,0,0,0,0,0.271728,2.474804353,0.074240502,0.006938393,0
17,216,3.958,1099.277684,69536.23042,0.015764,0,0,0.00524,0.011526,0,0,0,0,0,0.151728,4.278895437,0.074240502,0.006938393,0
17,216,3.958,1099.277684,69536.23042,0.08383,0,0,0,0,0,0,0,0,0,0,0.219704697,0.074240502,0.006938393,0
17,216,3.958,1099.277684,69536.23042,2.0814,0,0,0,6.2079,0,0,0,0,0,0.75903,0.219704697,0.074240502,0.006938393,0
17,216,3.958,1099.277684,69536.23042,0,0,0,0,0,0,0,0,0,0,9.7158,3.789481443,0.074240502,0.006938393,0
17,216,3.958,1099.277684,69536.23042,0.063798,0,0,0,0,2.2708,0,0,0,0,18.0318,2.124635517,0.074240502,0.006938393,0
17,216,3.958,1099.277684,69536.23042,3.8421,0,0,0,0,0,0,0,0,0,0,6.472102045,0.074240502,0.006938393,0
17,216,3.958,1099.277684,69536.23042,0.91229,0,0,0,0,0,0,0,0,0,0.181728,11.33524931,0.074240502,0.006938393,0
17,216,3.958,1099.277684,69536.23042,7.1589,0,0,0,0,0,705.16,0,0,0,68.145,15.12102526,0.074240502,0.006938393,0
17,216,3.958,1099.277684,69536.23042,5.0534,0,5.2658,0.071721,0,0,0.021726,0,0,0,0,13.06734301,0.074240502,0.006938393,0
17,216,3.958,1099.277684,69536.23042,0,0,0,0.0093259,0.14172,0,0,0,0,0,13.1718,15.12102526,0.074240502,0.006938393,0
17,216,3.958,1099.277684,69536.23042,0.67499,0,0,0,0,0,0,0,0,0,0.151728,2.474804353,0.074240502,0.006938393,0
17,216,3.958,1099.277684,69536.23042,0,0,0,32.687,211.21,0,0,0,0,0,9.4467,0.301225485,0.074240502,0.006938393,0
17,216,3.958,1099.277684,69536.23042,0,0,0,0,0.026162,0,0,0,0,0,29.2218,0.99739448,0.074240502,0.006938393,0
17,216,3.958,1099.277684,69536.23042,0,0,0,0,0,0,0,0,0,0,29.4918,13.06734301,0.074240502,0.006938393,0
17,216,3.958,1099.277684,69536.23042,0.028169,0,0,0.38795,0.021907,0,0,0,0,0,68.145,25.71929039,0.074240502,0.006938393,0
17,216,3.958,1099.277684,69536.23042,0.041249,0,0,0,0,0,0.80877,0,0,0,2.94174,0.541773565,0.074240502,0.006938393,0
17,216,3.958,1099.277684,69536.23042,7.1711,0,0,0,0,0,0,0,0,0,0,11.33524931,0.074240502,0.006938393,0
17,216,3.958,1099.277684,69536.23042,1.7403,0,0,0,0,0,0,0,0,0,2.93637,3.237208988,0.074240502,0.006938393,0
17,216,3.958,1099.277684,69536.23042,0,0,1.7757,0,0,0,0,0,0,0,0,6.472102045,0.074240502,0.006938393,0
17,216,3.958,1099.277684,69536.23042,1.2325,0,0,0.00524,0,0,0,0,0,0,34.872,0.301225485,0.074240502,0.006938393,0
17,216,3.958,1099.277684,69536.23042,0.08383,0,0,0,10.721,0,0,0,0,0,8.6688,2.124635517,0.074240502,0.006938393,0
17,216,3.958,1099.277684,69536.23042,0,0,0,0,0,0,0,0,0,0,0.151728,0.301225485,0.074240502,0.006938393,0
17,216,3.958,1099.277684,69536.23042,0.007221,0,0,0,0,0,0.13028,0,0,0,0,2.124635517,0.074240502,0.006938393,0
17,216,3.958,1099.277684,69536.23042,0.39409,0,0,11.876,0,0,0,0,0,0,0,2.474804353,0.074240502,0.006938393,0
17,216,3.958,1099.277684,69536.23042,0.007148,0,0,0,0,0,0,0,0,0,0,3.237208988,0.074240502,0.006938393,0
17,216,3.958,1099.277684,69536.23042,0,0,0,0,0,0,0,0,0,0,0.280446,4.278895437,0.074240502,0.006938393,0
17,216,3.958,1099.277684,69536.23042,0,0,0,1.9259,1.6408,0,0,0,0,0,60.207,10.04744876,0.074240502,0.006938393,0
17,216,3.958,1099.277684,69536.23042,0,0,0,0,0.008333,0,0,0,0,0,0,2.474804353,0.074240502,0.006938393,0
17,216,3.958,1099.277684,69536.23042,0,0,0,0,0.030662,0,0.13028,0,0,0,0,2.007567612,0.074240502,0.006938393,0
17,216,3.958,1099.277684,69536.23042,0,0,0,0.0088426,1.6602,0,0,0,0,0,0.48174,0.99739448,0.074240502,0.006938393,0
17,216,3.958,1099.277684,69536.23042,0.015379,0,0,0.22843,6.9699,0,0,0,0,0,0.151728,2.474804353,0.074240502,0.006938393,0
17,216,3.958,1099.277684,69536.23042,3.8952,0,0,0,0,0,0,0,0,0,8.172,0.541773565,0.074240502,0.006938393,0
17,216,3.958,1099.277684,69536.23042,0,0,0,9.9,0,0,0,0,0,0,0,0.219704697,0.074240502,0.006938393,0
17,216,3.958,1099.277684,69536.23042,0.007221,0,0,7.7379,0.00524,0,0,0,0,0,7.2312,2.474804353,0.074240502,0.006938393,0
17,216,3.958,1099.277684,69536.23042,0,0,0,0,1.649,0,0,0,0,0,0.151728,2.124635517,0.074240502,0.006938393,0
17,216,3.958,1099.277684,69536.23042,0.008333,0,0,4.5651,0,0,0,0,0,0,1.52439,0.219704697,0.074240502,0.006938393,0
17,216,3.958,1099.277684,69536.23042,0.22048,0,0,0,0.005239,0,0,0,0,0,32.442,11.68233493,0.074240502,0.006938393,0
17,216,3.958,1099.277684,69536.23042,0,0,2.4356,0,0,0,0.76779,0,0,0,151.038,0.301225485,0.074240502,0.006938393,0
17,216,3.958,1099.277684,69536.23042,0,0,0,0,0,0,0,0,0,0,0,143.9831763,0.074240502,0.006938393,0
17,216,3.958,1099.277684,69536.23042,0.00753,0,0,0,1.1866,0,0,0,0,0,0.151728,3.789481443,0.074240502,0.006938393,0
17,216,3.958,1099.277684,69536.23042,74.841,0,0,0,0,0,0,0,0,0,7.431,1.651413523,0.074240502,0.006938393,0
17,216,3.958,1099.277684,69536.23042,0,0,0,7.1341,0,0,0,0,0,0,0.45174,2.474804353,0.074240502,0.006938393,0
17,216,3.958,1099.277684,69536.23042,0,0,0,0,0,0,0,0,0,0,2.61366,0.219704697,0.074240502,0.006938393,0
17,216,3.958,1099.277684,69536.23042,0.005769,0,0,0.008336,0,7.8317,0,0,0,0,0.70485,0.219704697,0.074240502,0.006938393,0
17,216,3.958,1099.277684,69536.23042,0,0,0,0,0,0,0,0,0,0,0.84174,0.99739448,0.074240502,0.006938393,0
17,216,3.958,1099.277684,69536.23042,0.053886,0,0,0,4.5941,0,0,0,0,0,0.151728,11.33524931,0.074240502,0.006938393,0
17,216,3.958,1099.277684,69536.23042,0.00524,0,0,0,0,0,0,0,0,0,11.682,2.124635517,0.074240502,0.006938393,0
17,216,3.958,1099.277684,69536.23042,0,0,0,0,0.008333,0,0,0,0,0,0.151728,6.472102045,0.074240502,0.006938393,0
17,216,3.958,1099.277684,69536.23042,0,0,0,0,0.007148,0,0,0,0,0,18.3318,15.12102526,0.074240502,0.006938393,0
17,216,3.958,1099.277684,69536.23042,0,0,0,0.75591,0,0,0,0,0,0,0.151728,0.085689464,0.074240502,0.006938393,0
17,216,3.958,1099.277684,69536.23042,0,0,7.7454,0,0,0,0,0,0,0,0.278526,25.71929039,0.074240502,0.006938393,0
17,216,3.958,1099.277684,69536.23042,0,0,0,2.2294,0.10502,0,0,0,0,0,0.181728,2.124635517,0.074240502,0.006938393,0
17,216,3.958,1099.277684,69536.23042,0.005239,0,0,0.00524,0,0,0.13028,0,0,0,0.151728,3.789481443,0.074240502,0.006938393,0
17,216,3.958,1099.277684,69536.23042,0,0,0,0,2.0529,0,0,0,0,0,0.50493,22.79016382,0.074240502,0.006938393,0
17,216,3.958,1099.277684,69536.23042,0.008333,0,0,0,0,0,0,0,0,0,2.93637,0.423815456,0.074240502,0.006938393,0
17,216,3.958,1099.277684,69536.23042,0.004864,0,22.389,0.0021738,0.005239,0.78033,0,0,0,0,0.151728,1.035375756,0.074240502,0.006938393,0
17,216,3.958,1099.277684,69536.23042,0.018338,0,0,0,0,0,0,0,0,0,0.151728,0.99739448,0.074240502,0.006938393,0
17,216,3.958,1099.277684,69536.23042,0.5002,0,0,0,20.177,0,0,0,0,0,0.151728,17.60572724,0.074240502,0.006938393,0
17,216,3.958,1099.277684,69536.23042,0.032101,0,0,0.00524,0.005239,0.0899,0,0,0,0,0,11.33524931,0.074240502,0.006938393,0
17,216,3.958,1099.277684,69536.23042,1.6091,0,0,0,0.14993,0,0,0,0,0,0,0.219704697,0.074240502,0.006938393,0
17,216,3.958,1099.277684,69536.23042,0.00524,0,0,0,3.0408,0,0,0,0,0,0.151728,22.79016382,0.074240502,0.006938393,0
17,216,3.958,1099.277684,69536.23042,11.135,0,0,0,2.439,0,0,0,0,0,27.5562,0.219704697,0.074240502,0.006938393,0
17,216,3.958,1099.277684,69536.23042,0,0,0,1.3632,0.009767,0,0,0,0,0,1.74174,0.301225485,0.074240502,0.006938393,0
17,216,3.958,1099.277684,69536.23042,0,0,0,0.18118,0,0,0,0,0,0,0.286419,0.085689464,0.074240502,0.006938393,0
17,216,3.958,1099.277684,69536.23042,0,0,0,0,0,0,0,0,0,0,1.62018,0.99739448,0.074240502,0.006938393,0
17,216,3.958,1099.277684,69536.23042,0.00524,0,0,0,0.14993,0,0.021726,0,0,0,0.31098,6.472102045,0.074240502,0.006938393,0
17,216,3.958,1099.277684,69536.23042,0.000752,0,0,0,52.779,0,0,0,0,0,0.151728,25.71929039,0.074240502,0.006938393,0
17,216,3.958,1099.277684,69536.23042,0,0,0,0,0.008333,0,0,0,0,0,0,2.474804353,0.074240502,0.006938393,0
17,216,3.958,1099.277684,69536.23042,0,0,0,0.008336,0,0,0,0,0,0,1.21974,2.474804353,0.074240502,0.006938393,0
17,216,3.958,1099.277684,69536.23042,0,0,0,0.012395,0,0,0.42744,0,0,0,0.271128,13.06734301,0.074240502,0.006938393,0
17,216,3.958,1099.277684,69536.23042,0,0,0,0,58.159,0,0,0,0,0,6.4536,1.035375756,0.074240502,0.006938393,0
17,216,3.958,1099.277684,69536.23042,0.002031,0,0,0,0,0,0.059897,0,0,0,0.3897,3.789481443,0.074240502,0.006938393,0
17,216,3.958,1099.277684,69536.23042,0.00524,0,0,0.65046,0,0,0,0,0,0,0,1.651413523,0.074240502,0.006938393,0
17,216,3.958,1099.277684,69536.23042,0.0055799,0,0,0,0.008333,0,0,0,0,0,4.5198,0.423815456,0.074240502,0.006938393,0
17,216,3.958,1099.277684,69536.23042,17.385,0,0,0.002868,1.0192,6.9496,0,0,0,0,0.151728,11.33524931,0.074240502,0.006938393,0
17,216,3.958,1099.277684,69536.23042,0.018338,0,0,0,0.008333,0,0,0,0,0,0.293307,0.423815456,0.074240502,0.006938393,0
17,216,3.958,1099.277684,69536.23042,0,0,0,0,0.008333,0,0,0,0,0,0.276939,2.124635517,0.074240502,0.006938393,0
17,216,3.958,1099.277684,69536.23042,0.00524,0,0,0.0081579,0,0,0,0,0,0,0.151728,22.79016382,0.074240502,0.006938393,0
17,216,3.958,1099.277684,69536.23042,0,0,0.005787,0,0,5.0956,0,0,0,0,1.96911,0.085689464,0.074240502,0.006938393,0
17,216,3.958,1099.277684,69536.23042,0.19687,0,0,0,0.007148,0,0,0,0,0,0,1.651413523,0.074240502,0.006938393,0
17,216,3.958,1099.277684,69536.23042,0.075337,0,0,0,0,0,21.569,0,0,0,0,1.651413523,0.074240502,0.006938393,0
17,216,3.958,1099.277684,69536.23042,0.002868,0,0,0.067813,0,0,0,0,0,0,0.151728,3.789481443,0.074240502,0.006938393,0
17,216,3.958,1099.277684,69536.23042,50.529,0,0,0,0.011131,0,0,0,0,0,0.278526,0.99739448,0.074240502,0.006938393,0
17,216,3.958,1099.277684,69536.23042,0,0,0,0,0,0,0,0,0,0,0.276939,3.789481443,0.074240502,0.006938393,0
17,216,3.958,1099.277684,69536.23042,109.34,0,0,0,0,0,23.902,0,0,0,1.09647,2.474804353,0.074240502,0.006938393,0
17,216,3.958,1099.277684,69536.23042,0,0,0,0,0,0,0.13028,0,0,0,3.4818,6.495762651,0.074240502,0.006938393,0
17,216,3.958,1099.277684,69536.23042,0.00524,0,0.081136,2.0984,0.035884,0,0.13028,0,0,0,0.151728,2.474804353,0.074240502,0.006938393,0
17,216,3.958,1099.277684,69536.23042,0,0,0,0,0.008335,0,0,0,0,0,0,1.651413523,0.074240502,0.006938393,0
17,216,3.958,1099.277684,69536.23042,0.026942,0,0,0,0.93395,1.1312,0,0,0,0,29.4918,2.124635517,0.074240502,0.006938393,0
17,216,3.958,1099.277684,69536.23042,0,0,0.00062,0,0.008333,0,0,0,0,0,11.7102,1.651413523,0.074240502,0.006938393,0
17,216,3.958,1099.277684,69536.23042,0,0,0,0.025929,211.21,0,0,0,0,0,0.151728,0.085689464,0.074240502,0.006938393,0
17,216,3.958,1099.277684,69536.23042,0.00524,0,0,0,0.17103,5.3213,0,0,0,0,1.57179,15.12102526,0.074240502,0.006938393,0
17,216,3.958,1099.277684,69536.23042,0,0,0,56.999,9.3772,0,0,0,0,0,0.151728,1.651413523,0.074240502,0.006938393,0
17,216,3.958,1099.277684,69536.23042,17.385,0,0,0,0.47436,0,0,0,0,0,2.3544,2.474804353,0.074240502,0.006938393,0
17,216,3.958,1099.277684,69536.23042,0,0,0,208.31,0,0,0,0,0,0,0.78174,0.301225485,0.074240502,0.006938393,0
17,216,3.958,1099.277684,69536.23042,0,0,0,0,0.21081,0,0,82.114,0,0,0,0.99739448,0.074240502,0.006938393,0
17,216,3.958,1099.277684,69536.23042,0.10994,0,0,0.000124,3.0251,0.15887,0,0,0,0,0,0.541773565,0.074240502,0.006938393,0
17,216,3.958,1099.277684,69536.23042,2.0814,0,0,0.11621,6.873,0,0,0,0,0,2.7027,25.71929039,0.074240502,0.006938393,0
17,216,3.958,1099.277684,69536.23042,0,0,0,0,0.000251,0,0,0,0,0,13.3746,11.33524931,0.074240502,0.006938393,0
17,216,3.958,1099.277684,69536.23042,0,0,0,0,0.060787,0,0,0,0,0,0.33174,11.33524931,0.074240502,0.006938393,0
17,216,3.958,1099.277684,69536.23042,0,0,0,2.0984,0,0,0,0,0,0,0,3.237208988,0.074240502,0.006938393,0
17,216,3.958,1099.277684,69536.23042,1.8709,0,0.78602,0,0.00524,0,0,0,0,0,107.403,1.651413523,0.074240502,0.006938393,0
17,216,3.958,1099.277684,69536.23042,0.16583,0,0,4.4534,0.005239,0,0,0,0,0,0.151728,0.541773565,0.074240502,0.006938393,0
17,216,3.958,1099.277684,69536.23042,0,0,0,6.4627,0,0,0,0,0,0,2.39871,0.301225485,0.074240502,0.006938393,0
17,216,3.958,1099.277684,69536.23042,2.2494,0,0,4.0096,0,0.18827,0,0,0,0,0,3.789481443,0.074240502,0.006938393,0
17,216,3.958,1099.277684,69536.23042,0,0,0,0,0,0,0,0,0,0,0.151728,1.035375756,0.074240502,0.006938393,0
17,216,3.958,1099.277684,69536.23042,0,0,8.8652,0.002741,0,0,0,0,0,0,30.885,15.12102526,0.074240502,0.006938393,0
17,216,3.958,1099.277684,69536.23042,51.143,0,0,0.0083909,0,0,0,0,0,0,8.5434,2.124635517,0.074240502,0.006938393,0
17,216,3.958,1099.277684,69536.23042,0.005239,0,0,0,0.003346,0,0,0,0,0,0,2.124635517,0.074240502,0.006938393,0
17,216,3.958,1099.277684,69536.23042,0.003295,0,0,0.00524,0,0,0.67053,0,0,0,46.293,2.474804353,0.074240502,0.006938393,0
17,216,3.958,1099.277684,69536.23042,1.7403,0,0,0,20.653,0.13286,0.13028,0,0,0,0,2.474804353,0.074240502,0.006938393,0
17,216,3.958,1099.277684,69536.23042,0,0,0,0,0.009056,0,0,0,0,0,0,0.301225485,0.074240502,0.006938393,0
17,216,3.958,1099.277684,69536.23042,0.011203,0,0,0,0,0,0,0,0,0,0,0.301225485,0.074240502,0.006938393,0
17,216,3.958,1099.277684,69536.23042,53.36,0,0,0,0,0.77921,0,0,0,0,0.151728,63.91433386,0.074240502,0.006938393,0
17,216,3.958,1099.277684,69536.23042,0.00524,0,0,0.01836,0,0,0.88059,0,0,0,0,2.474804353,0.074240502,0.006938393,0
17,216,3.958,1099.277684,69536.23042,0.002096,0,0,0,0,4.2572,0,0,0,0,0,3.789481443,0.074240502,0.006938393,0
17,216,3.958,1099.277684,69536.23042,0,0,0,0,0,0,0,0,0,0,0,11.33524931,0.074240502,0.006938393,0
17,216,3.958,1099.277684,69536.23042,15.105,0,0,0,1.3821,0,0,0,0,0,0,22.79016382,0.074240502,0.006938393,0
17,216,3.958,1099.277684,69536.23042,0,0,0,0.077265,1.2208,0.7872,0.74966,0,0,0,8.5524,13.06734301,0.074240502,0.006938393,0
17,216,3.958,1099.277684,69536.23042,0.008333,0,0,0,0,0,0,0,0,0,0,15.12102526,0.074240502,0.006938393,0
17,216,3.958,1099.277684,69536.23042,0.001309,0,0,0.9504,0.007148,0,0,0,0,0,63.09,6.472102045,0.074240502,0.006938393,0
17,216,3.958,1099.277684,69536.23042,0.85316,0,0,0.008335,0,0.10003,0,0,0,0,38.517,0.99739448,0.074240502,0.006938393,0
17,216,3.958,1099.277684,69536.23042,36.945,0,0,73.41,0,0,0,0,0,0,28.1349,15.12102526,0.074240502,0.006938393,0
17,216,3.958,1099.277684,69536.23042,50.278,0,0,0,0,0,0,0,0,0,5.1447,1.651413523,0.074240502,0.006938393,0
17,216,3.958,1099.277684,69536.23042,0,0,0,0,0,0,0,0,0,0,6.108,0.219704697,0.074240502,0.006938393,0
17,216,3.958,1099.277684,69536.23042,0.70554,0,0,0,1.1866,0,0,0,0,0,16.4517,6.495762651,0.074240502,0.006938393,0
17,216,3.958,1099.277684,69536.23042,0.00036,0,0,2.0817,0,0,0,0,0,0,6.5418,10.04744876,0.074240502,0.006938393,0
17,216,3.958,1099.277684,69536.23042,0.043527,0,0,0,0.023106,0,0,0,0,0,0.151728,0.085689464,0.074240502,0.006938393,0
17,216,3.958,1099.277684,69536.23042,0.005979,0,0,0,0.52251,0,0,0,0,0,0.151728,0.423815456,0.074240502,0.006938393,0
17,216,3.958,1099.277684,69536.23042,7.1589,0,0,0.38795,0.00524,0,9.569,1.1586,0,0,35.547,11.33524931,0.074240502,0.006938393,0
17,216,3.958,1099.277684,69536.23042,0.023275,0,0.10956,0,0,0,0,0,0,0,0.151728,0.219704697,0.074240502,0.006938393,0
17,216,3.958,1099.277684,69536.23042,0,0,0,0,0.008333,0,0.13028,0,0,0,0.151728,2.124635517,0.074240502,0.006938393,0
17,216,3.958,1099.277684,69536.23042,0.71313,0,0,9.5845,0.0070165,0.014982,0,0,0,0,2.3544,11.68233493,0.074240502,0.006938393,0
17,216,3.958,1099.277684,69536.23042,0,0,0,0,0.008335,0,0,0,0,0,0,107.6982002,0.074240502,0.006938393,0
17,216,3.958,1099.277684,69536.23042,4.5748,0,0,0,0,0,0,0,0,0,0.84174,2.007567612,0.074240502,0.006938393,0
17,216,3.958,1099.277684,69536.23042,0.87352,0,0,0,0,0,0,0,0,0,0,6.472102045,0.074240502,0.006938393,0
17,216,3.958,1099.277684,69536.23042,0,0,0,0.015045,0,0,0,0,0,0,6.8079,0.301225485,0.074240502,0.006938393,0
17,216,3.958,1099.277684,69536.23042,0,0,0,0,0,0,0.42744,0,0,0,7.2051,0.423815456,0.074240502,0.006938393,0
17,216,3.958,1099.277684,69536.23042,0.039743,0,0,0.00247,0,0,0,0,0,0,0,0.99739448,0.074240502,0.006938393,0
17,216,3.958,1099.277684,69536.23042,0,0,0,0.0083909,0,0,0,0,0,0,0.151728,6.472102045,0.074240502,0.006938393,0
17,216,3.958,1099.277684,69536.23042,0.29343,0,0,0,0,0,0,0,0,0,0.151728,1.651413523,0.074240502,0.006938393,0
17,216,3.958,1099.277684,69536.23042,0.29003,0,0,0,43.956,0,0,0,0,0,65.781,11.33524931,0.074240502,0.006938393,0
17,216,3.958,1099.277684,69536.23042,0,0,0,0,0,0,0,0,0,0,0.151728,1.651413523,0.074240502,0.006938393,0
17,216,3.958,1099.277684,69536.23042,0,0,0.005239,0,0,0,0,0,0,0,1.57107,2.474804353,0.074240502,0.006938393,0
17,216,3.958,1099.277684,69536.23042,0,0,0,0,76.072,0,0,0,0,0,0,2.124635517,0.074240502,0.006938393,0
17,216,3.958,1099.277684,69536.23042,0.20881,0,0,0,0.008335,0,0,0,0,0,2.60853,0.219704697,0.074240502,0.006938393,0
17,216,3.958,1099.277684,69536.23042,0,0,0,0,0.00328,0,0.13028,0,0,0,0.35643,0.423815456,0.074240502,0.006938393,0
17,216,3.958,1099.277684,69536.23042,0,0,0,0.008333,0,0,0,0,0,0,16.6719,0.219704697,0.074240502,0.006938393,0
17,216,3.958,1099.277684,69536.23042,0.013404,0,0,0,0,0,0,0,4.7529,0,0,3.237208988,0.074240502,0.006938393,0
17,216,3.958,1099.277684,69536.23042,0,0,0,0.14897,0.008333,0,0,0,0,0,0.53757,3.237208988,0.074240502,0.006938393,0
17,216,3.958,1099.277684,69536.23042,0.10527,0,0,1.5394,0.008333,0,0.42744,0,0,0,0.151728,1.651413523,0.074240502,0.006938393,0
17,216,3.958,1099.277684,69536.23042,12.084,0,0,0,0,0,0,0,0,0,6.2754,0.219704697,0.074240502,0.006938393,0
17,216,3.958,1099.277684,69536.23042,0.002139,0,0,0.008335,0.0033865,0,0,0,0,0,56.145,1.651413523,0.074240502,0.006938393,0
17,216,3.958,1099.277684,69536.23042,1.0831,0,0,0.37666,0,0,0,0,0,0,0,15.12102526,0.074240502,0.006938393,0
17,216,3.958,1099.277684,69536.23042,0,0,0,30.329,0.010507,0,0,0,0,0,0,3.237208988,0.074240502,0.006938393,0
17,216,3.958,1099.277684,69536.23042,0.10284,0,0.008528,0,0.0068531,0.000209,130.32,0,0,0,1.05978,0.99739448,0.074240502,0.006938393,0
17,216,3.958,1099.277684,69536.23042,0.011679,0,0,0.65249,3.969,0.77921,9.6768,0,0,0,0.151728,0.219704697,0.074240502,0.006938393,0
17,216,3.958,1099.277684,69536.23042,0,0,0,17.949,0,17.305,0,0,0,0,0,0.085689464,0.074240502,0.006938393,0
17,216,3.958,1099.277684,69536.23042,0,0,59.109,0,0,53.202,0,0,0,0,0,10.04744876,0.074240502,0.006938393,0
17,216,3.958,1099.277684,69536.23042,1.385,0,0,0.46711,0,0.014727,0,0,0,0,61.47,0.99739448,0.074240502,0.006938393,0
17,216,3.958,1099.277684,69536.23042,0,0,47.726,0.00387,0,0,0,0,0,0,0,2.007567612,0.074240502,0.006938393,0
17,216,3.958,1099.277684,69536.23042,0.00524,0,0,0.007102,0,0,0,0,0,0,28.0509,15.12102526,0.074240502,0.006938393,0
17,216,3.958,1099.277684,69536.23042,46.878,0,0,7.5633,0,0,0,0,0,0,0.9426,0.99739448,0.074240502,0.006938393,0
17,216,3.958,1099.277684,69536.23042,1.1697,0,0,0,0,0,0,0,0,0,0.28509,15.12102526,0.074240502,0.006938393,0
17,216,3.958,1099.277684,69536.23042,0,0,0,0,0.68784,0,0,0,0,0,0.151728,2.474804353,0.074240502,0.006938393,0
17,216,3.958,1099.277684,69536.23042,0.00524,0,0,0,0,0,0,0,0,0,0.151728,15.12102526,0.074240502,0.006938393,0
17,216,3.958,1099.277684,69536.23042,0.39409,0,0,0,0,0.069446,0,0,0,0,0,17.60572724,0.074240502,0.006938393,0
17,216,3.958,1099.277684,69536.23042,0.003538,0,0,0,1.4315,0,0,0,0,0,0,0.99739448,0.074240502,0.006938393,0
17,216,3.958,1099.277684,69536.23042,0,0,0,0,0,0,0,0,0,0,0.151728,0.219704697,0.074240502,0.006938393,0
17,216,3.958,1099.277684,69536.23042,2.1473,0,0,0.007697,0,0,0,0,0,0,0.151728,1.651413523,0.074240502,0.006938393,0
17,216,3.958,1099.277684,69536.23042,0,0,0,0,0.00524,0.77921,0,0,0,0,0,0.99739448,0.074240502,0.006938393,0
17,216,3.958,1099.277684,69536.23042,0.002508,0,0,0,0,0,0,0,0,0,0.151728,10.04744876,0.074240502,0.006938393,0
17,216,3.958,1099.277684,69536.23042,0.008333,0,0,0.005239,0.19458,0.79321,0,0,0,0,0.151728,3.237208988,0.074240502,0.006938393,0
17,216,3.958,1099.277684,69536.23042,0.25336,0,0,0,0.88295,5.0956,0,0,0,0,0.151728,0.085689464,0.074240502,0.006938393,0
17,216,3.958,1099.277684,69536.23042,0,0,0,0,9.0733,0,0,0,0,0,0.57,6.472102045,0.074240502,0.006938393,0
17,216,3.958,1099.277684,69536.23042,0.001192,0,0,0,0,0,0,0,0,0,37.53,11.33524931,0.074240502,0.006938393,0
17,216,3.958,1099.277684,69536.23042,0.00524,0,0,25.355,0,0,0,0,0,0,0.273018,13.06734301,0.074240502,0.006938393,0
17,216,3.958,1099.277684,69536.23042,0.001669,0,0,0,0,0,0,0,0,0,0.151728,11.33524931,0.074240502,0.006938393,0
17,216,3.958,1099.277684,69536.23042,0,0,0,0,0.038932,0,0,0,0,0,19.2864,15.12102526,0.074240502,0.006938393,0
17,216,3.958,1099.277684,69536.23042,0,0,0,0.024145,0,0,0,0,0,0,0.151728,2.124635517,0.074240502,0.006938393,0
17,216,3.958,1099.277684,69536.23042,0,0,0,0,0,0,0,0,0,0,14.5008,15.12102526,0.074240502,0.006938393,0
17,216,3.958,1099.277684,69536.23042,3.8421,0,0,0,0.00524,0,0,0,0,0,0,0.423815456,0.074240502,0.006938393,0
17,216,3.958,1099.277684,69536.23042,0,0,0,0,0,0,0,0,0,0,2.68779,11.33524931,0.074240502,0.006938393,0
17,216,3.958,1099.277684,69536.23042,0.051828,0,0,0,1.0363,0,0,0,0,0,0.151728,6.472102045,0.074240502,0.006938393,0
17,216,3.958,1099.277684,69536.23042,0,0,0.81973,0,0,0,0,0,0,0,0.151728,0.99739448,0.074240502,0.006938393,0
17,216,3.958,1099.277684,69536.23042,0,0,0,0.31537,0,0,0,0,0,0,0,0.423815456,0.074240502,0.006938393,0
17,216,3.958,1099.277684,69536.23042,0,0,0,0,0.0094528,4.0839,0,0,0,0,2.3544,11.33524931,0.074240502,0.006938393,0
17,216,3.958,1099.277684,69536.23042,0.0064565,0,0,0,0,0,0.13028,0,0,0,0,1.035375756,0.074240502,0.006938393,0
17,216,3.958,1099.277684,69536.23042,1.3203,0,0,0.55992,0,0,0,0,0,0,149.193,0.423815456,0.074240502,0.006938393,0
17,216,3.958,1099.277684,69536.23042,0.038936,0,0,0.00524,0.19458,0,0,0,0,0,0,0.301225485,0.074240502,0.006938393,0
17,216,3.958,1099.277684,69536.23042,0,0,0,0,0,0,0,0,0,0,18.1353,15.12102526,0.074240502,0.006938393,0
17,216,3.958,1099.277684,69536.23042,0.008489,0,0,0,8.1751,0,0,0,0,0,0,3.789481443,0.074240502,0.006938393,0
17,216,3.958,1099.277684,69536.23042,0,0,0,9.0645,0.72843,0,0,0,0,0,28.113,0.541773565,0.074240502,0.006938393,0
17,216,3.958,1099.277684,69536.23042,1.898,0,0,0,0,0,0,0,0,0,0,0.541773565,0.074240502,0.006938393,0
17,216,3.958,1099.277684,69536.23042,0,0,0,0.15874,0,0,0,0,0,0,1.31526,0.541773565,0.074240502,0.006938393,0
17,216,3.958,1099.277684,69536.23042,2.5147,0,0,0,0,0,0,0,0,0,0,6.472102045,0.074240502,0.006938393,0
17,216,3.958,1099.277684,69536.23042,0.008585,0,0,0.68671,0,0,0,0,0,0,0,3.237208988,0.074240502,0.006938393,0
17,216,3.958,1099.277684,69536.23042,0,0,0,0,0.12099,0,0,0,0,0,0,0.99739448,0.074240502,0.006938393,0
17,216,3.958,1099.277684,69536.23042,0,0,0,7.2355,0,6.1311,0,0.038293,0,0,0,0.99739448,0.074240502,0.006938393,0
17,216,3.958,1099.277684,69536.23042,0,0,0,0,0,0,0,0,0,0,0,0.541773565,0.074240502,0.006938393,0
17,216,3.958,1099.277684,69536.23042,0.91229,0,0,0,0,0,0,0,0,0,0.31755,6.472102045,0.074240502,0.006938393,0
17,216,3.958,1099.277684,69536.23042,0.25336,0,0,0.002031,0,0,0,0,0,0,1.98174,0.423815456,0.074240502,0.006938393,0
17,216,3.958,1099.277684,69536.23042,0.035255,0,0,0,0,0,0,0,0,0,0,6.472102045,0.074240502,0.006938393,0
17,216,3.958,1099.277684,69536.23042,0.005239,0,0,0.008333,0.00524,0,17.486,0,0,0,81.042,11.33524931,0.074240502,0.006938393,0
17,216,3.958,1099.277684,69536.23042,0,0,0,0,0.44929,0.000491,0,0,0,0,56.145,6.472102045,0.074240502,0.006938393,0
17,216,3.958,1099.277684,69536.23042,0,0,0,0.00036,0,0,0,0,0,0,0.70764,17.60572724,0.074240502,0.006938393,0
17,216,3.958,1099.277684,69536.23042,4.9504,0,0,0,0,0.77921,0,0,0,0,0.151728,2.124635517,0.074240502,0.006938393,0
17,216,3.958,1099.277684,69536.23042,0.046194,0,0,0,0,0.40336,0,0,0,0,0.31755,0.219704697,0.074240502,0.006938393,0
17,216,3.958,1099.277684,69536.23042,3.5296,0,1.4218,2.2778,8.688,0.003334,8.872,0,0,0,29.7048,0.301225485,0.074240502,0.006938393,0
17,216,3.958,1099.277684,69536.23042,0,0,0,0,9.8934,0.79321,0,0,0,0,9.5499,6.472102045,0.074240502,0.006938393,0
17,216,3.958,1099.277684,69536.23042,0,0,0.002139,2.2294,0,0,52.387,0,0,0,12.3399,0.99739448,0.074240502,0.006938393,0
17,216,3.958,1099.277684,69536.23042,11.135,0,0,0.011406,0.002508,0,0,0,0,0,34.746,3.789481443,0.074240502,0.006938393,0
17,216,3.958,1099.277684,69536.23042,0.009261,0,0,0,0.030964,0,0,0,0,0,1.38174,0.541773565,0.074240502,0.006938393,0
17,216,3.958,1099.277684,69536.23042,0,0,0,0.0067817,4.1692,0,0,0,0,0,0.151728,1.035375756,0.074240502,0.006938393,0
17,216,3.958,1099.277684,69536.23042,0,0,0,0.012395,0,0.008332,0,0,0,0,0,0.541773565,0.074240502,0.006938393,0
17,216,3.958,1099.277684,69536.23042,2.3556,0,0.09243,0.01048,0.63967,0,0,0,0,0,0.181728,15.12102526,0.074240502,0.006938393,0
17,216,3.958,1099.277684,69536.23042,0.000172,0,0,0,0.00036,0.77921,0,0,0,0,0.151728,2.474804353,0.074240502,0.006938393,0
17,216,3.958,1099.277684,69536.23042,0.00524,0,0,0,0.98255,6.9496,0,0,0,0,2.3544,3.237208988,0.074240502,0.006938393,0
17,216,3.958,1099.277684,69536.23042,2.7267,0,0,0.0067817,0,0.03757,0,0,0,0,0.151728,1.651413523,0.074240502,0.006938393,0
17,216,3.958,1099.277684,69536.23042,0.013408,0,0,0,0,0,0,0,0,0,2.05122,3.789481443,0.074240502,0.006938393,0
17,216,3.958,1099.277684,69536.23042,0.008333,0,0,0,0,0,0.13028,0,0,0,0.271128,6.472102045,0.074240502,0.006938393,0
17,216,3.958,1099.277684,69536.23042,0,0,0.001326,0.008333,0.020274,0,0,0,0,0,0.151728,0.301225485,0.074240502,0.006938393,0
17,216,3.958,1099.277684,69536.23042,0.70554,0,0,0.14897,0.36581,0,0,0,0,0,0,2.124635517,0.074240502,0.006938393,0
17,216,3.958,1099.277684,69536.23042,0,0,0,0,0,0,0,0,0,0,19.7118,0.301225485,0.074240502,0.006938393,0
17,216,3.958,1099.277684,69536.23042,0,0,0,0,0.00524,0,0,0,0,0,8.3928,0.301225485,0.074240502,0.006938393,0
17,216,3.958,1099.277684,69536.23042,0,0,0,0,0.13592,0,0,0,0,0,5.1363,2.474804353,0.074240502,0.006938393,0
17,216,3.958,1099.277684,69536.23042,0.3267,0,0,123.21,0,0,0,0,0,0,0,11.33524931,0.074240502,0.006938393,0
17,216,3.958,1099.277684,69536.23042,0.18244,0,0,0.80704,0,0,18.58,0,0,0,0.151728,0.219704697,0.074240502,0.006938393,0
17,216,3.958,1099.277684,69536.23042,6.2048,0,0.005988,0.00524,30.954,0,0,0,0,0,0.151728,2.007567612,0.074240502,0.006938393,0
17,216,3.958,1099.277684,69536.23042,0.0055384,0,0.7981,0,0,0,0,0,0,0,0,15.12102526,0.074240502,0.006938393,0
17,216,3.958,1099.277684,69536.23042,0,0,0,0,26.765,0,0,0,0,0,8.3751,4.278895437,0.074240502,0.006938393,0
17,216,3.958,1099.277684,69536.23042,0.58468,0,0,0,0,1.7614,0,0,0,0,6.1116,0.301225485,0.074240502,0.006938393,0
17,216,3.958,1099.277684,69536.23042,11.506,0,0,0,0,0,0,0,0,0,7.8318,11.68233493,0.074240502,0.006938393,0
17,216,3.958,1099.277684,69536.23042,0,0,0,0,0.0072705,0,5.3904,0,0,0,56.145,3.789481443,0.074240502,0.006938393,0
17,216,3.958,1099.277684,69536.23042,0,0,0,0.008333,0,0,0,0,0,0,0.65616,6.472102045,0.074240502,0.006938393,0
17,216,3.958,1099.277684,69536.23042,0.062194,0,0,0.41548,0,0,0,0,0,0,1.62048,0.219704697,0.074240502,0.006938393,0
17,216,3.958,1099.277684,69536.23042,55.389,0,0,0,3.9118,0,0,0,0,0,0.151728,3.789481443,0.074240502,0.006938393,0
17,216,3.958,1099.277684,69536.23042,0,0,0,0,0,0.77921,0,0,0,0,0,0.085689464,0.074240502,0.006938393,0
17,216,3.958,1099.277684,69536.23042,0.0021738,0,0,0,0,0,0,0,0,0,57.423,3.237208988,0.074240502,0.006938393,0
17,216,3.958,1099.277684,69536.23042,0.032101,0,2.3505,0.008333,0.002031,0,0,0,0,0,0.271128,11.68233493,0.074240502,0.006938393,0
17,216,3.958,1099.277684,69536.23042,0.00524,0,0,0,0.0068531,0,0,23.131,0,0,42.879,22.79016382,0.074240502,0.006938393,0
17,216,3.958,1099.277684,69536.23042,0.00524,0,0,0,7.7396,0,0,0,0,0,37.53,0.301225485,0.074240502,0.006938393,0
17,216,3.958,1099.277684,69536.23042,0.00014,0,0,2.1101,0,0,0,0,0,0,0.151728,1.651413523,0.074240502,0.006938393,0
17,216,3.958,1099.277684,69536.23042,0.003346,0,0,0,0,0,0,0,0,0,0.151728,0.423815456,0.074240502,0.006938393,0
17,216,3.958,1099.277684,69536.23042,0.17903,0,0,2.5432,0,0,0,0,0,0,0.279615,11.33524931,0.074240502,0.006938393,0
17,216,3.958,1099.277684,69536.23042,3.5296,0,0,0.10557,0,0,0,0,0,0,19.2864,6.472102045,0.074240502,0.006938393,0
17,216,3.958,1099.277684,69536.23042,0.015333,0,0,0.018148,0.00524,0,0,0,0,0,5.1447,15.12102526,0.074240502,0.006938393,0
17,216,3.958,1099.277684,69536.23042,0.004864,0,0,1.3084,0,0,0,0.79321,0,0,0,2.474804353,0.074240502,0.006938393,0
17,216,3.958,1099.277684,69536.23042,0.58468,0,0,0.005239,0.14346,0,0,0,0,0,1.17456,11.68233493,0.074240502,0.006938393,0
17,216,3.958,1099.277684,69536.23042,0.008333,0,0,0,8.1751,0,0,0,0,0,0,2.124635517,0.074240502,0.006938393,0
17,216,3.958,1099.277684,69536.23042,0.016858,0,0,2.2017,0,0,0,0,0,0,0.151728,0.541773565,0.074240502,0.006938393,0
17,216,3.958,1099.277684,69536.23042,0.023275,0,0,9.5845,0,0,0,0,0,0,18.5811,0.99739448,0.074240502,0.006938393,0
17,216,3.958,1099.277684,69536.23042,2.6123,0,0,0,0,0,0,0,0,0,3.7518,0.301225485,0.074240502,0.006938393,0
17,216,3.958,1099.277684,69536.23042,9.146,0,0,0.000739,0,0.10235,0,0,0,0,50.673,6.495762651,0.074240502,0.006938393,0
17,216,3.958,1099.277684,69536.23042,0,0,0,0,0,0,0,0,0,0,4.1943,0.085689464,0.074240502,0.006938393,0
17,216,3.958,1099.277684,69536.23042,0.045123,0,0,0.14311,0,0.95676,0.42744,0,0,0,0,2.124635517,0.074240502,0.006938393,0
17,216,3.958,1099.277684,69536.23042,0.15712,0,0,0,1.0192,0,0,0,0,0,0.181728,0.219704697,0.074240502,0.006938393,0
17,216,3.958,1099.277684,69536.23042,0.008333,0,0,0.00524,0,0.77921,0,0.95234,0,0,0.151728,3.789481443,0.074240502,0.006938393,0
17,216,3.958,1099.277684,69536.23042,0.032101,0,0,0,1.3478,0,0,0,0,0,7.6407,3.789481443,0.074240502,0.006938393,0
17,216,3.958,1099.277684,69536.23042,0,0,0,0,0,0,0,0,0,0,0.151728,22.79016382,0.074240502,0.006938393,0
17,216,3.958,1099.277684,69536.23042,1.2325,0,0,3.2487,0.008333,0,0,0,0,0,15.8232,4.278895437,0.074240502,0.006938393,0
17,216,3.958,1099.277684,69536.23042,0.0068619,0,0,0,1.0171,0,0,0,0,0,0.181728,2.124635517,0.074240502,0.006938393,0
17,216,3.958,1099.277684,69536.23042,2.4135,0,0,11.876,0,0,0,0,0,0,0,0.301225485,0.074240502,0.006938393,0
17,216,3.958,1099.277684,69536.23042,0,0,13.427,0,0,0,0,0,0,0,0.151728,10.04744876,0.074240502,0.006938393,0
17,216,3.958,1099.277684,69536.23042,0.013572,0,0,0.007214,0,7.2949,0,0,0,0,30.648,0.541773565,0.074240502,0.006938393,0
17,216,3.958,1099.277684,69536.23042,0.061886,0,0,0,0,0.080373,27.501,0,0,0,14.8218,15.12102526,0.074240502,0.006938393,0
17,216,3.958,1099.277684,69536.23042,0.19126,0,0,0,4.0421,0,705.16,0,0,0,4.3869,10.04744876,0.074240502,0.006938393,0
17,216,3.958,1099.277684,69536.23042,0,0,0,0,1.8824,0,0.67053,0,0,0,15.0018,0.219704697,0.074240502,0.006938393,0
17,216,3.958,1099.277684,69536.23042,0.00036,0,0,0.008336,0,0,203.53,0,0,0,52.569,25.71929039,0.074240502,0.006938393,0
17,216,3.958,1099.277684,69536.23042,0.030381,0,0,0,0,0.78972,0.74966,0,0,0,10.7733,10.04744876,0.074240502,0.006938393,0
17,216,3.958,1099.277684,69536.23042,0.013575,0,0,0.44439,0,0,0,0,0,0,0.151728,0.085689464,0.074240502,0.006938393,0
17,216,3.958,1099.277684,69536.23042,0.17903,0,0,0,0.008333,0,0,0,0,0,1.96911,0.085689464,0.074240502,0.006938393,0
17,216,3.958,1099.277684,69536.23042,0.002139,0,0,0,0,0,61.211,0,0,0,37.53,1.035375756,0.074240502,0.006938393,0
17,216,3.958,1099.277684,69536.23042,0,0,0,5.4764,35.29,0,0,0,0,0,0.151728,1.651413523,0.074240502,0.006938393,0
17,216,3.958,1099.277684,69536.23042,0.005239,0,0,0,0,0,0,0,0,0,0,11.33524931,0.074240502,0.006938393,0
17,216,3.958,1099.277684,69536.23042,0.032101,0,0,0,0,0,0,0,0,0,58.353,3.789481443,0.074240502,0.006938393,0
17,216,3.958,1099.277684,69536.23042,4.282,0,0,3.5574,0,0,0,0,0,0,0.151728,1.035375756,0.074240502,0.006938393,0
17,216,3.958,1099.277684,69536.23042,0,0,0,9.0645,0,0,0,0,0,0,0,0.085689464,0.074240502,0.006938393,0
17,216,3.958,1099.277684,69536.23042,0.0152,0,0,0,0.008332,0.2468,0,0,0,0,14.5008,0.541773565,0.074240502,0.006938393,0
17,216,3.958,1099.277684,69536.23042,0.000545,0,0,0,813.22,0,0,0,0,0,1.95174,0.99739448,0.074240502,0.006938393,0
17,216,3.958,1099.277684,69536.23042,0,0,0,123.21,0.566,0,52.983,0,0,0,0,11.33524931,0.074240502,0.006938393,0
17,216,3.958,1099.277684,69536.23042,0,0,0,0.31537,0.10502,0,0,0,0,0,0,0.423815456,0.074240502,0.006938393,0
17,216,3.958,1099.277684,69536.23042,0.019305,0,0,0,0,0.28057,0,0,0,0,0,0.301225485,0.074240502,0.006938393,0
17,216,3.958,1099.277684,69536.23042,0.018381,0,0,0,0,0,0,0,0,0,0.151728,11.33524931,0.074240502,0.006938393,0
17,216,3.958,1099.277684,69536.23042,0.001009,0,0,0,0,0,0,0,0,0,0,22.79016382,0.074240502,0.006938393,0
17,216,3.958,1099.277684,69536.23042,0.0021738,0,0,0,0,0,0,0,0,0,0.151728,0.301225485,0.074240502,0.006938393,0
17,216,3.958,1099.277684,69536.23042,0.008333,0,0,0.008333,0.001192,0,0,0,0,0,1.33728,0.085689464,0.074240502,0.006938393,0
17,216,3.958,1099.277684,69536.23042,0,0,0,0,0,0,0,0,0,0,9.6318,3.789481443,0.074240502,0.006938393,0
17,216,3.958,1099.277684,69536.23042,0,0,0,0.007148,0,0,0,0,0,0,0,0.301225485,0.074240502,0.006938393,0
17,216,3.958,1099.277684,69536.23042,0.002598,0,0,0,0.008333,0.78972,3.6446,0,0,0,1.64742,3.237208988,0.074240502,0.006938393,0
17,216,3.958,1099.277684,69536.23042,3.7455,0,0,0.008332,0,0,0,0,0,0,0.151728,3.237208988,0.074240502,0.006938393,0
17,216,3.958,1099.277684,69536.23042,5.865,0,1.0099,0,0.038297,0,0,0,0,0,44.073,0.301225485,0.074240502,0.006938393,0
17,216,3.958,1099.277684,69536.23042,0,0,0,0,0,0,0,0,0,0,0.151728,24.2547271,0.074240502,0.006938393,0
17,216,3.958,1099.277684,69536.23042,5.865,0,0,0,0,0,0,0,0,0,3.9402,0.085689464,0.074240502,0.006938393,0
17,216,3.958,1099.277684,69536.23042,0.011569,0,0,0,43.562,0,0,0,0,0,4.4358,4.278895437,0.074240502,0.006938393,0
17,216,3.958,1099.277684,69536.23042,0,0,0,0,5.2021,0,0,0,0,0,0.151728,2.474804353,0.074240502,0.006938393,0
17,216,3.958,1099.277684,69536.23042,0.030048,0,0,0,0,0,0,0,0,0,0,1.035375756,0.074240502,0.006938393,0
17,216,3.958,1099.277684,69536.23042,0.00036,0,0,0.012154,0,0,0,0,0,0,16.6719,1.651413523,0.074240502,0.006938393,0
17,216,3.958,1099.277684,69536.23042,0,0,0,0,0,0,0,0,0,0,0.181728,0.085689464,0.074240502,0.006938393,0
17,216,3.958,1099.277684,69536.23042,0.000172,0,41.404,0.003821,0,0.080373,0.88059,0,0,0,0.151728,22.79016382,0.074240502,0.006938393,0
17,216,3.958,1099.277684,69536.23042,15.105,0,0,70.359,0,0,0,0,0,0,0.151728,2.474804353,0.074240502,0.006938393,0
17,216,3.958,1099.277684,69536.23042,0.008332,0,0,0,0.00524,0,0,0,0,0,78.063,0.423815456,0.074240502,0.006938393,0
17,216,3.958,1099.277684,69536.23042,0,0,0,0,0.14993,0,0,0,0,0,0,1.651413523,0.074240502,0.006938393,0
17,216,3.958,1099.277684,69536.23042,0.000251,0,0,0,0.041022,0,0,0,0,0,0,0.085689464,0.074240502,0.006938393,0
17,216,3.958,1099.277684,69536.23042,0.008332,0,0,0,0.007328,0,0,0,0,0,5.0406,1.035375756,0.074240502,0.006938393,0
17,216,3.958,1099.277684,69536.23042,3.5699,0,0,0.033648,0,0,0,0,0,0,0,0.541773565,0.074240502,0.006938393,0
17,216,3.958,1099.277684,69536.23042,0.001192,0,0,0.00524,44.94,0.096353,0.059897,0,0,0,0,1.651413523,0.074240502,0.006938393,0
17,216,3.958,1099.277684,69536.23042,0,0,0,0,0.003538,0,0,0,0,0,0,11.33524931,0.074240502,0.006938393,0
17,216,3.958,1099.277684,69536.23042,0.013573,0,0,0.008265,0.18217,0,0,0,0,0,2.41287,6.472102045,0.074240502,0.006938393,0
17,216,3.958,1099.277684,69536.23042,0.48229,0,0,0,0,0,0,0,0,0,30.123,0.219704697,0.074240502,0.006938393,0
17,216,3.958,1099.277684,69536.23042,0,0,0,0,0.018484,0,0,0,0,0,22.6218,15.12102526,0.074240502,0.006938393,0
17,216,3.958,1099.277684,69536.23042,19.622,0,0,0,0,0,0,0,0,0,0.37014,0.99739448,0.074240502,0.006938393,0
17,216,3.958,1099.277684,69536.23042,2.2602,0,0,0,0,0,0,0,0,0,36.924,2.474804353,0.074240502,0.006938393,0
17,216,3.958,1099.277684,69536.23042,12.994,0,0,0,0,0,0,0,0,0,8.7318,15.12102526,0.074240502,0.006938393,0
17,216,3.958,1099.277684,69536.23042,0.007102,0,0,0,0,0,91.701,0,0,0,3.1278,0.219704697,0.074240502,0.006938393,0
17,216,3.958,1099.277684,69536.23042,0,0,0,0,0.00524,0,5.0969,0,0,0,3.1572,11.33524931,0.074240502,0.006938393,0
17,216,3.958,1099.277684,69536.23042,0.008333,0,0,0.1455,0,0,0,0,0,0,0.151728,3.789481443,0.074240502,0.006938393,0
17,216,3.958,1099.277684,69536.23042,0,0,0,0,0,0,130.32,0,0,0,22.617,0.301225485,0.074240502,0.006938393,0
17,216,3.958,1099.277684,69536.23042,0.034521,0,0,0,0.25607,0,0,0,0,0,0.280587,25.71929039,0.074240502,0.006938393,0
17,216,3.958,1099.277684,69536.23042,0,0,0,0,0.027174,0,0,0,0,0,0.279822,0.301225485,0.074240502,0.006938393,0
17,216,3.958,1099.277684,69536.23042,0.00524,0,0,0.027172,0.008763,0,0.002308,0,0,0,0.151728,6.472102045,0.074240502,0.006938393,0
17,216,3.958,1099.277684,69536.23042,8.3439,0,0,0,0,0,0.13028,0,0,0,0.151728,0.541773565,0.074240502,0.006938393,0
17,216,3.958,1099.277684,69536.23042,0,0,0,0,0.000739,0,0,0,0,0,0.2871,0.423815456,0.074240502,0.006938393,0
17,216,3.958,1099.277684,69536.23042,0,0,0,0,3.969,0,0.74966,0,0,0,0.278694,3.237208988,0.074240502,0.006938393,0
17,216,3.958,1099.277684,69536.23042,0,0,0,0.012154,0,0,10.791,0,1.19,0,0.273357,3.237208988,0.074240502,0.006938393,0
17,216,3.958,1099.277684,69536.23042,0.003538,0,0,0,3.1902,0.85442,0,0,0,0,0.288579,0.423815456,0.074240502,0.006938393,0
17,216,3.958,1099.277684,69536.23042,0,0,0,0,0,0,0.60778,0,0,0,0,0.99739448,0.074240502,0.006938393,0
17,216,3.958,1099.277684,69536.23042,0,0,0,0,0,0,0,0,0,0,0,11.33524931,0.074240502,0.006938393,0
17,216,3.958,1099.277684,69536.23042,0.49815,0,0,0,4.6346,0,0,0,0,0,0,3.237208988,0.074240502,0.006938393,0
17,216,3.958,1099.277684,69536.23042,0.00036,0,0,0,0,0,0,0,0,0,0,1.035375756,0.074240502,0.006938393,0
17,216,3.958,1099.277684,69536.23042,0.00021,0,0,10.898,0.008335,0,0,0,0,0,0,15.12102526,0.074240502,0.006938393,0
17,216,3.958,1099.277684,69536.23042,1.2774,0,0,0,0,0,0,0,0,0,1.41975,11.68233493,0.074240502,0.006938393,0
17,216,3.958,1099.277684,69536.23042,0.039743,0,1.444,51.422,0.18655,0,184.38,0,0,0,0.151728,13.06734301,0.074240502,0.006938393,0
17,216,3.958,1099.277684,69536.23042,0,0,0,0,0,0,0,0,0,0,25.3818,1.035375756,0.074240502,0.006938393,0
17,216,3.958,1099.277684,69536.23042,109.34,0,0,0,0,0,0,0,0,0,1.31526,0.085689464,0.074240502,0.006938393,0
17,216,3.958,1099.277684,69536.23042,0,0,0,30.329,0.021907,0,16.74,1.6459,0,0,0.279615,17.60572724,0.074240502,0.006938393,0
17,216,3.958,1099.277684,69536.23042,0,0,0,0,0.68784,0,0,0,0,0,0,11.33524931,0.074240502,0.006938393,0
17,216,3.958,1099.277684,69536.23042,0,0,0,0,0,0,1.8833,0,0,0,0,1.651413523,0.074240502,0.006938393,0
17,216,3.958,1099.277684,69536.23042,0.043506,0,0,0,0.008333,0,8.4952,0,0,0,0.151728,0.085689464,0.074240502,0.006938393,0
17,216,3.958,1099.277684,69536.23042,0.002784,0,0,0.01254,2.3147,0.026145,0,0,0,0,10.7733,2.124635517,0.074240502,0.006938393,0
17,216,3.958,1099.277684,69536.23042,0.024955,0,0,0,0,2.6216,0,0,0,0,0,10.04744876,0.074240502,0.006938393,0
17,216,3.958,1099.277684,69536.23042,63.495,0,0,0,4.5283,1.5693,0,0,0,0,3.8946,6.495762651,0.074240502,0.006938393,0
17,216,3.958,1099.277684,69536.23042,0.3067,0,0,0.00524,0.0070165,0,0,0,0,0,0,0.423815456,0.074240502,0.006938393,0
17,216,3.958,1099.277684,69536.23042,1.7741,0,0,0.1455,3.6586,0,0,0,0,0,0.151728,0.085689464,0.074240502,0.006938393,0
17,216,3.958,1099.277684,69536.23042,184.67,0,0,0,0,0,0,0,0,0,0,0.541773565,0.074240502,0.006938393,0
17,216,3.958,1099.277684,69536.23042,0.21588,0,0,0.008333,0,0.78245,0,0,0,0,0.151728,1.651413523,0.074240502,0.006938393,0
17,216,3.958,1099.277684,69536.23042,4.1811,0,0,0,0.009767,0.096353,0,0,0,0,0.151728,1.035375756,0.074240502,0.006938393,0
17,216,3.958,1099.277684,69536.23042,0.001434,0,0,0,0,0.77921,0,0,0,0,0.73911,1.651413523,0.074240502,0.006938393,0
17,216,3.958,1099.277684,69536.23042,0,0,0,0,0,0,0,0,0,0,0,0.99739448,0.074240502,0.006938393,0
17,216,3.958,1099.277684,69536.23042,0.007835,0,0,0.00014,0,0,0,0,0,0,97.974,6.472102045,0.074240502,0.006938393,0
17,216,3.958,1099.277684,69536.23042,0.030048,0,0,0.002139,0,0,0,0,0,0,0.181728,3.237208988,0.074240502,0.006938393,0
17,216,3.958,1099.277684,69536.23042,0.001669,0,4.5719,0,0,0,6.9504,0,0,0,0.151728,11.33524931,0.074240502,0.006938393,0
17,216,3.958,1099.277684,69536.23042,0.85316,0,0,0,0.000078,0,0,0,0,0,36.924,0.423815456,0.074240502,0.006938393,0
17,216,3.958,1099.277684,69536.23042,0.015487,0,0,0.0088426,0,0.79321,0,0,0,0,0,11.68233493,0.074240502,0.006938393,0
17,216,3.958,1099.277684,69536.23042,0,0,0,0,0.008335,0,9.569,0,0,0,7.3638,1.035375756,0.074240502,0.006938393,0
17,216,3.958,1099.277684,69536.23042,0,0,0,0,1.7912,0,0,0,0,0,0.151728,1.035375756,0.074240502,0.006938393,0
17,216,3.958,1099.277684,69536.23042,0.010479,0,0,6.6309,0,0.014181,0,0,0,0,0.151728,0.085689464,0.074240502,0.006938393,0
17,216,3.958,1099.277684,69536.23042,0,0,0,0.00524,0.0072705,0,0,0,0,0,4.6029,0.541773565,0.074240502,0.006938393,0
17,216,3.958,1099.277684,69536.23042,0.22048,0,0,0.00062,0,0,0,0,0,0,0.151728,11.33524931,0.074240502,0.006938393,0
17,216,3.958,1099.277684,69536.23042,0,0,0,0,0.86472,0,99.841,0,0,0,1.72038,15.12102526,0.074240502,0.006938393,0
17,216,3.958,1099.277684,69536.23042,0.008585,0,0,0.002139,17.934,0.45857,0,0,0,0,0.151728,3.237208988,0.074240502,0.006938393,0
17,216,3.958,1099.277684,69536.23042,0.00644,0,0,3.0889,0,0,0,0,0,0,0,6.472102045,0.074240502,0.006938393,0
17,216,3.958,1099.277684,69536.23042,3.9799,0,0,0,3.1902,0,0.10863,0,0,0,3.4818,0.423815456,0.074240502,0.006938393,0
17,216,3.958,1099.277684,69536.23042,2.1821,0,0,0,0,0,0,0,0,0,38.517,0.085689464,0.074240502,0.006938393,0
17,216,3.958,1099.277684,69536.23042,0.91229,0,0,0.13117,0.4786,0,0,0,0,0,34.746,0.99739448,0.074240502,0.006938393,0
17,216,3.958,1099.277684,69536.23042,14.661,0,0,0,0,0,0,0,0,0,0.28866,15.12102526,0.074240502,0.006938393,0
17,216,3.958,1099.277684,69536.23042,0.001309,0,0,0,0.008333,0,0,0,0,0,0.151728,0.085689464,0.074240502,0.006938393,0
17,216,3.958,1099.277684,69536.23042,0,0,0,0,0.013973,0,0,0,0,0,0.151728,0.99739448,0.074240502,0.006938393,0
17,216,3.958,1099.277684,69536.23042,0,0,0,0,0,0,0,0,0,0,0.181728,0.085689464,0.074240502,0.006938393,0
17,216,3.958,1099.277684,69536.23042,0,0,0,68.713,0,0,0.13028,0,0,0,0.151728,0.219704697,0.074240502,0.006938393,0
17,216,3.958,1099.277684,69536.23042,0,0,0,0,0.49136,0,0,0,0,0,3.0075,17.60572724,0.074240502,0.006938393,0
17,216,3.958,1099.277684,69536.23042,0,0,0,0.007328,0,0.66655,18.961,0,0,0,6.258,0.301225485,0.074240502,0.006938393,0
17,216,3.958,1099.277684,69536.23042,0,0,0,15.592,7.0112,0.000138,0,0,0,0,0.151728,0.423815456,0.074240502,0.006938393,0
17,216,3.958,1099.277684,69536.23042,0,0,0,0.008333,0,0,0,0,0,0,4.4103,0.423815456,0.074240502,0.006938393,0
17,216,3.958,1099.277684,69536.23042,2.3556,0,0,0,4.3986,0,0.13028,0,0,0,0.151728,0.301225485,0.074240502,0.006938393,0
17,216,3.958,1099.277684,69536.23042,0.030381,0,0,0,0,0,0,0,0,0,0.151728,6.472102045,0.074240502,0.006938393,0
17,216,3.958,1099.277684,69536.23042,0.070781,0,0,0,0,0.017446,0.59876,0,0,0,0.273324,0.085689464,0.074240502,0.006938393,0
17,216,3.958,1099.277684,69536.23042,0,0,0,0,0.008475,0,0,0,0,0,0.151728,1.651413523,0.074240502,0.006938393,0
17,216,3.958,1099.277684,69536.23042,0.008333,0,0,0.000124,0,0,0,0,0,0,0,2.474804353,0.074240502,0.006938393,0
17,216,3.958,1099.277684,69536.23042,0.008333,0,0,0,0.005239,0,0,0,0,0,8.9118,2.474804353,0.074240502,0.006938393,0
17,216,3.958,1099.277684,69536.23042,0.008333,0,0,0.002741,0.63967,0.008333,11.179,0,0,0,0.273324,1.651413523,0.074240502,0.006938393,0
17,216,3.958,1099.277684,69536.23042,1.0702,0,0,17.164,17.934,0,0.74966,0,0,0,0,1.035375756,0.074240502,0.006938393,0
17,216,3.958,1099.277684,69536.23042,0.080184,0,0,0.13825,6.4522,4.0019,0,0,0,0,0.151728,0.085689464,0.074240502,0.006938393,0
17,216,3.958,1099.277684,69536.23042,0,0,0,4.3441,0.00062,0,0,0,0,0,15.9147,0.085689464,0.074240502,0.006938393,0
17,216,3.958,1099.277684,69536.23042,0.000081,0,0,1.3385,0.027306,0,0,0,0,0,0,11.33524931,0.074240502,0.006938393,0
18,217,45.984,1099.44132,69546.58142,0.14297,0,0,0,0.008333,0,0,0,0,0,0.181728,0,0.073927202,0.006909113,0
18,217,45.984,1099.44132,69546.58142,0,0,0,0.000124,0.008336,0,0,0,0,0,1.62048,0,0.073927202,0.006909113,0
18,217,45.984,1099.44132,69546.58142,0,0,0,0,0,1.5684,0,0,0,0,0,0,0.073927202,0.006909113,0
18,217,45.984,1099.44132,69546.58142,0.18674,0,0,0,0,1.0436,0,0,0,0,10.4865,0,0.073927202,0.006909113,0
18,217,45.984,1099.44132,69546.58142,0.031098,0,0,0.013024,0,0.80155,0,0,17.009,0,0,0,0.073927202,0.006909113,0
18,217,45.984,1099.44132,69546.58142,36.945,0,0,0.003821,3.7158,0,0,0,0,0,0,0,0.073927202,0.006909113,0
18,217,45.984,1099.44132,69546.58142,0.00524,0,0,2.7689,0,0,26.543,0,0,0,17.2929,0,0.073927202,0.006909113,0
18,217,45.984,1099.44132,69546.58142,0.014402,0,0,0,124.34,0,0,0,0,0,0.151728,0,0.073927202,0.006909113,0
18,217,45.984,1099.44132,69546.58142,0,0,0,0,0,0,0,0,0,0,20.2284,0,0.073927202,0.006909113,0
18,217,45.984,1099.44132,69546.58142,0,0,0,0.008332,0,0,0,0,0,0,0.28866,0,0.073927202,0.006909113,0
18,217,45.984,1099.44132,69546.58142,0.00062,0,0,0.007251,0.000739,0,0,0,0,0,66.003,0,0.073927202,0.006909113,0
18,217,45.984,1099.44132,69546.58142,0,0,0,0,0.053112,0,0,0,0,0,0,0,0.073927202,0.006909113,0
18,217,45.984,1099.44132,69546.58142,0,0,0,0.0021738,0,0,0,0,0,0,0,0,0.073927202,0.006909113,0
18,217,45.984,1099.44132,69546.58142,0.002031,0,0,0.15275,0,0,0,0,0,0,0.151728,0,0.073927202,0.006909113,0
18,217,45.984,1099.44132,69546.58142,0,0,0,0.000688,0,0,0,0,0,0,0.151728,0,0.073927202,0.006909113,0
18,217,45.984,1099.44132,69546.58142,0,0,0,1.2811,0,0,13.556,0,0,0,0,0,0.073927202,0.006909113,0
18,217,45.984,1099.44132,69546.58142,0.003539,0,5.627,0,0,0,0,0,0,0,0,0,0.073927202,0.006909113,0
18,217,45.984,1099.44132,69546.58142,0.00644,0,0,0.6175,0.00036,0.78209,0,0,0,0,4.8507,0,0.073927202,0.006909113,0
18,217,45.984,1099.44132,69546.58142,0.000376,0,0,0,0.14172,0,7.6576,0,0,0,1.57404,0,0.073927202,0.006909113,0
18,217,45.984,1099.44132,69546.58142,0,0,0,0.008333,0,0,0,0,0,0,25.2354,0,0.073927202,0.006909113,0
18,217,45.984,1099.44132,69546.58142,74.841,0,0,29.05,0.000739,0.008935,0,0,0,0,0,0,0.073927202,0.006909113,0
18,217,45.984,1099.44132,69546.58142,49.011,0,0,0,0.010122,0,0,0,0,0,0.151728,0,0.073927202,0.006909113,0
18,217,45.984,1099.44132,69546.58142,0,0,0,0,0,0,0,0,0,0,0.27432,0,0.073927202,0.006909113,0
18,217,45.984,1099.44132,69546.58142,0.088719,0,2.0895,0,14.084,0,0,0,0,0,12.6336,0,0.073927202,0.006909113,0
18,217,45.984,1099.44132,69546.58142,15.105,0,0,0,0,0,0,0,0,0,0,0,0.073927202,0.006909113,0
18,217,45.984,1099.44132,69546.58142,8.3439,0,0,0,0,0,0,0,0,0,53.889,0,0.073927202,0.006909113,0
18,217,45.984,1099.44132,69546.58142,0,0,0,0,0.008333,0,0,0,0,0,107.403,0,0.073927202,0.006909113,0
18,217,45.984,1099.44132,69546.58142,0,0,0,0.0012795,3.0251,0,0.13028,0,0,0,0,0,0.073927202,0.006909113,0
18,217,45.984,1099.44132,69546.58142,0.008332,0,0.20219,0.000739,0,0,0,0,0,0,0.278526,0,0.073927202,0.006909113,0
18,217,45.984,1099.44132,69546.58142,0.0045845,0,0,3.7171,0.000251,0,0,0,0,0,0,0,0.073927202,0.006909113,0
18,217,45.984,1099.44132,69546.58142,0.00524,0,0,0,0.008333,0,0,0,0,0,0.151728,0,0.073927202,0.006909113,0
18,217,45.984,1099.44132,69546.58142,16.603,0,0,0,0,0,0,0,0,0,0.151728,0,0.073927202,0.006909113,0
18,217,45.984,1099.44132,69546.58142,0,0,0,0,0,0,0,0,0.00644,0,6.8079,0,0.073927202,0.006909113,0
18,217,45.984,1099.44132,69546.58142,0,0,0,0,0,0,55.44,0,0,0,32.442,0,0.073927202,0.006909113,0
18,217,45.984,1099.44132,69546.58142,0.39409,0,0,0.00833,0,0,0,0,0,0,0.151728,0,0.073927202,0.006909113,0
18,217,45.984,1099.44132,69546.58142,0.5002,0,0,0.0098389,0,0,0,0,0,0,3.1278,0,0.073927202,0.006909113,0
18,217,45.984,1099.44132,69546.58142,9.146,0,0,0,0,0,0,0,0,0,0,0,0.073927202,0.006909113,0
18,217,45.984,1099.44132,69546.58142,0.008333,0,0,0.9504,0.007148,0,42.065,0,0,0,0.37014,0,0.073927202,0.006909113,0
18,217,45.984,1099.44132,69546.58142,0,0,0,0,0,0.017446,0,0,0,0,2.39772,0,0.073927202,0.006909113,0
18,217,45.984,1099.44132,69546.58142,0,0,0,0.000716,0.003538,0,0,0,0,0,0.151728,0,0.073927202,0.006909113,0
18,217,45.984,1099.44132,69546.58142,0.008333,0,0,0.015045,0,0,0.10863,0,0,0,55.917,0,0.073927202,0.006909113,0
18,217,45.984,1099.44132,69546.58142,0,0,0.8003,0,0.065813,0,0,0,0,0,0.151728,0,0.073927202,0.006909113,0
18,217,45.984,1099.44132,69546.58142,5.865,0,0,0,0.00833,0,0,0,0,0,2.28174,0,0.073927202,0.006909113,0
18,217,45.984,1099.44132,69546.58142,0,0,0,0.53462,0,0,0,0,0,0,1.17456,0,0.073927202,0.006909113,0
18,217,45.984,1099.44132,69546.58142,0,0,0,0,0.003346,0,0,0,0,0,0.151728,0,0.073927202,0.006909113,0
18,217,45.984,1099.44132,69546.58142,0,0,0,5.4015,0,1.0166,0,0,0,0,42.879,0,0.073927202,0.006909113,0
18,217,45.984,1099.44132,69546.58142,0.005239,0,0,0.008336,0.0094528,0,0,0,0,0,0.151728,0,0.073927202,0.006909113,0
18,217,45.984,1099.44132,69546.58142,0.08383,0,0,2.3519,0.008333,0,0,0,0,0,0,0,0.073927202,0.006909113,0
18,217,45.984,1099.44132,69546.58142,0,0,0,0.008333,0,0,21.515,0,0,0,0.151728,0,0.073927202,0.006909113,0
18,217,45.984,1099.44132,69546.58142,6.8104,0,0,0,0,0,0,0,0,0,1.72038,0,0.073927202,0.006909113,0
18,217,45.984,1099.44132,69546.58142,0.051828,0,22.389,0.0056478,0.005769,0,0,0,0,0,0.75903,0,0.073927202,0.006909113,0
18,217,45.984,1099.44132,69546.58142,0.005769,0,0,0.13117,0,0,0,0,0,0,0,0,0.073927202,0.006909113,0
18,217,45.984,1099.44132,69546.58142,1.1394,0,0,1.5881,0,0,0,0,0,0,2.34936,0,0.073927202,0.006909113,0
18,217,45.984,1099.44132,69546.58142,0.00062,0,0,0,0.070777,0,0,0,0,0,43.602,0,0.073927202,0.006909113,0
18,217,45.984,1099.44132,69546.58142,0.008333,0,0,0,0.01048,0,0,0,0,0,12.4689,0,0.073927202,0.006909113,0
18,217,45.984,1099.44132,69546.58142,9.146,0,0,0,0,0,0,0,0,0,0.151728,0,0.073927202,0.006909113,0
18,217,45.984,1099.44132,69546.58142,0,0,0,0,4.0421,1.5329,0,0,0,0,0.151728,0,0.073927202,0.006909113,0
18,217,45.984,1099.44132,69546.58142,0,0,0,0,0.73113,0,0,0,0,0,0,0,0.073927202,0.006909113,0
18,217,45.984,1099.44132,69546.58142,0.008333,0,0,0,0,2.5906,0,0,0,0,6.5418,0,0.073927202,0.006909113,0
18,217,45.984,1099.44132,69546.58142,0.008004,0,0,17.76,0,0,0,0,0,0,63.09,0,0.073927202,0.006909113,0
18,217,45.984,1099.44132,69546.58142,5.7412,0,0,0,0,0,0,0,0,0,0,0,0.073927202,0.006909113,0
18,217,45.984,1099.44132,69546.58142,0,0,0,0,0.24663,0,0,0,0,0,0.151728,0,0.073927202,0.006909113,0
18,217,45.984,1099.44132,69546.58142,0.043527,0,0,0.010558,0.003821,0,0,0,0,0,8.5524,0,0.073927202,0.006909113,0
18,217,45.984,1099.44132,69546.58142,0.000251,0,0,0.008336,0,0,0.13028,0,0,0,6.108,0,0.073927202,0.006909113,0
18,217,45.984,1099.44132,69546.58142,0,0,0,1.2164,0,4.0019,12.2,0,0,0,0,0,0.073927202,0.006909113,0
18,217,45.984,1099.44132,69546.58142,0.062652,0,0,0,0,0.77921,0,0,0,0,0,0,0.073927202,0.006909113,0
18,217,45.984,1099.44132,69546.58142,0,0,0.034478,35.501,0,0,0,0,0,0,11.0184,0,0.073927202,0.006909113,0
18,217,45.984,1099.44132,69546.58142,0.19126,0,0,0.83912,0.37101,0,0,0,0,0,0,0,0.073927202,0.006909113,0
18,217,45.984,1099.44132,69546.58142,0.19687,0,0,0,0,0,0,0,0,0,1.21974,0,0.073927202,0.006909113,0
18,217,45.984,1099.44132,69546.58142,8.6108,0,0,0,0,0.00158,0,0,0,0,0,0,0.073927202,0.006909113,0
18,217,45.984,1099.44132,69546.58142,0.026827,0,0,0.71875,0,0,0,0,0,0,0,0,0.073927202,0.006909113,0
18,217,45.984,1099.44132,69546.58142,0,0,0,0,0,0,0,0.35194,0,0,9.1953,0,0.073927202,0.006909113,0
18,217,45.984,1099.44132,69546.58142,0.008336,0,0,0,0.0057595,0,0.021726,0,0,0,0,0,0.073927202,0.006909113,0
18,217,45.984,1099.44132,69546.58142,0.037775,0,0,0,0,0,0,0,0,0,1.62048,0,0.073927202,0.006909113,0
18,217,45.984,1099.44132,69546.58142,0.002382,0,0,0,14.569,0,0,0,0,0,0.273021,0,0.073927202,0.006909113,0
18,217,45.984,1099.44132,69546.58142,0.00524,0,0,0,32.03,0,0,0,0.29685,0,0.151728,0,0.073927202,0.006909113,0
18,217,45.984,1099.44132,69546.58142,0,0,0,0,5.9309,0,0,0,0,0,0.286419,0,0.073927202,0.006909113,0
18,217,45.984,1099.44132,69546.58142,7.2682,0,0,2.853,0,0,0,0,0,0,0.270372,0,0.073927202,0.006909113,0
18,217,45.984,1099.44132,69546.58142,0.08029,0,0,43.346,0,0,0,0,0,0,0,0,0.073927202,0.006909113,0
18,217,45.984,1099.44132,69546.58142,22.323,0,0,0,0,0.45857,0,0,0,0,0,0,0.073927202,0.006909113,0
18,217,45.984,1099.44132,69546.58142,1.1984,0,0,0,0,0,0,0,0,0,1.33368,0,0.073927202,0.006909113,0
18,217,45.984,1099.44132,69546.58142,0.098565,0,0,0,0,0,0,0,0,0,1.17432,0,0.073927202,0.006909113,0
18,217,45.984,1099.44132,69546.58142,0.00524,0,0,0,0,0,0,0,0,0,0.151728,0,0.073927202,0.006909113,0
18,217,45.984,1099.44132,69546.58142,0.008333,0,0,0.008333,0,0,0.60778,0,0,0,0.151728,0,0.073927202,0.006909113,0
18,217,45.984,1099.44132,69546.58142,2.5147,0,0,0.000739,0,0,0,0,0,0,0.151728,0,0.073927202,0.006909113,0
18,217,45.984,1099.44132,69546.58142,0.024955,0,0,0.008333,0,0,0,0,0,0,1.10577,0,0.073927202,0.006909113,0
18,217,45.984,1099.44132,69546.58142,0.000752,0,0,0,0,0,0,0,0,0,0.151728,0,0.073927202,0.006909113,0
18,217,45.984,1099.44132,69546.58142,0.1613,0,0,0.02762,0,0,0,0,0,0,8.5524,0,0.073927202,0.006909113,0
18,217,45.984,1099.44132,69546.58142,0.005239,0,0,0.003821,0,0,0,0,0,0,2.52933,0,0.073927202,0.006909113,0
18,217,45.984,1099.44132,69546.58142,0,0,0,0,0.031711,0,0,0,0,0,0,0,0.073927202,0.006909113,0
18,217,45.984,1099.44132,69546.58142,0,0,0,0,0.008333,0,0,0,0,0,0.151728,0,0.073927202,0.006909113,0
18,217,45.984,1099.44132,69546.58142,0.0088108,0,0,15.197,1.3478,0,0,0,0,0,0.181728,0,0.073927202,0.006909113,0
18,217,45.984,1099.44132,69546.58142,0.002139,0,0,0,0,0,0,0,0,0,11.7102,0,0.073927202,0.006909113,0
18,217,45.984,1099.44132,69546.58142,0.0059107,0,0,0,0.097858,0,0,0,0,0,0,0,0.073927202,0.006909113,0
18,217,45.984,1099.44132,69546.58142,0,0,0,0,0.049462,0,0,0,0,0,0,0,0.073927202,0.006909113,0
18,217,45.984,1099.44132,69546.58142,0,0,0.015636,3.2371,0,0,0,0,0,0,0,0,0.073927202,0.006909113,0
18,217,45.984,1099.44132,69546.58142,0.011203,0,0,0.22391,0.0064809,0,0,0,0,0,7.3638,0,0.073927202,0.006909113,0
18,217,45.984,1099.44132,69546.58142,0,0,0,5.0428,0,0,0,0,0,0,0.280578,0,0.073927202,0.006909113,0
18,217,45.984,1099.44132,69546.58142,0,0,0,0,0,0,0,0,0,0,1.5003,0,0.073927202,0.006909113,0
18,217,45.984,1099.44132,69546.58142,0.008332,0,0,0,17.64,0.79321,0.74966,0,0,0,0,0,0.073927202,0.006909113,0
18,217,45.984,1099.44132,69546.58142,0,0,0,0.0094528,0,0,0,0,0,0,0,0,0.073927202,0.006909113,0
18,217,45.984,1099.44132,69546.58142,1.8379,0,0,0,0,0,0.13028,0,0,0,2.3544,0,0.073927202,0.006909113,0
18,217,45.984,1099.44132,69546.58142,0.44516,0,0,4.4257,21.064,0,0,0,0,0,21.2118,0,0.073927202,0.006909113,0
18,217,45.984,1099.44132,69546.58142,0.008333,0,0,0,0.00524,0,24.831,0,0,0,9.6318,0,0.073927202,0.006909113,0
18,217,45.984,1099.44132,69546.58142,0,0,0,0,0,0,0,0,0,0,0.151728,0,0.073927202,0.006909113,0
18,217,45.984,1099.44132,69546.58142,0.061767,0,0,0,0.008333,0,0,0,0,0,0.151728,0,0.073927202,0.006909113,0
18,217,45.984,1099.44132,69546.58142,3.2038,0,0,0.008333,0.008321,0,0,0,0,0,0.151728,0,0.073927202,0.006909113,0
18,217,45.984,1099.44132,69546.58142,36.945,0,0,0.0060235,0.008335,0,0,0,0,0,4.521,0,0.073927202,0.006909113,0
18,217,45.984,1099.44132,69546.58142,0.061767,0,0,0,0,0,0,0.79321,0,0,0,0,0.073927202,0.006909113,0
18,217,45.984,1099.44132,69546.58142,0.28712,0,0,0,0,0,0,0,0,0,7.8318,0,0.073927202,0.006909113,0
18,217,45.984,1099.44132,69546.58142,0,0,0,0,0.012187,0,0,0,0,0,0,0,0.073927202,0.006909113,0
18,217,45.984,1099.44132,69546.58142,0,0,0,0.008333,0.005239,0,0,0,0,0,1.05978,0,0.073927202,0.006909113,0
18,217,45.984,1099.44132,69546.58142,0.00524,0,0.10287,0,0,0,29.399,0,0,0,2.73105,0,0.073927202,0.006909113,0
18,217,45.984,1099.44132,69546.58142,0,0,0.005239,0.008333,0,53.202,0,0,0,0,1.64742,0,0.073927202,0.006909113,0
18,217,45.984,1099.44132,69546.58142,3.3665,0,0,0,0,0,0,0,0,0,0,0,0.073927202,0.006909113,0
18,217,45.984,1099.44132,69546.58142,853.14,0,0,0.010558,0.0059348,0,0,0,0,0,0.151728,0,0.073927202,0.006909113,0
18,217,45.984,1099.44132,69546.58142,0.001669,0,0,0,0.007221,0,0,0,0,0,0.70503,0,0.073927202,0.006909113,0
18,217,45.984,1099.44132,69546.58142,36.945,0,0,0,0,0,0,0,0,0,0.151728,0,0.073927202,0.006909113,0
18,217,45.984,1099.44132,69546.58142,0,0,0,0,0,0,0,0,0,0,3.8946,0,0.073927202,0.006909113,0
18,217,45.984,1099.44132,69546.58142,0,0,0,0.015045,0.000739,0,0,0,0,0,0,0,0.073927202,0.006909113,0
18,217,45.984,1099.44132,69546.58142,0.038936,0,0,0.36044,0,0,0,0,0,0,0,0,0.073927202,0.006909113,0
18,217,45.984,1099.44132,69546.58142,0,0,0,0.0055291,0,3.5685,0,0,0,0,1.57107,0,0.073927202,0.006909113,0
18,217,45.984,1099.44132,69546.58142,0.000688,0,0,0.051994,0,0,0.13028,0,0,0,0.151728,0,0.073927202,0.006909113,0
18,217,45.984,1099.44132,69546.58142,0.001326,0,0.00524,2.2778,0,0.41253,0,0,0,0,0,0,0.073927202,0.006909113,0
18,217,45.984,1099.44132,69546.58142,0,0,0,0,0,0,0,0,0,0,4.4358,0,0.073927202,0.006909113,0
18,217,45.984,1099.44132,69546.58142,0.009056,0,0,0,0,0,0,0,0,0,0.278526,0,0.073927202,0.006909113,0
18,217,45.984,1099.44132,69546.58142,0,0,0,0.008333,0,0,0,0,0,0,0,0,0.073927202,0.006909113,0
18,217,45.984,1099.44132,69546.58142,0.009261,0,0,0,0,0,0.10863,0,0,0,2.52933,0,0.073927202,0.006909113,0
18,217,45.984,1099.44132,69546.58142,0,0,0,0,198.9,0,0,0,0,0,5.1444,0,0.073927202,0.006909113,0
18,217,45.984,1099.44132,69546.58142,0.047912,0,0,0.00043,0,0,0,0,17.009,0,5.0406,0,0.073927202,0.006909113,0
18,217,45.984,1099.44132,69546.58142,0,0,0,0,46.767,0,0,0,0,0,0.36594,0,0.073927202,0.006909113,0
18,217,45.984,1099.44132,69546.58142,0,0,0,0,12.308,0,0,0,0,0,0.38949,0,0.073927202,0.006909113,0
18,217,45.984,1099.44132,69546.58142,12.084,0,0,3.7669,6.4522,0,0,0,0,0,0.151728,0,0.073927202,0.006909113,0
18,217,45.984,1099.44132,69546.58142,2.1218,0,0,0,0.018484,0,0,0,0,0,0,0,0.073927202,0.006909113,0
18,217,45.984,1099.44132,69546.58142,0.061767,0,0,0.00524,2.8291,0,0,0,0,0,0.151728,0,0.073927202,0.006909113,0
18,217,45.984,1099.44132,69546.58142,0,0,0,0,0.000688,0,0,0,0,0,4.8618,0,0.073927202,0.006909113,0
18,217,45.984,1099.44132,69546.58142,0.12208,0,0,0.00043,0,0,0,0,0,0,0,0,0.073927202,0.006909113,0
18,217,45.984,1099.44132,69546.58142,0,0,0,0,0,0.79321,0,0,0,0,0.151728,0,0.073927202,0.006909113,0
18,217,45.984,1099.44132,69546.58142,0.00524,0,0,0.040274,0.008333,0,0,0,0,0,18.9018,0,0.073927202,0.006909113,0
18,217,45.984,1099.44132,69546.58142,0.7988,0,0,68.713,0,29.991,0,0,0,0,0.151728,0,0.073927202,0.006909113,0
18,217,45.984,1099.44132,69546.58142,0,0,0,0.008335,0.007328,0,0,0,0,0,0,0,0.073927202,0.006909113,0
18,217,45.984,1099.44132,69546.58142,2.5147,0,0,0,0.002492,0,0,0,0,0,0.28509,0,0.073927202,0.006909113,0
18,217,45.984,1099.44132,69546.58142,0.008333,0,0,0,0,0,0,0,0,0,3.6159,0,0.073927202,0.006909113,0
18,217,45.984,1099.44132,69546.58142,0.00524,0,0,0,813.22,0.82806,0,0,0,0,0,0,0.073927202,0.006909113,0
18,217,45.984,1099.44132,69546.58142,0.004143,0,0,3.7171,0.00524,0,28.735,0,0,0,0,0,0.073927202,0.006909113,0
18,217,45.984,1099.44132,69546.58142,0.008333,0,0,0.0088426,0,0,0,0,0,0,4.3869,0,0.073927202,0.006909113,0
18,217,45.984,1099.44132,69546.58142,1.2774,0,0,0,0.013681,0,1.5219,0,0,0,0.151728,0,0.073927202,0.006909113,0
18,217,45.984,1099.44132,69546.58142,1.8154,0,0,0,2.0529,0,0,0,0,0,0.151728,0,0.073927202,0.006909113,0
18,217,45.984,1099.44132,69546.58142,0,0,0,15.592,0.008333,0,0,0,0,0,12.3399,0,0.073927202,0.006909113,0
18,217,45.984,1099.44132,69546.58142,1.7403,0,0,0.00524,0,0,0,0,0,0,0.151728,0,0.073927202,0.006909113,0
18,217,45.984,1099.44132,69546.58142,0.00644,0,0,0,0,0.096353,0,0,0,0,0.151728,0,0.073927202,0.006909113,0
18,217,45.984,1099.44132,69546.58142,0.008333,0,0,0,0,0,21.515,0,0,0,0,0,0.073927202,0.006909113,0
18,217,45.984,1099.44132,69546.58142,0,0,0.001267,0,0,0,0,0,0,0,0,0,0.073927202,0.006909113,0
18,217,45.984,1099.44132,69546.58142,0,0,0,0,0.0078558,0,0,0,0,0,7.1259,0,0.073927202,0.006909113,0
18,217,45.984,1099.44132,69546.58142,0,0,0,0,0,0,0,0,0,0,1.09647,0,0.073927202,0.006909113,0
18,217,45.984,1099.44132,69546.58142,0.020885,0,0,0,0.67362,0,0,0,0,0,8.6688,0,0.073927202,0.006909113,0
18,217,45.984,1099.44132,69546.58142,0.018381,0,0,0,0,0,0,1.7776,0,0,10.3692,0,0.073927202,0.006909113,0
18,217,45.984,1099.44132,69546.58142,0,0,0,0.008336,0.0214,0,0,0,0,0,0.151728,0,0.073927202,0.006909113,0
18,217,45.984,1099.44132,69546.58142,0,0,0,0.007102,0,0,0,0,0,0,0,0,0.073927202,0.006909113,0
18,217,45.984,1099.44132,69546.58142,2.7267,0,0,0,0,0,0,0,0,0,1.47252,0,0.073927202,0.006909113,0
18,217,45.984,1099.44132,69546.58142,0,0,0,0.002011,0.049462,0,0,0,0,0,0,0,0.073927202,0.006909113,0
18,217,45.984,1099.44132,69546.58142,12.38,0,0,0,0,0,0.13028,0,0,0,0.151728,0,0.073927202,0.006909113,0
18,217,45.984,1099.44132,69546.58142,0,0,0,0,0,0,0,0,0,0,0.279615,0,0.073927202,0.006909113,0
18,217,45.984,1099.44132,69546.58142,0.004864,0,0,0,0.2943,0,24.831,0,0,0,11.0184,0,0.073927202,0.006909113,0
18,217,45.984,1099.44132,69546.58142,12.38,0,0,0.008321,0.007148,0,0,0,0,0,0.27432,0,0.073927202,0.006909113,0
18,217,45.984,1099.44132,69546.58142,0.003821,0,0,0.021907,0,0,0.13028,0,0,0,2.64756,0,0.073927202,0.006909113,0
18,217,45.984,1099.44132,69546.58142,4.1811,0,0,0,0,1.0289,0,0,0,0,3.4818,0,0.073927202,0.006909113,0
18,217,45.984,1099.44132,69546.58142,0,0,0,0,0,0,0,0,0,0,6.5418,0,0.073927202,0.006909113,0
18,217,45.984,1099.44132,69546.58142,0,0,0,0,0,0,0,0,0,0,1.62048,0,0.073927202,0.006909113,0
18,217,45.984,1099.44132,69546.58142,0.031098,0,0,0,0,0.0899,0,0,0,0,0.151728,0,0.073927202,0.006909113,0
18,217,45.984,1099.44132,69546.58142,0.001436,0,0,0.29765,0.40097,0,0,0,0,0,15.8232,0,0.073927202,0.006909113,0
18,217,45.984,1099.44132,69546.58142,0.0059107,0,0,0.84472,0,0,0,0,0,0,8.9718,0,0.073927202,0.006909113,0
18,217,45.984,1099.44132,69546.58142,0,0,0,0.040507,0.003346,0,5.3904,0,0,0,42.879,0,0.073927202,0.006909113,0
18,217,45.984,1099.44132,69546.58142,0,0,0,0.00524,0,0,0,0,0,0,5.0718,0,0.073927202,0.006909113,0
18,217,45.984,1099.44132,69546.58142,0.0724,0,0.00036,0,0,0,0,0,0,0,0.151728,0,0.073927202,0.006909113,0
18,217,45.984,1099.44132,69546.58142,5.865,0,0,0.16809,0.0078558,0.79321,0,0,0,0,34.746,0,0.073927202,0.006909113,0
18,217,45.984,1099.44132,69546.58142,0,0,0,0,0,0,0,0,0,0,0.151728,0,0.073927202,0.006909113,0
18,217,45.984,1099.44132,69546.58142,40.517,0,5.2658,0.48282,0,0,0.002308,0,0,0,0,0,0.073927202,0.006909113,0
18,217,45.984,1099.44132,69546.58142,0.008335,0,0,0,0,0,0,0,0,0,0.28509,0,0.073927202,0.006909113,0
18,217,45.984,1099.44132,69546.58142,0.0059398,0,0.016473,0,0,0.13286,6.9551,0,0,0,0.151728,0,0.073927202,0.006909113,0
18,217,45.984,1099.44132,69546.58142,0,0,0.002868,0.013455,3.0251,0,0,0,0,0,0,0,0.073927202,0.006909113,0
18,217,45.984,1099.44132,69546.58142,0,0,0.030958,0.42984,0.011527,0,0,0,0,0,52.569,0,0.073927202,0.006909113,0
18,217,45.984,1099.44132,69546.58142,0,0,0,0,3.7624,0,0,0,0,0,7.0518,0,0.073927202,0.006909113,0
18,217,45.984,1099.44132,69546.58142,0.01367,0,0,4.7036,7.0738,0,0,0,0,0,27.5562,0,0.073927202,0.006909113,0
18,217,45.984,1099.44132,69546.58142,0.008333,0,0,0,0.030964,0,0,0,0,0,0,0,0.073927202,0.006909113,0
18,217,45.984,1099.44132,69546.58142,0.37708,0,0,0,0.000739,0.000342,0,0,0,0,0,0,0.073927202,0.006909113,0
18,217,45.984,1099.44132,69546.58142,0.028169,0,0,0,0.013476,0,0,0,0,0,0.278532,0,0.073927202,0.006909113,0
18,217,45.984,1099.44132,69546.58142,0,0,0,0,0.68315,0,0,0,0,0,0.278526,0,0.073927202,0.006909113,0
18,217,45.984,1099.44132,69546.58142,0.061767,0,0,0,0.86472,0,0,0,0,0,24.5118,0,0.073927202,0.006909113,0
18,217,45.984,1099.44132,69546.58142,0,0,0,0,0,0.78033,0,0,0,0,0,0,0.073927202,0.006909113,0
18,217,45.984,1099.44132,69546.58142,0.1789,0,0,0.011527,0,0,0,0,0,0,4.4103,0,0.073927202,0.006909113,0
18,217,45.984,1099.44132,69546.58142,0,0,0,0,0.003144,0,0,0,0,0,2.37174,0,0.073927202,0.006909113,0
18,217,45.984,1099.44132,69546.58142,0.008333,0,0,0.008333,1.7249,0,0,0,0,0,1.19187,0,0.073927202,0.006909113,0
18,217,45.984,1099.44132,69546.58142,0.08029,0,0,20.576,0.000063,0,102.85,0,0,0,1.57107,0,0.073927202,0.006909113,0
18,217,45.984,1099.44132,69546.58142,0,0,0,0.007148,0,0,0,0,0,0,0,0,0.073927202,0.006909113,0
18,217,45.984,1099.44132,69546.58142,0,0,0,0.007102,0,0,0,0,0,0,8.5644,0,0.073927202,0.006909113,0
18,217,45.984,1099.44132,69546.58142,0.003539,0,0.012072,0,21.429,0,265.12,0,0,0,0.77829,0,0.073927202,0.006909113,0
18,217,45.984,1099.44132,69546.58142,0.28712,0,0,0,6.9699,0,0,0,0,0,0.151728,0,0.073927202,0.006909113,0
18,217,45.984,1099.44132,69546.58142,0.026942,0,0,0,0.000688,0,0,0,0,0,0.151728,0,0.073927202,0.006909113,0
18,217,45.984,1099.44132,69546.58142,0.0083909,0,0,0,0.008333,0,0,0,0,0,3.0075,0,0.073927202,0.006909113,0
18,217,45.984,1099.44132,69546.58142,0.008333,0,0,0,0,0,0.13028,0,0,0,0.151728,0,0.073927202,0.006909113,0
18,217,45.984,1099.44132,69546.58142,0,0,0,0,0,0,0,0,0,0,0.151728,0,0.073927202,0.006909113,0
18,217,45.984,1099.44132,69546.58142,0,0,0,6.4627,0,0,0,0,0,0,0.151728,0,0.073927202,0.006909113,0
18,217,45.984,1099.44132,69546.58142,872.97,0,0,0.011527,0,0,0,0,0,0,0.151728,0,0.073927202,0.006909113,0
18,217,45.984,1099.44132,69546.58142,0.00014,0,0,0,0.005239,0,0,0,0,0,0.280446,0,0.073927202,0.006909113,0
18,217,45.984,1099.44132,69546.58142,22.449,0,0,10.418,0,0,0.002308,0,0,0,0.151728,0,0.073927202,0.006909113,0
18,217,45.984,1099.44132,69546.58142,13.81,0,0.000063,0.036193,0.0059348,4.8967,0,0,0,0,0,0,0.073927202,0.006909113,0
18,217,45.984,1099.44132,69546.58142,0,0,0,0.008335,0,0,0,0,0,0,0.53757,0,0.073927202,0.006909113,0
18,217,45.984,1099.44132,69546.58142,0,0,0,0.088496,30.954,0,0,0,0,0,0.276939,0,0.073927202,0.006909113,0
18,217,45.984,1099.44132,69546.58142,0.007328,0,0,0.008333,0,0,0,0,0,0,0,0,0.073927202,0.006909113,0
18,217,45.984,1099.44132,69546.58142,0.002031,0,0,0,0,0,0,0,0,0,0,0,0.073927202,0.006909113,0
18,217,45.984,1099.44132,69546.58142,0.08383,0,0,0,27.763,0,0,0,0,0,44.073,0,0.073927202,0.006909113,0
18,217,45.984,1099.44132,69546.58142,0.0724,0,0,0,0,0,0,0,0,0,0.151728,0,0.073927202,0.006909113,0
18,217,45.984,1099.44132,69546.58142,0,0,0,0.23606,26.765,0,0,0,0,0,38.517,0,0.073927202,0.006909113,0
18,217,45.984,1099.44132,69546.58142,0,0,0,0.017238,7.7396,0,0,0,0,0,0.151728,0,0.073927202,0.006909113,0
18,217,45.984,1099.44132,69546.58142,0,0,0,0,0.14105,0,0,0,0,0,0.273384,0,0.073927202,0.006909113,0
18,217,45.984,1099.44132,69546.58142,0,0,0,0,62.065,0,0,0,0,0,0,0,0.073927202,0.006909113,0
18,217,45.984,1099.44132,69546.58142,0,0,0,0,0,0,0,0,0,0,47.883,0,0.073927202,0.006909113,0
18,217,45.984,1099.44132,69546.58142,0.013573,0,0,0.003538,0,0,0,0,0,0,0.37014,0,0.073927202,0.006909113,0
18,217,45.984,1099.44132,69546.58142,0,0,0,1.3952,0,0,0,0,0,0,22.8018,0,0.073927202,0.006909113,0
18,217,45.984,1099.44132,69546.58142,0.00524,0,0,0,0,0,110.33,0,0.027312,0,34.746,0,0.073927202,0.006909113,0
18,217,45.984,1099.44132,69546.58142,1.366,0,0,0,0,0,0,0,0,0,0.151728,0,0.073927202,0.006909113,0
18,217,45.984,1099.44132,69546.58142,0.00644,0,0,0.46711,0,0,0,0,0,0,0.72174,0,0.073927202,0.006909113,0
18,217,45.984,1099.44132,69546.58142,0.01332,0,0,5.8999,0,0,0,0,0,0,0,0,0.073927202,0.006909113,0
18,217,45.984,1099.44132,69546.58142,6.2048,0,0,2.0429,52.779,0.000209,11.179,0,0,0,6.8079,0,0.073927202,0.006909113,0
18,217,45.984,1099.44132,69546.58142,55.389,0,0,853.16,0,0,0,0,0,0,1.05978,0,0.073927202,0.006909113,0
18,217,45.984,1099.44132,69546.58142,0.008333,0,0,0,0.005239,0,0,0,0,0,1.02351,0,0.073927202,0.006909113,0
18,217,45.984,1099.44132,69546.58142,27.506,0,0,0.026311,0,0,0,0,0,0,36.924,0,0.073927202,0.006909113,0
18,217,45.984,1099.44132,69546.58142,22.323,0,5.5173,0.19366,0.000063,0,0.67053,0,0,0,0,0,0.073927202,0.006909113,0
18,217,45.984,1099.44132,69546.58142,0.43058,0,0,0.073717,0.008333,0,0,0,0,0,4.8618,0,0.073927202,0.006909113,0
18,217,45.984,1099.44132,69546.58142,0.001493,0,0,0.014602,0.1098,0,0,0,0,0,14.1318,0,0.073927202,0.006909113,0
18,217,45.984,1099.44132,69546.58142,0.00524,0,0,0,0,2.5002,0,0,0,0,0,0,0.073927202,0.006909113,0
18,217,45.984,1099.44132,69546.58142,0,0,0,0.18602,0,0,0,0,0,0,0.286419,0,0.073927202,0.006909113,0
18,217,45.984,1099.44132,69546.58142,0.00524,0,0,0,0,0,0,0,0,0,2.01174,0,0.073927202,0.006909113,0
18,217,45.984,1099.44132,69546.58142,0.014402,0,0,0,0,0,0,0,0,0,35.547,0,0.073927202,0.006909113,0
18,217,45.984,1099.44132,69546.58142,0,0,0,10.744,16.858,0,0,0,0,0,0.151728,0,0.073927202,0.006909113,0
18,217,45.984,1099.44132,69546.58142,0.00524,0,0,0.020575,0.0014495,0,0,0,0,0,7.3638,0,0.073927202,0.006909113,0
18,217,45.984,1099.44132,69546.58142,0,0,0,0.11797,0.00524,0,0,0,0,0,0.276924,0,0.073927202,0.006909113,0
18,217,45.984,1099.44132,69546.58142,0,0,0,0.0014795,0.0078558,0.000024,0,0,0,0,0,0,0.073927202,0.006909113,0
18,217,45.984,1099.44132,69546.58142,0,0,0,0.00315,0.00524,0,0,0,0,0,47.883,0,0.073927202,0.006909113,0
18,217,45.984,1099.44132,69546.58142,0.008333,0,0,0,10.721,0.18042,0,0,0,0,0.151728,0,0.073927202,0.006909113,0
18,217,45.984,1099.44132,69546.58142,0.013404,0,0,0,0,0,54.329,0,0,0,63.09,0,0.073927202,0.006909113,0
18,217,45.984,1099.44132,69546.58142,0,0,0,0,0.046032,0,0,0,0,0,3.8823,0,0.073927202,0.006909113,0
18,217,45.984,1099.44132,69546.58142,0.001192,0,0,0,0.062887,0.77921,0,0,0,0,0.151728,0,0.073927202,0.006909113,0
18,217,45.984,1099.44132,69546.58142,0,0,0.81358,0,0.013551,0,0.42744,0,0,0,0.31098,0,0.073927202,0.006909113,0
18,217,45.984,1099.44132,69546.58142,0.008333,0,0,0.00524,0,0,0,0,0,0,1.17456,0,0.073927202,0.006909113,0
18,217,45.984,1099.44132,69546.58142,0,0,0,0.088496,0,0,0,0,0,0,7.2051,0,0.073927202,0.006909113,0
18,217,45.984,1099.44132,69546.58142,0.00644,0,0,0,0.005769,0,0,0,0,0,0.151728,0,0.073927202,0.006909113,0
18,217,45.984,1099.44132,69546.58142,0,0,0,0,0,0,0,0,0,0,10.2414,0,0.073927202,0.006909113,0
18,217,45.984,1099.44132,69546.58142,0.006702,0,0,0,0.016012,0,0.13028,0,0,0,0.151728,0,0.073927202,0.006909113,0
18,217,45.984,1099.44132,69546.58142,0.010521,0,0,0,0,0,0,0,0,0,0.151728,0,0.073927202,0.006909113,0
18,217,45.984,1099.44132,69546.58142,0.00644,0,0,0.00524,0.011526,0,0,0,0,0,0.151728,0,0.073927202,0.006909113,0
18,217,45.984,1099.44132,69546.58142,0.0031025,0,0,0,0,0,0,0,0,0,8.3751,0,0.073927202,0.006909113,0
18,217,45.984,1099.44132,69546.58142,5.6933,0,0,0,0,32.552,0,0,0,0,0.151728,0,0.073927202,0.006909113,0
18,217,45.984,1099.44132,69546.58142,0.002139,0,0,0.007148,0.002055,0,0,0,0,0,11.0184,0,0.073927202,0.006909113,0
18,217,45.984,1099.44132,69546.58142,11.506,0,0,0,0,0,0,0,0,0,0.151728,0,0.073927202,0.006909113,0
18,217,45.984,1099.44132,69546.58142,0.00753,0,0,6.7865,0.005239,0,0.13028,0,0,0,34.872,0,0.073927202,0.006909113,0
18,217,45.984,1099.44132,69546.58142,0,0,0,0,0.013518,0,0,0,0,0,0,0,0.073927202,0.006909113,0
18,217,45.984,1099.44132,69546.58142,0.019152,0,0,65.783,0,0,0,0,0,0,6.1116,0,0.073927202,0.006909113,0
18,217,45.984,1099.44132,69546.58142,0.011957,0,0,5.8999,0.008333,0,0,0,0,0,0,0,0.073927202,0.006909113,0
18,217,45.984,1099.44132,69546.58142,0.2494,0,0,0,0,0,78.355,0,0,0,0.151728,0,0.073927202,0.006909113,0
18,217,45.984,1099.44132,69546.58142,23.582,0,0,0,0,0,0,0,0,0,1.70622,0,0.073927202,0.006909113,0
18,217,45.984,1099.44132,69546.58142,0,0,0,0.02191,0,0,0,0,0,0,37.53,0,0.073927202,0.006909113,0
18,217,45.984,1099.44132,69546.58142,0.90611,0,0,0.008333,0,0,0,0,0,0,0.27711,0,0.073927202,0.006909113,0
18,217,45.984,1099.44132,69546.58142,0,0,0,0,0,12.816,0.67845,0,0,0,0.151728,0,0.073927202,0.006909113,0
18,217,45.984,1099.44132,69546.58142,0.19687,0,0,4.7441,0,0,0,0,0,0,8.3751,0,0.073927202,0.006909113,0
18,217,45.984,1099.44132,69546.58142,0,0,0,0,0,0,0,0,0,0,7.6818,0,0.073927202,0.006909113,0
18,217,45.984,1099.44132,69546.58142,0,0,0,0,1.4612,0,0.42744,0,0,0,6.2754,0,0.073927202,0.006909113,0
18,217,45.984,1099.44132,69546.58142,0.053886,0,0,0.014206,0.001669,0.77921,0,0,0,0,0.151728,0,0.073927202,0.006909113,0
18,217,45.984,1099.44132,69546.58142,0,0,0,0.00036,0.33405,0,0,0,0,0,0,0,0.073927202,0.006909113,0
18,217,45.984,1099.44132,69546.58142,45.509,0,0,0,0.00524,2.2708,0,0,0,0,8.6688,0,0.073927202,0.006909113,0
18,217,45.984,1099.44132,69546.58142,0.019714,0,0,0.000376,0,0,0,0,0,0,0.290478,0,0.073927202,0.006909113,0
18,217,45.984,1099.44132,69546.58142,0,0,0,0.00524,0.005239,0.001655,0,0,0,0,1.21974,0,0.073927202,0.006909113,0
18,217,45.984,1099.44132,69546.58142,0.00524,0,0,0.00524,0,0,0,0,0,0,25.56,0,0.073927202,0.006909113,0
18,217,45.984,1099.44132,69546.58142,0,0,0,0,0,0,0.74966,0,0,0,0,0,0.073927202,0.006909113,0
18,217,45.984,1099.44132,69546.58142,0,0,0,0,12.686,0,0,0,0,0,0,0,0.073927202,0.006909113,0
18,217,45.984,1099.44132,69546.58142,0,0,0,0,20.653,0,0,0,0,0,0.279489,0,0.073927202,0.006909113,0
18,217,45.984,1099.44132,69546.58142,0.012568,0,0,0.008336,0.005239,0,0.021726,0,0,0,0.151728,0,0.073927202,0.006909113,0
18,217,45.984,1099.44132,69546.58142,0.00644,0,0,0,0,0,0,0,0,0,11.1597,0,0.073927202,0.006909113,0
18,217,45.984,1099.44132,69546.58142,0.22639,0,0,0,0,0,0,0,0,0,10.6086,0,0.073927202,0.006909113,0
18,217,45.984,1099.44132,69546.58142,24.337,0,0,0.008333,0,0,0,0,0,0,24.9618,0,0.073927202,0.006909113,0
18,217,45.984,1099.44132,69546.58142,0.00036,0,0,0,0.67362,0,0,0,0,0,0.280578,0,0.073927202,0.006909113,0
18,217,45.984,1099.44132,69546.58142,0,0,0,0.0014795,0,0,0,0,0,0,0.36594,0,0.073927202,0.006909113,0
18,217,45.984,1099.44132,69546.58142,2.1571,0,0,7.2355,0,0,0,0,0,0,2.41287,0,0.073927202,0.006909113,0
18,217,45.984,1099.44132,69546.58142,0.001493,0,0,0.000251,0.001192,0,0,0,0,0,0,0,0.073927202,0.006909113,0
18,217,45.984,1099.44132,69546.58142,0,0,0,7.7379,8.3856,0,0,0,0,0,2.6931,0,0.073927202,0.006909113,0
18,217,45.984,1099.44132,69546.58142,0,0,0.14787,0,0,0,0.13028,0,7.5865,0,8.7918,0,0.073927202,0.006909113,0
18,217,45.984,1099.44132,69546.58142,0.0021738,0,0.052268,0,0.059735,0,0,0,0,0,0.286419,0,0.073927202,0.006909113,0
18,217,45.984,1099.44132,69546.58142,6.7661,0,0,0.01377,0,0,0,0,0,0,0,0,0.073927202,0.006909113,0
18,217,45.984,1099.44132,69546.58142,2.2602,0,0,0,0.73688,0,0,0,0,0,0.151728,0,0.073927202,0.006909113,0
18,217,45.984,1099.44132,69546.58142,7.9784,0,0,0,0,0,0,0,0,0,3.4635,0,0.073927202,0.006909113,0
18,217,45.984,1099.44132,69546.58142,0,0,0,0,0,0,0,0,0,0,0.151728,0,0.073927202,0.006909113,0
18,217,45.984,1099.44132,69546.58142,0.00524,0,0,0,0.0214,0,0,0,0,0,27.6384,0,0.073927202,0.006909113,0
18,217,45.984,1099.44132,69546.58142,177.88,0,0,0,0,0,0,0,0,0,2.93637,0,0.073927202,0.006909113,0
18,217,45.984,1099.44132,69546.58142,1.5374,0,0,0.0029965,0.84234,0,0,0,0,0,0.151728,0,0.073927202,0.006909113,0
18,217,45.984,1099.44132,69546.58142,0.00644,0,0,0,8.0698,0,0,0,0,0,0,0,0.073927202,0.006909113,0
18,217,45.984,1099.44132,69546.58142,0,0,0,0,0,2.4162,0.40452,0,0,0,0.151728,0,0.073927202,0.006909113,0
18,217,45.984,1099.44132,69546.58142,0.41786,0,0,0,0,0,0,0,0,0,0.44541,0,0.073927202,0.006909113,0
18,217,45.984,1099.44132,69546.58142,0.016699,0,0,0,0.049462,0,0,0,0,0,149.193,0,0.073927202,0.006909113,0
18,217,45.984,1099.44132,69546.58142,0.008333,0,0,0.65249,0.002139,0,0,0,0,0,0.151728,0,0.073927202,0.006909113,0
18,217,45.984,1099.44132,69546.58142,0.020885,0,0,0.008333,0.98255,0,0,0,0,0,0,0,0.073927202,0.006909113,0
18,217,45.984,1099.44132,69546.58142,0.0056,0,0,0.00524,0,0,0.13028,0,0,0,0.6021,0,0.073927202,0.006909113,0
18,217,45.984,1099.44132,69546.58142,0.00524,0,0,0.014602,0,0,0,0,0,0,1.73121,0,0.073927202,0.006909113,0
18,217,45.984,1099.44132,69546.58142,0,0,0,0,0,0,0,0,0,0,3.6918,0,0.073927202,0.006909113,0
18,217,45.984,1099.44132,69546.58142,0,0,0,0.005239,0,0,0.13028,0,0,0,1.57179,0,0.073927202,0.006909113,0
18,217,45.984,1099.44132,69546.58142,0,0,0,2.3519,0,0,0,0,0,0,0,0,0.073927202,0.006909113,0
18,217,45.984,1099.44132,69546.58142,0,0,0,0,0,0,0,0,0,0,0,0,0.073927202,0.006909113,0
18,217,45.984,1099.44132,69546.58142,0.65673,0,0,16.48,8.5334,0,76.371,0,0,0,1.10577,0,0.073927202,0.006909113,0
18,217,45.984,1099.44132,69546.58142,0.0097975,0,0,0,0,0,0,0,0,0,0,0,0.073927202,0.006909113,0
18,217,45.984,1099.44132,69546.58142,0.016858,0,0,0.009056,0,0,0,0,0,0,0,0,0.073927202,0.006909113,0
18,217,45.984,1099.44132,69546.58142,0.00062,0,0,0,0,0,0,0,0,0,116.517,0,0.073927202,0.006909113,0
18,217,45.984,1099.44132,69546.58142,0.005769,0,0,0.05917,0.008335,0,0,0,0,0,11.0037,0,0.073927202,0.006909113,0
18,217,45.984,1099.44132,69546.58142,0,0,0,0,6.2079,0,6.9504,0,0,0,1.95174,0,0.073927202,0.006909113,0
18,217,45.984,1099.44132,69546.58142,0.003485,0,0,6.0441,0,0,0,0,0,0,0,0,0.073927202,0.006909113,0
18,217,45.984,1099.44132,69546.58142,0.013476,0,0,1.788,0,0,0,0,0,0,5.787,0,0.073927202,0.006909113,0
18,217,45.984,1099.44132,69546.58142,0,0,0,0.0065058,0,775.66,0,0,0,0,24.5118,0,0.073927202,0.006909113,0
18,217,45.984,1099.44132,69546.58142,0,0,0,0.001436,0,0,0,0,0,0,0,0,0.073927202,0.006909113,0
18,217,45.984,1099.44132,69546.58142,0,0,4.6054,0,0.018282,0,0,0,0,0,11.9625,0,0.073927202,0.006909113,0
18,217,45.984,1099.44132,69546.58142,52.722,0,0,0,0.090777,0,0,0,0,0,5.0718,0,0.073927202,0.006909113,0
18,217,45.984,1099.44132,69546.58142,0.0964,0,0,0,0,0.79321,0,0,0,0,0.273018,0,0.073927202,0.006909113,0
18,217,45.984,1099.44132,69546.58142,0,0,0,0,0,0,0,0,0,0,2.3544,0,0.073927202,0.006909113,0
18,217,45.984,1099.44132,69546.58142,0,0,53.294,0,0,0,0,0,0,0,0.28866,0,0.073927202,0.006909113,0
18,217,45.984,1099.44132,69546.58142,0,0,0,0.005239,0.33405,0,0,0,0,0,2.28174,0,0.073927202,0.006909113,0
18,217,45.984,1099.44132,69546.58142,0.026942,0,0,0,0,0,5.7012,0,0,0,0,0,0.073927202,0.006909113,0
18,217,45.984,1099.44132,69546.58142,2.1821,0,0,11.876,0,0,16.305,0,0,0,2.28174,0,0.073927202,0.006909113,0
18,217,45.984,1099.44132,69546.58142,0,0,0,0,0.008333,0,0,0,0,0,1.86174,0,0.073927202,0.006909113,0
18,217,45.984,1099.44132,69546.58142,0,0,0,0,0,0,0,0,0,0,0,0,0.073927202,0.006909113,0
18,217,45.984,1099.44132,69546.58142,24.337,0,0,0,0.00043,0,0,0,0,0,3.4818,0,0.073927202,0.006909113,0
18,217,45.984,1099.44132,69546.58142,0,0,0,0,2.006,0,0,0,0,0,0,0,0.073927202,0.006909113,0
18,217,45.984,1099.44132,69546.58142,0,0,0,0,0.008333,0.000342,0,0,0,0,1.57107,0,0.073927202,0.006909113,0
18,217,45.984,1099.44132,69546.58142,0.010338,0,0,0.008333,3.5225,0,0,0,0,0,39.753,0,0.073927202,0.006909113,0
18,217,45.984,1099.44132,69546.58142,1.2894,0,0.17444,1.1174,0,0,0,0,0,0,0,0,0.073927202,0.006909113,0
18,217,45.984,1099.44132,69546.58142,0,0,0,0,514.83,0,0,0,0,0,1.91388,0,0.073927202,0.006909113,0
18,217,45.984,1099.44132,69546.58142,0.012671,0,0,0,0,0,0.13028,0,0,0,1.52439,0,0.073927202,0.006909113,0
18,217,45.984,1099.44132,69546.58142,0.005239,0,0,0,0,0,0,0,0,0,1.52439,0,0.073927202,0.006909113,0
18,217,45.984,1099.44132,69546.58142,0.0152,0,0,0,0,0,0.13028,0,0,0,0.151728,0,0.073927202,0.006909113,0
18,217,45.984,1099.44132,69546.58142,0.007221,0,0,0,1.8824,0,0,0,0,0,12.3399,0,0.073927202,0.006909113,0
18,217,45.984,1099.44132,69546.58142,0,0,0,0.000063,0.000124,0,0,0,0,0,30.123,0,0.073927202,0.006909113,0
18,217,45.984,1099.44132,69546.58142,0.5201,0,0,0.041028,2.8091,0,0,0,0,0,0.151728,0,0.073927202,0.006909113,0
18,217,45.984,1099.44132,69546.58142,0,0,0,0.002011,0,0,0,0,0,0,0,0,0.073927202,0.006909113,0
18,217,45.984,1099.44132,69546.58142,0.012154,0,78.116,0,0,0,0,0,0,0,6.9018,0,0.073927202,0.006909113,0
18,217,45.984,1099.44132,69546.58142,7.9005,0,1.565,0,0,0,0,0,0,0,0.151728,0,0.073927202,0.006909113,0
18,217,45.984,1099.44132,69546.58142,0,0,0.081136,1.4947,0,0,0,0,0,0,2.66157,0,0.073927202,0.006909113,0
18,217,45.984,1099.44132,69546.58142,0.011479,0,0,0,0,0,0,0,0,0,0.278529,0,0.073927202,0.006909113,0
18,217,45.984,1099.44132,69546.58142,0.00644,0,0,3.5574,0.25607,0,0,0,0,0,0.151728,0,0.073927202,0.006909113,0
18,217,45.984,1099.44132,69546.58142,0.0094528,0,0,0.005239,0,0,0,0,0,0,5.1363,0,0.073927202,0.006909113,0
18,217,45.984,1099.44132,69546.58142,1.3203,0,0,0,0,0,0,0,0,0,151.038,0,0.073927202,0.006909113,0
18,217,45.984,1099.44132,69546.58142,49.592,0,0,0.005239,0,0,0,0,0,0,0,0,0.073927202,0.006909113,0
18,217,45.984,1099.44132,69546.58142,0.008333,0,0,0,0.008333,0,0,0,0,0,2.52933,0,0.073927202,0.006909113,0
18,217,45.984,1099.44132,69546.58142,0,0,0,0,0,0,0,0,0,0,2.6481,0,0.073927202,0.006909113,0
18,217,45.984,1099.44132,69546.58142,0.011776,0,0,2.853,0,0,0,0,0,0,8.3718,0,0.073927202,0.006909113,0
18,217,45.984,1099.44132,69546.58142,0.000251,0,0,0,0.002139,0,0,0,0,0,9.6318,0,0.073927202,0.006909113,0
18,217,45.984,1099.44132,69546.58142,0,0,0,2.0817,0.12099,0,0,0,0,0,9.4467,0,0.073927202,0.006909113,0
18,217,45.984,1099.44132,69546.58142,0.29343,0,0,0,0,0,0,0,0,0,4.5897,0,0.073927202,0.006909113,0
18,217,45.984,1099.44132,69546.58142,0.01048,0,0,0,0.014178,0,0,0,0,0,43.863,0,0.073927202,0.006909113,0
18,217,45.984,1099.44132,69546.58142,0,0,0,0,0.008333,0,0,0,0,0,14.0655,0,0.073927202,0.006909113,0
18,217,45.984,1099.44132,69546.58142,0.031802,0,0,0.1451,0.0057595,0,0,0,0,0,0.273384,0,0.073927202,0.006909113,0
18,217,45.984,1099.44132,69546.58142,0,0,0,0,0.14829,0.49503,0,0,0,0,2.6931,0,0.073927202,0.006909113,0
18,217,45.984,1099.44132,69546.58142,0,0,0,0,0,0,0,0,0,0,8.9418,0,0.073927202,0.006909113,0
18,217,45.984,1099.44132,69546.58142,0,0,0,0,0.33405,0,0.40452,0,0,0,0.151728,0,0.073927202,0.006909113,0
18,217,45.984,1099.44132,69546.58142,0.000063,0,0,0,0.008333,0.000491,0.67053,0,0,0,12.2682,0,0.073927202,0.006909113,0
18,217,45.984,1099.44132,69546.58142,5.0534,0,0,0.012904,0.000739,0,0,0,0,0,8.3751,0,0.073927202,0.006909113,0
18,217,45.984,1099.44132,69546.58142,0.003295,0,0,6.6789,0.86472,0.002355,0,0,0,0,0.181728,0,0.073927202,0.006909113,0
18,217,45.984,1099.44132,69546.58142,8.3439,0,0.25792,0,0.003346,0,0.40452,0,0,0,0.151728,0,0.073927202,0.006909113,0
18,217,45.984,1099.44132,69546.58142,0.016638,0,0,0,2.3147,0,0,0,0,0,27.5562,0,0.073927202,0.006909113,0
18,217,45.984,1099.44132,69546.58142,0.67499,0,0,0,4.753,0,0,0,0,0,0,0,0.073927202,0.006909113,0
18,217,45.984,1099.44132,69546.58142,0.00644,0,0,0,0,0,0.42744,0,0,0,0.151728,0,0.073927202,0.006909113,0
18,217,45.984,1099.44132,69546.58142,0.013892,0,0,0,0,0,0.13028,0,0,0,0.9426,0,0.073927202,0.006909113,0
18,217,45.984,1099.44132,69546.58142,0,0,0,0,0,1.2403,0,0,0,0,66.645,0,0.073927202,0.006909113,0
18,217,45.984,1099.44132,69546.58142,0,0,0,7.5633,0,0,0,0,0,0,66.645,0,0.073927202,0.006909113,0
18,217,45.984,1099.44132,69546.58142,0,0,0,0,0.000124,0,0,0,0,0,0,0,0.073927202,0.006909113,0
18,217,45.984,1099.44132,69546.58142,0.008333,0,0,0,0,0,0,0,0,0,1.47252,0,0.073927202,0.006909113,0
18,217,45.984,1099.44132,69546.58142,7.9784,0,0,0,0,0,0,0,0,0,0.151728,0,0.073927202,0.006909113,0
18,217,45.984,1099.44132,69546.58142,0.91229,0,0,0.002868,0,0,0,0,0,0,0.151728,0,0.073927202,0.006909113,0
18,217,45.984,1099.44132,69546.58142,0,0,0,0,8.0306,0,0,0,0,0,0,0,0.073927202,0.006909113,0
18,217,45.984,1099.44132,69546.58142,7.9784,0,0,0,0,0,0,0,0,0,0.34593,0,0.073927202,0.006909113,0
18,217,45.984,1099.44132,69546.58142,0.000172,0,0,0.008333,0.046032,0,0,0,0,0,0,0,0.073927202,0.006909113,0
18,217,45.984,1099.44132,69546.58142,0.001436,0,0,0.1451,0,0,0,0,0,0,149.193,0,0.073927202,0.006909113,0
18,217,45.984,1099.44132,69546.58142,0.18244,0,0,0,198.9,0,0,0,0,0,17.1858,0,0.073927202,0.006909113,0
18,217,45.984,1099.44132,69546.58142,2.2602,0,0,0.008333,0,0,0,0,0,0,0.151728,0,0.073927202,0.006909113,0
18,217,45.984,1099.44132,69546.58142,0.013892,0,0,0,0,0,0,0,0,0,0.151728,0,0.073927202,0.006909113,0
18,217,45.984,1099.44132,69546.58142,36.159,0,0,0,0,0,0,0,0,0,10.6818,0,0.073927202,0.006909113,0
18,217,45.984,1099.44132,69546.58142,0,0,0,0,0.00524,0,0,0,0,0,10.6818,0,0.073927202,0.006909113,0
18,217,45.984,1099.44132,69546.58142,0,0,0,0,0.0057595,0,0,1.6935,0,0,7.4118,0,0.073927202,0.006909113,0
18,217,45.984,1099.44132,69546.58142,0,0,0,0,0,0,54.329,0,0,0,6.102,0,0.073927202,0.006909113,0
18,217,45.984,1099.44132,69546.58142,0.00524,0,0,0.014206,0.013746,0,0.008333,0,0,0,0.151728,0,0.073927202,0.006909113,0
18,217,45.984,1099.44132,69546.58142,0.000124,0,0,0,0.038932,0.77921,11.551,0,0,0,0,0,0.073927202,0.006909113,0
18,217,45.984,1099.44132,69546.58142,0.005239,0,0,0,0.030964,0,0,0,0,0,0,0,0.073927202,0.006909113,0
18,217,45.984,1099.44132,69546.58142,0.001009,0,0,0,27.763,0,0,0,0,0,0.279822,0,0.073927202,0.006909113,0
18,217,45.984,1099.44132,69546.58142,0,0,0,0,0,0,0,0,0,0,149.193,0,0.073927202,0.006909113,0
18,217,45.984,1099.44132,69546.58142,0.0152,0,0.003821,0,0,0,0,0,0,0,0,0,0.073927202,0.006909113,0
18,217,45.984,1099.44132,69546.58142,0,0,0,0,0,0,0,0,0,0,0,0,0.073927202,0.006909113,0
18,217,45.984,1099.44132,69546.58142,0,0,0,0,0,0,0,0,5.3525,0,1.08798,0,0.073927202,0.006909113,0
18,217,45.984,1099.44132,69546.58142,0.003346,0,0,23.088,0,0,0,0,0,0,0,0,0.073927202,0.006909113,0
18,217,45.984,1099.44132,69546.58142,9.146,0,0,0,9.3522,0,0.13028,0,0,0,0.31059,0,0.073927202,0.006909113,0
18,217,45.984,1099.44132,69546.58142,0.72108,0,0,0,2.8091,0.78188,0,0,0,0,0,0,0.073927202,0.006909113,0
18,217,45.984,1099.44132,69546.58142,23.064,0,0,0,0,0.0077375,0,0,0,0,6.9018,0,0.073927202,0.006909113,0
18,217,45.984,1099.44132,69546.58142,0,0,0,0.14897,0,0,0,0,0,0,0.36174,0,0.073927202,0.006909113,0
18,217,45.984,1099.44132,69546.58142,0,0,0,0,0,0,65.662,0,0,0,7.8042,0,0.073927202,0.006909113,0
18,217,45.984,1099.44132,69546.58142,0.001669,0,7.1966,0,1.8824,0,0,0,0,0,20.2284,0,0.073927202,0.006909113,0
18,217,45.984,1099.44132,69546.58142,0,0,0,0,2.529,0,0.67845,0,0,0,47.883,0,0.073927202,0.006909113,0
18,217,45.984,1099.44132,69546.58142,0.00524,0,0,4.7441,0,0,0,0,0,0,0.151728,0,0.073927202,0.006909113,0
18,217,45.984,1099.44132,69546.58142,0,0,0,0,0.002741,0,0.67845,0,0,0,0,0,0.073927202,0.006909113,0
18,217,45.984,1099.44132,69546.58142,6.8272,0,0,0,0,0,171.91,0,0,0,8.7318,0,0.073927202,0.006909113,0
18,217,45.984,1099.44132,69546.58142,0,0,0,0.001326,0,0,0,0,0,0,0,0,0.073927202,0.006909113,0
18,217,45.984,1099.44132,69546.58142,6.4349,0,0,0,0.00644,0,0,0,0,0,0.273357,0,0.073927202,0.006909113,0
18,217,45.984,1099.44132,69546.58142,0.00062,0,0,0.047407,0.005239,5.9264,0,0,0,0,8.7918,0,0.073927202,0.006909113,0
18,217,45.984,1099.44132,69546.58142,0.032101,0,0,1.231,0.016012,0,0,0,0,0,0.151728,0,0.073927202,0.006909113,0
18,217,45.984,1099.44132,69546.58142,0.28712,0,2.0164,0,0,0,0.13028,0,0,0,0,0,0.073927202,0.006909113,0
18,217,45.984,1099.44132,69546.58142,0,0,0,0,0,0,0,0,0,0,0,0,0.073927202,0.006909113,0
18,217,45.984,1099.44132,69546.58142,12.084,0,0,0,0.01787,0,29.564,0,0,0,0.78999,0,0.073927202,0.006909113,0
18,217,45.984,1099.44132,69546.58142,0,0,0,9.9,6.78,0,0,0,0,0,8.8155,0,0.073927202,0.006909113,0
18,217,45.984,1099.44132,69546.58142,0,0,0,0,0.007102,0,0,0,0,0,0.151728,0,0.073927202,0.006909113,0
18,217,45.984,1099.44132,69546.58142,0,0,0,0.0056478,0.008333,0,102.85,0,0,0,0.151728,0,0.073927202,0.006909113,0
18,217,45.984,1099.44132,69546.58142,0.008333,0,0,0,21.429,0,0,0,0,0,0.293307,0,0.073927202,0.006909113,0
18,217,45.984,1099.44132,69546.58142,0,0,0,0,0,0,0,0,0,0,0,0,0.073927202,0.006909113,0
18,217,45.984,1099.44132,69546.58142,0,0,0,0,0,0,0,0,0,0,0.151728,0,0.073927202,0.006909113,0
18,217,45.984,1099.44132,69546.58142,0.49815,0,0,0.011527,0,0,0,0,0,0,0.271728,0,0.073927202,0.006909113,0
18,217,45.984,1099.44132,69546.58142,0,0,0,0,7.8711,0,0,0,0,0,10.9077,0,0.073927202,0.006909113,0
18,217,45.984,1099.44132,69546.58142,21.786,0,0,0,0,0,0.059897,0,0,0,0,0,0.073927202,0.006909113,0
18,217,45.984,1099.44132,69546.58142,11.506,0,0,0.02891,21.429,0,0,0,0,0,0,0,0.073927202,0.006909113,0
18,217,45.984,1099.44132,69546.58142,2.1821,0,0,0,124.34,0,0.40452,0,0,0,4.3869,0,0.073927202,0.006909113,0
18,217,45.984,1099.44132,69546.58142,0,0,0,0.00524,0,0,0,0,0,0,0,0,0.073927202,0.006909113,0
18,217,45.984,1099.44132,69546.58142,0,0,0,0,0,0,0,0,0,0,1.09155,0,0.073927202,0.006909113,0
18,217,45.984,1099.44132,69546.58142,0.18449,0,0,0,0.001493,0,0.10863,0,0,0,0.151728,0,0.073927202,0.006909113,0
18,217,45.984,1099.44132,69546.58142,0.027357,0,0,0,0.00833,0,0,0,0,0,0.151728,0,0.073927202,0.006909113,0
18,217,45.984,1099.44132,69546.58142,0,0,0,0,211.21,0,0,0,0,0,0,0,0.073927202,0.006909113,0
18,217,45.984,1099.44132,69546.58142,0.003416,0,0,0,0.353,0,0,0,0,0,0.151728,0,0.073927202,0.006909113,0
18,217,45.984,1099.44132,69546.58142,0,0,0,0,0,0,0,0,0,0,0,0,0.073927202,0.006909113,0
18,217,45.984,1099.44132,69546.58142,0,0,0,0,0.007221,0,0,0,0,0,69.483,0,0.073927202,0.006909113,0
18,217,45.984,1099.44132,69546.58142,0.000251,0,0,0,0,0,0,0,0,0,2.64756,0,0.073927202,0.006909113,0
18,217,45.984,1099.44132,69546.58142,15.758,0,0,0,0,0,0,0,0,0,0,0,0.073927202,0.006909113,0
18,217,45.984,1099.44132,69546.58142,0,0,0,0,0,0,0.13028,0,0,0,34.539,0,0.073927202,0.006909113,0
18,217,45.984,1099.44132,69546.58142,0,0,0,0,0.008335,0,0,0,0,0,18.849,0,0.073927202,0.006909113,0
18,217,45.984,1099.44132,69546.58142,0,0,0,0.13825,0,0,0,0,0,0,0.271728,0,0.073927202,0.006909113,0
18,217,45.984,1099.44132,69546.58142,0.00524,0,0,0.008336,0.86472,0,0,0,0,0,0.151728,0,0.073927202,0.006909113,0
18,217,45.984,1099.44132,69546.58142,0.075337,0,0.81835,0,0,0,0,0,0,0,0.273021,0,0.073927202,0.006909113,0
18,217,45.984,1099.44132,69546.58142,0.008333,0,0,0,2.006,0.32195,0,0,0,0,0,0,0.073927202,0.006909113,0
18,217,45.984,1099.44132,69546.58142,0,0,0,2.0429,5.2021,0,0,0.79328,0,0,65.781,0,0.073927202,0.006909113,0
18,217,45.984,1099.44132,69546.58142,0.34912,0,0,0,0,0,0,0,0,0,0.151728,0,0.073927202,0.006909113,0
18,217,45.984,1099.44132,69546.58142,2.6123,0,0,0,2.439,0,0,0,0,0,10.3692,0,0.073927202,0.006909113,0
18,217,45.984,1099.44132,69546.58142,1.1394,0,0,0,1.4612,0,0.13028,0,0,0,0.36174,0,0.073927202,0.006909113,0
18,217,45.984,1099.44132,69546.58142,0.008333,0,0,17.373,0,0.77921,0,0,0,0,3.7518,0,0.073927202,0.006909113,0
18,217,45.984,1099.44132,69546.58142,6.0303,0,0,0,0.007148,0,0,0,0,0,0.70764,0,0.073927202,0.006909113,0
18,217,45.984,1099.44132,69546.58142,0.39529,0,0,0,0.008333,0,0,0,0,0,0,0,0.073927202,0.006909113,0
18,217,45.984,1099.44132,69546.58142,0,0,0,0,0.18655,0.004625,0,0,0,0,0.151728,0,0.073927202,0.006909113,0
18,217,45.984,1099.44132,69546.58142,0.10284,0,0,0.00524,0.00524,0,0,0,0,0,0.151728,0,0.073927202,0.006909113,0
18,217,45.984,1099.44132,69546.58142,3.7455,0,0,0,0,0,0,0,0,0,0.151728,0,0.073927202,0.006909113,0
18,217,45.984,1099.44132,69546.58142,0.00524,0,0,0.027172,0,0,0,0,0,0,0,0,0.073927202,0.006909113,0
18,217,45.984,1099.44132,69546.58142,1.1697,0,0.002508,0.26453,0,0,0,0,0,0,0.151728,0,0.073927202,0.006909113,0
18,217,45.984,1099.44132,69546.58142,0.042136,0,0,0,0,0,0.008333,0,0,0,7.0518,0,0.073927202,0.006909113,0
18,217,45.984,1099.44132,69546.58142,0.005239,0,0,0,0,0,0,0,0,0,0.151728,0,0.073927202,0.006909113,0
18,217,45.984,1099.44132,69546.58142,0,0,0,0.008265,0,0,0,0,0,0,0,0,0.073927202,0.006909113,0
18,217,45.984,1099.44132,69546.58142,0.25336,0,0,0.022218,0.012452,0,0,0,0,0,44.073,0,0.073927202,0.006909113,0
18,217,45.984,1099.44132,69546.58142,0,0,0,0,50.346,2.4162,0,0,0,0,0,0,0.073927202,0.006909113,0
18,217,45.984,1099.44132,69546.58142,0,0,0,0,0,0,0,0,0,0,2.76468,0,0.073927202,0.006909113,0
18,217,45.984,1099.44132,69546.58142,0,0,0,0,0.17886,0,0,0,0,0,50.673,0,0.073927202,0.006909113,0
18,217,45.984,1099.44132,69546.58142,0.0064565,0,0,0.010986,0,0,0,0,0,0,0,0,0.073927202,0.006909113,0
18,217,45.984,1099.44132,69546.58142,0.01357,0,0,0,0.008336,0.010345,0,0,0,0,0,0,0.073927202,0.006909113,0
18,217,45.984,1099.44132,69546.58142,0,0,0,6.1619,0,8.6074,0,0,0,0,8.7318,0,0.073927202,0.006909113,0
18,217,45.984,1099.44132,69546.58142,0.008333,0,0,0,0,0,0,0,0,0,7.1259,0,0.073927202,0.006909113,0
18,217,45.984,1099.44132,69546.58142,0.000081,0,0,0,0,0,0,0,0,0,0.151728,0,0.073927202,0.006909113,0
18,217,45.984,1099.44132,69546.58142,0,0,0,0,0,0,0,0,0,0,0.279489,0,0.073927202,0.006909113,0
18,217,45.984,1099.44132,69546.58142,5.4818,0,0,0.0055291,0.62723,0,0,1.1798,0,0,0,0,0.073927202,0.006909113,0
18,217,45.984,1099.44132,69546.58142,0,0,0,0,0,0,0,0,0,0,0,0,0.073927202,0.006909113,0
18,217,45.984,1099.44132,69546.58142,0.00524,0,0,0,0,0,0,0,0,0,0.151728,0,0.073927202,0.006909113,0
18,217,45.984,1099.44132,69546.58142,0,0,0,0.45906,0.013746,0,0,0,0,0,6.2754,0,0.073927202,0.006909113,0
18,217,45.984,1099.44132,69546.58142,0.007697,0,0,0.70621,0,0,0,0,2.5895,0,0,0,0.073927202,0.006909113,0
18,217,45.984,1099.44132,69546.58142,0,0,0,0.00062,0.0082165,0,0.13028,0,0,0,0,0,0.073927202,0.006909113,0
18,217,45.984,1099.44132,69546.58142,0,0,0,0.68671,0,0,0,0,0,0,0.151728,0,0.073927202,0.006909113,0
18,217,45.984,1099.44132,69546.58142,2.1218,0,0,19.222,0,0.57086,47.395,0,0,0,1.17966,0,0.073927202,0.006909113,0
18,217,45.984,1099.44132,69546.58142,0.002031,0,0,0.36044,0,0,2.5309,2.2357,0,0,0,0,0.073927202,0.006909113,0
18,217,45.984,1099.44132,69546.58142,0.74435,0,0,0,0,0.047442,0,0,0,0,0.151728,0,0.073927202,0.006909113,0
18,217,45.984,1099.44132,69546.58142,49.592,0,206.34,0,0,0,0,0,0,0,0,0,0.073927202,0.006909113,0
18,217,45.984,1099.44132,69546.58142,0.2494,0,0,0,0.005239,0,0,0,0,0,0,0,0.073927202,0.006909113,0
18,217,45.984,1099.44132,69546.58142,0,0,0,0.008333,0.016895,0,0,0,0.18533,0,121.068,0,0.073927202,0.006909113,0
18,217,45.984,1099.44132,69546.58142,0.51774,0,0,0,0,0,0,0,0,0,0,0,0.073927202,0.006909113,0
18,217,45.984,1099.44132,69546.58142,1.3203,0,0,0,10.444,0,0,0,0,0,0.151728,0,0.073927202,0.006909113,0
18,217,45.984,1099.44132,69546.58142,0,0,0,0.42984,0.007148,0,0,0,0,0,1.02366,0,0.073927202,0.006909113,0
18,217,45.984,1099.44132,69546.58142,0.25336,0,0,0,0,0,0,0,0,0,1.08174,0,0.073927202,0.006909113,0
18,217,45.984,1099.44132,69546.58142,0.015667,0,0,0.005239,3.1081,0,0,0,0,0,3.4635,0,0.073927202,0.006909113,0
18,217,45.984,1099.44132,69546.58142,0,0,0,0.013546,0,0,0.13028,0,0,0,0.151728,0,0.073927202,0.006909113,0
18,217,45.984,1099.44132,69546.58142,0,0,0,0,0,0,0,0,0,0,0,0,0.073927202,0.006909113,0
18,217,45.984,1099.44132,69546.58142,0.19687,0,0,0,0.003144,0,0,0,0,0,2.13174,0,0.073927202,0.006909113,0
18,217,45.984,1099.44132,69546.58142,5.2762,0,0,0,0,0,0,0,0,0,0.151728,0,0.073927202,0.006909113,0
18,217,45.984,1099.44132,69546.58142,0.018381,0,0,0,0.002868,0,0,0,0,0,0,0,0.073927202,0.006909113,0
18,217,45.984,1099.44132,69546.58142,6.0739,0,0,0,0.076792,0,0,0.000364,0,0,11.7102,0,0.073927202,0.006909113,0
18,217,45.984,1099.44132,69546.58142,2.8708,0,0,0,0,0,0,0,0,0,7.8042,0,0.073927202,0.006909113,0
18,217,45.984,1099.44132,69546.58142,0,0,0,0,0.00524,0,91.335,0,0,0,0,0,0.073927202,0.006909113,0
18,217,45.984,1099.44132,69546.58142,0,0,0,0.011941,35.29,0,0,0,0,0,0,0,0.073927202,0.006909113,0
18,217,45.984,1099.44132,69546.58142,0,0,0,0,0,0,0,0,0,0,21.2118,0,0.073927202,0.006909113,0
18,217,45.984,1099.44132,69546.58142,0.008333,0,0,0.038288,0,0,0,0,0,0,0.151728,0,0.073927202,0.006909113,0
18,217,45.984,1099.44132,69546.58142,0.29003,0,0,0.022218,0,0,0,0,0,0,0,0,0.073927202,0.006909113,0
18,217,45.984,1099.44132,69546.58142,0.00524,0,0,0.008333,0.022119,0,124.31,0,0,0,0,0,0.073927202,0.006909113,0
18,217,45.984,1099.44132,69546.58142,0,0,0,0,0.008335,0,0.67053,0,0,0,0.50493,0,0.073927202,0.006909113,0
18,217,45.984,1099.44132,69546.58142,0.00833,0,0,0.0025559,0,0,0,0,0,0,0.33174,0,0.073927202,0.006909113,0
18,217,45.984,1099.44132,69546.58142,0.82366,0,0,0,0.001434,0,0,0,0,0,29.7018,0,0.073927202,0.006909113,0
18,217,45.984,1099.44132,69546.58142,0.005239,0,0.8007,2.3519,15.439,0,0,0,0,0,0,0,0.073927202,0.006909113,0
18,217,45.984,1099.44132,69546.58142,0.17481,0,0,9.9,0.00644,0.77921,0,0,0,0,0,0,0.073927202,0.006909113,0
18,217,45.984,1099.44132,69546.58142,0,0,0,0.002031,0.002055,0,0,0,0,0,0,0,0.073927202,0.006909113,0
19,218,6.538,3617.735589,228844.5396,36.159,0,0,0.00524,12.308,0,0.42744,0,0,0,28.113,57.83043216,0.244572183,0.022857307,0
19,218,6.538,3617.735589,228844.5396,0.00524,0,0,11.325,0.79075,0,7.2385,0,0,0,25.3818,0.51278208,0.244572183,0.022857307,0
19,218,6.538,3617.735589,228844.5396,0.023275,0,0,0,0,0,0,0,0,0,8.3751,1.611949377,0.244572183,0.022857307,0
19,218,6.538,3617.735589,228844.5396,0,0,0,0,0.008333,0,0,0,0,0,0,20.03672595,0.244572183,0.022857307,0
19,218,6.538,3617.735589,228844.5396,10.582,0,0,0,0,0,0,0,0,0,0.151728,1.629841853,0.244572183,0.022857307,0
19,218,6.538,3617.735589,228844.5396,0,0,0,0,0.98255,0,0,0,0,0,1.57107,2.626534064,0.244572183,0.022857307,0
19,218,6.538,3617.735589,228844.5396,0.002382,0,0,0,0,0,0,0,0,0,0,8.563989377,0.244572183,0.022857307,0
19,218,6.538,3617.735589,228844.5396,0,0,0,0,0,0,0,0,0,0,0.151728,4.748825638,0.244572183,0.022857307,0
19,218,6.538,3617.735589,228844.5396,2.2494,0,0,0,0,0,0.59876,0,0,0,0,3.294248715,0.244572183,0.022857307,0
19,218,6.538,3617.735589,228844.5396,0,0,0,6.2716,14.084,0,0,0,0,0,17.3718,19.71922933,0.244572183,0.022857307,0
19,218,6.538,3617.735589,228844.5396,184.67,0,0,0.20517,0.73113,0,0,0,0,0,0.275769,2.282103912,0.244572183,0.022857307,0
19,218,6.538,3617.735589,228844.5396,0,0,0,0,0.062887,0,0,0,0,0,0.151728,3.370698383,0.244572183,0.022857307,0
19,218,6.538,3617.735589,228844.5396,0.2494,0,0,23.088,0,10.661,0,0,0,0,0.181728,3.50611189,0.244572183,0.022857307,0
19,218,6.538,3617.735589,228844.5396,0.00524,0,0,0.003346,0.00524,0,0,0,0,0,0.273366,3.933904712,0.244572183,0.022857307,0
19,218,6.538,3617.735589,228844.5396,0.00524,0,0,2.0817,0,0,0,0,0,0,0.273384,81.9106449,0.244572183,0.022857307,0
19,218,6.538,3617.735589,228844.5396,0.014901,0,0,7.5633,0.00524,0,30.977,0,0.008333,0,61.47,0.757177028,0.244572183,0.022857307,0
19,218,6.538,3617.735589,228844.5396,0.008321,0,0,0,0.008333,0,0,0,0,0,0.151728,1.480602342,0.244572183,0.022857307,0
19,218,6.538,3617.735589,228844.5396,1.6989,0,0,0,0,0,0,0,0,0,0,2.282103912,0.244572183,0.022857307,0
19,218,6.538,3617.735589,228844.5396,0,0,0,0,0.00524,13.442,0,0,0,0,0.279585,6.438851272,0.244572183,0.022857307,0
19,218,6.538,3617.735589,228844.5396,0,0,0,0,2.529,0,0,0,0,0,0.278703,0.533114438,0.244572183,0.022857307,0
19,218,6.538,3617.735589,228844.5396,0.008333,0,0,0.013976,0,0,0,0,0,0,0,7.432290306,0.244572183,0.022857307,0
19,218,6.538,3617.735589,228844.5396,0,0,0,0,27.763,0,0,0,0,0,0.151728,1.912461635,0.244572183,0.022857307,0
19,218,6.538,3617.735589,228844.5396,0.00062,0,0,0,0,0,0,0,0,0,60.207,0.677067536,0.244572183,0.022857307,0
19,218,6.538,3617.735589,228844.5396,0,0,0,0,0,0,0,0,0,0,0,0.090682319,0.244572183,0.022857307,0
19,218,6.538,3617.735589,228844.5396,0,0,0,0,0.0001875,0,20.78,0,0,0,5.4765,1.600969904,0.244572183,0.022857307,0
19,218,6.538,3617.735589,228844.5396,0,0,0.71224,0,0.013573,1.5701,0.13028,0,0,0,0.73911,293.1339283,0.244572183,0.022857307,0
19,218,6.538,3617.735589,228844.5396,49.592,0,0,0,0,0,0,0,0.2244,0,0,0.403800639,0.244572183,0.022857307,0
19,218,6.538,3617.735589,228844.5396,0,0,0,0,0,0,28.471,0,0,0,36.924,7.432290306,0.244572183,0.022857307,0
19,218,6.538,3617.735589,228844.5396,0.00524,0,0,0,0.84234,0,0,0,0,0,19.2864,4.286874454,0.244572183,0.022857307,0
19,218,6.538,3617.735589,228844.5396,0.53043,0,0,0,0,0.39637,0,0,0,0,0.151728,0.163878809,0.244572183,0.022857307,0
19,218,6.538,3617.735589,228844.5396,0.00644,0,0,0,0,0,0,0,0,0,0.276939,6.438851272,0.244572183,0.022857307,0
19,218,6.538,3617.735589,228844.5396,0,0,0,1.9259,17.64,0,0,0,0,0,9.4467,3.933904712,0.244572183,0.022857307,0
19,218,6.538,3617.735589,228844.5396,2.3556,0,0,0,0,0,0,0,0,0,4.521,2.550491043,0.244572183,0.022857307,0
19,218,6.538,3617.735589,228844.5396,0.001493,0,0,0,0.008333,0,8.1826,0,0,0,25.2354,0.496109546,0.244572183,0.022857307,0
19,218,6.538,3617.735589,228844.5396,4.3384,0,0,0,0.000251,0,0,0,0,0,0.34593,19.16080795,0.244572183,0.022857307,0
19,218,6.538,3617.735589,228844.5396,0.0056,0,0,0.008335,0.013518,0,0,0,0,0,0.271128,7.61406159,0.244572183,0.022857307,0
19,218,6.538,3617.735589,228844.5396,0,0,0,5.4764,0,0,0,0,0,0,0.151728,0.403800639,0.244572183,0.022857307,0
19,218,6.538,3617.735589,228844.5396,0.015333,0,0,0,0.007328,0,0,13.488,0,0,0.28866,7.61406159,0.244572183,0.022857307,0
19,218,6.538,3617.735589,228844.5396,0.034133,0,0,0,0,0,0,0,0,0,0.286419,1.480602342,0.244572183,0.022857307,0
19,218,6.538,3617.735589,228844.5396,0,0,0,0,0.001326,0,0,0,0,0,0.30174,1.740043236,0.244572183,0.022857307,0
19,218,6.538,3617.735589,228844.5396,28.979,0,0,0,0,0,0,0,0,0,2.6481,1.926287639,0.244572183,0.022857307,0
19,218,6.538,3617.735589,228844.5396,0,0,0,0,0,0,0,0,0,0,9.1953,3.294248715,0.244572183,0.022857307,0
19,218,6.538,3617.735589,228844.5396,0.005239,0,0,0,35.29,0.78548,0,0,0,0,1.62018,1.912461635,0.244572183,0.022857307,0
19,218,6.538,3617.735589,228844.5396,0,0,0,0,0,0,0,0,0,0,0.151728,0.496109546,0.244572183,0.022857307,0
19,218,6.538,3617.735589,228844.5396,0.17094,0,0,0,0,0,27.06,0,0,0,0.50493,2.550491043,0.244572183,0.022857307,0
19,218,6.538,3617.735589,228844.5396,0.000251,0,0,0,0.16189,0.77921,0,0,0,0,0.151728,2.282103912,0.244572183,0.022857307,0
19,218,6.538,3617.735589,228844.5396,0,0,0,0.008333,0,0.79351,0,0,0,0,0.151728,10.8444667,0.244572183,0.022857307,0
19,218,6.538,3617.735589,228844.5396,0,0,0,0,0,0,0,0,0,0,0.270372,1.082901411,0.244572183,0.022857307,0
19,218,6.538,3617.735589,228844.5396,0.016058,0,0,1.0487,0,0,0,0,0,0,0.151728,0.51278208,0.244572183,0.022857307,0
19,218,6.538,3617.735589,228844.5396,0.00644,0,0,32.687,0,0.95676,0,0,0,0,0.271128,0.533114438,0.244572183,0.022857307,0
19,218,6.538,3617.735589,228844.5396,0,0,0,0,52.779,0.000273,0,0,0,0,36.924,1.611949377,0.244572183,0.022857307,0
19,218,6.538,3617.735589,228844.5396,0,0,0.86597,0.0098389,0,0,0,0,0,0,3.4926,2.550491043,0.244572183,0.022857307,0
19,218,6.538,3617.735589,228844.5396,0,0,0,0,0,0,0,0,0,0,5.5146,20.03672595,0.244572183,0.022857307,0
19,218,6.538,3617.735589,228844.5396,0.013573,0,0,0,1.1676,0,13.103,0,0,0,123.459,0.533114438,0.244572183,0.022857307,0
19,218,6.538,3617.735589,228844.5396,0,0,0,0,0.008333,0,0.13028,0,0,0,0,1.753869239,0.244572183,0.022857307,0
19,218,6.538,3617.735589,228844.5396,0.18449,0,0,0,0.030964,0.004827,0,0,0,0,2.39772,1.611949377,0.244572183,0.022857307,0
19,218,6.538,3617.735589,228844.5396,0,0,0,0.15605,0.008333,0,0,0,0,0,0,1.082901411,0.244572183,0.022857307,0
19,218,6.538,3617.735589,228844.5396,0.0724,0,0,0,0.008333,0.10003,0,0,0,0,0.86343,0.51278208,0.244572183,0.022857307,0
19,218,6.538,3617.735589,228844.5396,6.2048,0,0,4.7441,0,0,0,0,0,0,0.151728,0.677067536,0.244572183,0.022857307,0
19,218,6.538,3617.735589,228844.5396,0.008333,0,0,0.0029965,0,1.1314,0,0,0,0,0.151728,5.924849251,0.244572183,0.022857307,0
19,218,6.538,3617.735589,228844.5396,0,0,0.22384,0,0.000739,0,0,0,0,0,19.6818,2.742428507,0.244572183,0.022857307,0
19,218,6.538,3617.735589,228844.5396,0,0,0,0,0.005239,0,0,0,0,0,0,0.533114438,0.244572183,0.022857307,0
19,218,6.538,3617.735589,228844.5396,0.10284,0,0,0,0,0,0,0,0,0,0.151728,20.03672595,0.244572183,0.022857307,0
19,218,6.538,3617.735589,228844.5396,0.008333,0,0,0,0,0,0,0,0,0,0,5.924849251,0.244572183,0.022857307,0
19,218,6.538,3617.735589,228844.5396,0.032537,0,0,0,0.008333,0,0,0,0,0,41.715,4.286874454,0.244572183,0.022857307,0
19,218,6.538,3617.735589,228844.5396,49.592,0,47.726,2.6259,0.0057595,0,0,0,0,0,0,0.163878809,0.244572183,0.022857307,0
19,218,6.538,3617.735589,228844.5396,0.53043,0,0,0,0,0,0,0,0,0,0,3.37110503,0.244572183,0.022857307,0
19,218,6.538,3617.735589,228844.5396,0,0,0,0.62945,0.005239,0.29431,0,0,0,0,10.2414,0.403800639,0.244572183,0.022857307,0
19,218,6.538,3617.735589,228844.5396,43.582,0,0,0.01254,0,0.62172,0.10863,0,0,0,20.8818,2.282103912,0.244572183,0.022857307,0
19,218,6.538,3617.735589,228844.5396,2.0814,0,0,3.2487,0.00524,0,0,0,0,0,37.53,2.742428507,0.244572183,0.022857307,0
19,218,6.538,3617.735589,228844.5396,0,0,0,0,0,0,0,0,0,0,12.0405,6.85281809,0.244572183,0.022857307,0
19,218,6.538,3617.735589,228844.5396,0,0,0,17.76,0,0,0,0,0,0,1.57179,3.37110503,0.244572183,0.022857307,0
19,218,6.538,3617.735589,228844.5396,0.013476,0,0,0,0.00524,0,0,0,0,0,45.933,9.094257285,0.244572183,0.022857307,0
19,218,6.538,3617.735589,228844.5396,0,0,0,0,0.90312,0,0,0,0,0,0,62.76023949,0.244572183,0.022857307,0
19,218,6.538,3617.735589,228844.5396,0,0,0,0,0,0,0,0,0,0,0.65616,4.044970118,0.244572183,0.022857307,0
19,218,6.538,3617.735589,228844.5396,0.008333,0,0,0.040274,0,0,0.13028,0,0,0,0.288579,0.496109546,0.244572183,0.022857307,0
19,218,6.538,3617.735589,228844.5396,0.026038,0,3.2208,0.006456,0.00524,0.39637,35.561,0,0,0,0.269961,1.611949377,0.244572183,0.022857307,0
19,218,6.538,3617.735589,228844.5396,0.01048,0,0,0,0,0,0,0,0,0,0,3.933904712,0.244572183,0.022857307,0
19,218,6.538,3617.735589,228844.5396,0.27365,0,0,0,6.9699,0,0,0,0,0,8.172,10.8444667,0.244572183,0.022857307,0
19,218,6.538,3617.735589,228844.5396,0,0,0,3.0889,0,0,137.34,0,0,0,0,19.16080795,0.244572183,0.022857307,0
19,218,6.538,3617.735589,228844.5396,0,0,0,0,29.422,0,0,0,0,0,0.151728,4.791523591,0.244572183,0.022857307,0
19,218,6.538,3617.735589,228844.5396,0,0,0,0,0,0,0,0,0,0,0.151728,4.044970118,0.244572183,0.022857307,0
19,218,6.538,3617.735589,228844.5396,6.8104,0,0,5.6081,0,0,0.60778,0,0,0,13.5342,38.6168241,0.244572183,0.022857307,0
19,218,6.538,3617.735589,228844.5396,0,0,0,0,0,0,0,0,0,0,0,6.438851272,0.244572183,0.022857307,0
19,218,6.538,3617.735589,228844.5396,0.008333,0,0,6.2716,0,0.77921,0,0,0,0,0.151728,20.03672595,0.244572183,0.022857307,0
19,218,6.538,3617.735589,228844.5396,0.005239,0,0,0,0,0,0,0,0,0,0.151728,0.533114438,0.244572183,0.022857307,0
19,218,6.538,3617.735589,228844.5396,0,0,0,0.012395,0.003346,0,0,0,0,0,0,4.748825638,0.244572183,0.022857307,0
19,218,6.538,3617.735589,228844.5396,0.0088426,0,3.3792,0,0,0,0,0,0,0,0,1.953939646,0.244572183,0.022857307,0
19,218,6.538,3617.735589,228844.5396,6.3539,0,0,0,0,0,0,0,0,0,0.151728,2.473634728,0.244572183,0.022857307,0
19,218,6.538,3617.735589,228844.5396,0.00524,0,0,0.008333,0,0,0,0,0,0,9.4467,0.677067536,0.244572183,0.022857307,0
19,218,6.538,3617.735589,228844.5396,0.014773,0,0,0.29765,0,0,0,0,0,0,0,0.090682319,0.244572183,0.022857307,0
19,218,6.538,3617.735589,228844.5396,0,0,0,0,0,0,0,0,0,0,0,1.788434249,0.244572183,0.022857307,0
19,218,6.538,3617.735589,228844.5396,0,0,0,0,0,0,30.686,0,0,0,0,4.862686845,0.244572183,0.022857307,0
19,218,6.538,3617.735589,228844.5396,0,0,0,1.3952,0,0,0,0,0,0,0,20.03672595,0.244572183,0.022857307,0
19,218,6.538,3617.735589,228844.5396,0.0098678,0,0,0,0,0,0,0,0,0,95.283,459.9889457,0.244572183,0.022857307,0
19,218,6.538,3617.735589,228844.5396,0,0,0,46.554,0,0,0,0,0,0,149.193,2.742428507,0.244572183,0.022857307,0
19,218,6.538,3617.735589,228844.5396,0.040702,0,0,0,0.014941,0,0,0,0,0,0,1.480602342,0.244572183,0.022857307,0
19,218,6.538,3617.735589,228844.5396,3.0031,0,0,0,0,0,0,0,0,0,17.3325,0.308645201,0.244572183,0.022857307,0
19,218,6.538,3617.735589,228844.5396,21.068,0,0,0,0,0,0,0,0,0,0,1.480602342,0.244572183,0.022857307,0
19,218,6.538,3617.735589,228844.5396,0.010479,0,0,2.9167,0.000739,0,0,0,0,0,0,0.163878809,0.244572183,0.022857307,0
19,218,6.538,3617.735589,228844.5396,0,0,0,0,0,0,0.13028,0,2.0336,0,0.151728,3.37110503,0.244572183,0.022857307,0
19,218,6.538,3617.735589,228844.5396,0,0,0,20.449,0,0.79321,0,0,0,0,0,3.294248715,0.244572183,0.022857307,0
19,218,6.538,3617.735589,228844.5396,0,0,0,0,0,1.6459,0,0,0,0,5.6418,0.308645201,0.244572183,0.022857307,0
19,218,6.538,3617.735589,228844.5396,0.008335,0,0,0,0,0,0.059897,0,0,0,0,5.924849251,0.244572183,0.022857307,0
19,218,6.538,3617.735589,228844.5396,0,0,0,9.5845,0.67961,0,0,0,0,0,0,6.438851272,0.244572183,0.022857307,0
19,218,6.538,3617.735589,228844.5396,0.013573,0,0,0.008333,0.006456,0,0,0,0,0,0,544.8701155,0.244572183,0.022857307,0
19,218,6.538,3617.735589,228844.5396,0,0,0,0,0,0,0,0,0,0,34.746,1.912461635,0.244572183,0.022857307,0
19,218,6.538,3617.735589,228844.5396,0.001326,0,0,0,0,0,0,0,0,0,0.151728,4.044970118,0.244572183,0.022857307,0
19,218,6.538,3617.735589,228844.5396,0.007221,0,0,0.00524,0.13896,0,0,0,0,0,0.151728,81.9106449,0.244572183,0.022857307,0
19,218,6.538,3617.735589,228844.5396,2.1473,0,0,0.033648,0.008763,0,0.13028,0,0,0,18.849,3.27635624,0.244572183,0.022857307,0
19,218,6.538,3617.735589,228844.5396,0.002139,0,0,4.7036,0,0,0,0,0,0,4.8864,10.8444667,0.244572183,0.022857307,0
19,218,6.538,3617.735589,228844.5396,0.0068531,0,0,0.00524,0,0,0,0,0,0,10.6086,5.924849251,0.244572183,0.022857307,0
19,218,6.538,3617.735589,228844.5396,0.38105,0,0,17.949,0.007102,0,0,0,0,0,0.151728,38.6168241,0.244572183,0.022857307,0
19,218,6.538,3617.735589,228844.5396,0,0,0,0,0,0,0,0,0,0,0.151728,1.953939646,0.244572183,0.022857307,0
19,218,6.538,3617.735589,228844.5396,0.17481,0,0,835.4,0.14993,0,11.551,0,0,0,46.353,9.094257285,0.244572183,0.022857307,0
19,218,6.538,3617.735589,228844.5396,0.00524,0,0,0.008333,0,0,0.60778,0,0,0,0,8.563989377,0.244572183,0.022857307,0
19,218,6.538,3617.735589,228844.5396,0.00524,0,0,0,0,0,44.799,0,0,0,0.151728,1.753869239,0.244572183,0.022857307,0
19,218,6.538,3617.735589,228844.5396,0.008585,0,0,0,0,0.008333,0,0,0,0,5.2875,20.03672595,0.244572183,0.022857307,0
19,218,6.538,3617.735589,228844.5396,0.008333,0,9.8554,4.8779,0,1.2403,0,0,0,0,0,4.791523591,0.244572183,0.022857307,0
19,218,6.538,3617.735589,228844.5396,0,0,0,0.000124,0,0,0,0,0,0,0.151728,4.286874454,0.244572183,0.022857307,0
19,218,6.538,3617.735589,228844.5396,0,0,0,0,0,0,0,0,0,0,60.207,2.282103912,0.244572183,0.022857307,0
19,218,6.538,3617.735589,228844.5396,14.875,0,0,0,0,0,0,0,0,0,0.151728,7.432290306,0.244572183,0.022857307,0
19,218,6.538,3617.735589,228844.5396,0.00524,0,0,0.000078,0,0,0,0,0,0,0,4.791523591,0.244572183,0.022857307,0
19,218,6.538,3617.735589,228844.5396,0.008333,0,0,0,0.00524,0,0.13028,0,0,0,0,1.082901411,0.244572183,0.022857307,0
19,218,6.538,3617.735589,228844.5396,0.00014,0,0,0,0,0,0,0,0,0,0,6.509873784,0.244572183,0.022857307,0
19,218,6.538,3617.735589,228844.5396,0,0,1.7155,0.005239,0.005239,0,0,0,0,0,0.151728,1.629841853,0.244572183,0.022857307,0
19,218,6.538,3617.735589,228844.5396,0.0055799,0,0,0,0,0,0,0,0,0,0.151728,57.7672295,0.244572183,0.022857307,0
19,218,6.538,3617.735589,228844.5396,0.023705,0,0,3.0263,0,0,0,0,0,0,12.3399,10.8444667,0.244572183,0.022857307,0
19,218,6.538,3617.735589,228844.5396,0.061767,0,0,12.981,0.011527,0,0,0,0,0,0,3.37110503,0.244572183,0.022857307,0
19,218,6.538,3617.735589,228844.5396,0.00524,0,0.001669,0,0,0.38161,0,0,0,0,0.151728,1.082901411,0.244572183,0.022857307,0
19,218,6.538,3617.735589,228844.5396,0,0,0,0.0068531,0.000688,0,0,0,0,0,7.2312,3.933904712,0.244572183,0.022857307,0
19,218,6.538,3617.735589,228844.5396,0,0,0,0,0.21081,0,0,0,0,0,0.151728,4.044970118,0.244572183,0.022857307,0
19,218,6.538,3617.735589,228844.5396,0.00524,0,0,0,0,0,0,0,0,0,43.602,6.85281809,0.244572183,0.022857307,0
19,218,6.538,3617.735589,228844.5396,0,0,0,0,0.0306,0,0.841,0,0,0,1.47252,1.437091095,0.244572183,0.022857307,0
19,218,6.538,3617.735589,228844.5396,0,0,0,0,0,0,0.13028,0,0,0,37.53,4.791523591,0.244572183,0.022857307,0
19,218,6.538,3617.735589,228844.5396,0.005239,0,0,0,0,0,0,0,0,0,4.9119,7.61406159,0.244572183,0.022857307,0
19,218,6.538,3617.735589,228844.5396,0,0,0,0,0,0,0,0,0,0,0,1.953939646,0.244572183,0.022857307,0
19,218,6.538,3617.735589,228844.5396,1.2548,0,0,0,0,0,0,0,0,0,0.151728,0.090682319,0.244572183,0.022857307,0
19,218,6.538,3617.735589,228844.5396,0,0,0,0,0.008333,0,0,0,0,0,22.6218,1.480602342,0.244572183,0.022857307,0
19,218,6.538,3617.735589,228844.5396,24.337,0,0,0.041028,0,0,0,0,0,0,0,6.438851272,0.244572183,0.022857307,0
19,218,6.538,3617.735589,228844.5396,0.0045845,0,0,0,0,0,0,0,0,0,0,1.437091095,0.244572183,0.022857307,0
19,218,6.538,3617.735589,228844.5396,0.016058,0,0,0,0.01359,0.79321,0,0,0,0,12.8454,544.8701155,0.244572183,0.022857307,0
19,218,6.538,3617.735589,228844.5396,0,0,0,0,4.2216,0.25711,0,0,0,0,0,2.626534064,0.244572183,0.022857307,0
19,218,6.538,3617.735589,228844.5396,0,0,0,0,0,0,0,0,0,0,0,4.862686845,0.244572183,0.022857307,0
19,218,6.538,3617.735589,228844.5396,0,0,0,0,0,4.1439,0,0,0,0,8.5644,3.294248715,0.244572183,0.022857307,0
19,218,6.538,3617.735589,228844.5396,0,0,0,0.0093259,0,3.4338,0,0,0,0,0,8.643285575,0.244572183,0.022857307,0
19,218,6.538,3617.735589,228844.5396,0,0,0,0.007102,2.529,0,0,0,0,0,16.4517,0.757177028,0.244572183,0.022857307,0
19,218,6.538,3617.735589,228844.5396,0,0,0,2.1101,0,0,0,0,0,0,1.5003,4.862686845,0.244572183,0.022857307,0
19,218,6.538,3617.735589,228844.5396,0.00524,0,0,0,1.6408,0,0,0,0,0,24.5118,7.432290306,0.244572183,0.022857307,0
19,218,6.538,3617.735589,228844.5396,0.020418,0,0,0,0.013973,0,0,0,0,0,0,1.926287639,0.244572183,0.022857307,0
19,218,6.538,3617.735589,228844.5396,0,0,0,0.0097027,0.00524,0,0,0,0,0,4.6029,0.506275725,0.244572183,0.022857307,0
19,218,6.538,3617.735589,228844.5396,0.062194,0,0,0,0,0,0,0,0,0,198.603,8.643285575,0.244572183,0.022857307,0
19,218,6.538,3617.735589,228844.5396,0.013572,0,0,0.008333,0,0,5.9575,0,0,0,0.278703,4.862686845,0.244572183,0.022857307,0
19,218,6.538,3617.735589,228844.5396,0,0,0,1.8563,0,0,0,0,0,0,0.151728,4.748825638,0.244572183,0.022857307,0
19,218,6.538,3617.735589,228844.5396,0,0,0,0,0,0,21.515,0,0,0,0.151728,1.788434249,0.244572183,0.022857307,0
19,218,6.538,3617.735589,228844.5396,25.205,0,0,0,0,0,0,0,0,0,0.151728,14.97902997,0.244572183,0.022857307,0
19,218,6.538,3617.735589,228844.5396,0,0,0,0,0.002031,0,0,0,0,0,0,2.742428507,0.244572183,0.022857307,0
19,218,6.538,3617.735589,228844.5396,12.994,0,0,0.008333,0.038297,0,0,0,0,0,35.547,7.432290306,0.244572183,0.022857307,0
19,218,6.538,3617.735589,228844.5396,0,0,0,1.3952,4.753,0.77921,0,0,0,0,8.9418,1.788434249,0.244572183,0.022857307,0
19,218,6.538,3617.735589,228844.5396,0.008335,0,0,0,0.008333,0,0,0,0,0,0.151728,4.044970118,0.244572183,0.022857307,0
19,218,6.538,3617.735589,228844.5396,0.01332,0,0,0,0,0,0,0,0,0,0.31755,4.791523591,0.244572183,0.022857307,0
19,218,6.538,3617.735589,228844.5396,0.008333,0,0,0,0,0.78099,0,0,0,0,0.271728,3.37110503,0.244572183,0.022857307,0
19,218,6.538,3617.735589,228844.5396,12.994,0,0,0,0,0,0,0,0,0,0.35643,0.496109546,0.244572183,0.022857307,0
19,218,6.538,3617.735589,228844.5396,0,0,0.57676,0,22.461,0,0,0,0,0,0,5.751441887,0.244572183,0.022857307,0
19,218,6.538,3617.735589,228844.5396,0,0,0,0,0,0,0,0,0,0,8.172,2.550491043,0.244572183,0.022857307,0
19,218,6.538,3617.735589,228844.5396,0,0,0,0,0.47436,0,0,0,0,0,0.151728,4.791523591,0.244572183,0.022857307,0
19,218,6.538,3617.735589,228844.5396,0.0088426,0,0,0,0.010507,0,0,0,0,0,0,6.85281809,0.244572183,0.022857307,0
19,218,6.538,3617.735589,228844.5396,0,0,0,0,6.2437,0,0,0,0,0,5.2239,1.611949377,0.244572183,0.022857307,0
19,218,6.538,3617.735589,228844.5396,0.0067817,0,0,0,0.0014495,0,0,0,0,0,0.151728,96.95287753,0.244572183,0.022857307,0
19,218,6.538,3617.735589,228844.5396,0,0,0,0,0.007697,0,0,0,0,0,0,9.094257285,0.244572183,0.022857307,0
19,218,6.538,3617.735589,228844.5396,0.0055799,0,0,0,6.2079,0,0,0,0,0,1.47252,0.757177028,0.244572183,0.022857307,0
19,218,6.538,3617.735589,228844.5396,11.344,0,0,0,0.13896,0,0,0,0,0,6.5418,2.550491043,0.244572183,0.022857307,0
19,218,6.538,3617.735589,228844.5396,1.3203,0,0,0.008333,0.00524,0,91.335,0,0,0,4.8507,6.509873784,0.244572183,0.022857307,0
19,218,6.538,3617.735589,228844.5396,11.135,0,0,0,0.00524,0,0,0,0,0,0.151728,9.094257285,0.244572183,0.022857307,0
19,218,6.538,3617.735589,228844.5396,2.5147,0,0,0,0,0.79482,0,0,0,0,0.271728,1.458846718,0.244572183,0.022857307,0
19,218,6.538,3617.735589,228844.5396,0.01048,0,0,0.007221,850.39,0,0,0,0,0,0,3.294248715,0.244572183,0.022857307,0
19,218,6.538,3617.735589,228844.5396,0.023222,0,0,0.58718,9.3772,0,0,0,0,0,0.280587,4.862686845,0.244572183,0.022857307,0
19,218,6.538,3617.735589,228844.5396,0.00524,0,0,0,0.047685,0,0,0,0,0,0,5.924849251,0.244572183,0.022857307,0
19,218,6.538,3617.735589,228844.5396,0.007697,0,0,0.003346,0.007697,0,0.13028,0,0,0,17.2929,3.37110503,0.244572183,0.022857307,0
19,218,6.538,3617.735589,228844.5396,0,0,0,0.65249,0.008333,0,0,0,0,0,0,126.2789109,0.244572183,0.022857307,0
19,218,6.538,3617.735589,228844.5396,0.002784,0,0,0,0,0,547,0,0,0,0.151728,20.03672595,0.244572183,0.022857307,0
19,218,6.538,3617.735589,228844.5396,27.506,0,0,0,0.025169,0,0,0,0,0,0.42399,0.757177028,0.244572183,0.022857307,0
19,218,6.538,3617.735589,228844.5396,0.061886,0,0,0,0.002772,0,0,0,0,0,1.62048,126.2789109,0.244572183,0.022857307,0
19,218,6.538,3617.735589,228844.5396,0.002096,0,0,0,0.021909,0,0,0,0,0,0.151728,8.563989377,0.244572183,0.022857307,0
19,218,6.538,3617.735589,228844.5396,0.035255,0,0,0,0.18217,0,0,0,0,0,0,0.533114438,0.244572183,0.022857307,0
19,218,6.538,3617.735589,228844.5396,4.1811,0,0,0,0.14105,0.008333,0,0,0,0,0,3.27635624,0.244572183,0.022857307,0
19,218,6.538,3617.735589,228844.5396,2.5794,0,0.42907,0.008333,0.62723,0,102.85,0,0,0,0.151728,1.480602342,0.244572183,0.022857307,0
19,218,6.538,3617.735589,228844.5396,0.008333,0,0,2.3519,0,0,0,0,0,0,0.151728,0.757177028,0.244572183,0.022857307,0
19,218,6.538,3617.735589,228844.5396,0,0,0,0.10557,0,0.78033,0,0,0,0,0.151728,6.85281809,0.244572183,0.022857307,0
19,218,6.538,3617.735589,228844.5396,0.00524,0,0,0,0.65463,0,12.2,0,0,0,0.151728,3.50611189,0.244572183,0.022857307,0
19,218,6.538,3617.735589,228844.5396,0,0,0,0.010479,0,0,0,0,0,0,0,8.153142895,0.244572183,0.022857307,0
19,218,6.538,3617.735589,228844.5396,185.11,0,0,0.48873,0,0,0,0,0,0,8.8155,8.643285575,0.244572183,0.022857307,0
19,218,6.538,3617.735589,228844.5396,0.85316,0,0,0.002084,0.00524,0,20.982,0,0,0,0,13.20935554,0.244572183,0.022857307,0
19,218,6.538,3617.735589,228844.5396,0.0098678,0,0,10.118,0,0,0,0,0,0,10.3692,96.95287753,0.244572183,0.022857307,0
19,218,6.538,3617.735589,228844.5396,27.506,0,0,0.65591,0,0.79321,0,0,0,0,20.2284,41.65055169,0.244572183,0.022857307,0
19,218,6.538,3617.735589,228844.5396,0.008333,0,0,0,62.065,0.56078,0,0,0,0,0,1.953939646,0.244572183,0.022857307,0
19,218,6.538,3617.735589,228844.5396,0,0,0,0,0,0,0,0,0,0,4.4313,13.20935554,0.244572183,0.022857307,0
19,218,6.538,3617.735589,228844.5396,0,0,0.043767,0,0,0,0,0,0,0,0.151728,3.294248715,0.244572183,0.022857307,0
19,218,6.538,3617.735589,228844.5396,2.0814,0,0,1.8563,0,0,0,0,0,0,4.2768,0.51278208,0.244572183,0.022857307,0
19,218,6.538,3617.735589,228844.5396,1.2894,0,0,0,30.954,0,0,0,0,0,5.7318,1.753869239,0.244572183,0.022857307,0
19,218,6.538,3617.735589,228844.5396,0.10527,0,0,7.1031,0,0,0,0,0,0,0.151728,1.600969904,0.244572183,0.022857307,0
19,218,6.538,3617.735589,228844.5396,0.71246,0,0,0.008333,0,0,0,0,0,0,0.151728,7.432290306,0.244572183,0.022857307,0
19,218,6.538,3617.735589,228844.5396,0,0,0,0,0,0,0,0,0,0,5.787,34.6982593,0.244572183,0.022857307,0
19,218,6.538,3617.735589,228844.5396,6.8591,0,0,0,0.00043,0,0,0,0,0,0.151728,9.094257285,0.244572183,0.022857307,0
19,218,6.538,3617.735589,228844.5396,23.064,0,0,14.804,0,0,0,0,0,0,39.753,0.757177028,0.244572183,0.022857307,0
19,218,6.538,3617.735589,228844.5396,0.025372,0,0,0,0.008333,0.000273,0,0,0,0,0,7.61406159,0.244572183,0.022857307,0
19,218,6.538,3617.735589,228844.5396,0.003295,0,0.019942,0,246.96,0.49503,0,0,0,0,0.151728,83.74352198,0.244572183,0.022857307,0
19,218,6.538,3617.735589,228844.5396,0,0,1.1811,0.008333,0,0,0,0,0,0,0,3.66575417,0.244572183,0.022857307,0
19,218,6.538,3617.735589,228844.5396,0.0055799,0,0,0,0,0.45857,0,0,0,0,0,3.933904712,0.244572183,0.022857307,0
19,218,6.538,3617.735589,228844.5396,0.003539,0,0,0,0,0,0,0,0,0,0.65616,0.677067536,0.244572183,0.022857307,0
19,218,6.538,3617.735589,228844.5396,0.25548,0,0,0,0,0,0,0,0,0,0.33174,0.403800639,0.244572183,0.022857307,0
19,218,6.538,3617.735589,228844.5396,0,0,1.5044,2.8113,7.8711,0,0,0,0,0,0.151728,3.539348854,0.244572183,0.022857307,0
19,218,6.538,3617.735589,228844.5396,0,0,0,0.000376,0,0,0,0,0,0,0.151728,0.533114438,0.244572183,0.022857307,0
19,218,6.538,3617.735589,228844.5396,0,0,0,123.21,0.046032,0,0,0,0,0,1.02366,4.286874454,0.244572183,0.022857307,0
19,218,6.538,3617.735589,228844.5396,0.01061,0,0,0,0,0,0,0,0,0,0.151728,1.953939646,0.244572183,0.022857307,0
19,218,6.538,3617.735589,228844.5396,12.084,0,0,0,0,0,0,0,0,0,46.353,0.090682319,0.244572183,0.022857307,0
19,218,6.538,3617.735589,228844.5396,853.14,0,0,0.007102,0,0,0,0,0,0,5.1363,1.753869239,0.244572183,0.022857307,0
19,218,6.538,3617.735589,228844.5396,2.8708,0,0,0,0,0,0,0,0,0,29.7018,107.1285055,0.244572183,0.022857307,0
19,218,6.538,3617.735589,228844.5396,6.7661,0,0,0,0.0094073,0,0,0,0,0,0.270372,5.751441887,0.244572183,0.022857307,0
19,218,6.538,3617.735589,228844.5396,4.4514,0,0,0,0.0088426,0,0,0,0,0,0.151728,1.600969904,0.244572183,0.022857307,0
19,218,6.538,3617.735589,228844.5396,0.050392,0,0,2.3519,14.692,0,0,0,0,0,10.3692,1.953939646,0.244572183,0.022857307,0
19,218,6.538,3617.735589,228844.5396,0,0,0,0,0,0,31.04,0,0,0,7.2312,3.27635624,0.244572183,0.022857307,0
19,218,6.538,3617.735589,228844.5396,0.008335,0,0,0.008333,0,0,0,0,0,0,12.8022,0.757177028,0.244572183,0.022857307,0
19,218,6.538,3617.735589,228844.5396,0,0,0,0,2.557,0,0,0,0,0,0.151728,4.044970118,0.244572183,0.022857307,0
19,218,6.538,3617.735589,228844.5396,0.030048,0,0,0.010165,0,0,0.60778,0,0,0,0,7.432290306,0.244572183,0.022857307,0
19,218,6.538,3617.735589,228844.5396,0,0,0,21.209,4.4409,0,0,0,0,0,5.5146,0.496109546,0.244572183,0.022857307,0
19,218,6.538,3617.735589,228844.5396,0,0,0,0,0.005239,0,0,0,0,0,3.6486,544.8701155,0.244572183,0.022857307,0
19,218,6.538,3617.735589,228844.5396,0,0,0,0.003416,0,0,0.008333,0,0,0,0,19.16080795,0.244572183,0.022857307,0
19,218,6.538,3617.735589,228844.5396,0.00524,0,0,0,0,0,0,0,0,0,0,9.094257285,0.244572183,0.022857307,0
19,218,6.538,3617.735589,228844.5396,0,0,0,0.12679,0,0,0,0,0,0,0.70764,2.742428507,0.244572183,0.022857307,0
19,218,6.538,3617.735589,228844.5396,0,0,0,0,0.016895,0,0,0,0,0,8.7918,4.791523591,0.244572183,0.022857307,0
19,218,6.538,3617.735589,228844.5396,0,0,0,0,2.439,0,0,0,0,0,0,0.163878809,0.244572183,0.022857307,0
19,218,6.538,3617.735589,228844.5396,0.000688,0,0,0,0.008333,0,0,0,0,0,0.151728,62.76023949,0.244572183,0.022857307,0
19,218,6.538,3617.735589,228844.5396,0.013012,0,0,0.80704,0,0,0,0,0,0,0,3.370698383,0.244572183,0.022857307,0
19,218,6.538,3617.735589,228844.5396,0,0,0,0,0,0,0,0,0,0,0.151728,1.753869239,0.244572183,0.022857307,0
19,218,6.538,3617.735589,228844.5396,0,0,0,0.0074133,0,0,0,0,0,0,0,3.37110503,0.244572183,0.022857307,0
19,218,6.538,3617.735589,228844.5396,0.043527,0,0,0,0.000376,0,4.7427,0,0,0,0,6.85281809,0.244572183,0.022857307,0
19,218,6.538,3617.735589,228844.5396,0.00014,0,0,0,0,0,0,0,0,0,0.151728,34.6982593,0.244572183,0.022857307,0
19,218,6.538,3617.735589,228844.5396,0.00524,0,0,4.1106,0,0,0,0,0,0,0.151728,4.862686845,0.244572183,0.022857307,0
19,218,6.538,3617.735589,228844.5396,0,0,0,0.000688,0,0,0,0,0,0,0.151728,6.85281809,0.244572183,0.022857307,0
19,218,6.538,3617.735589,228844.5396,0.011297,0,0,0,0,0,0,0,0,0,10.6086,1.753869239,0.244572183,0.022857307,0
19,218,6.538,3617.735589,228844.5396,0.00524,0,0.82282,0,0.1098,0,10.868,0,0,0,0.31755,1.753869239,0.244572183,0.022857307,0
19,218,6.538,3617.735589,228844.5396,0.008321,0,0,0.99417,0,0,0,0,0,0,0.44541,0.757177028,0.244572183,0.022857307,0
19,218,6.538,3617.735589,228844.5396,0.008336,0,0,0,0,0,0,0,0,0,0.33174,13.58857149,0.244572183,0.022857307,0
19,218,6.538,3617.735589,228844.5396,0.23451,0,0,0,0,0,0,0,0,0,23.3337,0.533114438,0.244572183,0.022857307,0
19,218,6.538,3617.735589,228844.5396,189.16,0,0.008528,0,0.0057595,0,0,0,0,0,0,3.66575417,0.244572183,0.022857307,0
19,218,6.538,3617.735589,228844.5396,0,0,0,0,0,0,0,0,0,0,3.6486,4.862686845,0.244572183,0.022857307,0
19,218,6.538,3617.735589,228844.5396,0.008321,0,0,43.346,4.6708,0,0,0,0,0,0.151728,0.677067536,0.244572183,0.022857307,0
19,218,6.538,3617.735589,228844.5396,0.011679,0,0.4922,0,0,0,0.008333,0,0,0,0,0.757177028,0.244572183,0.022857307,0
19,218,6.538,3617.735589,228844.5396,215.5,0,0,0.047407,0.007328,0,0,0,0,0,0,3.294248715,0.244572183,0.022857307,0
19,218,6.538,3617.735589,228844.5396,8.3439,0,0,0,32.03,0,0.002308,0.8122,0,0,0.6021,34.6982593,0.244572183,0.022857307,0
19,218,6.538,3617.735589,228844.5396,0.00644,0,0,0,17.934,0.027754,0,0,0,0,0.151728,81.9106449,0.244572183,0.022857307,0
19,218,6.538,3617.735589,228844.5396,0.091719,0,0,0.011527,0,0,30.686,0,0,0,0.151728,4.286874454,0.244572183,0.022857307,0
19,218,6.538,3617.735589,228844.5396,0.012423,0,0,0,0.008333,0,0,0,0,0,0,7.61406159,0.244572183,0.022857307,0
19,218,6.538,3617.735589,228844.5396,0,0,0,0,3.7624,0,0,0,0,0,0.84174,3.37110503,0.244572183,0.022857307,0
19,218,6.538,3617.735589,228844.5396,0.008335,0,0,0,0,0,0,0,0,0,0.151728,3.370698383,0.244572183,0.022857307,0
19,218,6.538,3617.735589,228844.5396,0.55531,0,0,0.46711,13.549,0,0,0,0,0,0,1.480602342,0.244572183,0.022857307,0
19,218,6.538,3617.735589,228844.5396,0,0,0.00014,0.0021738,0.05414,0.0016135,0,0,0,0,0,5.924849251,0.244572183,0.022857307,0
19,218,6.538,3617.735589,228844.5396,0.18674,0,0,0,0.007148,3.1357,0,0,0,0,1.05978,6.85281809,0.244572183,0.022857307,0
19,218,6.538,3617.735589,228844.5396,0,0,0,0,0.001326,0,0.13028,0,0,0,0.151728,8.563989377,0.244572183,0.022857307,0
19,218,6.538,3617.735589,228844.5396,0.008335,0,0,0,0.016012,0,0,0,0,0,7.3257,1.740043236,0.244572183,0.022857307,0
19,218,6.538,3617.735589,228844.5396,0.98086,0,0,0,0,0,0,0,0,0,1.70622,9.094257285,0.244572183,0.022857307,0
19,218,6.538,3617.735589,228844.5396,0.00524,0,0,0,0.008333,0,0,0,0,0,0,3.933904712,0.244572183,0.022857307,0
19,218,6.538,3617.735589,228844.5396,0,0,0,0.00524,0,0,0,0,0,0,0.151728,4.748825638,0.244572183,0.022857307,0
19,218,6.538,3617.735589,228844.5396,0.008333,0,0,0,0.0070165,0,0,0,0,0,2.64756,1.912461635,0.244572183,0.022857307,0
19,218,6.538,3617.735589,228844.5396,0.00524,0,0,0.008333,0,0,0,0,0,0,0.151728,1.437091095,0.244572183,0.022857307,0
19,218,6.538,3617.735589,228844.5396,0.027357,0,0,0,0.008333,0,0,0,0,0,13.3746,1.788434249,0.244572183,0.022857307,0
19,218,6.538,3617.735589,228844.5396,0,0,0,0,0.007697,0,0,0,0.007102,0,0.84174,19.16080795,0.244572183,0.022857307,0
19,218,6.538,3617.735589,228844.5396,0.72108,0,0,0,0,0,0,0,0,0,39.096,1.753869239,0.244572183,0.022857307,0
19,218,6.538,3617.735589,228844.5396,0,0,0,0,0,0,0,0,0,0,3.3057,14.97902997,0.244572183,0.022857307,0
19,218,6.538,3617.735589,228844.5396,1.5561,0,0.003821,0.002011,5.3243,0,0,0,0,0,0,10.8444667,0.244572183,0.022857307,0
19,218,6.538,3617.735589,228844.5396,0.00014,0,0,0,0,0,0,0,0.008333,0,0.86343,3.294248715,0.244572183,0.022857307,0
19,218,6.538,3617.735589,228844.5396,0,0,0,0.014341,0,0,9.569,0,0,0,0.151728,1.926287639,0.244572183,0.022857307,0
19,218,6.538,3617.735589,228844.5396,11.135,0,0,0.008333,0,0,0,0,0,0,0.151728,1.629841853,0.244572183,0.022857307,0
19,218,6.538,3617.735589,228844.5396,0,0,0,0.91042,0.17886,0.15887,0,0,0,0,0.151728,5.924849251,0.244572183,0.022857307,0
19,218,6.538,3617.735589,228844.5396,6.0303,0,0,0,0,0,0,0,0,0,11.682,1.753869239,0.244572183,0.022857307,0
19,218,6.538,3617.735589,228844.5396,0.00644,0,0,0,0.008335,0,0.13028,0,0,0,1.38174,1.437091095,0.244572183,0.022857307,0
19,218,6.538,3617.735589,228844.5396,2.2256,0,0,0,0,0,0,0,0,0,3.6918,20.03672595,0.244572183,0.022857307,0
19,218,6.538,3617.735589,228844.5396,0,0,0,1.4153,0,0,0,0,0,0,0,0.506275725,0.244572183,0.022857307,0
19,218,6.538,3617.735589,228844.5396,3.9799,0,4.5719,0.00524,0,0,0.59876,0,0,0,0.151728,4.286874454,0.244572183,0.022857307,0
19,218,6.538,3617.735589,228844.5396,6.5562,0,0,0,0,0,0,0,0,0,0.84174,20.03672595,0.244572183,0.022857307,0
19,218,6.538,3617.735589,228844.5396,1.8115,0,0,0,0.93395,0,0,0,0.11694,0,1.04805,8.643285575,0.244572183,0.022857307,0
19,218,6.538,3617.735589,228844.5396,0.4515,0,0,0,0,0,0,0,1.2101,0,0.204657,19.16080795,0.244572183,0.022857307,0
19,218,6.538,3617.735589,228844.5396,0.0094528,0,0,0,0.008333,0.28057,0,0,0,0,0,1.926287639,0.244572183,0.022857307,0
19,218,6.538,3617.735589,228844.5396,1.7741,0,0,0.01409,0,0,242.13,0,0,0,0,3.27635624,0.244572183,0.022857307,0
19,218,6.538,3617.735589,228844.5396,0.008333,0,0,0.6175,0.007102,0,0,0,0,0,0,459.9889457,0.244572183,0.022857307,0
19,218,6.538,3617.735589,228844.5396,0.010122,0,0,0,0.008333,0,0,0,0,0,8.172,8.153142895,0.244572183,0.022857307,0
19,218,6.538,3617.735589,228844.5396,0.008333,0,0,0,0,0,0,0,0,0,0.211728,3.370698383,0.244572183,0.022857307,0
19,218,6.538,3617.735589,228844.5396,0.27066,0,0.000124,0.65591,0,0,0,0,0,0,0.151728,96.95287753,0.244572183,0.022857307,0
19,218,6.538,3617.735589,228844.5396,0.017603,0,0,2.7689,0,0,0,0,0,0,0.151728,27.05073767,0.244572183,0.022857307,0
19,218,6.538,3617.735589,228844.5396,0.002598,0,0,0,0.00036,0,0,0,0,0,0.151728,1.788434249,0.244572183,0.022857307,0
19,218,6.538,3617.735589,228844.5396,0.90611,0,0,4.8058,0,0,0,0,0,0,0,4.044970118,0.244572183,0.022857307,0
19,218,6.538,3617.735589,228844.5396,1.0831,0,0,0,8.3856,0.49503,0,0,0,0,9.4467,6.85281809,0.244572183,0.022857307,0
19,218,6.538,3617.735589,228844.5396,13.595,0,0,0.00043,0.053112,0,0,0,0,0,0,6.85281809,0.244572183,0.022857307,0
19,218,6.538,3617.735589,228844.5396,0.008333,0,0.93655,0,1.5408,0,25.715,0,0,0,0.151728,0.496109546,0.244572183,0.022857307,0
19,218,6.538,3617.735589,228844.5396,0.17962,0,0,0.0088426,0,0,0,0,0,0,4.8618,4.748825638,0.244572183,0.022857307,0
19,218,6.538,3617.735589,228844.5396,0.01367,0,0,1.0487,0,0,2.7921,0,0,0,0.151728,7.432290306,0.244572183,0.022857307,0
19,218,6.538,3617.735589,228844.5396,0.007148,0,0,0,0,0,19.544,0,0,0,0.27948,1.082901411,0.244572183,0.022857307,0
19,218,6.538,3617.735589,228844.5396,0.49815,0,0,0,0,0,0,0,0,0,0,5.924849251,0.244572183,0.022857307,0
19,218,6.538,3617.735589,228844.5396,49.011,0,0,0.02647,0,0,0,0,0,0,0.35643,62.76023949,0.244572183,0.022857307,0
19,218,6.538,3617.735589,228844.5396,215.5,0,0,0.22843,0,0,0,0,0,0,0.151728,0.757177028,0.244572183,0.022857307,0
19,218,6.538,3617.735589,228844.5396,0.001326,0,0,0,0,0.34159,0,0,0,0,1.08798,1.788434249,0.244572183,0.022857307,0
19,218,6.538,3617.735589,228844.5396,0,0,0,0,0.021909,0.87289,14.243,0,0,0,0.278694,0.163878809,0.244572183,0.022857307,0
19,218,6.538,3617.735589,228844.5396,0.008336,0,0,0,0.008333,0,0.13028,0,0,0,0.151728,19.16080795,0.244572183,0.022857307,0
19,218,6.538,3617.735589,228844.5396,0.053886,0,0,0,0,2.4302,0.008333,0,0,0,7.2312,5.721119019,0.244572183,0.022857307,0
19,218,6.538,3617.735589,228844.5396,0.011479,0,0,0,0.008321,0,0,0,0,0,0.151728,20.03672595,0.244572183,0.022857307,0
19,218,6.538,3617.735589,228844.5396,0.008333,0,0,0,0.42442,0,0.059897,0,0,0,6.108,1.437091095,0.244572183,0.022857307,0
19,218,6.538,3617.735589,228844.5396,0.49815,0,0,0,0.008333,0,0,0,0,0,2.73105,3.933904712,0.244572183,0.022857307,0
19,218,6.538,3617.735589,228844.5396,0.008333,0,0,0,0.72843,0,0,0,0,0,1.86174,1.926287639,0.244572183,0.022857307,0
19,218,6.538,3617.735589,228844.5396,0,0,0,0.17658,0,2.879,0,0,0,0,0,0.506275725,0.244572183,0.022857307,0
19,218,6.538,3617.735589,228844.5396,0,0,0,0.000716,0,0,0,0,0,0,0,19.16080795,0.244572183,0.022857307,0
19,218,6.538,3617.735589,228844.5396,0.00524,0,0.052268,0,0,4.3866,0,0,0,0,0.273357,8.643285575,0.244572183,0.022857307,0
19,218,6.538,3617.735589,228844.5396,1.5374,0,0,0.008336,0,0,0,0,0,0,27.6384,0.506275725,0.244572183,0.022857307,0
19,218,6.538,3617.735589,228844.5396,0.70554,0,0,0,9.3522,0,0,0,0,0,0.68376,0.757177028,0.244572183,0.022857307,0
19,218,6.538,3617.735589,228844.5396,0.008321,0,0,0,0,0.66655,0,0,0,0,0,2.473634728,0.244572183,0.022857307,0
19,218,6.538,3617.735589,228844.5396,0,0,0,0,0,0.7814,0,0,0,0,12.0081,14.97902997,0.244572183,0.022857307,0
19,218,6.538,3617.735589,228844.5396,4.1811,0,0,0,0.00524,0,0,0,0,0,0,1.611949377,0.244572183,0.022857307,0
19,218,6.538,3617.735589,228844.5396,0.0097027,0,0,0,0,0,0,0,0,0,198.603,0.496109546,0.244572183,0.022857307,0
19,218,6.538,3617.735589,228844.5396,2.5794,0,0,0,0,0,0,0,0,0,198.615,57.83043216,0.244572183,0.022857307,0
19,218,6.538,3617.735589,228844.5396,0.057403,0,0,0,2.7215,0,0.13028,0,0,0,0.151728,5.721119019,0.244572183,0.022857307,0
19,218,6.538,3617.735589,228844.5396,0,0,0,0,0,0,0,0,0,0,0.151728,1.629841853,0.244572183,0.022857307,0
19,218,6.538,3617.735589,228844.5396,0.008333,0,0,0.000124,0.003346,0,0,0,0,0,0.151728,7.432290306,0.244572183,0.022857307,0
19,218,6.538,3617.735589,228844.5396,0.3267,0,0,0.01254,0,0,0,0,0,0,78.063,2.473634728,0.244572183,0.022857307,0
19,218,6.538,3617.735589,228844.5396,0,0,0,0.002084,0,0,0.13028,0,0,0,0.35643,0.533114438,0.244572183,0.022857307,0
19,218,6.538,3617.735589,228844.5396,3.619,0,0,0.1075,0.4786,0,0,0,0,0,0.151728,4.044970118,0.244572183,0.022857307,0
19,218,6.538,3617.735589,228844.5396,0,0,0,0,0,0,31.04,5.0446,1.0905,0,55.917,0.533114438,0.244572183,0.022857307,0
19,218,6.538,3617.735589,228844.5396,0.003539,0,0,0,0,0,0,0,0,0,18.5811,4.791523591,0.244572183,0.022857307,0
19,218,6.538,3617.735589,228844.5396,0.11748,0,0,0,4.6708,4.4694,55.44,0,0,0,0,19.16080795,0.244572183,0.022857307,0
19,218,6.538,3617.735589,228844.5396,0.002784,0,0,0.00043,17.64,0,0,0,0,0,0.151728,8.563989377,0.244572183,0.022857307,0
19,218,6.538,3617.735589,228844.5396,0.13074,0,0,0,0,0,0,0,0,0,6.8079,1.912461635,0.244572183,0.022857307,0
19,218,6.538,3617.735589,228844.5396,0,0,0,0.00524,1.7509,0,0.13028,0,0,0,0.151728,0.506275725,0.244572183,0.022857307,0
19,218,6.538,3617.735589,228844.5396,0,0,0,0,0,0,0,0,0,0,0,6.438851272,0.244572183,0.022857307,0
19,218,6.538,3617.735589,228844.5396,0,0,0,0,0,0,0,0,0,0,2.01174,8.563989377,0.244572183,0.022857307,0
19,218,6.538,3617.735589,228844.5396,0,0,0,0.055562,0.00524,0,0,0,0,0,3.3057,3.933904712,0.244572183,0.022857307,0
19,218,6.538,3617.735589,228844.5396,0,0,0,0,0,0.005269,0,0,0,0,2.76468,1.788434249,0.244572183,0.022857307,0
19,218,6.538,3617.735589,228844.5396,23.064,0,0,0.008333,0,0,0,0,0,0,0.151728,7.61406159,0.244572183,0.022857307,0
19,218,6.538,3617.735589,228844.5396,0,0,0,0,0,0,0,0,10.363,0,4.1943,2.626534064,0.244572183,0.022857307,0
19,218,6.538,3617.735589,228844.5396,0,0,0,0,0,0,0,0,0,0,20.8818,1.912461635,0.244572183,0.022857307,0
19,218,6.538,3617.735589,228844.5396,0,0,0,0,0.074576,0,0,0,0,0,0.78999,4.044970118,0.244572183,0.022857307,0
19,218,6.538,3617.735589,228844.5396,0,0,0.015232,0,0,0,0,0,0,0,0.278526,2.550491043,0.244572183,0.022857307,0
19,218,6.538,3617.735589,228844.5396,2.6123,0,0,0,0,0,0,0,0,0,0,9.094257285,0.244572183,0.022857307,0
19,218,6.538,3617.735589,228844.5396,0,0,0.62913,0.038288,1.5099,0,0,0,0,0,0.151728,57.83043216,0.244572183,0.022857307,0
19,218,6.538,3617.735589,228844.5396,1.366,0,0,0,0,0.32195,0,0,0,0,30.786,5.721119019,0.244572183,0.022857307,0
19,218,6.538,3617.735589,228844.5396,0,0,0,0,0.36581,0,0,0,0,0,0.181728,1.629841853,0.244572183,0.022857307,0
19,218,6.538,3617.735589,228844.5396,0,0,0,0,0.003468,0,0,0,0,0,0.151728,0.403800639,0.244572183,0.022857307,0
19,218,6.538,3617.735589,228844.5396,0,0,0,0,0,0,0,0,0,0,0.65616,6.85281809,0.244572183,0.022857307,0
19,218,6.538,3617.735589,228844.5396,0,0,0,0,0,0,0,0,0,0,2.23266,10.8444667,0.244572183,0.022857307,0
19,218,6.538,3617.735589,228844.5396,0,0,0,0,0,0,0,0,0.2003,0,7.6818,4.862686845,0.244572183,0.022857307,0
19,218,6.538,3617.735589,228844.5396,0.013573,0,0.000376,21.209,0.000688,0,0,0,0,0,0.151728,8.643285575,0.244572183,0.022857307,0
19,218,6.538,3617.735589,228844.5396,0,0,0,0,20.653,0,0,0,0,0,0.292407,1.788434249,0.244572183,0.022857307,0
19,218,6.538,3617.735589,228844.5396,0.002011,0,0,0,0,0,0.008333,0,0,0,0.151728,3.370698383,0.244572183,0.022857307,0
19,218,6.538,3617.735589,228844.5396,0.075337,0,0,0,0.01359,0,454.11,0,0,0,27.5562,3.37110503,0.244572183,0.022857307,0
19,218,6.538,3617.735589,228844.5396,0,0,0,0,0.008333,0,0,0,0,0,0,2.550491043,0.244572183,0.022857307,0
19,218,6.538,3617.735589,228844.5396,0.29343,0,0,0,76.072,0,0,0,0,0,0,20.03672595,0.244572183,0.022857307,0
19,218,6.538,3617.735589,228844.5396,185.11,0,0,0.011941,52.779,0,0,0,0,0,2.96682,9.094257285,0.244572183,0.022857307,0
19,218,6.538,3617.735589,228844.5396,2.7267,0,0,0.0088426,0.081175,0,0,0,0,0,0.211728,8.643285575,0.244572183,0.022857307,0
19,218,6.538,3617.735589,228844.5396,0,0,0,853.16,0,0,0,0,0,0,0.151728,3.50611189,0.244572183,0.022857307,0
19,218,6.538,3617.735589,228844.5396,0.008333,0,0,0.31537,0,0,0,0,0,0,0,0.677067536,0.244572183,0.022857307,0
19,218,6.538,3617.735589,228844.5396,0.00524,0,0,5.2482,0,0,0,0,0.002011,0,0.151728,2.550491043,0.244572183,0.022857307,0
19,218,6.538,3617.735589,228844.5396,1.4262,0,0,0,0,0,0,0,0,0,0,5.924849251,0.244572183,0.022857307,0
19,218,6.538,3617.735589,228844.5396,0.051828,0,0,0,0,0,0,0,0,0,0.181728,544.8701155,0.244572183,0.022857307,0
19,218,6.538,3617.735589,228844.5396,0.01332,0,0,0,0,0,0,0,0,0,12.4689,3.539348854,0.244572183,0.022857307,0
19,218,6.538,3617.735589,228844.5396,0.005239,0,0,0,0,0,0,0,0,0,4.4313,4.748825638,0.244572183,0.022857307,0
19,218,6.538,3617.735589,228844.5396,3.6358,0,0,0.086213,0,0.027754,0,0,0,0,0.87174,4.791523591,0.244572183,0.022857307,0
19,218,6.538,3617.735589,228844.5396,0,0,0,0.0306,0,0,0,0,0,0,0,1.753869239,0.244572183,0.022857307,0
19,218,6.538,3617.735589,228844.5396,1.2774,0,0,0.00524,9.3522,0,0,0,0,0,0.151728,3.37110503,0.244572183,0.022857307,0
19,218,6.538,3617.735589,228844.5396,0.008333,0,0,0,0.0062716,0,0,0,0,0,0,6.509873784,0.244572183,0.022857307,0
19,218,6.538,3617.735589,228844.5396,0.53043,0,0,52.922,0.0094073,0,35.561,0,0,0,47.883,3.539348854,0.244572183,0.022857307,0
19,218,6.538,3617.735589,228844.5396,0.008333,0,0,0,0,0,0,0,0,0,0,7.61406159,0.244572183,0.022857307,0
19,218,6.538,3617.735589,228844.5396,14.115,0,0,0,0,16.163,0,0,0,0,0.151728,8.563989377,0.244572183,0.022857307,0
19,218,6.538,3617.735589,228844.5396,0.67499,0,0,0,0,0,0,0,0,0,0,1.611949377,0.244572183,0.022857307,0
19,218,6.538,3617.735589,228844.5396,0,0,0,0,0,0,0,0,0,0,0,2.282103912,0.244572183,0.022857307,0
19,218,6.538,3617.735589,228844.5396,0,0,0,8.5618,0,0,0,0,0,0,0.151728,3.933904712,0.244572183,0.022857307,0
19,218,6.538,3617.735589,228844.5396,0,0,0,0,0,0,0,0,0.019862,0,14.3958,1.600969904,0.244572183,0.022857307,0
19,218,6.538,3617.735589,228844.5396,0.062652,0,0,0,0,0,0,0,0,0,2.94174,38.6168241,0.244572183,0.022857307,0
19,218,6.538,3617.735589,228844.5396,0,0,0,0,0.008333,0,0,0,0,0,0.151728,0.677067536,0.244572183,0.022857307,0
19,218,6.538,3617.735589,228844.5396,0,0,6.7823,0.00524,0,0,0,0,0,0,0,0.757177028,0.244572183,0.022857307,0
19,218,6.538,3617.735589,228844.5396,0.003346,0,0,0,0.086094,0,0,0,0,0,2.66157,5.751441887,0.244572183,0.022857307,0
19,218,6.538,3617.735589,228844.5396,0,0,0,0,1.0784,0,0,0,0,0,0.151728,3.933904712,0.244572183,0.022857307,0
19,218,6.538,3617.735589,228844.5396,0,0,0,0,0,0,0,0,0,0,0,6.85281809,0.244572183,0.022857307,0
19,218,6.538,3617.735589,228844.5396,0,0,0,0.001669,0,0,0,0,0,0,0.151728,4.791523591,0.244572183,0.022857307,0
19,218,6.538,3617.735589,228844.5396,12.084,0,0,0,0,0,0.021726,0,0,0,7.6818,2.473634728,0.244572183,0.022857307,0
19,218,6.538,3617.735589,228844.5396,0,0,0,0,0.020274,0,0,0,0,0,0.151728,1.480602342,0.244572183,0.022857307,0
19,218,6.538,3617.735589,228844.5396,3.2852,0,0,0,514.83,0.14124,0,0,0,0,23.3337,8.643285575,0.244572183,0.022857307,0
19,218,6.538,3617.735589,228844.5396,0.00524,0,0,2.0984,0,0,61.211,0,0,0,0.151728,0.533114438,0.244572183,0.022857307,0
19,218,6.538,3617.735589,228844.5396,0.007697,0,0,0,0,0,0,0,0,0,0,0.308645201,0.244572183,0.022857307,0
19,218,6.538,3617.735589,228844.5396,0,0,0,0.008333,1.8144,0,0,0,0,0,0,1.082901411,0.244572183,0.022857307,0
19,218,6.538,3617.735589,228844.5396,16.603,0,0,0,15.439,0,0,0,0,0,14.0655,1.753869239,0.244572183,0.022857307,0
19,218,6.538,3617.735589,228844.5396,3.0939,0,0,1.2164,0,2.0371,0,0,0,0,0,4.044970118,0.244572183,0.022857307,0
19,218,6.538,3617.735589,228844.5396,4.282,0,0,15.592,0.007102,0.34159,49.829,0,0,0,0.33174,8.643285575,0.244572183,0.022857307,0
19,218,6.538,3617.735589,228844.5396,2.0814,0,0,6.4627,0.046032,0,0,0,0,0,0,2.282103912,0.244572183,0.022857307,0
19,218,6.538,3617.735589,228844.5396,0.005239,0,0,0.00315,0,0,0,0,0,0,0,2.550491043,0.244572183,0.022857307,0
19,218,6.538,3617.735589,228844.5396,0.029004,0,0,0.010471,0.0094073,0,0,0,0,0,0.70341,8.643285575,0.244572183,0.022857307,0
19,218,6.538,3617.735589,228844.5396,0.00387,0,0,0.15605,0.016895,0,0,0,0,0,0,1.600969904,0.244572183,0.022857307,0
19,218,6.538,3617.735589,228844.5396,16.603,0,0,0,0,0,0,0,0,0,0.271728,38.6168241,0.244572183,0.022857307,0
19,218,6.538,3617.735589,228844.5396,0,0,0,0,0.008333,0,0,0,0,0,53.889,1.926287639,0.244572183,0.022857307,0
19,218,6.538,3617.735589,228844.5396,0.00014,0,0,0,0,0,0.10863,0,0,0,0,2.473634728,0.244572183,0.022857307,0
19,218,6.538,3617.735589,228844.5396,0.005239,0,0,0,0,0,28.852,0,0,0,0,2.626534064,0.244572183,0.022857307,0
19,218,6.538,3617.735589,228844.5396,0,0,0,0,0,0,0,0,0,0,0,38.6168241,0.244572183,0.022857307,0
19,218,6.538,3617.735589,228844.5396,1.1697,0,0,15.984,0.009056,0.85321,0,0,0,0,0.273384,0.757177028,0.244572183,0.022857307,0
19,218,6.538,3617.735589,228844.5396,0.010054,0,0,0,0,0,0,0,0,0,0.151728,2.473634728,0.244572183,0.022857307,0
19,218,6.538,3617.735589,228844.5396,0,0,0,0,0.018484,0,0,0,0,0,0.78999,2.282103912,0.244572183,0.022857307,0
19,218,6.538,3617.735589,228844.5396,0,0,0,0,0,0.003718,0,0,0,0,0,3.933904712,0.244572183,0.022857307,0
19,218,6.538,3617.735589,228844.5396,0,0,0,0,10.361,0,0,0,0,0,0.151728,57.7672295,0.244572183,0.022857307,0
19,218,6.538,3617.735589,228844.5396,0,0,0,0.0074133,0,0,0,0,0.00043,0,0.151728,8.563989377,0.244572183,0.022857307,0
19,218,6.538,3617.735589,228844.5396,0.22639,0,0,0.008333,0,0,18.58,0,0,0,0.181728,1.611949377,0.244572183,0.022857307,0
19,218,6.538,3617.735589,228844.5396,2.5794,0,0,5.0428,0.00644,0,0,0,0,0,2.10972,7.61406159,0.244572183,0.022857307,0
19,218,6.538,3617.735589,228844.5396,0,0,0,0,0,0,0.10863,0,0,0,15.9147,9.094257285,0.244572183,0.022857307,0
19,218,6.538,3617.735589,228844.5396,1.3203,0,0,23.551,0,0,0.13028,0,0,0,0,0.403800639,0.244572183,0.022857307,0
19,218,6.538,3617.735589,228844.5396,0.00014,0,0,0,0,0,0,0,0,0,0.285792,20.03672595,0.244572183,0.022857307,0
19,218,6.538,3617.735589,228844.5396,189.16,0,0,4.3441,0,0,0,0,0,0,1.65174,1.600969904,0.244572183,0.022857307,0
19,218,6.538,3617.735589,228844.5396,0.20435,0,0,0,0,0,0,0,0,0,66.645,0.163878809,0.244572183,0.022857307,0
19,218,6.538,3617.735589,228844.5396,0,0,0,0.00014,0,0,0,0,0,0,0.151728,2.473634728,0.244572183,0.022857307,0
19,218,6.538,3617.735589,228844.5396,0.030381,0,0,0.010471,0,0,0,0,0,0,0.92517,7.432290306,0.244572183,0.022857307,0
19,218,6.538,3617.735589,228844.5396,0,0,0,0,0,0.077537,0.10863,0,0,0,6.5418,5.291902932,0.244572183,0.022857307,0
19,218,6.538,3617.735589,228844.5396,0,0,0,0.0068531,0,0,0,0,0,0,0,5.721119019,0.244572183,0.022857307,0
19,218,6.538,3617.735589,228844.5396,17.385,0,0,0,0,0,0,0,0,0,0.70485,3.50611189,0.244572183,0.022857307,0
19,218,6.538,3617.735589,228844.5396,0,0,0,0.73108,0.002772,0,0,0,0,0,0,544.8701155,0.244572183,0.022857307,0
19,218,6.538,3617.735589,228844.5396,0.00644,0,0,0,1.8824,0,0,0,0,0,46.353,2.282103912,0.244572183,0.022857307,0
19,218,6.538,3617.735589,228844.5396,0,0,0,0,0,0,0.67053,0,0,0,0,2.282103912,0.244572183,0.022857307,0
19,218,6.538,3617.735589,228844.5396,0.042136,0,2.792,0.33642,0,0,0,0,0,0,0,1.629841853,0.244572183,0.022857307,0
19,218,6.538,3617.735589,228844.5396,1.3203,0,0,0.26453,27.763,0,0,0,0,0,18.849,0.533114438,0.244572183,0.022857307,0
19,218,6.538,3617.735589,228844.5396,0.007835,0,0,0.008333,0,0,0.021726,0,0,0,1.05978,4.286874454,0.244572183,0.022857307,0
19,218,6.538,3617.735589,228844.5396,15.758,0,25.373,0.003821,2.1344,0,0,0,0,0,0,0.757177028,0.244572183,0.022857307,0
19,218,6.538,3617.735589,228844.5396,0.088719,0,0,0.0043235,0.016895,0,0,0,0,0,0.151728,1.611949377,0.244572183,0.022857307,0
19,218,6.538,3617.735589,228844.5396,0.010054,0,0,0,0,0,0,0,0,0,2.68779,2.550491043,0.244572183,0.022857307,0
19,218,6.538,3617.735589,228844.5396,0.19687,0,0,0,514.83,0,0,0,0,0,0.151728,3.37110503,0.244572183,0.022857307,0
19,218,6.538,3617.735589,228844.5396,0.00014,0,0,0.94228,0.009767,0,0,0,0.00524,0,0.151728,41.65055169,0.244572183,0.022857307,0
19,218,6.538,3617.735589,228844.5396,0,0,0,0.000251,0,0,0,0,0,0,198.615,2.550491043,0.244572183,0.022857307,0
19,218,6.538,3617.735589,228844.5396,1.0702,0,0.79774,6.9518,0,0,0,0,0,0,2.41287,1.926287639,0.244572183,0.022857307,0
19,218,6.538,3617.735589,228844.5396,0,0,0,2.0429,0,0,0,0,0,0,22.617,5.924849251,0.244572183,0.022857307,0
19,218,6.538,3617.735589,228844.5396,16.603,0,0,0.0014795,0,4.1439,0,0,0,0,0.181728,20.03672595,0.244572183,0.022857307,0
19,218,6.538,3617.735589,228844.5396,0,0,0.005845,0.00524,0.000124,0,0,0,0,0,0.151728,0.090682319,0.244572183,0.022857307,0
19,218,6.538,3617.735589,228844.5396,0,0,0,0,0.0033865,0,0,0,0,0,0.151728,0.090682319,0.244572183,0.022857307,0
19,218,6.538,3617.735589,228844.5396,0.17094,0,0,0,1.3821,0.089117,0,0,0,0,0,8.153142895,0.244572183,0.022857307,0
19,218,6.538,3617.735589,228844.5396,0.25336,0,0,0,0.008333,0,0,0,0,0,0.151728,7.432290306,0.244572183,0.022857307,0
19,218,6.538,3617.735589,228844.5396,0.007697,0,0,0.00524,0,0,0,0,0,0,1.47252,7.432290306,0.244572183,0.022857307,0
19,218,6.538,3617.735589,228844.5396,0,0,0,0,0,0,0,0,0,0,0.151728,6.85281809,0.244572183,0.022857307,0
19,218,6.538,3617.735589,228844.5396,0.0067502,0,0,3.9449,0,0,0,0,0,0,12.0081,1.437091095,0.244572183,0.022857307,0
19,218,6.538,3617.735589,228844.5396,0,0,0,0,0,0,0,0,0,0,0.273324,0.403800639,0.244572183,0.022857307,0
19,218,6.538,3617.735589,228844.5396,0.032101,0,0,2.1101,0,0,0,0,0,0,2.23266,3.294248715,0.244572183,0.022857307,0
19,218,6.538,3617.735589,228844.5396,0.023786,0,0,0.047701,0,4.4694,1.7925,0,0,0,0,6.85281809,0.244572183,0.022857307,0
19,218,6.538,3617.735589,228844.5396,0,0,0,0,0,0,0,0,0,0,0.151728,1.600969904,0.244572183,0.022857307,0
19,218,6.538,3617.735589,228844.5396,0,0,0,0.008332,0.008333,0,0,0,0,0,6.9018,4.862686845,0.244572183,0.022857307,0
19,218,6.538,3617.735589,228844.5396,0,0,0,0,0,0.50544,0,0,0,0,0.72174,459.9889457,0.244572183,0.022857307,0
19,218,6.538,3617.735589,228844.5396,0.008333,0,0,0,0,0,0,0,0,0,0.151728,2.282103912,0.244572183,0.022857307,0
19,218,6.538,3617.735589,228844.5396,0,0,0,0.003346,0.00833,0,0,0,0,0,0.48174,0.308645201,0.244572183,0.022857307,0
19,218,6.538,3617.735589,228844.5396,0.008333,0,0,0,0,0,0.13028,0,0,0,0.151728,0.308645201,0.244572183,0.022857307,0
19,218,6.538,3617.735589,228844.5396,0.00524,0,0,0.008333,813.22,1.5743,0,0,0,0,0,1.788434249,0.244572183,0.022857307,0
19,218,6.538,3617.735589,228844.5396,0,0,0,0.1075,0.002868,0,0,0,0,0,0.151728,2.282103912,0.244572183,0.022857307,0
19,218,6.538,3617.735589,228844.5396,25.205,0,0,0,0.006456,0,0,0,0,0,0.241728,1.600969904,0.244572183,0.022857307,0
19,218,6.538,3617.735589,228844.5396,0.070781,0,0.012181,0,43.956,0.38161,0,0,0,0,0,0.163878809,0.244572183,0.022857307,0
19,218,6.538,3617.735589,228844.5396,3.2227,0,0,0,0.13592,0,0,0,0,0,0,19.16080795,0.244572183,0.022857307,0
19,218,6.538,3617.735589,228844.5396,0,0,0,0,0,0.79321,5.6931,0,0,0,4.6839,2.626534064,0.244572183,0.022857307,0
19,218,6.538,3617.735589,228844.5396,0.001493,0,0,0,0,0.78392,403.32,0,0,0,0,4.286874454,0.244572183,0.022857307,0
19,218,6.538,3617.735589,228844.5396,0.003485,0,0,0,0.00524,0,0,0,0,0,0,2.282103912,0.244572183,0.022857307,0
19,218,6.538,3617.735589,228844.5396,0.011957,0,0,0.00524,0,0,0,0,0,0,0.151728,3.50611189,0.244572183,0.022857307,0
19,218,6.538,3617.735589,228844.5396,0.49815,0,0,0,0,0,0,0,0,0,0,2.282103912,0.244572183,0.022857307,0
19,218,6.538,3617.735589,228844.5396,43.582,0,0,0,0,0,0,0,0,0,0.151728,0.533114438,0.244572183,0.022857307,0
19,218,6.538,3617.735589,228844.5396,0,0,0,0,0.007328,0.79321,0,0,0,0,0,19.71922933,0.244572183,0.022857307,0
19,218,6.538,3617.735589,228844.5396,6.2048,0,0,0.00524,0.68315,0,0,0,0,0,0.93561,34.6982593,0.244572183,0.022857307,0
19,218,6.538,3617.735589,228844.5396,4.616,0,0,0.000376,0.021907,0,0,0,0,0,0.151728,6.438851272,0.244572183,0.022857307,0
19,218,6.538,3617.735589,228844.5396,0.005769,0,0,0.15874,0,0,0,0,0,0,28.0509,1.437091095,0.244572183,0.022857307,0
19,218,6.538,3617.735589,228844.5396,0,0,0,0,0.00014,0,0,0,0,0,0.151728,1.740043236,0.244572183,0.022857307,0
19,218,6.538,3617.735589,228844.5396,0.0068531,0,0,0.00062,0.0096305,0,0,0,0,0,0.151728,6.438851272,0.244572183,0.022857307,0
19,218,6.538,3617.735589,228844.5396,0.98357,0,0,0,0.009767,0,0.13028,0,0,0,10.4415,4.862686845,0.244572183,0.022857307,0
19,218,6.538,3617.735589,228844.5396,0.023275,0,0,0,2.557,0,0,0,0,0,0,0.090682319,0.244572183,0.022857307,0
19,218,6.538,3617.735589,228844.5396,0.018235,0,0,0.00524,1.8824,0.78445,0,0,0,0,3.6486,13.58857149,0.244572183,0.022857307,0
19,218,6.538,3617.735589,228844.5396,0.036852,0,0,0,0,0,0,0,0,0,0,1.788434249,0.244572183,0.022857307,0
19,218,6.538,3617.735589,228844.5396,0,0,0,0.067813,0.00524,0,0,0,0,0,0.151728,1.753869239,0.244572183,0.022857307,0
19,218,6.538,3617.735589,228844.5396,4.6688,0,0,0.013421,0,0,0,0,0,0,0.151728,3.37110503,0.244572183,0.022857307,0
19,218,6.538,3617.735589,228844.5396,0,0,0,17.76,0,0,0,0,0,0,0.151728,1.788434249,0.244572183,0.022857307,0
19,218,6.538,3617.735589,228844.5396,872.97,0,0,0,0,0,0,0,0,0,18.3318,1.629841853,0.244572183,0.022857307,0
19,218,6.538,3617.735589,228844.5396,7.9784,0,0,2.853,0.014941,0,0,0,0,0,0.151728,1.611949377,0.244572183,0.022857307,0
19,218,6.538,3617.735589,228844.5396,3.2038,0,0,0,0.000688,0,0,0,0,0,0.151728,3.27635624,0.244572183,0.022857307,0
19,218,6.538,3617.735589,228844.5396,0.00524,0,0,0.0088426,0,0,0,0,0,0,0.151728,0.533114438,0.244572183,0.022857307,0
19,218,6.538,3617.735589,228844.5396,0.10527,0,0,0.000251,0,0,0,0,0,0,3.8946,12.02691112,0.244572183,0.022857307,0
19,218,6.538,3617.735589,228844.5396,40.517,0,0,0,0.00062,0,0,0,0,0,0.151728,1.600969904,0.244572183,0.022857307,0
19,218,6.538,3617.735589,228844.5396,0.23451,0,0,0.7793,0,0,0,0,0,0,0,7.432290306,0.244572183,0.022857307,0
19,218,6.538,3617.735589,228844.5396,0,0,0,0,0,0,0,0,0,0,0,8.153142895,0.244572183,0.022857307,0
19,218,6.538,3617.735589,228844.5396,0.0094528,0,0,0.008333,0,0,0,0,0,0,22.6218,1.611949377,0.244572183,0.022857307,0
19,218,6.538,3617.735589,228844.5396,0,0,0,0,0,0,0,0,0,0,8.7918,0.533114438,0.244572183,0.022857307,0
19,218,6.538,3617.735589,228844.5396,0.38105,0,0,0,0,0,0,0,0,0,28.0509,7.61406159,0.244572183,0.022857307,0
19,218,6.538,3617.735589,228844.5396,0,0,0,0,0,0,0,0,0,0,7.8042,10.8444667,0.244572183,0.022857307,0
19,218,6.538,3617.735589,228844.5396,0.007835,0,0,0.002031,0.008332,0,0,0,0,0,0.151728,3.539348854,0.244572183,0.022857307,0
19,218,6.538,3617.735589,228844.5396,2.5794,0,0,0.00524,0,0,0.13028,0,0,0,0,2.550491043,0.244572183,0.022857307,0
19,218,6.538,3617.735589,228844.5396,0.5002,0,0,0,0,0,0,0,0,0,0,96.95287753,0.244572183,0.022857307,0
19,218,6.538,3617.735589,228844.5396,0,0,0,6.6309,0.008332,0,0,0,0,0,7.0536,2.626534064,0.244572183,0.022857307,0
19,218,6.538,3617.735589,228844.5396,0.008489,0,0,0,0,0.79321,0,0,0,0,38.517,0.163878809,0.244572183,0.022857307,0
19,218,6.538,3617.735589,228844.5396,0,0,0,0,0,0,0,0,0,0,0.151728,57.7672295,0.244572183,0.022857307,0
19,218,6.538,3617.735589,228844.5396,0.67038,0,0,0,3.1081,0,0,0,0,0,0,1.753869239,0.244572183,0.022857307,0
19,218,6.538,3617.735589,228844.5396,0,0,0,0.008333,0.013518,0,0,0,0,0,0,1.753869239,0.244572183,0.022857307,0
19,218,6.538,3617.735589,228844.5396,0.008333,0,0,0.019748,0,0,0,0,0,0,42.996,1.912461635,0.244572183,0.022857307,0
19,218,6.538,3617.735589,228844.5396,0.68217,0,0,0,0,0,0,0,0,0,0,126.2789109,0.244572183,0.022857307,0
19,218,6.538,3617.735589,228844.5396,0.08029,0,0,0.008333,0,0,0,0,0,0,1.62048,5.924849251,0.244572183,0.022857307,0
19,218,6.538,3617.735589,228844.5396,7.9784,0,0,0,0,0,0,0,0,0,0.278526,1.437091095,0.244572183,0.022857307,0
19,218,6.538,3617.735589,228844.5396,0.013573,0,0,0.008333,0,0.42818,0,0,0,0,0.151728,19.16080795,0.244572183,0.022857307,0
19,218,6.538,3617.735589,228844.5396,0.00387,0,0,0,0,0,0,0,0,0,0,126.2789109,0.244572183,0.022857307,0
19,218,6.538,3617.735589,228844.5396,0.032101,0,0,0,0.008333,0.080373,0,0,0,0,45.933,2.282103912,0.244572183,0.022857307,0
19,218,6.538,3617.735589,228844.5396,0,0,0,0,0.008333,0.781,0,0,0,0,0,1.082901411,0.244572183,0.022857307,0
20,219,4.464,3617.283621,228815.9498,45.509,0,0,0,0,0,0,0,0,0,0.151728,11.33524931,0.243687033,0.022774582,0
20,219,4.464,3617.283621,228815.9498,0.013012,0,0,0,0.002031,0,0,0,0,0,123.459,0.085689464,0.243687033,0.022774582,0
20,219,4.464,3617.283621,228815.9498,9.7427,0,0,0,0.000078,0,0,0,0,0,5.2875,0.99739448,0.243687033,0.022774582,0
20,219,4.464,3617.283621,228815.9498,0,0,0,0,0,0,0,0,0,0,0,13.06734301,0.243687033,0.022774582,0
20,219,4.464,3617.283621,228815.9498,0,0,0,0,0,1.7614,0,0,0,0,0,143.9831763,0.243687033,0.022774582,0
20,219,4.464,3617.283621,228815.9498,0,0,0,0.094899,0.005239,0,0.13028,0,0,0,0.87174,6.472102045,0.243687033,0.022774582,0
20,219,4.464,3617.283621,228815.9498,0,0,0,0,0,0,0,0,0,0,0.273357,0.219704697,0.243687033,0.022774582,0
20,219,4.464,3617.283621,228815.9498,0.19687,0,0,0,0,0,91.701,0,0,0,0.30174,6.472102045,0.243687033,0.022774582,0
20,219,4.464,3617.283621,228815.9498,0,0,0,0.00644,14.692,0,0,0,0,0,0.70341,2.124635517,0.243687033,0.022774582,0
20,219,4.464,3617.283621,228815.9498,50.529,0,0,0,0,0,0,0,0,0,3.5568,2.124635517,0.243687033,0.022774582,0
20,219,4.464,3617.283621,228815.9498,0,0,0,7.2355,0,0,0,0,0,0,87.522,15.12102526,0.243687033,0.022774582,0
20,219,4.464,3617.283621,228815.9498,0.013408,0,0,0,0,0,0,0,0,0,1.65174,0.301225485,0.243687033,0.022774582,0
20,219,4.464,3617.283621,228815.9498,0,0,0,5.7854,0,0,0,0,0,0,0.151728,3.237208988,0.243687033,0.022774582,0
20,219,4.464,3617.283621,228815.9498,1.6091,0,185.73,0.79273,0,0,0,0,0,0,8.7918,0.219704697,0.243687033,0.022774582,0
20,219,4.464,3617.283621,228815.9498,0,0,0,0,1.4612,0,0,0,0,0,0.151728,15.12102526,0.243687033,0.022774582,0
20,219,4.464,3617.283621,228815.9498,0.031098,0,0,0.58718,9.3522,0,13.556,0,0,0,0,0.423815456,0.243687033,0.022774582,0
20,219,4.464,3617.283621,228815.9498,0,0,0,29.05,0,0.12353,0,0,0,0,1.88184,6.472102045,0.243687033,0.022774582,0
20,219,4.464,3617.283621,228815.9498,0.008333,0,0,0,0,0,0.13028,0,0,0,0,15.12102526,0.243687033,0.022774582,0
20,219,4.464,3617.283621,228815.9498,0.008333,0,0.0056435,0,0.008335,0.78144,0,0,0,0,0.44541,0.423815456,0.243687033,0.022774582,0
20,219,4.464,3617.283621,228815.9498,0,0,0,0.94228,80.307,0,0,0,0,0,0.151728,1.651413523,0.243687033,0.022774582,0
20,219,4.464,3617.283621,228815.9498,0,0,0,0.055562,0.013746,0.77921,0,0,0,0,0.151728,0.423815456,0.243687033,0.022774582,0
20,219,4.464,3617.283621,228815.9498,253.52,0,0,0,0.00833,0,0,0,0,0,0.151728,1.651413523,0.243687033,0.022774582,0
20,219,4.464,3617.283621,228815.9498,0.0066265,0,0,0,3.1339,0,0.60778,0,0,0,0,0.219704697,0.243687033,0.022774582,0
20,219,4.464,3617.283621,228815.9498,0,0,0,0.008333,0.008321,0,0,0,0,0,8.9418,0.085689464,0.243687033,0.022774582,0
20,219,4.464,3617.283621,228815.9498,0.98357,0,0,0.00524,0.008335,0,0,0,0,0,16.3047,3.789481443,0.243687033,0.022774582,0
20,219,4.464,3617.283621,228815.9498,0,0,0,0,0,0,0,0,0,0,0,2.124635517,0.243687033,0.022774582,0
20,219,4.464,3617.283621,228815.9498,0.17713,0,0,0,0,0,0,0,0,0,0,0.423815456,0.243687033,0.022774582,0
20,219,4.464,3617.283621,228815.9498,0.3628,0,0,0.097569,0.10502,0,0,0,0,0,0.28866,6.472102045,0.243687033,0.022774582,0
20,219,4.464,3617.283621,228815.9498,0.0059107,0,0,0,0,0,0,0,0,0,0.151728,3.237208988,0.243687033,0.022774582,0
20,219,4.464,3617.283621,228815.9498,0.00644,0,0,0,0.007328,0,0,0,0,0,0.45174,2.474804353,0.243687033,0.022774582,0
20,219,4.464,3617.283621,228815.9498,0.000739,0,0,0.00524,0,0,0,0,0,0,0.151728,0.99739448,0.243687033,0.022774582,0
20,219,4.464,3617.283621,228815.9498,0,0,0,0.012395,0,0,0,0,0,0,3.4635,11.33524931,0.243687033,0.022774582,0
20,219,4.464,3617.283621,228815.9498,0,0,0,0,0,0,0,0,0,0,7.1259,3.789481443,0.243687033,0.022774582,0
20,219,4.464,3617.283621,228815.9498,0.047912,0,0,0,0.4786,0,0,0,0,0,0.151728,0.085689464,0.243687033,0.022774582,0
20,219,4.464,3617.283621,228815.9498,0,0,0,0,0,0,0,0,0,0,0.9426,0.541773565,0.243687033,0.022774582,0
20,219,4.464,3617.283621,228815.9498,0.028169,0,0,0,0,0,0,0,0,0,0,15.12102526,0.243687033,0.022774582,0
20,219,4.464,3617.283621,228815.9498,1.2548,0,0,0,4.5283,0,0,0,0,0,0.279822,0.219704697,0.243687033,0.022774582,0
20,219,4.464,3617.283621,228815.9498,0,0,0,0,0,0,0,0,0,0,1.31526,0.219704697,0.243687033,0.022774582,0
20,219,4.464,3617.283621,228815.9498,0.44516,0,0,0,0.25503,0,0,0,0,0,0.276924,15.12102526,0.243687033,0.022774582,0
20,219,4.464,3617.283621,228815.9498,0,0,0,0.00833,0,0,0,0,0,0,0.151728,1.651413523,0.243687033,0.022774582,0
20,219,4.464,3617.283621,228815.9498,0,0,0,4.8779,14.569,0.79307,0.13028,0,0,0,0.151728,3.789481443,0.243687033,0.022774582,0
20,219,4.464,3617.283621,228815.9498,853.14,0,0,0,0.00043,0,0,0,0,0,47.883,0.301225485,0.243687033,0.022774582,0
20,219,4.464,3617.283621,228815.9498,0,0,0,0,0,0,0,0,0,0,0.151728,1.035375756,0.243687033,0.022774582,0
20,219,4.464,3617.283621,228815.9498,0.00644,0,0,0.1455,0,0,0,0,0,0,0,0.301225485,0.243687033,0.022774582,0
20,219,4.464,3617.283621,228815.9498,0.026942,0,0,0,0,0,0,0,0,0,0.181728,15.12102526,0.243687033,0.022774582,0
20,219,4.464,3617.283621,228815.9498,12.38,0,0,0.68671,0.008953,0,0,0,0,0,0,2.474804353,0.243687033,0.022774582,0
20,219,4.464,3617.283621,228815.9498,0,0,10.692,0,1.1453,0,0,0,0,0,0,0.541773565,0.243687033,0.022774582,0
20,219,4.464,3617.283621,228815.9498,0.007328,0,0,0.008321,0,0,0,0,0,0,1.08339,0.541773565,0.243687033,0.022774582,0
20,219,4.464,3617.283621,228815.9498,0.021605,0,0,0,0,0,0,0,0,0,3.6159,2.007567612,0.243687033,0.022774582,0
20,219,4.464,3617.283621,228815.9498,0.011679,0,0,0.11243,0,0,0,0,0,0,0.151728,1.651413523,0.243687033,0.022774582,0
20,219,4.464,3617.283621,228815.9498,0.00524,0,0,8.1583,0,0.10003,35.433,0,0,0,0,2.124635517,0.243687033,0.022774582,0
20,219,4.464,3617.283621,228815.9498,11.135,0,0,0.010165,0,0,0,0,0,0,58.353,0.423815456,0.243687033,0.022774582,0
20,219,4.464,3617.283621,228815.9498,0.34912,0,0,15.592,0,0,0,0,0,0,34.872,1.651413523,0.243687033,0.022774582,0
20,219,4.464,3617.283621,228815.9498,0.007221,0,2.8636,0,0,0,0,0,0,0,12.8022,2.474804353,0.243687033,0.022774582,0
20,219,4.464,3617.283621,228815.9498,0.00644,0,0,0,0.0041885,0,0,0,0,0,12.0081,2.124635517,0.243687033,0.022774582,0
20,219,4.464,3617.283621,228815.9498,13.81,0,0,0,0.01048,0,0,0,0,0,14.1318,6.472102045,0.243687033,0.022774582,0
20,219,4.464,3617.283621,228815.9498,0.005979,0,0,0,0,0,0,0,0,0,4.5105,0.541773565,0.243687033,0.022774582,0
20,219,4.464,3617.283621,228815.9498,0,0,0,0,0,0,0,0,0,0,0.286086,1.651413523,0.243687033,0.022774582,0
20,219,4.464,3617.283621,228815.9498,0.008333,0,0,0.48282,0,2.7565,0.10863,0,0,0,0,0.219704697,0.243687033,0.022774582,0
20,219,4.464,3617.283621,228815.9498,0.00644,0,0,0.015552,0.003538,0,0,0,0,0,29.2218,0.301225485,0.243687033,0.022774582,0
20,219,4.464,3617.283621,228815.9498,0.018596,0,0,0,0,0,0,0,0,0,0,0.541773565,0.243687033,0.022774582,0
20,219,4.464,3617.283621,228815.9498,0.002031,0,0,5.0428,0,0,0,0,0,0,0.151728,1.651413523,0.243687033,0.022774582,0
20,219,4.464,3617.283621,228815.9498,0.10527,0,0,0,0.014941,0.0000095,0,0,0,0,0,2.474804353,0.243687033,0.022774582,0
20,219,4.464,3617.283621,228815.9498,0.40788,0,0,1.3632,6.5443,0,0,0,0,0,0,13.06734301,0.243687033,0.022774582,0
20,219,4.464,3617.283621,228815.9498,7.2682,0,0,0,0.008335,0,0,0,0,0,0.275769,1.035375756,0.243687033,0.022774582,0
20,219,4.464,3617.283621,228815.9498,0,0,0,14.804,0,0,0,0,0,0,0,0.301225485,0.243687033,0.022774582,0
20,219,4.464,3617.283621,228815.9498,1.6744,0,0,0,0.025169,0,0,0,0,0,0,2.474804353,0.243687033,0.022774582,0
20,219,4.464,3617.283621,228815.9498,0,0,0,1.8563,0,0,0,0,0,0,7.3206,1.035375756,0.243687033,0.022774582,0
20,219,4.464,3617.283621,228815.9498,0.063798,0,0,0.11621,0,0,0,0,0,0,0,15.12102526,0.243687033,0.022774582,0
20,219,4.464,3617.283621,228815.9498,0,0,0,0.00524,1.6868,0,21.198,0,0,0,0,0.085689464,0.243687033,0.022774582,0
20,219,4.464,3617.283621,228815.9498,0.018235,0,0,0.003539,0.18655,0,0,0,0,0,0.273018,15.12102526,0.243687033,0.022774582,0
20,219,4.464,3617.283621,228815.9498,0.00524,0,0,0,0,0,539.1,0,0,0,0.151728,15.12102526,0.243687033,0.022774582,0
20,219,4.464,3617.283621,228815.9498,0.061767,0,0,0,0,0,0,0,0,0,0.51381,2.124635517,0.243687033,0.022774582,0
20,219,4.464,3617.283621,228815.9498,0.016058,0,0,0,0,0,0,0,0,0,7.6818,3.237208988,0.243687033,0.022774582,0
20,219,4.464,3617.283621,228815.9498,0,0,0,45.052,0,0,0,0,0,0,0,3.789481443,0.243687033,0.022774582,0
20,219,4.464,3617.283621,228815.9498,13.81,0,0,0.00644,0,0,0,11.968,0,0,0.278529,22.79016382,0.243687033,0.022774582,0
20,219,4.464,3617.283621,228815.9498,27.506,0,0,0.88687,0.0068531,1.1314,0,0,0,0,0,0.301225485,0.243687033,0.022774582,0
20,219,4.464,3617.283621,228815.9498,0,0,1.3121,0,0,0,0,0,0,0,0.72228,0.541773565,0.243687033,0.022774582,0
20,219,4.464,3617.283621,228815.9498,2.8708,0,0,6.0441,0.73113,0,0,0,0,0,0,0.423815456,0.243687033,0.022774582,0
20,219,4.464,3617.283621,228815.9498,27.506,0,0,0.011074,30.954,0,0,0,0,0,0,1.651413523,0.243687033,0.022774582,0
20,219,4.464,3617.283621,228815.9498,0,0,0,0,0.008333,0,0,0,0,0,0.78174,3.789481443,0.243687033,0.022774582,0
20,219,4.464,3617.283621,228815.9498,0,0,0,0.18602,0,0.047442,0,0,0,0,0.151728,1.035375756,0.243687033,0.022774582,0
20,219,4.464,3617.283621,228815.9498,0,0,0,0,0,0,0,0,0,0,0,3.237208988,0.243687033,0.022774582,0
20,219,4.464,3617.283621,228815.9498,6.4349,0,0,0.010165,4.2931,0,0,0,0,0,11.0184,15.12102526,0.243687033,0.022774582,0
20,219,4.464,3617.283621,228815.9498,0.012671,0,0,0,0.05414,0,0,0,0,0,0.151728,1.651413523,0.243687033,0.022774582,0
20,219,4.464,3617.283621,228815.9498,0.01367,0,0,0,0.008953,0,0,0,0,0,14.8218,0.482794511,0.243687033,0.022774582,0
20,219,4.464,3617.283621,228815.9498,0.0083909,0,27.713,0,7.2444,0,0,0,0,0,1.86174,11.33524931,0.243687033,0.022774582,0
20,219,4.464,3617.283621,228815.9498,0,0,0,0,0,0,0,0,0,0,0,3.789481443,0.243687033,0.022774582,0
20,219,4.464,3617.283621,228815.9498,0.17962,0,0,0,0,0,0,0,0,0,0,3.237208988,0.243687033,0.022774582,0
20,219,4.464,3617.283621,228815.9498,13.81,0,0,0,29.422,0,0,0,0,0,0,3.789481443,0.243687033,0.022774582,0
20,219,4.464,3617.283621,228815.9498,55.389,0,0,0.002031,2.557,0,0,0,0,0,6.102,25.71929039,0.243687033,0.022774582,0
20,219,4.464,3617.283621,228815.9498,0.0072895,0,0,0.67703,0,0,0,0,0,0,0,0.219704697,0.243687033,0.022774582,0
20,219,4.464,3617.283621,228815.9498,0,0,0,2.3519,0.37101,0,0,0,0,0,0,11.33524931,0.243687033,0.022774582,0
20,219,4.464,3617.283621,228815.9498,0,0,0,1.5881,0,0,0,0,0,0,4.8507,2.474804353,0.243687033,0.022774582,0
20,219,4.464,3617.283621,228815.9498,0.00524,0,0,0,0,0,0,0,0,0,0.151728,0.99739448,0.243687033,0.022774582,0
20,219,4.464,3617.283621,228815.9498,0,0,0,0,0.05414,0.094623,0,0,0,0,43.863,17.60572724,0.243687033,0.022774582,0
20,219,4.464,3617.283621,228815.9498,0.011679,0,0,0,0.008333,0,0,0,0,0,24.5118,0.423815456,0.243687033,0.022774582,0
20,219,4.464,3617.283621,228815.9498,0.010364,0,0,1.3632,0,0,0,0,0,0,0,0.423815456,0.243687033,0.022774582,0
20,219,4.464,3617.283621,228815.9498,0.00524,0,0,0,0.12099,0,0,0,0,0,13.3746,3.237208988,0.243687033,0.022774582,0
20,219,4.464,3617.283621,228815.9498,0,0,0,0,0,0,0,0,0,0,0,0.99739448,0.243687033,0.022774582,0
20,219,4.464,3617.283621,228815.9498,0.061767,0,0,4.2796,0.005239,0.77921,0,0,0,0,0.151728,4.278895437,0.243687033,0.022774582,0
20,219,4.464,3617.283621,228815.9498,0.018596,0,0,0.0062753,0,0.002774,0,0,0,0,0,1.035375756,0.243687033,0.022774582,0
20,219,4.464,3617.283621,228815.9498,0.00524,0,0,0,0.030964,0.074131,7.6576,0,0,0,18.819,0.541773565,0.243687033,0.022774582,0
20,219,4.464,3617.283621,228815.9498,1.7741,0,0,2.8607,0.002508,0.077537,0.008333,0,0,0,0,3.237208988,0.243687033,0.022774582,0
20,219,4.464,3617.283621,228815.9498,0.0021738,0,0.010014,0,0.002031,0,0,0,0,0,3.4635,2.124635517,0.243687033,0.022774582,0
20,219,4.464,3617.283621,228815.9498,0.005239,0,0,0,0.00524,0.001655,0,0,0,0,0.151728,1.651413523,0.243687033,0.022774582,0
20,219,4.464,3617.283621,228815.9498,0.010479,0,1.7757,0,0,0,0,0,0,0,123.459,0.99739448,0.243687033,0.022774582,0
20,219,4.464,3617.283621,228815.9498,0.047912,0,0,0,0,0,0,0,0,0,198.603,3.789481443,0.243687033,0.022774582,0
20,219,4.464,3617.283621,228815.9498,198.15,0,0,0.014602,0,0,0,0,0,0,0.151728,25.71929039,0.243687033,0.022774582,0
20,219,4.464,3617.283621,228815.9498,0,0,0,0.01172,0.005239,3.8342,0,0,0,0,0.151728,0.085689464,0.243687033,0.022774582,0
20,219,4.464,3617.283621,228815.9498,0,0,0,0,0,0,0,0,0,0,0,2.124635517,0.243687033,0.022774582,0
20,219,4.464,3617.283621,228815.9498,0,0,0,0,0,0.79323,0,0,0,0,2.73105,2.474804353,0.243687033,0.022774582,0
20,219,4.464,3617.283621,228815.9498,185.11,0,0,0.01836,0,0.78754,0,0,0,0,0,11.33524931,0.243687033,0.022774582,0
20,219,4.464,3617.283621,228815.9498,0.15083,0,0,0,0,0,0,0,0,0,4.2768,0.085689464,0.243687033,0.022774582,0
20,219,4.464,3617.283621,228815.9498,0,0,7.5185,2.4172,246.96,0,0,0,0,0,0,17.60572724,0.243687033,0.022774582,0
20,219,4.464,3617.283621,228815.9498,4.5748,0,0,0,0,0,0,0,0,0,0.151728,17.60572724,0.243687033,0.022774582,0
20,219,4.464,3617.283621,228815.9498,0,0,0,0,0,0,25.393,0,0,0,8.6688,1.651413523,0.243687033,0.022774582,0
20,219,4.464,3617.283621,228815.9498,0,0,0,3.1662,0.002868,0,0,0,0,0,0,3.237208988,0.243687033,0.022774582,0
20,219,4.464,3617.283621,228815.9498,0.019305,0,6.3345,32.687,0.24663,0,0,0,0,0,0.151728,3.789481443,0.243687033,0.022774582,0
20,219,4.464,3617.283621,228815.9498,0,0,0,46.554,0,0.027754,0,0,0,0,0.151728,11.33524931,0.243687033,0.022774582,0
20,219,4.464,3617.283621,228815.9498,0.037775,0,0,0.75591,0.14346,4.0839,0,0,0,0,0.151728,3.237208988,0.243687033,0.022774582,0
20,219,4.464,3617.283621,228815.9498,0.0083909,0,0,0,51.372,0,0,0,0,0,61.47,2.474804353,0.243687033,0.022774582,0
20,219,4.464,3617.283621,228815.9498,0,0,0,0,0.31656,0,0.67845,0,0,0,0,3.237208988,0.243687033,0.022774582,0
20,219,4.464,3617.283621,228815.9498,0.011297,0,0.82593,0,0.009056,0,0,0,0,0,0.151728,3.237208988,0.243687033,0.022774582,0
20,219,4.464,3617.283621,228815.9498,0,0,0,0,0,0,4.4928,0,0,0,0.151728,6.472102045,0.243687033,0.022774582,0
20,219,4.464,3617.283621,228815.9498,0,0,0,0.20517,5.2863,0,295.04,0,0,0,4.4403,0.219704697,0.243687033,0.022774582,0
20,219,4.464,3617.283621,228815.9498,0,0,0,26.422,0.00524,0,0,0,0,0,0,1.651413523,0.243687033,0.022774582,0
20,219,4.464,3617.283621,228815.9498,0,0,0,3.9449,0,0,0,0,0,0,39.096,0.423815456,0.243687033,0.022774582,0
20,219,4.464,3617.283621,228815.9498,0,0,0,0,0,0,0,0,0,0,0,3.237208988,0.243687033,0.022774582,0
20,219,4.464,3617.283621,228815.9498,0.000251,0,0,0,0.007328,0,0,0,0,0,11.1597,1.651413523,0.243687033,0.022774582,0
20,219,4.464,3617.283621,228815.9498,0,0,0,0,0.008321,0,0,0,0,0,13.494,0.541773565,0.243687033,0.022774582,0
20,219,4.464,3617.283621,228815.9498,0.012423,0,0,0,0,0,0,0,0,0,24.5118,1.035375756,0.243687033,0.022774582,0
20,219,4.464,3617.283621,228815.9498,40.517,0,0,0.00833,0.00524,0,0,0,0,0,3.5568,0.99739448,0.243687033,0.022774582,0
20,219,4.464,3617.283621,228815.9498,0,0,1.6941,0,0.003144,0,65.662,0,0,0,1.96911,15.12102526,0.243687033,0.022774582,0
20,219,4.464,3617.283621,228815.9498,0,0,0,0,0,0,0,0,0,0,0.151728,0.301225485,0.243687033,0.022774582,0
20,219,4.464,3617.283621,228815.9498,0,0,0,4.3923,0,0,0,0,0,0,0.151728,0.423815456,0.243687033,0.022774582,0
20,219,4.464,3617.283621,228815.9498,0,0,0,8.2296,0.034463,0,0,0,0,0,0,2.124635517,0.243687033,0.022774582,0
20,219,4.464,3617.283621,228815.9498,0,0,0,0.016837,0,0,54.329,0,0,0,13.1718,3.789481443,0.243687033,0.022774582,0
20,219,4.464,3617.283621,228815.9498,0.011203,0,0,0,0,0,0,0.23374,0,0,0.279942,0.99739448,0.243687033,0.022774582,0
20,219,4.464,3617.283621,228815.9498,0,0,0,0.36044,0,0,51.57,0,0,0,0,63.91433386,0.243687033,0.022774582,0
20,219,4.464,3617.283621,228815.9498,0.003416,0,0,0.030964,0.0041885,0,0,0,0,0,16.4517,2.474804353,0.243687033,0.022774582,0
20,219,4.464,3617.283621,228815.9498,0,0,0,0,0,0,0,0,0,0,0.67983,22.79016382,0.243687033,0.022774582,0
20,219,4.464,3617.283621,228815.9498,4.4514,0,0,0.000716,0,0,5.6931,0,0,0,15.9147,0.301225485,0.243687033,0.022774582,0
20,219,4.464,3617.283621,228815.9498,0,0,0.84374,0,0,0,0,0,0,0,0.286419,2.474804353,0.243687033,0.022774582,0
20,219,4.464,3617.283621,228815.9498,3.5699,0,0,0.00524,0,0,0,0,0,0,0.53757,6.472102045,0.243687033,0.022774582,0
20,219,4.464,3617.283621,228815.9498,0.001493,0,0,0.008333,0,0,0,0,0,0,0,143.9831763,0.243687033,0.022774582,0
20,219,4.464,3617.283621,228815.9498,0.041249,0,0,0,0,0,0,0,0,0,0.151728,11.33524931,0.243687033,0.022774582,0
20,219,4.464,3617.283621,228815.9498,0.008333,0,0,0,0,0,30.781,0,0,0,0,0.423815456,0.243687033,0.022774582,0
20,219,4.464,3617.283621,228815.9498,0.020418,0,0,0,0.000739,0,0,0,0,0,6.5418,11.33524931,0.243687033,0.022774582,0
20,219,4.464,3617.283621,228815.9498,0.038936,0,0,0.011527,0,0,0,0,0,0,0,17.60572724,0.243687033,0.022774582,0
20,219,4.464,3617.283621,228815.9498,0,0,0,8.389,0.013746,0.78144,0,0,0,0,0.151728,3.789481443,0.243687033,0.022774582,0
20,219,4.464,3617.283621,228815.9498,0,0,0,0.0068531,0.002139,0,0,0,0,0,9.4467,2.474804353,0.243687033,0.022774582,0
20,219,4.464,3617.283621,228815.9498,0.005239,0,0,0,0.009056,0,0,0,0,0,0.151728,11.33524931,0.243687033,0.022774582,0
20,219,4.464,3617.283621,228815.9498,0,0,0,0.002139,0,0,0,0,0,0,0.2871,0.99739448,0.243687033,0.022774582,0
20,219,4.464,3617.283621,228815.9498,0.008333,0,0.00524,0,0.003468,0,0,0,0,0,0.151728,4.278895437,0.243687033,0.022774582,0
20,219,4.464,3617.283621,228815.9498,0,0,0,0.010479,0.88295,0,0.008333,0,0,0,0,11.33524931,0.243687033,0.022774582,0
20,219,4.464,3617.283621,228815.9498,0.005239,0,0.00014,0.3794,3.6586,0,0,0,0,0,0,0.423815456,0.243687033,0.022774582,0
20,219,4.464,3617.283621,228815.9498,15.105,0,0,0.17235,0.00524,0,5.3904,0,0,0,0.151728,0.541773565,0.243687033,0.022774582,0
20,219,4.464,3617.283621,228815.9498,0.13903,0,0,0,0,0,0,0,0,0,0,0.99739448,0.243687033,0.022774582,0
20,219,4.464,3617.283621,228815.9498,0.002139,0,0,68.713,0,0,0,0,0,0,37.53,3.789481443,0.243687033,0.022774582,0
20,219,4.464,3617.283621,228815.9498,0.29003,0,0,0,0.008333,0,0,0,0,0,0.151728,1.035375756,0.243687033,0.022774582,0
20,219,4.464,3617.283621,228815.9498,3.2852,0,0,0,0.007328,0,0,0,0,0,0,15.12102526,0.243687033,0.022774582,0
20,219,4.464,3617.283621,228815.9498,0,0,0,0.016837,0,0,0,0,0,0,7.4118,2.124635517,0.243687033,0.022774582,0
20,219,4.464,3617.283621,228815.9498,0.00524,0,0,0,0,0,0,0,0,0,4.5105,143.9831763,0.243687033,0.022774582,0
20,219,4.464,3617.283621,228815.9498,0.008333,0,0.31971,0.008333,0,0,0,0,0,0,68.145,6.495762651,0.243687033,0.022774582,0
20,219,4.464,3617.283621,228815.9498,0.040702,0,0,0,0,2.879,0,0,0,0,9.8421,2.474804353,0.243687033,0.022774582,0
20,219,4.464,3617.283621,228815.9498,0.27365,0,0,0.88687,0,0,0,0,0,0,1.09647,6.472102045,0.243687033,0.022774582,0
20,219,4.464,3617.283621,228815.9498,0,0,0,0.008333,0.67961,0,0,0,0,0,0.151728,3.789481443,0.243687033,0.022774582,0
20,219,4.464,3617.283621,228815.9498,0,0,0,0,0,0,0,0,0,0,2.96682,4.278895437,0.243687033,0.022774582,0
20,219,4.464,3617.283621,228815.9498,0.063798,0,0,0,0.3855,0,0,0,0,0,1.97832,0.301225485,0.243687033,0.022774582,0
20,219,4.464,3617.283621,228815.9498,0.03314,0,0,0,0,0.77921,0,0,0,0,0.151728,3.789481443,0.243687033,0.022774582,0
20,219,4.464,3617.283621,228815.9498,0.20435,0,0,0,0,0,0,0,0,0,3.5568,4.278895437,0.243687033,0.022774582,0
20,219,4.464,3617.283621,228815.9498,0.000739,0,0,0,0,0,0,0,0,0,6.102,3.237208988,0.243687033,0.022774582,0
20,219,4.464,3617.283621,228815.9498,0,0,0,0.008333,3.0408,0,0,0,0,0,6.561,0.219704697,0.243687033,0.022774582,0
20,219,4.464,3617.283621,228815.9498,0.002031,0,0,0,0,0,0,0,0,0,0,0.99739448,0.243687033,0.022774582,0
20,219,4.464,3617.283621,228815.9498,0.0088426,0,0,0.010471,0.008335,0,0,0,0,0,1.5003,17.60572724,0.243687033,0.022774582,0
20,219,4.464,3617.283621,228815.9498,0.002096,0,0,0,0,0,0,0,0,0,0,3.237208988,0.243687033,0.022774582,0
20,219,4.464,3617.283621,228815.9498,0.013573,0,0,0.0014795,0,0,0,0,0,0,0.151728,0.219704697,0.243687033,0.022774582,0
20,219,4.464,3617.283621,228815.9498,0.0062156,0,0,0.010558,0,7.2949,0,2.7678,0,0,0,3.789481443,0.243687033,0.022774582,0
20,219,4.464,3617.283621,228815.9498,0,0,0,0,0.011131,0,10.791,0,0,0,0,11.68233493,0.243687033,0.022774582,0
20,219,4.464,3617.283621,228815.9498,0,0,0,0,0,0,0,0,0,0,8.6688,0.301225485,0.243687033,0.022774582,0
20,219,4.464,3617.283621,228815.9498,0.001326,0,0,0,0,0,0,0,0,0,0.288579,1.035375756,0.243687033,0.022774582,0
20,219,4.464,3617.283621,228815.9498,0.008333,0,0,2.7689,0,0,0.13028,0,0,0,0.36594,15.12102526,0.243687033,0.022774582,0
20,219,4.464,3617.283621,228815.9498,0,0,0,0.026977,0.008333,0,0,0,0,0,6.258,0.219704697,0.243687033,0.022774582,0
20,219,4.464,3617.283621,228815.9498,3.2852,0,0,0.0055919,7.8711,0,0,0,0,0,0.34593,2.124635517,0.243687033,0.022774582,0
20,219,4.464,3617.283621,228815.9498,1.5374,0,0,0,0.00524,0,0,0,0,0,0.151728,0.99739448,0.243687033,0.022774582,0
20,219,4.464,3617.283621,228815.9498,0.047389,0,0,0,7.2444,0,0,0,0,0,0,2.124635517,0.243687033,0.022774582,0
20,219,4.464,3617.283621,228815.9498,1.8905,0,0,0,2.5837,0.78033,0,0,0,0,15.7923,0.423815456,0.243687033,0.022774582,0
20,219,4.464,3617.283621,228815.9498,4.4514,0,0,5.7854,0,0,0,0,0,0,0,1.035375756,0.243687033,0.022774582,0
20,219,4.464,3617.283621,228815.9498,0,0,0,0.008335,0.062887,0,0,0,0,0,0,0.219704697,0.243687033,0.022774582,0
20,219,4.464,3617.283621,228815.9498,0.008333,0,0,0,0,0,20.673,0,0,0,1.57107,17.60572724,0.243687033,0.022774582,0
20,219,4.464,3617.283621,228815.9498,0,0,0,0.038288,0,0,0,0,0,0,4.5897,1.035375756,0.243687033,0.022774582,0
20,219,4.464,3617.283621,228815.9498,0,0,0,0,0,0,0,0,0,0,0.75903,11.33524931,0.243687033,0.022774582,0
20,219,4.464,3617.283621,228815.9498,0,0,0,0.016337,0,0,0,0,0,0,151.038,1.651413523,0.243687033,0.022774582,0
20,219,4.464,3617.283621,228815.9498,53.36,0,0,0,0,0,0,0,0,0,0.57,11.33524931,0.243687033,0.022774582,0
20,219,4.464,3617.283621,228815.9498,0,0,0,0.073717,0.16189,0,0,0,0,0,9.5499,1.035375756,0.243687033,0.022774582,0
20,219,4.464,3617.283621,228815.9498,0.024492,0,0,11.325,0,0,0,0,0.010236,0,7.6407,11.33524931,0.243687033,0.022774582,0
20,219,4.464,3617.283621,228815.9498,0.015487,0,0,0,0,0,0,0,0,0,0.151728,0.085689464,0.243687033,0.022774582,0
20,219,4.464,3617.283621,228815.9498,0,0,0,0,0,0,0,0,0,0,1.65174,0.219704697,0.243687033,0.022774582,0
20,219,4.464,3617.283621,228815.9498,0,0,0,0,6.78,0,0,0,0,0,0,15.12102526,0.243687033,0.022774582,0
20,219,4.464,3617.283621,228815.9498,0.032537,0,0.00014,0.22843,0,0,246.03,0,0,0,0.286419,3.789481443,0.243687033,0.022774582,0
20,219,4.464,3617.283621,228815.9498,0,0,0,0,0,0,0,0,0,0,30.885,0.482794511,0.243687033,0.022774582,0
20,219,4.464,3617.283621,228815.9498,0.062652,0,0,0,0.0056,0.057823,0,0,0,0,0.151728,0.541773565,0.243687033,0.022774582,0
20,219,4.464,3617.283621,228815.9498,0.35231,0,0,0,0.0096305,0,30.99,0,0,0,45.663,3.789481443,0.243687033,0.022774582,0
20,219,4.464,3617.283621,228815.9498,3.8952,0,0.013146,0,0,0,0,0,0,0,0.279615,2.124635517,0.243687033,0.022774582,0
20,219,4.464,3617.283621,228815.9498,0,0,0,0,5.9309,0,0,0,0,0,0.151728,0.99739448,0.243687033,0.022774582,0
20,219,4.464,3617.283621,228815.9498,0.00524,0,0,0.016555,0,0,0,0,0,0,0,0.219704697,0.243687033,0.022774582,0
20,219,4.464,3617.283621,228815.9498,0,0,0,0.005239,0.035884,0,0,0,0,0,1.95174,2.124635517,0.243687033,0.022774582,0
20,219,4.464,3617.283621,228815.9498,0,0,0,0,0.40097,0,0,0.78852,0,0,46.353,0.301225485,0.243687033,0.022774582,0
20,219,4.464,3617.283621,228815.9498,0,0,0,0,0,0,0,0,0,0,0.27948,0.219704697,0.243687033,0.022774582,0
20,219,4.464,3617.283621,228815.9498,0.00524,0,0,0.008333,0.013573,0.002355,0,0,0,0,0.151728,0.423815456,0.243687033,0.022774582,0
20,219,4.464,3617.283621,228815.9498,14.115,0,0,0,124.34,0,30.977,0,0,0,6.5418,0.219704697,0.243687033,0.022774582,0
20,219,4.464,3617.283621,228815.9498,0,0,0,7.5633,0.73113,0,0,0,0,0,0.278532,0.301225485,0.243687033,0.022774582,0
20,219,4.464,3617.283621,228815.9498,0.002139,0,0,0,21.064,0,0,0,0,0,0,15.12102526,0.243687033,0.022774582,0
20,219,4.464,3617.283621,228815.9498,0,0,0,0,0.013973,0,0,0,0,0,0.151728,0.085689464,0.243687033,0.022774582,0
20,219,4.464,3617.283621,228815.9498,1.4262,0,0,6.7865,0,0,0,0,0,0,2.76954,0.423815456,0.243687033,0.022774582,0
20,219,4.464,3617.283621,228815.9498,0,0,0,0,0.035884,0.080373,0,0,0,0,0,0.99739448,0.243687033,0.022774582,0
20,219,4.464,3617.283621,228815.9498,0,0,0,0.62945,1.2845,0.057823,0,0,0,0,1.09155,11.68233493,0.243687033,0.022774582,0
20,219,4.464,3617.283621,228815.9498,0,0,0,0.55992,0,0,0,0,0,0,18.1353,2.124635517,0.243687033,0.022774582,0
20,219,4.464,3617.283621,228815.9498,14.661,0,0,0.008333,0,0,0,0,0,0,4.4358,3.237208988,0.243687033,0.022774582,0
20,219,4.464,3617.283621,228815.9498,0.00014,0,0,0,0,0,0,0,0,0,12.0081,0.423815456,0.243687033,0.022774582,0
20,219,4.464,3617.283621,228815.9498,0.0094073,0,0,0,0.011526,0,0,0,0,0,10.2414,1.651413523,0.243687033,0.022774582,0
20,219,4.464,3617.283621,228815.9498,0,0,0,0.68671,5.7051,0,4.7427,0,0,0,1.26477,0.423815456,0.243687033,0.022774582,0
20,219,4.464,3617.283621,228815.9498,0,0,0,0,0,0,0,0,0,0,0,6.472102045,0.243687033,0.022774582,0
20,219,4.464,3617.283621,228815.9498,8.2504,0,0,0,0,0,0,0,0,0,29.2218,0.219704697,0.243687033,0.022774582,0
20,219,4.464,3617.283621,228815.9498,1.7472,0,0.005239,0,0.000251,0,0,0,0,0,0.151728,6.472102045,0.243687033,0.022774582,0
20,219,4.464,3617.283621,228815.9498,0.000124,0,0,0.040274,0,0,0,0,0,0,0.151728,0.541773565,0.243687033,0.022774582,0
20,219,4.464,3617.283621,228815.9498,0,0,0,0.00387,0.005239,0,0,0,0,0,0.151728,3.237208988,0.243687033,0.022774582,0
20,219,4.464,3617.283621,228815.9498,0,0,0,0.001493,0,0,21.198,0,0,0,1.62048,6.472102045,0.243687033,0.022774582,0
20,219,4.464,3617.283621,228815.9498,0.011297,0,0,0,0,0,0,0,0,0,0.84174,0.085689464,0.243687033,0.022774582,0
20,219,4.464,3617.283621,228815.9498,0.007148,0,0,0,0.005239,0,0,0,0,0,6.4536,0.99739448,0.243687033,0.022774582,0
20,219,4.464,3617.283621,228815.9498,17.385,0,0,0,0.25503,0,15.593,0,0,0,0.151728,2.124635517,0.243687033,0.022774582,0
20,219,4.464,3617.283621,228815.9498,0,0,0,0.00524,0,0,0,0,0,0,0,0.423815456,0.243687033,0.022774582,0
20,219,4.464,3617.283621,228815.9498,0.000063,0,0,10.418,0,0,4.0851,0,0,0,3.8946,3.789481443,0.243687033,0.022774582,0
20,219,4.464,3617.283621,228815.9498,0.00524,0,0,0,0,0,0,0,0,0,0.151728,2.474804353,0.243687033,0.022774582,0
20,219,4.464,3617.283621,228815.9498,0.18763,0,0,0,0,0.85321,0,0,0,0,0,17.60572724,0.243687033,0.022774582,0
20,219,4.464,3617.283621,228815.9498,0.11399,0,0,0,0,0,0,4.133,0,0,0.151728,0.99739448,0.243687033,0.022774582,0
20,219,4.464,3617.283621,228815.9498,0.68217,0,0,0,0,0,0,0,0,0,0.151728,17.60572724,0.243687033,0.022774582,0
20,219,4.464,3617.283621,228815.9498,0.000063,0,0,0.80704,0.007221,0.074131,0,0,0,0,0.151728,6.495762651,0.243687033,0.022774582,0
20,219,4.464,3617.283621,228815.9498,0.74435,0,0,0.021907,0.000688,1.944,0,0,0,0,3.6918,15.12102526,0.243687033,0.022774582,0
20,219,4.464,3617.283621,228815.9498,0.11399,0,0,62.543,68.77,0.78642,0,0,0,0,0,1.651413523,0.243687033,0.022774582,0
20,219,4.464,3617.283621,228815.9498,0.00524,0,0,0,0,0,0,0,0,0,1.70622,0.423815456,0.243687033,0.022774582,0
20,219,4.464,3617.283621,228815.9498,0,0,0,0,0,0,0.13028,0,0,0,0.151728,11.33524931,0.243687033,0.022774582,0
20,219,4.464,3617.283621,228815.9498,0.024955,0,0,0,0,0,0.40452,0,0,0,3.5568,3.789481443,0.243687033,0.022774582,0
20,219,4.464,3617.283621,228815.9498,0,0,0,70.359,0,0,0,0,0,0,4.8618,0.085689464,0.243687033,0.022774582,0
20,219,4.464,3617.283621,228815.9498,46.878,0,0,0.000688,0,0,0,0,0.57712,0,0,6.472102045,0.243687033,0.022774582,0
20,219,4.464,3617.283621,228815.9498,0,0,0,0,0,0,0,0,0,0,0.279615,4.278895437,0.243687033,0.022774582,0
20,219,4.464,3617.283621,228815.9498,0.008004,0,0,0,0,0,0,0,0,0,8.6688,0.541773565,0.243687033,0.022774582,0
20,219,4.464,3617.283621,228815.9498,0,0,0,0.005239,0,0.31917,0,0,0,0,8.6688,0.423815456,0.243687033,0.022774582,0
20,219,4.464,3617.283621,228815.9498,36.945,0,20.16,0,29.422,0,0,0,0,0,20.2284,3.789481443,0.243687033,0.022774582,0
20,219,4.464,3617.283621,228815.9498,0,0,0,0.0088426,3.8185,0,0,0,0,0,0,2.124635517,0.243687033,0.022774582,0
20,219,4.464,3617.283621,228815.9498,0.039743,0,0,0,0,0,17.287,0,0,0,0.151728,6.495762651,0.243687033,0.022774582,0
20,219,4.464,3617.283621,228815.9498,0.01357,0,0,0.071721,0,0,0,0,0,0,0.151728,0.99739448,0.243687033,0.022774582,0
20,219,4.464,3617.283621,228815.9498,0,0,0,0.001493,0.008333,0,0.13028,0,0,0,52.569,0.541773565,0.243687033,0.022774582,0
20,219,4.464,3617.283621,228815.9498,0,0,0,1.0312,0,0,0,0,0,0,0,0.541773565,0.243687033,0.022774582,0
20,219,4.464,3617.283621,228815.9498,0,0,0,0,0,0,0,0,0,0,0,11.33524931,0.243687033,0.022774582,0
20,219,4.464,3617.283621,228815.9498,0.0088426,0,0.00328,0,0,0,0,0,0,0,0.151728,2.124635517,0.243687033,0.022774582,0
20,219,4.464,3617.283621,228815.9498,0.5002,0,0,0,0,0,0,0,0,0,0.151728,0.99739448,0.243687033,0.022774582,0
20,219,4.464,3617.283621,228815.9498,0,0,0,0,0,0,0,0,0,0,41.715,3.789481443,0.243687033,0.022774582,0
20,219,4.464,3617.283621,228815.9498,0,0,0,0,0,0,0,0,0,0,0.151728,2.474804353,0.243687033,0.022774582,0
20,219,4.464,3617.283621,228815.9498,0.016699,0,0,0,0.008335,0,0,0,0,0,8.7918,0.99739448,0.243687033,0.022774582,0
20,219,4.464,3617.283621,228815.9498,0,0,0,0,0,0,0,0,0,0,0,3.789481443,0.243687033,0.022774582,0
20,219,4.464,3617.283621,228815.9498,0,0,0,1.9259,0.046926,0,0,0,0,0,0.151728,3.237208988,0.243687033,0.022774582,0
20,219,4.464,3617.283621,228815.9498,43.218,0,0,10.418,0,0,0,0,0,0,0,6.472102045,0.243687033,0.022774582,0
20,219,4.464,3617.283621,228815.9498,0,0,0,5.7854,0.003346,0,0,0,0,0,0,2.474804353,0.243687033,0.022774582,0
20,219,4.464,3617.283621,228815.9498,0,0,0,0,0.000688,0,0,0,0,0,0.151728,0.219704697,0.243687033,0.022774582,0
20,219,4.464,3617.283621,228815.9498,22.449,0,0,0,0,0,0,0,0,0,1.88184,6.472102045,0.243687033,0.022774582,0
20,219,4.464,3617.283621,228815.9498,0,0,0,0,1.1039,0,0,0,0,0,0,22.79016382,0.243687033,0.022774582,0
20,219,4.464,3617.283621,228815.9498,0,0,0,55.04,0,0,0,0,0,0,0.273021,2.474804353,0.243687033,0.022774582,0
20,219,4.464,3617.283621,228815.9498,6.8272,0,0,0,0,0,0,0,0,0,7.2111,6.472102045,0.243687033,0.022774582,0
20,219,4.464,3617.283621,228815.9498,0.68217,0,0,2.7308,0.008333,0,0,0,0,0,8.9418,0.423815456,0.243687033,0.022774582,0
20,219,4.464,3617.283621,228815.9498,0.1613,0,0,0.002508,43.956,0,99.841,0,0,0,4.5105,6.472102045,0.243687033,0.022774582,0
20,219,4.464,3617.283621,228815.9498,0,0,0,10.418,0.2943,0,0,0,0,0,0.78174,39.57625232,0.243687033,0.022774582,0
20,219,4.464,3617.283621,228815.9498,0.028169,0,0,0,0,0,0,0,0,0,4.8687,6.472102045,0.243687033,0.022774582,0
20,219,4.464,3617.283621,228815.9498,0.82366,0,0,1.0905,0.008321,28.381,0,0,0,0,0,6.472102045,0.243687033,0.022774582,0
20,219,4.464,3617.283621,228815.9498,0.0064565,0,0,0,0.008335,0,0,0,0,0,0.151728,15.12102526,0.243687033,0.022774582,0
20,219,4.464,3617.283621,228815.9498,1.0831,0,0.45975,0,0.49136,0.026505,0,0,0,0,34.746,2.124635517,0.243687033,0.022774582,0
20,219,4.464,3617.283621,228815.9498,0.000251,0,0,0,0.014581,0.10235,0,0,0,0,0.151728,1.035375756,0.243687033,0.022774582,0
20,219,4.464,3617.283621,228815.9498,0.3628,0,0,0,0.79075,0,0,0,0,0,0,2.124635517,0.243687033,0.022774582,0
20,219,4.464,3617.283621,228815.9498,0.000752,0,0,0,0,0,0,0,0,0,176.907,1.651413523,0.243687033,0.022774582,0
20,219,4.464,3617.283621,228815.9498,0.0021738,0,0,0,0,0,45.746,0,0,0,0.151728,15.12102526,0.243687033,0.022774582,0
20,219,4.464,3617.283621,228815.9498,0,0,0,0.062249,14.084,0,0,0,0,0,0.151728,11.33524931,0.243687033,0.022774582,0
20,219,4.464,3617.283621,228815.9498,0,0,0,70.359,0,0.54889,0,0,0,0,0.151728,3.789481443,0.243687033,0.022774582,0
20,219,4.464,3617.283621,228815.9498,0.0097975,0,0.0062235,0,0,0,0.021726,0,0,0,2.23266,1.651413523,0.243687033,0.022774582,0
20,219,4.464,3617.283621,228815.9498,4.4514,0,0,0.009056,3.9118,0,51.57,0,0,0,0,0.085689464,0.243687033,0.022774582,0
20,219,4.464,3617.283621,228815.9498,0.0068531,0,0,0,0,0,0,0,0,0,0,2.124635517,0.243687033,0.022774582,0
20,219,4.464,3617.283621,228815.9498,0.008699,0,0,0,0,0,0,0,0,0,0.273357,11.33524931,0.243687033,0.022774582,0
20,219,4.464,3617.283621,228815.9498,0.53043,0,0,0,0,0,0,0,0,0,0.36594,3.237208988,0.243687033,0.022774582,0
20,219,4.464,3617.283621,228815.9498,0.01332,0,0,0,0,0,0.13028,0,0,0,0.70485,4.278895437,0.243687033,0.022774582,0
20,219,4.464,3617.283621,228815.9498,0,0,0,0.00014,0,0,0,0,0,0,0,0.99739448,0.243687033,0.022774582,0
20,219,4.464,3617.283621,228815.9498,0.00524,0,0,0,2.8821,5.6833,0,0,0,0,2.93637,1.651413523,0.243687033,0.022774582,0
20,219,4.464,3617.283621,228815.9498,2.1473,0,0,0,0.0064809,0.79321,0.002308,0,0,0,0.151728,15.12102526,0.243687033,0.022774582,0
20,219,4.464,3617.283621,228815.9498,4.4514,0,0,0.25593,0,0,0,0,0,0,1.19187,15.12102526,0.243687033,0.022774582,0
20,219,4.464,3617.283621,228815.9498,0.1613,0,0,0,0.010373,0,0,0,0,0,0,0.541773565,0.243687033,0.022774582,0
20,219,4.464,3617.283621,228815.9498,0.01061,0,0,0.008333,3.0408,0,0,0,0,0,5.2875,6.472102045,0.243687033,0.022774582,0
20,219,4.464,3617.283621,228815.9498,5.865,0,0,0,0.011532,0,0,0,0,0,0.151728,3.789481443,0.243687033,0.022774582,0
20,219,4.464,3617.283621,228815.9498,0.005372,0,0,0.040507,0,0,15.249,0.011778,0,0,0.72228,0.541773565,0.243687033,0.022774582,0
20,219,4.464,3617.283621,228815.9498,0.071675,0,0,0,0.42442,0.20095,246.03,0,0,0,9.0018,0.085689464,0.243687033,0.022774582,0
20,219,4.464,3617.283621,228815.9498,0,0,0,0.02762,0.010507,0,0,0,0,0,3.5568,11.33524931,0.243687033,0.022774582,0
20,219,4.464,3617.283621,228815.9498,5.15,0,0,0,0,0,0,0,0,0,97.974,0.423815456,0.243687033,0.022774582,0
20,219,4.464,3617.283621,228815.9498,40.517,0,0,0.008333,0,0,0,0,0,0,0.181728,0.219704697,0.243687033,0.022774582,0
20,219,4.464,3617.283621,228815.9498,0.008336,0,0,0,0.0088426,0,0,0,0,0,0,1.651413523,0.243687033,0.022774582,0
20,219,4.464,3617.283621,228815.9498,0.68217,0,0,3.1662,0,0,0,0,0,0,3.2364,0.541773565,0.243687033,0.022774582,0
20,219,4.464,3617.283621,228815.9498,0,0,0,0,0.005239,15.509,0,0,0,0,0.151728,1.035375756,0.243687033,0.022774582,0
20,219,4.464,3617.283621,228815.9498,0.00524,0,0,0.6175,10.721,0,0.059897,0,0,0,7.2312,2.124635517,0.243687033,0.022774582,0
20,219,4.464,3617.283621,228815.9498,0.00524,0,0,0.02647,0,0,0,0,0,0,0,10.04744876,0.243687033,0.022774582,0
20,219,4.464,3617.283621,228815.9498,0.023222,0,0,1.5881,0.0064809,3.1357,0,0,0,0,28.0509,3.789481443,0.243687033,0.022774582,0
20,219,4.464,3617.283621,228815.9498,0.003295,0,0,0,0,0,0,0,0,0,12.8901,1.035375756,0.243687033,0.022774582,0
20,219,4.464,3617.283621,228815.9498,0.82366,0,6.6835,0.008336,0,0.065724,0,0,0,0,0,0.085689464,0.243687033,0.022774582,0
20,219,4.464,3617.283621,228815.9498,0,0,0,2.2778,0,0,0,0,0,0,0.151728,0.423815456,0.243687033,0.022774582,0
20,219,4.464,3617.283621,228815.9498,0,0,0,0,0.68315,0,0,0,0,0,0.151728,11.68233493,0.243687033,0.022774582,0
20,219,4.464,3617.283621,228815.9498,0,0,0,0,0.008333,0,0,0,0,0,0.151728,2.124635517,0.243687033,0.022774582,0
20,219,4.464,3617.283621,228815.9498,0.002139,0,0,0.001326,0.005239,0,0,0,0,0,0,1.035375756,0.243687033,0.022774582,0
20,219,4.464,3617.283621,228815.9498,0,0,0,0.0089655,0,0,0,0,0,0,0.151728,6.472102045,0.243687033,0.022774582,0
20,219,4.464,3617.283621,228815.9498,0,0,0,0,0,0,0.10863,0,0,0,0,15.12102526,0.243687033,0.022774582,0
20,219,4.464,3617.283621,228815.9498,0,0,0,0,0.00524,0,0,0,0,0,0,2.474804353,0.243687033,0.022774582,0
20,219,4.464,3617.283621,228815.9498,0,0,0,0,0,0,0,0,0,0,0.151728,0.541773565,0.243687033,0.022774582,0
20,219,4.464,3617.283621,228815.9498,0.023705,0,0,0.008333,0,0,0,0,0,0,8.5524,6.495762651,0.243687033,0.022774582,0
20,219,4.464,3617.283621,228815.9498,0.0083909,0,0,0,6.873,0,0,0,0.007328,0,6.258,0.301225485,0.243687033,0.022774582,0
20,219,4.464,3617.283621,228815.9498,0,0,0,0.00524,68.77,0,0,0,0,0,1.31526,0.301225485,0.243687033,0.022774582,0
20,219,4.464,3617.283621,228815.9498,0.2494,0,0,32.687,13.549,7.545,0,0,0,0,0,0.99739448,0.243687033,0.022774582,0
20,219,4.464,3617.283621,228815.9498,0,0,0,0,0,0,0.13028,0,0,0,0.181728,0.423815456,0.243687033,0.022774582,0
20,219,4.464,3617.283621,228815.9498,3.5296,0,0,0,8.0698,0,0,0,0,0,2.37174,0.085689464,0.243687033,0.022774582,0
20,219,4.464,3617.283621,228815.9498,1.1697,0,0,0,0.008333,0,0,0,0,0,0,6.472102045,0.243687033,0.022774582,0
20,219,4.464,3617.283621,228815.9498,0.035255,0,0,0,0,0,172.66,0,0,0,6.8079,1.035375756,0.243687033,0.022774582,0
20,219,4.464,3617.283621,228815.9498,0,0,0,0.40202,0,0,0,0,0,0,0.53757,0.541773565,0.243687033,0.022774582,0
20,219,4.464,3617.283621,228815.9498,0,0,0,0,0,0,0,0,0,0,0.151728,15.12102526,0.243687033,0.022774582,0
20,219,4.464,3617.283621,228815.9498,0,0,0,15.197,0,0,0,0,0,0,0.271128,0.423815456,0.243687033,0.022774582,0
20,219,4.464,3617.283621,228815.9498,0,0,0,0,0.00524,0,23.619,0,0,0,0,0.301225485,0.243687033,0.022774582,0
20,219,4.464,3617.283621,228815.9498,0.050392,0,0,123.21,0.12099,0,5.7012,0,0,0,0.278526,15.12102526,0.243687033,0.022774582,0
20,219,4.464,3617.283621,228815.9498,0.73427,0,0,0,0.000739,2.6999,0,0,0,0,0.151728,15.12102526,0.243687033,0.022774582,0
20,219,4.464,3617.283621,228815.9498,0,0,0,0.026311,0.70741,0,8.1826,0,0,0,151.038,0.085689464,0.243687033,0.022774582,0
20,219,4.464,3617.283621,228815.9498,50.529,0,0,0.000688,2.3758,0,0,0,0,0,5.4381,0.085689464,0.243687033,0.022774582,0
20,219,4.464,3617.283621,228815.9498,0.00524,0,0,0.054581,0,8.1854,0,0,0,0,97.974,0.423815456,0.243687033,0.022774582,0
20,219,4.464,3617.283621,228815.9498,0.003295,0,0,0.86967,0,0,0,0,0,0,20.8818,2.124635517,0.243687033,0.022774582,0
20,219,4.464,3617.283621,228815.9498,253.52,0,0,0.008333,9.0733,0,0,0,0,0,0.279942,0.219704697,0.243687033,0.022774582,0
20,219,4.464,3617.283621,228815.9498,0.71313,0,0,0,0.010107,0.77921,0.42744,3.6215,0,0,0,1.651413523,0.243687033,0.022774582,0
20,219,4.464,3617.283621,228815.9498,0,0,0,0.223,1.5408,0,0,0,0,0,19.2864,2.124635517,0.243687033,0.022774582,0
20,219,4.464,3617.283621,228815.9498,1.5561,0,0,0,0,0.78972,0,0,0,0,0.50493,0.301225485,0.243687033,0.022774582,0
20,219,4.464,3617.283621,228815.9498,0.22639,0,0,0.008333,0,0,0,0,0,0,0.151728,0.423815456,0.243687033,0.022774582,0
20,219,4.464,3617.283621,228815.9498,0.00644,0,0,0.008333,0,0,0,0,0,0,0.271728,11.33524931,0.243687033,0.022774582,0
20,219,4.464,3617.283621,228815.9498,0,0,0,0.0011005,0.14993,0,0,0,0,0,0,0.301225485,0.243687033,0.022774582,0
20,219,4.464,3617.283621,228815.9498,0.41786,0,0,0,0,0,0,0,0,0,2.68779,17.60572724,0.243687033,0.022774582,0
20,219,4.464,3617.283621,228815.9498,11.506,0,0,2.9167,0,0.77421,0,0,0,0,0.151728,2.124635517,0.243687033,0.022774582,0
20,219,4.464,3617.283621,228815.9498,0,0,0,0,0,0.16347,0,0,0,0,8.9418,15.12102526,0.243687033,0.022774582,0
20,219,4.464,3617.283621,228815.9498,0,0,0,0,6.5443,0,308.3,0,0,0,18.7944,3.237208988,0.243687033,0.022774582,0
20,219,4.464,3617.283621,228815.9498,0.002011,0,0,0.077265,0,0,0,0,0,0,0.151728,0.99739448,0.243687033,0.022774582,0
20,219,4.464,3617.283621,228815.9498,0,0,0,0,0,0,0.67845,0,0,0,3.1572,1.651413523,0.243687033,0.022774582,0
20,219,4.464,3617.283621,228815.9498,0.10994,0,0,0,1.1453,0,0,0,0,0,0.270372,1.035375756,0.243687033,0.022774582,0
20,219,4.464,3617.283621,228815.9498,0,0,0,6.9518,0.013551,0,0,0,0,0,0.151728,11.68233493,0.243687033,0.022774582,0
20,219,4.464,3617.283621,228815.9498,0,0,0,0,0,0,0,0,0,0,2.34936,2.474804353,0.243687033,0.022774582,0
20,219,4.464,3617.283621,228815.9498,0,0,0,0,0,0,0,0,0,0,0.151728,2.474804353,0.243687033,0.022774582,0
20,219,4.464,3617.283621,228815.9498,0.042136,0,0,6.0441,0,0,0,0,0,0,44.073,25.71929039,0.243687033,0.022774582,0
20,219,4.464,3617.283621,228815.9498,0.098565,0,0,0.0065058,0.008332,0,0,0,0,0,0.151728,0.301225485,0.243687033,0.022774582,0
20,219,4.464,3617.283621,228815.9498,2.1473,0,0,0,0,0,0,0,0,0,0.151728,3.789481443,0.243687033,0.022774582,0
20,219,4.464,3617.283621,228815.9498,0.00524,0,0,0.005239,0.31656,6.9496,0,0,0,0,0.151728,1.651413523,0.243687033,0.022774582,0
20,219,4.464,3617.283621,228815.9498,2.5147,0,0,0.0083909,0,0,0,0,0,0,11.0037,0.423815456,0.243687033,0.022774582,0
20,219,4.464,3617.283621,228815.9498,3.6358,0,0,0.008335,1.4315,0.79321,0,0,0,0,0.151728,0.085689464,0.243687033,0.022774582,0
20,219,4.464,3617.283621,228815.9498,0.01061,0,0,853.16,0,0,0.40452,0,0,0,0.279615,17.60572724,0.243687033,0.022774582,0
20,219,4.464,3617.283621,228815.9498,0,0,0,0,0.21732,0,0,0,0,0,7.2051,11.68233493,0.243687033,0.022774582,0
20,219,4.464,3617.283621,228815.9498,9.9965,0,0,0,0,0,0,0,0,0,8.7318,11.33524931,0.243687033,0.022774582,0
20,219,4.464,3617.283621,228815.9498,0.008333,0,0,0.030237,0.014178,0,18.58,0,0,0,0.27711,1.035375756,0.243687033,0.022774582,0
20,219,4.464,3617.283621,228815.9498,0.001493,0,0,0,0.009767,1.0992,0,0,0,0,0.151728,6.472102045,0.243687033,0.022774582,0
20,219,4.464,3617.283621,228815.9498,0.008333,0,0,0.008336,0.008335,0,0,0,0,0,0,11.33524931,0.243687033,0.022774582,0
20,219,4.464,3617.283621,228815.9498,0.0068531,0,0,0.0306,0.00524,0,0,0,0,0,19.6818,0.423815456,0.243687033,0.022774582,0
20,219,4.464,3617.283621,228815.9498,0,0,0,0.018148,0,0,0,0,0,0,1.57179,1.651413523,0.243687033,0.022774582,0
20,219,4.464,3617.283621,228815.9498,0.007221,0,0,1.9259,0.022119,0,0,0,0,0,2.6481,3.789481443,0.243687033,0.022774582,0
20,219,4.464,3617.283621,228815.9498,0,0,0,0,0,0,0,0,0,0,18.3318,3.789481443,0.243687033,0.022774582,0
20,219,4.464,3617.283621,228815.9498,0.008333,0,0,0.0067015,0,1.0289,0,0,0,0,4.8507,2.007567612,0.243687033,0.022774582,0
20,219,4.464,3617.283621,228815.9498,0.016058,0,0,0,0.0088426,0.95676,0.021726,0,0,0,87.522,0.99739448,0.243687033,0.022774582,0
20,219,4.464,3617.283621,228815.9498,0.98357,0,0,0,0.3855,0,0,0,0,0,0.151728,3.789481443,0.243687033,0.022774582,0
20,219,4.464,3617.283621,228815.9498,0.00014,0,0,0.00524,0,0,0,0,0,0,23.3337,0.219704697,0.243687033,0.022774582,0
20,219,4.464,3617.283621,228815.9498,0.2494,0,0,0,0.008333,0,0,0,0,0,0.273366,6.495762651,0.243687033,0.022774582,0
20,219,4.464,3617.283621,228815.9498,0.008333,0,0,0.00524,0,0,0,0,0,0,0.78174,3.237208988,0.243687033,0.022774582,0
20,219,4.464,3617.283621,228815.9498,0,0,0,7.2355,0,0,0.841,0,0,0,24.9618,0.085689464,0.243687033,0.022774582,0
20,219,4.464,3617.283621,228815.9498,0,0,0,0.008333,0.014719,0,0,0,0,0,0,143.9831763,0.243687033,0.022774582,0
20,219,4.464,3617.283621,228815.9498,2.1218,0,0,0,0.26036,0.79321,0.13028,0,0,0,0,2.124635517,0.243687033,0.022774582,0
20,219,4.464,3617.283621,228815.9498,2.2494,0,0,0,0,0,0,0,0,0,0,0.541773565,0.243687033,0.022774582,0
20,219,4.464,3617.283621,228815.9498,0.011203,0,0.034838,0.37666,1.1039,0,0.13028,0,0.000739,0,0,143.9831763,0.243687033,0.022774582,0
20,219,4.464,3617.283621,228815.9498,4.1811,0,0,0,0,0,0,0,0,0,0.273021,15.12102526,0.243687033,0.022774582,0
20,219,4.464,3617.283621,228815.9498,0,0,0,0.00315,0.00524,0,0,0,0,0,0,0.219704697,0.243687033,0.022774582,0
20,219,4.464,3617.283621,228815.9498,0.11748,0,0,0,0.0067709,0,0,0,0,0,0,0.085689464,0.243687033,0.022774582,0
20,219,4.464,3617.283621,228815.9498,0,0,0,0.044269,17.64,0,0,0,0,0,0.3897,2.474804353,0.243687033,0.022774582,0
20,219,4.464,3617.283621,228815.9498,0,0,0,10.744,0.000124,0,0,0,0,0,60.207,11.33524931,0.243687033,0.022774582,0
20,219,4.464,3617.283621,228815.9498,22.323,0,0,0,0.010507,0,0,0,0,0,34.746,0.423815456,0.243687033,0.022774582,0
20,219,4.464,3617.283621,228815.9498,0.048638,0,0,0.00524,0.008953,0,0,0,0,0,0,0.085689464,0.243687033,0.022774582,0
20,219,4.464,3617.283621,228815.9498,0,0,0,0.001669,0,0,0,0,0,0,0,0.423815456,0.243687033,0.022774582,0
20,219,4.464,3617.283621,228815.9498,0,0,0,0,0,0,0,0,0,0,14.0655,2.124635517,0.243687033,0.022774582,0
20,219,4.464,3617.283621,228815.9498,0.7554,0,0,2.7308,2.0594,0.78445,0,0,0,0,7.2051,143.9831763,0.243687033,0.022774582,0
20,219,4.464,3617.283621,228815.9498,0.0055384,0,0,0,0,0,0,0,0,0,0,10.04744876,0.243687033,0.022774582,0
20,219,4.464,3617.283621,228815.9498,0.005239,0,0,1.788,0.000739,0,0,0,0,0,0,15.12102526,0.243687033,0.022774582,0
20,219,4.464,3617.283621,228815.9498,0.00014,0,0,0.48282,0,0,0,0,0,0,1.88184,0.219704697,0.243687033,0.022774582,0
20,219,4.464,3617.283621,228815.9498,0.024492,0,0,0,0,0,0,0,0,0,18.7944,3.237208988,0.243687033,0.022774582,0
20,219,4.464,3617.283621,228815.9498,1.6989,0,0,0.002508,0,0,0,0,0,0,7.6818,2.474804353,0.243687033,0.022774582,0
20,219,4.464,3617.283621,228815.9498,0,0,0,0,0,0,0,0,0,0,2.37174,15.12102526,0.243687033,0.022774582,0
20,219,4.464,3617.283621,228815.9498,0.41786,0,0,0,0,0,67.986,0,0,0,10.4415,3.237208988,0.243687033,0.022774582,0
20,219,4.464,3617.283621,228815.9498,0,0,0,0,3.969,0,338.29,0,0,0,0.151728,2.007567612,0.243687033,0.022774582,0
20,219,4.464,3617.283621,228815.9498,2.7267,0,0,0,0.050892,0,0.13028,0,0,0,15.0003,0.541773565,0.243687033,0.022774582,0
20,219,4.464,3617.283621,228815.9498,0.5201,0,0,11.325,0,0,0,0,0,0,2.76954,0.423815456,0.243687033,0.022774582,0
20,219,4.464,3617.283621,228815.9498,0.061886,0,0,0,0,0,0,0,0,0,0,2.124635517,0.243687033,0.022774582,0
20,219,4.464,3617.283621,228815.9498,0.015379,0,0,0,0,0,0,0,0,0,0,6.472102045,0.243687033,0.022774582,0
20,219,4.464,3617.283621,228815.9498,0.020418,0,0,197.85,6.4522,0,0,0,0,0,0,3.789481443,0.243687033,0.022774582,0
20,219,4.464,3617.283621,228815.9498,0,0,0,0,0.566,0,0,0,0,0,0,15.12102526,0.243687033,0.022774582,0
20,219,4.464,3617.283621,228815.9498,1.1394,0,0,0,0,0,0,0,0,0,0.31098,15.12102526,0.243687033,0.022774582,0
20,219,4.464,3617.283621,228815.9498,0,0,0,0,0,0.78033,0,0,0,0,1.57107,1.651413523,0.243687033,0.022774582,0
20,219,4.464,3617.283621,228815.9498,0.0068619,0,0,0,0,0,0,0,0,0,0,0.423815456,0.243687033,0.022774582,0
20,219,4.464,3617.283621,228815.9498,0,0,0,2.7689,0,0,0,0,0,0,0.151728,13.06734301,0.243687033,0.022774582,0
20,219,4.464,3617.283621,228815.9498,0.005239,0,0,0,0,0,0,0,0,0,0,0.99739448,0.243687033,0.022774582,0
20,219,4.464,3617.283621,228815.9498,0,0,0,0,0,0.42818,0,0,0,0,0,0.541773565,0.243687033,0.022774582,0
20,219,4.464,3617.283621,228815.9498,0,0,0,0,0,0,0,0,0,0,1.08174,143.9831763,0.243687033,0.022774582,0
20,219,4.464,3617.283621,228815.9498,0.047912,0,0,0,0,4.8967,0.10863,0,0,0,0,3.237208988,0.243687033,0.022774582,0
20,219,4.464,3617.283621,228815.9498,0,0,0,0,0,0,0,0,0,0,30.786,0.541773565,0.243687033,0.022774582,0
20,219,4.464,3617.283621,228815.9498,0.67038,0,0,0,21.064,0,0,0,0,0,0,0.219704697,0.243687033,0.022774582,0
20,219,4.464,3617.283621,228815.9498,0.25548,0,0,0.011201,0,0,0,0,0,0,123.993,0.301225485,0.243687033,0.022774582,0
20,219,4.464,3617.283621,228815.9498,0,0,0,0.008333,0,0,0,0,0,0,10.3692,6.472102045,0.243687033,0.022774582,0
20,219,4.464,3617.283621,228815.9498,0.011203,0,0,0,0,0,0,0,0,0,0.151728,0.541773565,0.243687033,0.022774582,0
20,219,4.464,3617.283621,228815.9498,0.003485,0,0,0,14.569,0,0,0,0,0,0.151728,6.495762651,0.243687033,0.022774582,0
20,219,4.464,3617.283621,228815.9498,3.0031,0,0,0.3488,7.0738,0,0,0,0,0,0.151728,2.124635517,0.243687033,0.022774582,0
20,219,4.464,3617.283621,228815.9498,0,0,0,0,0.001434,0,0,0,0,0,14.8218,1.651413523,0.243687033,0.022774582,0
20,219,4.464,3617.283621,228815.9498,0,0,0,0.024145,0,0,0,0,0,0,0,0.085689464,0.243687033,0.022774582,0
20,219,4.464,3617.283621,228815.9498,0.020885,0,0,0,0,0,0,0,0,0,0,3.789481443,0.243687033,0.022774582,0
20,219,4.464,3617.283621,228815.9498,0,0,0,0,0,0.77921,0,0,0,0,0.151728,3.789481443,0.243687033,0.022774582,0
20,219,4.464,3617.283621,228815.9498,0.012568,0,0,0.00524,6.9699,0,338.29,0,0,0,0.151728,3.789481443,0.243687033,0.022774582,0
20,219,4.464,3617.283621,228815.9498,0,0,0.61757,0.008333,0.003144,0,0,0,0,0,0.271728,15.12102526,0.243687033,0.022774582,0
20,219,4.464,3617.283621,228815.9498,0,0,0.001493,0,0,0,0,0,0,0,0.151728,0.085689464,0.243687033,0.022774582,0
20,219,4.464,3617.283621,228815.9498,0.008321,0,0,0,2.9298,0,5.3904,0,0,0,6.1116,0.99739448,0.243687033,0.022774582,0
20,219,4.464,3617.283621,228815.9498,0,0,0,0.027172,0.14172,0,0,0,0,0,87.522,0.99739448,0.243687033,0.022774582,0
20,219,4.464,3617.283621,228815.9498,0,0,0,0.15275,0,0,0,0,0,0,1.10577,6.472102045,0.243687033,0.022774582,0
20,219,4.464,3617.283621,228815.9498,0,0,0,0,0,0,0,0,0,0,0,0.541773565,0.243687033,0.022774582,0
20,219,4.464,3617.283621,228815.9498,0.016858,0,0,0,0,0,0,0,0,0,61.47,1.035375756,0.243687033,0.022774582,0
20,219,4.464,3617.283621,228815.9498,4.1811,0,0,0,0.008336,0,0,0,0,0,0.286419,10.04744876,0.243687033,0.022774582,0
20,219,4.464,3617.283621,228815.9498,0.013012,0,0,0.73108,0,1.9943,11.551,0,0,0,0.151728,2.474804353,0.243687033,0.022774582,0
20,219,4.464,3617.283621,228815.9498,8.6108,0,0,6.6789,9.3522,0,10.791,0,0,0,0.84174,22.79016382,0.243687033,0.022774582,0
20,219,4.464,3617.283621,228815.9498,0.01061,0,0,0,3.5225,0,0,0,0,0,0,2.474804353,0.243687033,0.022774582,0
20,219,4.464,3617.283621,228815.9498,0,0,0,0,0,0,0,0,0,0,25.9959,0.219704697,0.243687033,0.022774582,0
20,219,4.464,3617.283621,228815.9498,14.875,0,0,0.003821,0,0,0.13028,0,0,0,0.151728,0.085689464,0.243687033,0.022774582,0
20,219,4.464,3617.283621,228815.9498,5.7412,0,0,0,0.030662,0,0,0,0,0,16.3047,2.007567612,0.243687033,0.022774582,0
20,219,4.464,3617.283621,228815.9498,0,0,0,0,0.046032,0,0,0,0,0,5.2239,15.12102526,0.243687033,0.022774582,0
20,219,4.464,3617.283621,228815.9498,0.002508,0,0,0,0,0.78189,0,0,0,0,0.151728,3.789481443,0.243687033,0.022774582,0
20,219,4.464,3617.283621,228815.9498,0,0,0,0,0.046926,0,0,0,0,0,3.5568,0.301225485,0.243687033,0.022774582,0
20,219,4.464,3617.283621,228815.9498,0,0,0,0.014206,0,10.661,99.841,0,0.007736,0,0.151728,10.04744876,0.243687033,0.022774582,0
20,219,4.464,3617.283621,228815.9498,43.218,0,0,0,0.0078558,0,0,0,0,0,0.78999,0.301225485,0.243687033,0.022774582,0
20,219,4.464,3617.283621,228815.9498,0,0,0,0.013546,0.003538,0,0,0,0.008332,0,0.151728,3.789481443,0.243687033,0.022774582,0
20,219,4.464,3617.283621,228815.9498,0.40788,0,0,0.21079,1.6408,0,0,0,0,0,0,11.33524931,0.243687033,0.022774582,0
20,219,4.464,3617.283621,228815.9498,0.008335,0,0,0,0,0,0,0,0,0,18.849,0.085689464,0.243687033,0.022774582,0
20,219,4.464,3617.283621,228815.9498,0.008333,0,0,0,0,0,0.13028,0,0,0,3.1278,0.301225485,0.243687033,0.022774582,0
20,219,4.464,3617.283621,228815.9498,0.25548,0,0,0,0.21732,0,0,0,0,0,7.2312,0.085689464,0.243687033,0.022774582,0
20,219,4.464,3617.283621,228815.9498,4.6688,0,0,0.00036,0,0,0.008333,0,0,0,0,3.237208988,0.243687033,0.022774582,0
20,219,4.464,3617.283621,228815.9498,0,0,0,0,0,0,0,0,0,0,9.0018,11.33524931,0.243687033,0.022774582,0
20,219,4.464,3617.283621,228815.9498,0.000376,0,0,0,0,0,0,0,0,0,0,0.423815456,0.243687033,0.022774582,0
20,219,4.464,3617.283621,228815.9498,0.008333,0,0,0.006674,2.439,0.54889,0.60778,0,0,0,19.2864,2.124635517,0.243687033,0.022774582,0
20,219,4.464,3617.283621,228815.9498,0.91229,0,0,30.329,0.0088426,0,0,0,0,0,0,4.278895437,0.243687033,0.022774582,0
20,219,4.464,3617.283621,228815.9498,0,0,0,0.00524,0,0,0,0,0,0,45.663,15.12102526,0.243687033,0.022774582,0
20,219,4.464,3617.283621,228815.9498,0,0,0,0,0,0,0,0,0,0,0.151728,3.237208988,0.243687033,0.022774582,0
20,219,4.464,3617.283621,228815.9498,0.005239,0,0,0.00524,11.167,0,0,0,0,0,3.6486,22.79016382,0.243687033,0.022774582,0
20,219,4.464,3617.283621,228815.9498,40.517,0,0,3.7669,0.008333,0,0,0,0,0,5.6418,11.33524931,0.243687033,0.022774582,0
20,219,4.464,3617.283621,228815.9498,0.70554,0,0,0,2.7215,0,0.13028,0,0,0,0.151728,0.423815456,0.243687033,0.022774582,0
20,219,4.464,3617.283621,228815.9498,0.15083,0,0,0,0.014941,0,0,0,0,0,2.28174,11.33524931,0.243687033,0.022774582,0
20,219,4.464,3617.283621,228815.9498,10.309,0,0,0.47974,0.020274,0,0,0,0,0,0,0.301225485,0.243687033,0.022774582,0
20,219,4.464,3617.283621,228815.9498,0,0,0,0.19366,0,0,0,0,0,0,18.9018,3.789481443,0.243687033,0.022774582,0
20,219,4.464,3617.283621,228815.9498,0,0,0,0.000739,6.5443,0,0,0,0,0,1.08798,1.651413523,0.243687033,0.022774582,0
20,219,4.464,3617.283621,228815.9498,0,0,0,0,0,0.094623,0,0,0,0,0.92517,25.71929039,0.243687033,0.022774582,0
20,219,4.464,3617.283621,228815.9498,0,0,0,0.0306,11.167,0.42818,0,0,0,0,3.6486,1.035375756,0.243687033,0.022774582,0
20,219,4.464,3617.283621,228815.9498,0,0,0,0,0.008333,0,0,0,0,0,0.151728,1.651413523,0.243687033,0.022774582,0
20,219,4.464,3617.283621,228815.9498,0,0,0,0,0,0,0,0,0,0,29.4918,0.541773565,0.243687033,0.022774582,0
20,219,4.464,3617.283621,228815.9498,0.0056959,0,0,10.612,0.88295,7.545,0,0,0,0,0,17.60572724,0.243687033,0.022774582,0
20,219,4.464,3617.283621,228815.9498,0.0094073,0,0,4.5651,0,0,0,0,0,0,0,2.124635517,0.243687033,0.022774582,0
20,219,4.464,3617.283621,228815.9498,0.024955,0,0,0,0,0,0,0,0,0,7.8042,143.9831763,0.243687033,0.022774582,0
20,219,4.464,3617.283621,228815.9498,0.011015,0,0,0.00524,0,0,0,0,0,0,0,0.423815456,0.243687033,0.022774582,0
20,219,4.464,3617.283621,228815.9498,177.88,0,0,0.018148,0,0.85321,0,0,0,0,0.151728,0.423815456,0.243687033,0.022774582,0
20,219,4.464,3617.283621,228815.9498,0,0,0,0.0088426,0.014119,0.54889,0,0,0,0,0.181728,3.789481443,0.243687033,0.022774582,0
20,219,4.464,3617.283621,228815.9498,0,0,0,0,0,0,0,1.5213,0,0,1.97832,3.789481443,0.243687033,0.022774582,0
20,219,4.464,3617.283621,228815.9498,0.002096,0,1.7534,0.0088426,30.954,0,0,0,0,0,0.151728,3.237208988,0.243687033,0.022774582,0
20,219,4.464,3617.283621,228815.9498,0.005239,0,0,0,0.008333,0,0,0,0,0,0.151728,0.219704697,0.243687033,0.022774582,0
20,219,4.464,3617.283621,228815.9498,0,0,0,0,0.0085875,0,0.008333,0,0,0,0.151728,1.035375756,0.243687033,0.022774582,0
20,219,4.464,3617.283621,228815.9498,0.17481,0,0,0.00014,0.13592,0,0,0,0,0,0.151728,3.237208988,0.243687033,0.022774582,0
20,219,4.464,3617.283621,228815.9498,0,0,0,0,0,0.77921,0.13028,0,5.1382,0,0.273021,2.007567612,0.243687033,0.022774582,0
20,219,4.464,3617.283621,228815.9498,0.002598,0,0,0,0,0,0,0,0,0,2.34429,2.007567612,0.243687033,0.022774582,0
20,219,4.464,3617.283621,228815.9498,0.3628,0,0,0.21079,0,0,0.13028,0,0,0,0,1.035375756,0.243687033,0.022774582,0
20,219,4.464,3617.283621,228815.9498,0.013573,0,0,0,0,0,0,0,0,0,0.151728,11.33524931,0.243687033,0.022774582,0
20,219,4.464,3617.283621,228815.9498,0,0,0,0,0.00062,0,0.13028,0,0,0,1.47333,3.789481443,0.243687033,0.022774582,0
20,219,4.464,3617.283621,228815.9498,0,0,0,0,0.014258,0,0.13028,0,0,0,7.3257,0.423815456,0.243687033,0.022774582,0
20,219,4.464,3617.283621,228815.9498,0.011203,0,0,0.008333,0.0056,0,0.60778,0,0,0,10.3692,15.12102526,0.243687033,0.022774582,0
20,219,4.464,3617.283621,228815.9498,49.011,0,0,0.000172,0,0,0,0,0,0,73.308,15.12102526,0.243687033,0.022774582,0
20,219,4.464,3617.283621,228815.9498,50.529,0,0,0.00043,0.008333,0,0,0,0,0,19.7118,0.423815456,0.243687033,0.022774582,0
20,219,4.464,3617.283621,228815.9498,0.00524,0,0,0,0,0.000491,0,0,0,0,2.94174,2.124635517,0.243687033,0.022774582,0
20,219,4.464,3617.283621,228815.9498,17.385,0,0,0,0,0,0,0,0,0,22.7118,0.99739448,0.243687033,0.022774582,0
20,219,4.464,3617.283621,228815.9498,0,0,6.4551,0,3.2358,0,0,0,0,0,6.258,0.085689464,0.243687033,0.022774582,0
20,219,4.464,3617.283621,228815.9498,0.037775,0,0,0,0,0,0.67053,0,0,0,0.151728,11.33524931,0.243687033,0.022774582,0
20,219,4.464,3617.283621,228815.9498,5.15,0,0,0,0,0.82806,0,0,0,0,0,3.789481443,0.243687033,0.022774582,0
20,219,4.464,3617.283621,228815.9498,0,0,0,0,0,0,1.8682,0,0,0,2.37174,2.474804353,0.243687033,0.022774582,0
20,219,4.464,3617.283621,228815.9498,0.0088108,0,0,0.23606,0,2.3282,0,0,0,0,11.0184,0.99739448,0.243687033,0.022774582,0
20,219,4.464,3617.283621,228815.9498,0,0,0,0.008336,3.0408,0,0,0,0,0,41.634,0.219704697,0.243687033,0.022774582,0
20,219,4.464,3617.283621,228815.9498,0.005239,0,0,9.2817,0.21192,0,0,0,0,0,25.9959,0.99739448,0.243687033,0.022774582,0
20,219,4.464,3617.283621,228815.9498,0.00524,0,0,6.1619,0.00524,0.99064,0,0,0,0,1.08174,1.651413523,0.243687033,0.022774582,0
20,219,4.464,3617.283621,228815.9498,0,0,0,0.42786,0,0,0,0,0,0,0,0.085689464,0.243687033,0.022774582,0
20,219,4.464,3617.283621,228815.9498,14.115,0,0,0.018806,3.0408,0,0,0,0,0,0.151728,2.474804353,0.243687033,0.022774582,0
20,219,4.464,3617.283621,228815.9498,0.11399,0,0,0,0,0,0,0,0,0,0.151728,3.789481443,0.243687033,0.022774582,0
20,219,4.464,3617.283621,228815.9498,0.87352,0,0,0,0,0,0,0,0,0,0,1.035375756,0.243687033,0.022774582,0
20,219,4.464,3617.283621,228815.9498,0,0,0,0,0,0,0,0,0,0,5.2875,0.301225485,0.243687033,0.022774582,0
21,220,51.858,3618.150138,228870.7625,6.8104,0,0,73.41,0.00524,0.000064,0,0,0,0,0,0,0.243217671,0.022730716,0
21,220,51.858,3618.150138,228870.7625,0.032537,0,0,1.4153,0,0,0.059897,0,0,0,0.151728,0,0.243217671,0.022730716,0
21,220,51.858,3618.150138,228870.7625,0.008333,0,0,0,0,0,0,0,0,0,0.279615,0,0.243217671,0.022730716,0
21,220,51.858,3618.150138,228870.7625,0.013408,0,0,3.8138,0,0,0.74966,0,0,0,0,0,0.243217671,0.022730716,0
21,220,51.858,3618.150138,228870.7625,0.009056,0,0,0,0.003144,0,0,0,0,0,83.223,0,0.243217671,0.022730716,0
21,220,51.858,3618.150138,228870.7625,0,0,0,45.052,0.13592,0,18.313,0,0,0,0,0,0.243217671,0.022730716,0
21,220,51.858,3618.150138,228870.7625,0.00644,0,27.253,0.86967,0,0.7814,0,0,0.026005,0,0.36174,0,0.243217671,0.022730716,0
21,220,51.858,3618.150138,228870.7625,1.2548,0,0,0.00524,0,0,0,0,0,0,0.204657,0,0.243217671,0.022730716,0
21,220,51.858,3618.150138,228870.7625,2.2602,0,0,0,0.008333,0,0,0,0,0,0,0,0.243217671,0.022730716,0
21,220,51.858,3618.150138,228870.7625,0.35231,0,0,24.36,0.000739,0,0,0,0,0,43.602,0,0.243217671,0.022730716,0
21,220,51.858,3618.150138,228870.7625,0,0,0,0,0,0,0,0,0,0,0,0,0.243217671,0.022730716,0
21,220,51.858,3618.150138,228870.7625,0,0,0,0.0060235,0,0,0,0,0,0,13.3746,0,0.243217671,0.022730716,0
21,220,51.858,3618.150138,228870.7625,0,0,0,3.7669,0.4786,0,0.021726,0,0,0,11.6058,0,0.243217671,0.022730716,0
21,220,51.858,3618.150138,228870.7625,0.008333,0,0,0,0.17103,0,0.13028,0,0,0,1.88184,0,0.243217671,0.022730716,0
21,220,51.858,3618.150138,228870.7625,0,0,0,0.00036,0,0,0,0,0,0,0,0,0.243217671,0.022730716,0
21,220,51.858,3618.150138,228870.7625,0,0,0,0.0029965,0,0,0,0,0,0,45.933,0,0.243217671,0.022730716,0
21,220,51.858,3618.150138,228870.7625,0,0,0,0,0,0,0,0,0,0,2.37174,0,0.243217671,0.022730716,0
21,220,51.858,3618.150138,228870.7625,0.022591,0,0,29.05,0.000063,0,0,0,0,0,23.5818,0,0.243217671,0.022730716,0
21,220,51.858,3618.150138,228870.7625,50.529,0,0,0,0,0,0,0,0,0,0.28509,0,0.243217671,0.022730716,0
21,220,51.858,3618.150138,228870.7625,0,0,0,0.0084875,1.0192,0,91.701,0,0,0,3.4872,0,0.243217671,0.022730716,0
21,220,51.858,3618.150138,228870.7625,0,0,0,61.793,0,0.79321,0.13028,0,0,0,2.64756,0,0.243217671,0.022730716,0
21,220,51.858,3618.150138,228870.7625,0,0,0,0.062249,0,0,0,0,0,0,0.151728,0,0.243217671,0.022730716,0
21,220,51.858,3618.150138,228870.7625,0,0,0,0,0,0.77864,0,0,0,0,0.151728,0,0.243217671,0.022730716,0
21,220,51.858,3618.150138,228870.7625,0,0,0,0,4.5941,0,0,0,0,0,0.54798,0,0.243217671,0.022730716,0
21,220,51.858,3618.150138,228870.7625,1.1394,0,0,0,0.0094073,0,0.13028,0,0,0,0,0,0.243217671,0.022730716,0
21,220,51.858,3618.150138,228870.7625,0.00524,0,0,0,0,0,0,0,0,0,0.151728,0,0.243217671,0.022730716,0
21,220,51.858,3618.150138,228870.7625,0,0,0,0,0,0.79079,0.10863,0,0,0,0,0,0.243217671,0.022730716,0
21,220,51.858,3618.150138,228870.7625,0.03314,0,0,0.75591,14.269,0,0,0,0,0,18.7944,0,0.243217671,0.022730716,0
21,220,51.858,3618.150138,228870.7625,4.616,0,0,0,0.011527,0.95676,0,0,0,0,0,0,0.243217671,0.022730716,0
21,220,51.858,3618.150138,228870.7625,0.000376,0,0,0.27226,0,0,0,0,0,0,10.6335,0,0.243217671,0.022730716,0
21,220,51.858,3618.150138,228870.7625,1.6091,0,0,2.7689,7.0112,0.23142,14.489,0,0,0,0,0,0.243217671,0.022730716,0
21,220,51.858,3618.150138,228870.7625,0.006702,0,0,0,0,0,0,0,0,0,0.181728,0,0.243217671,0.022730716,0
21,220,51.858,3618.150138,228870.7625,0,0,0,0,0,0,0,0,0,0,66.645,0,0.243217671,0.022730716,0
21,220,51.858,3618.150138,228870.7625,1.5374,0,0,0,0.008333,0,0,0,0,0,12.2682,0,0.243217671,0.022730716,0
21,220,51.858,3618.150138,228870.7625,0.85316,0,0,0,0.00524,0,0,0,0,0,14.8218,0,0.243217671,0.022730716,0
21,220,51.858,3618.150138,228870.7625,0,0,0,26.422,0,0,0,0,0,0,0.72174,0,0.243217671,0.022730716,0
21,220,51.858,3618.150138,228870.7625,0.008321,0,0,0,0,0,0,0,0,0,0,0,0.243217671,0.022730716,0
21,220,51.858,3618.150138,228870.7625,0,0,0.0066735,0.16809,0,0,0,0,0,0,0.151728,0,0.243217671,0.022730716,0
21,220,51.858,3618.150138,228870.7625,0.13903,0,0,0,0.008333,0,0,0,0,0,0.151728,0,0.243217671,0.022730716,0
21,220,51.858,3618.150138,228870.7625,0.00524,0,0,0,4.8466,0,0,0,0,0,0.30174,0,0.243217671,0.022730716,0
21,220,51.858,3618.150138,228870.7625,0.76883,0,0,0,0,0,0,0,0,0,0.92517,0,0.243217671,0.022730716,0
21,220,51.858,3618.150138,228870.7625,0.67038,0,0.005239,0,0,0,0,0,0,0,0,0,0.243217671,0.022730716,0
21,220,51.858,3618.150138,228870.7625,0.008332,0,0,0,0,0,0,0,0,0,0,0,0.243217671,0.022730716,0
21,220,51.858,3618.150138,228870.7625,0,0,0,0,0.002031,1.9376,0,0,0,0,0.151728,0,0.243217671,0.022730716,0
21,220,51.858,3618.150138,228870.7625,0,0,0,0,0,1.692,0,0,0,0,0,0,0.243217671,0.022730716,0
21,220,51.858,3618.150138,228870.7625,0,0,0,0.0074133,0.008333,0,0,0,0,0,0.151728,0,0.243217671,0.022730716,0
21,220,51.858,3618.150138,228870.7625,2.2256,0,0,0,0.030965,0,0,0,0,0,0.151728,0,0.243217671,0.022730716,0
21,220,51.858,3618.150138,228870.7625,23.064,0,0,6.2716,0,0,0,0,0,0,0,0,0.243217671,0.022730716,0
21,220,51.858,3618.150138,228870.7625,0,0,0,0,0.0073964,0,5.1885,0,0,0,1.35936,0,0.243217671,0.022730716,0
21,220,51.858,3618.150138,228870.7625,0,0,0,0.00524,0,1.692,0,0,0,0,0.286419,0,0.243217671,0.022730716,0
21,220,51.858,3618.150138,228870.7625,0.061886,0,0,0,0,0.77921,0,0,0,0,0.35643,0,0.243217671,0.022730716,0
21,220,51.858,3618.150138,228870.7625,0.015764,0,0,0.008333,0,0,0,0,0,0,198.603,0,0.243217671,0.022730716,0
21,220,51.858,3618.150138,228870.7625,15.758,0,0,0,0,0,0,0,0,0,0,0,0.243217671,0.022730716,0
21,220,51.858,3618.150138,228870.7625,0,0,0,0.0076281,0.008333,0,0,0,0,0,0,0,0.243217671,0.022730716,0
21,220,51.858,3618.150138,228870.7625,0,0,0,0.44439,0,0,0,0,0,0,1.85526,0,0.243217671,0.022730716,0
21,220,51.858,3618.150138,228870.7625,0,0,0,55.04,0,0,0,0,0,0,1.96911,0,0.243217671,0.022730716,0
21,220,51.858,3618.150138,228870.7625,0.032101,0,0,21.886,0,0,0,0,0,0,2.05122,0,0.243217671,0.022730716,0
21,220,51.858,3618.150138,228870.7625,0.00014,0,0,1.1831,0,0,0.13028,0,0,0,1.97832,0,0.243217671,0.022730716,0
21,220,51.858,3618.150138,228870.7625,0.00524,0,0,0,1.6602,0,0,0,0,0,0,0,0.243217671,0.022730716,0
21,220,51.858,3618.150138,228870.7625,0.00524,0,0,0.00524,1.4315,0,0,0,0,0,18.819,0,0.243217671,0.022730716,0
21,220,51.858,3618.150138,228870.7625,7.1711,0,0.8217,5.0428,0,0,0,0,0,0,0,0,0.243217671,0.022730716,0
21,220,51.858,3618.150138,228870.7625,0.13074,0,0,0.040274,0,0,0,0,0.2003,0,0.151728,0,0.243217671,0.022730716,0
21,220,51.858,3618.150138,228870.7625,0,0,14.403,0,0,0.084836,0,0,0,0,0,0,0.243217671,0.022730716,0
21,220,51.858,3618.150138,228870.7625,0.39409,0,0,14.804,0.21081,0,0,0,0,0,0,0,0.243217671,0.022730716,0
21,220,51.858,3618.150138,228870.7625,0.018338,0,0,0,0,0,0,0,0,0,0.151728,0,0.243217671,0.022730716,0
21,220,51.858,3618.150138,228870.7625,4.4514,0,0,0,0,0,0,0,0,0,0.270372,0,0.243217671,0.022730716,0
21,220,51.858,3618.150138,228870.7625,0.40788,0,0,0,0,0,0,0.000801,0,0,30.885,0,0.243217671,0.022730716,0
21,220,51.858,3618.150138,228870.7625,0,0,0,11.325,1.0363,0,0,0,0,0,0,0,0.243217671,0.022730716,0
21,220,51.858,3618.150138,228870.7625,0.061886,0,0,0,0.042129,0,0,0,0,0,18.1353,0,0.243217671,0.022730716,0
21,220,51.858,3618.150138,228870.7625,0.44516,0,0,0,0.01048,0,0,0,0,0,0.151728,0,0.243217671,0.022730716,0
21,220,51.858,3618.150138,228870.7625,46.059,0,0,0,0,0,0,0,0,0,10.2414,0,0.243217671,0.022730716,0
21,220,51.858,3618.150138,228870.7625,0.002598,0,0,0,0.019681,0,0,0,0,0,34.746,0,0.243217671,0.022730716,0
21,220,51.858,3618.150138,228870.7625,0,0,0,0.006456,0,0,0,0,0,0,0,0,0.243217671,0.022730716,0
21,220,51.858,3618.150138,228870.7625,0,0,0,0,0,6.0658,0.13028,0,0,0,7.0518,0,0.243217671,0.022730716,0
21,220,51.858,3618.150138,228870.7625,0,0,0,0.008335,0.032706,0,65.662,0,0,0,27.5562,0,0.243217671,0.022730716,0
21,220,51.858,3618.150138,228870.7625,0.007102,0,0,0.48282,0,0,0,0,0,0,0.151728,0,0.243217671,0.022730716,0
21,220,51.858,3618.150138,228870.7625,0.000251,0,0,0.0068531,0.00833,0,0,0,0,0,3.3057,0,0.243217671,0.022730716,0
21,220,51.858,3618.150138,228870.7625,0,0,0,0,1.3024,5.1571,0,0,0,0,10.6818,0,0.243217671,0.022730716,0
21,220,51.858,3618.150138,228870.7625,0,0,0,0.22843,0,0,0,0,0,0,2.34429,0,0.243217671,0.022730716,0
21,220,51.858,3618.150138,228870.7625,0.008335,0,0,0,0,0.34845,0.88059,0,0,0,0.151728,0,0.243217671,0.022730716,0
21,220,51.858,3618.150138,228870.7625,0.005769,0,0,0,1.1039,0.7125,0,0,0,0,27.5562,0,0.243217671,0.022730716,0
21,220,51.858,3618.150138,228870.7625,4.1811,0,0,12.69,0,0,0,0,0,0,0.151728,0,0.243217671,0.022730716,0
21,220,51.858,3618.150138,228870.7625,0,0,0,0.027172,7.7396,0,0,0,0,0,1.19187,0,0.243217671,0.022730716,0
21,220,51.858,3618.150138,228870.7625,0.000688,0,0,0,0,0,0,0,0,0,0.151728,0,0.243217671,0.022730716,0
21,220,51.858,3618.150138,228870.7625,7.5139,0,0,0.071721,0.73688,0,0,0,0,0,0,0,0.243217671,0.022730716,0
21,220,51.858,3618.150138,228870.7625,5.865,0,0,2.7689,2.529,0,0,0,0,0,0.151728,0,0.243217671,0.022730716,0
21,220,51.858,3618.150138,228870.7625,0.008333,0,5.5173,0.0086135,2.006,0,0,0,0,0,0.31755,0,0.243217671,0.022730716,0
21,220,51.858,3618.150138,228870.7625,0,0,0,35.501,0,0,0,0,0,0,4.4403,0,0.243217671,0.022730716,0
21,220,51.858,3618.150138,228870.7625,0,0,0,0,0,0,0,0,0,0,0,0,0.243217671,0.022730716,0
21,220,51.858,3618.150138,228870.7625,15.2,0,0,0.14395,0,0,0,0,0,0,0.88596,0,0.243217671,0.022730716,0
21,220,51.858,3618.150138,228870.7625,1.4262,0,15.487,2.6259,0,0.78866,0,0,0,0,8.6688,0,0.243217671,0.022730716,0
21,220,51.858,3618.150138,228870.7625,0.13074,0,0,0,0,0,0,0,0,0,0.278694,0,0.243217671,0.022730716,0
21,220,51.858,3618.150138,228870.7625,0.0045845,0,0,0.00524,0.007697,0,45.746,0,0,0,0,0,0.243217671,0.022730716,0
21,220,51.858,3618.150138,228870.7625,0,0,0,0,0,0,0.13028,0,0,0,8.1576,0,0.243217671,0.022730716,0
21,220,51.858,3618.150138,228870.7625,0.012423,0,0,0,0,0.014181,0.008333,0,0,0,12.3399,0,0.243217671,0.022730716,0
21,220,51.858,3618.150138,228870.7625,0,0,0,0,4.753,0,0,0,0,0,6.5418,0,0.243217671,0.022730716,0
21,220,51.858,3618.150138,228870.7625,0.018381,0,0,0.73108,0,3.738,0,0,0,0,0,0,0.243217671,0.022730716,0
21,220,51.858,3618.150138,228870.7625,0.18449,0,0,4.8779,0,0,0,0,0,0,73.308,0,0.243217671,0.022730716,0
21,220,51.858,3618.150138,228870.7625,0,0,0,0,0,0,0,0,0,0,0,0,0.243217671,0.022730716,0
21,220,51.858,3618.150138,228870.7625,0,0,0,0.002741,0,0,0,0,0,0,2.60853,0,0.243217671,0.022730716,0
21,220,51.858,3618.150138,228870.7625,0,0,0,0,0,0,0,0,0,0,19.4277,0,0.243217671,0.022730716,0
21,220,51.858,3618.150138,228870.7625,0.19126,0,0,0,0,0,0.13028,0,0,0,5.787,0,0.243217671,0.022730716,0
21,220,51.858,3618.150138,228870.7625,0,0,0,0,0,0,0,0,0,0,0.151728,0,0.243217671,0.022730716,0
21,220,51.858,3618.150138,228870.7625,0.007328,0,0,0,0,0,0,0,0,0,0,0,0.243217671,0.022730716,0
21,220,51.858,3618.150138,228870.7625,0,0,0,0,1.2845,0,0,0,0,0,0,0,0.243217671,0.022730716,0
21,220,51.858,3618.150138,228870.7625,0,0,0,0,0,0,15.202,0,0,0,0.151728,0,0.243217671,0.022730716,0
21,220,51.858,3618.150138,228870.7625,0,0,0,0.0098389,0.014941,0,0,0,0,0,0,0,0.243217671,0.022730716,0
21,220,51.858,3618.150138,228870.7625,0.043506,0,0,0,850.39,0,0,0,0,0,34.746,0,0.243217671,0.022730716,0
21,220,51.858,3618.150138,228870.7625,0,0,0,0.008333,0.00833,0,0,0,0,0,6.5418,0,0.243217671,0.022730716,0
21,220,51.858,3618.150138,228870.7625,0.00824,0,0,0,0,0,0,0,0,0,45.663,0,0.243217671,0.022730716,0
21,220,51.858,3618.150138,228870.7625,0,0,0,0,0,0,0,0,0,0,0,0,0.243217671,0.022730716,0
21,220,51.858,3618.150138,228870.7625,0,0,0,0,0.032706,0,0,0,0,0,0.151728,0,0.243217671,0.022730716,0
21,220,51.858,3618.150138,228870.7625,0.008333,0,0,0,1.649,0,0,0,0,0,1.21974,0,0.243217671,0.022730716,0
21,220,51.858,3618.150138,228870.7625,0,0,0,0,0,0,0.13028,0,0,0,19.7118,0,0.243217671,0.022730716,0
21,220,51.858,3618.150138,228870.7625,0.38105,0,0,0,0,0,0,0,0,0,0,0,0.243217671,0.022730716,0
21,220,51.858,3618.150138,228870.7625,0,0,0,0,0,0,0,0,0,0,3.5568,0,0.243217671,0.022730716,0
21,220,51.858,3618.150138,228870.7625,1.6989,0,0,0,0,0,0,0,0,0,1.09647,0,0.243217671,0.022730716,0
21,220,51.858,3618.150138,228870.7625,0.0067817,0,0,0.14311,0.027174,0,0,0,0,0,5.2875,0,0.243217671,0.022730716,0
21,220,51.858,3618.150138,228870.7625,0.0059398,0,0,15.592,0,12.13,0,0,0,0,0.151728,0,0.243217671,0.022730716,0
21,220,51.858,3618.150138,228870.7625,0,0,0,0.000251,0,0,17.287,0,0,0,0.280578,0,0.243217671,0.022730716,0
21,220,51.858,3618.150138,228870.7625,0,0,0,0,0,0,0,0,0,0,0,0,0.243217671,0.022730716,0
21,220,51.858,3618.150138,228870.7625,0,0,0,0,0,0,0,0,0,0,0,0,0.243217671,0.022730716,0
21,220,51.858,3618.150138,228870.7625,23.582,0,0,0.91042,0,0,0,0,0,0,11.1597,0,0.243217671,0.022730716,0
21,220,51.858,3618.150138,228870.7625,0,0,0,0.0076281,0,0.0004275,0,0,0,0,6.4536,0,0.243217671,0.022730716,0
21,220,51.858,3618.150138,228870.7625,0,0,0,0,2.0529,0,0,0,0,0,1.08798,0,0.243217671,0.022730716,0
21,220,51.858,3618.150138,228870.7625,1.0702,0,0,0.000376,0,0,0,0,0,0,56.145,0,0.243217671,0.022730716,0
21,220,51.858,3618.150138,228870.7625,0,0,0,0,813.22,0,0,0,0,0,27.6384,0,0.243217671,0.022730716,0
21,220,51.858,3618.150138,228870.7625,0,0,0,0.15275,0,0,0,0,0,0,0.151728,0,0.243217671,0.022730716,0
21,220,51.858,3618.150138,228870.7625,0.013572,0,0,0,0,0,0,0,0,0,34.746,0,0.243217671,0.022730716,0
21,220,51.858,3618.150138,228870.7625,0,0,0,0,0.020274,0,246.03,0,0,0,0.285792,0,0.243217671,0.022730716,0
21,220,51.858,3618.150138,228870.7625,0,0,0.053861,0,0.030073,0,0,0,0,0,0,0,0.243217671,0.022730716,0
21,220,51.858,3618.150138,228870.7625,0,0,0,0,0,0,0,0,0,0,0.151728,0,0.243217671,0.022730716,0
21,220,51.858,3618.150138,228870.7625,0,0,0,4.2796,0.008333,0,207.8,0,0,0,0.151728,0,0.243217671,0.022730716,0
21,220,51.858,3618.150138,228870.7625,14.661,0,0,0.008333,14.856,0,0,0,0,0,8.8155,0,0.243217671,0.022730716,0
21,220,51.858,3618.150138,228870.7625,0.005239,0,49.422,0.0097027,0,0,0,0,0,0,1.17966,0,0.243217671,0.022730716,0
21,220,51.858,3618.150138,228870.7625,0,0,0,0.011527,0,0,0,0,0,0,0,0,0.243217671,0.022730716,0
21,220,51.858,3618.150138,228870.7625,0,0,0,0,124.34,0,0,0,0,0,0.151728,0,0.243217671,0.022730716,0
21,220,51.858,3618.150138,228870.7625,0,0,0,0.00524,0,0,0.10863,0,0,0,1.70622,0,0.243217671,0.022730716,0
21,220,51.858,3618.150138,228870.7625,0,0,0.84374,0,0,0,0,0,0,0,0,0,0.243217671,0.022730716,0
21,220,51.858,3618.150138,228870.7625,0,0,0,0,0,0,0,0,0,0,0.273357,0,0.243217671,0.022730716,0
21,220,51.858,3618.150138,228870.7625,0.01048,0,0,0,0,0,0,0,0,0,0,0,0.243217671,0.022730716,0
21,220,51.858,3618.150138,228870.7625,0.001309,0,0,0.005769,14.269,0.45857,0,0,0,0,0,0,0.243217671,0.022730716,0
21,220,51.858,3618.150138,228870.7625,0.008333,0,0,0.002031,0.069058,0,0,0,0,0,1.47252,0,0.243217671,0.022730716,0
21,220,51.858,3618.150138,228870.7625,0,0,0,0,1.1039,0,0,0,0,0,0.151728,0,0.243217671,0.022730716,0
21,220,51.858,3618.150138,228870.7625,0,0,0,65.783,0,0,29.229,0,0,0,0.278532,0,0.243217671,0.022730716,0
21,220,51.858,3618.150138,228870.7625,0.001267,0,0,0,0,0,0,0,0,0,0.70503,0,0.243217671,0.022730716,0
21,220,51.858,3618.150138,228870.7625,0,0,0,0,0,0,0,0,0,0,0.151728,0,0.243217671,0.022730716,0
21,220,51.858,3618.150138,228870.7625,0.010338,0,0,1.4572,0.027174,0,0,0,0,0,10.4865,0,0.243217671,0.022730716,0
21,220,51.858,3618.150138,228870.7625,7.9005,0,0,0,0.008333,0,0,0.031248,0,0,10.1169,0,0.243217671,0.022730716,0
21,220,51.858,3618.150138,228870.7625,0.019152,0,0,4.2796,0.003468,0,0,0,0,0,0,0,0.243217671,0.022730716,0
21,220,51.858,3618.150138,228870.7625,0.18449,0,0,0,0,0,0.13028,5.361,0,0,0,0,0.243217671,0.022730716,0
21,220,51.858,3618.150138,228870.7625,0.019714,0,0,0.46711,8.8857,0,0,0,0,0,0.151728,0,0.243217671,0.022730716,0
21,220,51.858,3618.150138,228870.7625,4.616,0,0,0,0,0,0,0,0,0,0.35643,0,0.243217671,0.022730716,0
21,220,51.858,3618.150138,228870.7625,0.008333,0,0,0,1.0784,0,0,0,0,0,22.8018,0,0.243217671,0.022730716,0
21,220,51.858,3618.150138,228870.7625,0.00014,0,0,0.0088426,0.008333,0,0,0,0,0,0.34434,0,0.243217671,0.022730716,0
21,220,51.858,3618.150138,228870.7625,0.008333,0,0,0.011652,0,0,0,0,0,0,24.9618,0,0.243217671,0.022730716,0
21,220,51.858,3618.150138,228870.7625,22.323,0,0,3.6568,0.041022,0,0,0,0,0,27.6384,0,0.243217671,0.022730716,0
21,220,51.858,3618.150138,228870.7625,0.007353,0,0,0,0.49136,0.781,0,0,0,0,0,0,0.243217671,0.022730716,0
21,220,51.858,3618.150138,228870.7625,14.875,0,0,5.8999,4.8466,0,0,0,0,0,1.74174,0,0.243217671,0.022730716,0
21,220,51.858,3618.150138,228870.7625,0,0,0,0,0.0059348,0,0.74966,0,0,0,29.7018,0,0.243217671,0.022730716,0
21,220,51.858,3618.150138,228870.7625,0,0,0,1.3385,0,0,0,0,0,0,0.151728,0,0.243217671,0.022730716,0
21,220,51.858,3618.150138,228870.7625,4.8879,0,0,0,0,0,0,0,0,0,0.151728,0,0.243217671,0.022730716,0
21,220,51.858,3618.150138,228870.7625,0.00524,0,0,0.005239,0,0,0,0,0,0,0.151728,0,0.243217671,0.022730716,0
21,220,51.858,3618.150138,228870.7625,0,0,0,0,0,0,0,0,0,0,0.99864,0,0.243217671,0.022730716,0
21,220,51.858,3618.150138,228870.7625,0.00036,0,0,9.0645,0,0,0,0,0,0,0.30174,0,0.243217671,0.022730716,0
21,220,51.858,3618.150138,228870.7625,0.22639,0,0,0,0.042129,0,0,0,0,0,0.151728,0,0.243217671,0.022730716,0
21,220,51.858,3618.150138,228870.7625,0,0,0,0,9.0733,1.3382,0.13028,0,0,0,0.151728,0,0.243217671,0.022730716,0
21,220,51.858,3618.150138,228870.7625,0.005239,0,0,0,6.4838,0,0,0,0,0,0.151728,0,0.243217671,0.022730716,0
21,220,51.858,3618.150138,228870.7625,0,0,0,0,0.005239,0,0,0,0,0,0.2871,0,0.243217671,0.022730716,0
21,220,51.858,3618.150138,228870.7625,0.011776,0,0,0,0.008333,0,0,0,0,0,0,0,0.243217671,0.022730716,0
21,220,51.858,3618.150138,228870.7625,1.7403,0,0,3.7669,0,0,0,0,0,0,5.0406,0,0.243217671,0.022730716,0
21,220,51.858,3618.150138,228870.7625,0,0,0,0,0.10115,0,0,0,0,0,1.09647,0,0.243217671,0.022730716,0
21,220,51.858,3618.150138,228870.7625,0,0,0,0.007221,1.5408,5.0308,0,0.96806,0,0,8.172,0,0.243217671,0.022730716,0
21,220,51.858,3618.150138,228870.7625,0,0,0,0,0,0,0,0,0,0,8.9418,0,0.243217671,0.022730716,0
21,220,51.858,3618.150138,228870.7625,0.003355,0,0,0,0,0,0,0,0,0,0,0,0.243217671,0.022730716,0
21,220,51.858,3618.150138,228870.7625,0,0,0,0.11797,0,0,0,0,0,0,0,0,0.243217671,0.022730716,0
21,220,51.858,3618.150138,228870.7625,0.14297,0,0,0,0,1.9116,0,0,0,0,0,0,0.243217671,0.022730716,0
21,220,51.858,3618.150138,228870.7625,0.70554,0,0,0.008336,0.008333,0,0,0,0,0,1.67382,0,0.243217671,0.022730716,0
21,220,51.858,3618.150138,228870.7625,0.000376,0,0,0.008333,0,3.2273,3.9418,0,0,0,2.6481,0,0.243217671,0.022730716,0
21,220,51.858,3618.150138,228870.7625,15.105,0,0,0,0.025169,0,0,0,0,0,0.44541,0,0.243217671,0.022730716,0
21,220,51.858,3618.150138,228870.7625,0,0,0,0,0,0,0,0,0,0,0.271128,0,0.243217671,0.022730716,0
21,220,51.858,3618.150138,228870.7625,0,0,0,0,0,0,0,0,0,0,0,0,0.243217671,0.022730716,0
21,220,51.858,3618.150138,228870.7625,0.10284,0,0,0.22843,4.0421,0,0,0,0,0,4.3869,0,0.243217671,0.022730716,0
21,220,51.858,3618.150138,228870.7625,0.053886,0,0,0.7793,0,0,0,0,0,0,0.151728,0,0.243217671,0.022730716,0
21,220,51.858,3618.150138,228870.7625,0,0,0,0.088496,0,0,0,0,0,0,0.151728,0,0.243217671,0.022730716,0
21,220,51.858,3618.150138,228870.7625,0.007697,0,0,0,0.0096305,0,0,0,0,0,11.0268,0,0.243217671,0.022730716,0
21,220,51.858,3618.150138,228870.7625,3.0116,0,0,0,0,0,0.13028,0,0,0,0,0,0.243217671,0.022730716,0
21,220,51.858,3618.150138,228870.7625,0,0,0,0,0,0,0,0,0,0,0,0,0.243217671,0.022730716,0
21,220,51.858,3618.150138,228870.7625,0.008699,0,0,1.4947,0.030073,0.001185,0,0,0,0,0.151728,0,0.243217671,0.022730716,0
21,220,51.858,3618.150138,228870.7625,0,0,0,0,0,0,0,0,0,0,0,0,0.243217671,0.022730716,0
21,220,51.858,3618.150138,228870.7625,2.1473,0,0,0.034928,0.003346,0,0,0.40671,0,0,8.3718,0,0.243217671,0.022730716,0
21,220,51.858,3618.150138,228870.7625,0.2494,0,0,0,1.1039,0,0,0,0,0,1.72038,0,0.243217671,0.022730716,0
21,220,51.858,3618.150138,228870.7625,0,0,0,0,0,0,0,0,0,0,18.819,0,0.243217671,0.022730716,0
21,220,51.858,3618.150138,228870.7625,0,0,0,0.00524,0,0,0,0,0,0,14.0655,0,0.243217671,0.022730716,0
21,220,51.858,3618.150138,228870.7625,0,0,0,0,0,0.78033,0,0,0,0,0,0,0.243217671,0.022730716,0
21,220,51.858,3618.150138,228870.7625,0.00524,0,0,0,0,0,46.36,0,0,0,0,0,0.243217671,0.022730716,0
21,220,51.858,3618.150138,228870.7625,8.1913,0,0,0,2.6315,0.77921,0,0,0,0,0,0,0.243217671,0.022730716,0
21,220,51.858,3618.150138,228870.7625,0,0,0,0,0,0,0,0,0,0,0,0,0.243217671,0.022730716,0
21,220,51.858,3618.150138,228870.7625,0,0,0,0,0,0,0.13028,0,0,0,0.151728,0,0.243217671,0.022730716,0
21,220,51.858,3618.150138,228870.7625,0.023705,0,0,0,0,0.77421,0,0,0,0,0.151728,0,0.243217671,0.022730716,0
21,220,51.858,3618.150138,228870.7625,0.0056,0,0,0,0,0,0,0,0,0,95.283,0,0.243217671,0.022730716,0
21,220,51.858,3618.150138,228870.7625,0.20435,0,0,0,1.1866,0,0,0,0,0,1.70622,0,0.243217671,0.022730716,0
21,220,51.858,3618.150138,228870.7625,177.88,0,0,0.003346,0.0085875,0,0,0,0,0,0.78174,0,0.243217671,0.022730716,0
21,220,51.858,3618.150138,228870.7625,0,0,0,13.409,4.1692,0,0,0,0,0,0,0,0.243217671,0.022730716,0
21,220,51.858,3618.150138,228870.7625,0.00753,0,0,0,0,0,0,0,0,0,0.78174,0,0.243217671,0.022730716,0
21,220,51.858,3618.150138,228870.7625,0,0,0,0.34605,8.3856,0,0,0,0,0,0,0,0.243217671,0.022730716,0
21,220,51.858,3618.150138,228870.7625,0.00524,0,0,0,0,0,0,0,0,0,2.01174,0,0.243217671,0.022730716,0
21,220,51.858,3618.150138,228870.7625,0.003538,0,0,3.0666,0.00524,0,0,0,0,0,81.042,0,0.243217671,0.022730716,0
21,220,51.858,3618.150138,228870.7625,0.0021738,0,0,0,0,0,0,0,0,0,0,0,0.243217671,0.022730716,0
21,220,51.858,3618.150138,228870.7625,0.002011,0,0,0.013976,0.003822,0,27.06,0,0,0,0.36594,0,0.243217671,0.022730716,0
21,220,51.858,3618.150138,228870.7625,63.495,0,0,0,1.5099,0.77421,0,0,0,0,0,0,0.243217671,0.022730716,0
21,220,51.858,3618.150138,228870.7625,0.001669,0,0,0,20.056,0,0,0,0,0,2.76468,0,0.243217671,0.022730716,0
21,220,51.858,3618.150138,228870.7625,0.008333,0,0,2.7308,0,0,0,0,0,0,46.293,0,0.243217671,0.022730716,0
21,220,51.858,3618.150138,228870.7625,0.022279,0,0,0.3488,0.00524,121.31,109.35,0,0,0,81.042,0,0.243217671,0.022730716,0
21,220,51.858,3618.150138,228870.7625,0.001326,0,0,0,0.52251,0,0,0,0,0,0.73911,0,0.243217671,0.022730716,0
21,220,51.858,3618.150138,228870.7625,0.005239,0,0,0,0,0,0,0,0,0,0.151728,0,0.243217671,0.022730716,0
21,220,51.858,3618.150138,228870.7625,25.253,0,0,0.00524,0,0,76.371,0,0,0,4.7865,0,0.243217671,0.022730716,0
21,220,51.858,3618.150138,228870.7625,0.91229,0,0,0.003346,0,0,0,0,0,0,198.603,0,0.243217671,0.022730716,0
21,220,51.858,3618.150138,228870.7625,0.034133,0,0,0,0,0,0,0,0,0,1.17432,0,0.243217671,0.022730716,0
21,220,51.858,3618.150138,228870.7625,0,0,0,0.094899,0.011841,20.64,0,0,0,0,0.88596,0,0.243217671,0.022730716,0
21,220,51.858,3618.150138,228870.7625,0.15712,0,0,0,0.008335,0,0,0,0,0,4.6158,0,0.243217671,0.022730716,0
21,220,51.858,3618.150138,228870.7625,0,0,0,0,0,0,0,0,0,0,0,0,0.243217671,0.022730716,0
21,220,51.858,3618.150138,228870.7625,0.018381,0,0,0.00524,0,0,0.74966,0,0,0,1.57107,0,0.243217671,0.022730716,0
21,220,51.858,3618.150138,228870.7625,0.000376,0,0,0,0.003346,0,0,0,0,0,0.151728,0,0.243217671,0.022730716,0
21,220,51.858,3618.150138,228870.7625,3.3665,0,3.9436,0,0,0,0,0,0,0,0,0,0.243217671,0.022730716,0
21,220,51.858,3618.150138,228870.7625,0.081094,0,0,0.008333,0,0,0,0,0,0,0.151728,0,0.243217671,0.022730716,0
21,220,51.858,3618.150138,228870.7625,0,0,0,0,0,0,0,1.6156,0,0,19.6818,0,0.243217671,0.022730716,0
21,220,51.858,3618.150138,228870.7625,0.0083909,0,0,0.69261,0.000063,0,0,0,0,0,8.5434,0,0.243217671,0.022730716,0
21,220,51.858,3618.150138,228870.7625,0,0,0,0,0,0,0,0,0,0,0,0,0.243217671,0.022730716,0
21,220,51.858,3618.150138,228870.7625,0,0,0,0,0,0.79079,49.829,0,0,0,0.151728,0,0.243217671,0.022730716,0
21,220,51.858,3618.150138,228870.7625,0.16583,0,0,0,124.34,0.000012,0.13028,0,0,0,15.8232,0,0.243217671,0.022730716,0
21,220,51.858,3618.150138,228870.7625,0.005239,0,0,0.007148,0,0,0,0,0,0,22.617,0,0.243217671,0.022730716,0
21,220,51.858,3618.150138,228870.7625,1.4385,0,0,0.000376,0,0,0,0,0,0,0.151728,0,0.243217671,0.022730716,0
21,220,51.858,3618.150138,228870.7625,1.8154,0,0,0,0.00036,4.0019,0,0,0,0,1.70622,0,0.243217671,0.022730716,0
21,220,51.858,3618.150138,228870.7625,0,0,0,0.040274,0,0,0,0,0,0,0.86343,0,0.243217671,0.022730716,0
21,220,51.858,3618.150138,228870.7625,0,0,0,0.016337,0,775.66,7.2385,0,0,0,0.151728,0,0.243217671,0.022730716,0
21,220,51.858,3618.150138,228870.7625,7.5139,0,0,0,0.008953,0,0,0,0,0,29.4918,0,0.243217671,0.022730716,0
21,220,51.858,3618.150138,228870.7625,0,0,0,61.793,0,0,0,0,0,0,19.4277,0,0.243217671,0.022730716,0
21,220,51.858,3618.150138,228870.7625,0.008333,0,0,0,0,0,0,0,0,0,0.75903,0,0.243217671,0.022730716,0
21,220,51.858,3618.150138,228870.7625,0,0,0,0,0,0,0,0,0,0,0,0,0.243217671,0.022730716,0
21,220,51.858,3618.150138,228870.7625,0.12797,0,0,0.00644,0.008333,0,0,0,0,0,0.280446,0,0.243217671,0.022730716,0
21,220,51.858,3618.150138,228870.7625,5.15,0,0,0.005769,0,0,0,0,0,0,0,0,0.243217671,0.022730716,0
21,220,51.858,3618.150138,228870.7625,2.8708,0,0,0,0,0,0,0,0,0,0,0,0.243217671,0.022730716,0
21,220,51.858,3618.150138,228870.7625,0,0,0.79845,0,0.00524,0,0,0,0,0,0.151728,0,0.243217671,0.022730716,0
21,220,51.858,3618.150138,228870.7625,0.078253,0,0,0.65249,0,0,0,0,0,0,4.5897,0,0.243217671,0.022730716,0
21,220,51.858,3618.150138,228870.7625,0.44516,0,0,0,2.006,0,0,0,0,0,18.0318,0,0.243217671,0.022730716,0
21,220,51.858,3618.150138,228870.7625,0.0068531,0,0,0,0,0.78245,0,0,0,0,0,0,0.243217671,0.022730716,0
21,220,51.858,3618.150138,228870.7625,0.00014,0,0,6.9518,0,0,0,0,0,0,87.522,0,0.243217671,0.022730716,0
21,220,51.858,3618.150138,228870.7625,0.022279,0,0,1.244,4.2216,0,0,0,0,0,0,0,0.243217671,0.022730716,0
21,220,51.858,3618.150138,228870.7625,0,0,0,0.00315,0,0,0,0,0,0,0.151728,0,0.243217671,0.022730716,0
21,220,51.858,3618.150138,228870.7625,0.00644,0,0,0.014043,1.649,0,0,0,0,0,0.151728,0,0.243217671,0.022730716,0
21,220,51.858,3618.150138,228870.7625,0.98357,0,0.61928,0,0,0,0,0,0,0,34.746,0,0.243217671,0.022730716,0
21,220,51.858,3618.150138,228870.7625,0.00524,0,0,0,0,0,0,0,0,0,3.9018,0,0.243217671,0.022730716,0
21,220,51.858,3618.150138,228870.7625,0.00824,0,0,0,0,0,0,0,0,0,30.648,0,0.243217671,0.022730716,0
21,220,51.858,3618.150138,228870.7625,5.2762,0,0,0,0.03958,0,0,0,0,0,0,0,0.243217671,0.022730716,0
21,220,51.858,3618.150138,228870.7625,0,0,0.00524,0.00062,0.008333,0,0,0,0.009409,0,16.4517,0,0.243217671,0.022730716,0
21,220,51.858,3618.150138,228870.7625,0.018596,0,2.4833,1.3084,0.00062,0,0,0,0,0,18.9018,0,0.243217671,0.022730716,0
21,220,51.858,3618.150138,228870.7625,0,0,0,0.017468,0.003538,0,0,0,0,0,0,0,0.243217671,0.022730716,0
21,220,51.858,3618.150138,228870.7625,0.71246,0,0,0,0.030964,0,0,0,0,0,10.4865,0,0.243217671,0.022730716,0
21,220,51.858,3618.150138,228870.7625,0.008333,0,0,17.373,0,0,53.409,0,0,0,4.8864,0,0.243217671,0.022730716,0
21,220,51.858,3618.150138,228870.7625,0.00387,0,0,15.592,1.6602,0.017446,0,0.099489,0,0,121.068,0,0.243217671,0.022730716,0
21,220,51.858,3618.150138,228870.7625,6.8104,0,0,0.00062,0.0041885,0,0,0,0,0,7.3257,0,0.243217671,0.022730716,0
21,220,51.858,3618.150138,228870.7625,0,0,0,0.00833,52.779,0,0,0,0,0,8.3718,0,0.243217671,0.022730716,0
21,220,51.858,3618.150138,228870.7625,11.135,0,0,0.33242,0,0,0,0,0,0,0,0,0.243217671,0.022730716,0
21,220,51.858,3618.150138,228870.7625,0.005239,0,0,0,0.007697,0,0,0,0,0,0,0,0.243217671,0.022730716,0
21,220,51.858,3618.150138,228870.7625,0,0,0,0,3.1339,0,0,0,0,0,0,0,0.243217671,0.022730716,0
21,220,51.858,3618.150138,228870.7625,0.013573,0,0,0.008333,0,0,0,0,0,0,3.6918,0,0.243217671,0.022730716,0
21,220,51.858,3618.150138,228870.7625,3.619,0,0,3.0263,0,0.000668,0,0,0,0,0,0,0.243217671,0.022730716,0
21,220,51.858,3618.150138,228870.7625,0.11399,0,0,0,0,0,0,0,0,0,10.3692,0,0.243217671,0.022730716,0
21,220,51.858,3618.150138,228870.7625,0,0,0,0,0,0,0.40452,0,0,0,3.4926,0,0.243217671,0.022730716,0
21,220,51.858,3618.150138,228870.7625,1.4385,0,0,0,0,0,13.175,0,0,0,0,0,0.243217671,0.022730716,0
21,220,51.858,3618.150138,228870.7625,0,0,0,0.001677,0,0,0,0,0,0,0,0,0.243217671,0.022730716,0
21,220,51.858,3618.150138,228870.7625,0,0,0,0.000124,0,0,0,0,0,0,0.151728,0,0.243217671,0.022730716,0
21,220,51.858,3618.150138,228870.7625,0.008333,0,0,2.2017,0.020274,0,0,0,0,0,0.151728,0,0.243217671,0.022730716,0
21,220,51.858,3618.150138,228870.7625,0,0,0,0,0.008333,0,203.53,0,0,0,0,0,0.243217671,0.022730716,0
21,220,51.858,3618.150138,228870.7625,0,0,0,1.2164,0,0,0,0,0,0,0.31755,0,0.243217671,0.022730716,0
21,220,51.858,3618.150138,228870.7625,0,0,0,0,0.013518,0.77806,0,0,0,0,30.648,0,0.243217671,0.022730716,0
21,220,51.858,3618.150138,228870.7625,0.73427,0,0,0,0,0,0,0,0,0,0.151728,0,0.243217671,0.022730716,0
21,220,51.858,3618.150138,228870.7625,0,0,0,0,0.00833,0,0,0,0,0,0,0,0.243217671,0.022730716,0
21,220,51.858,3618.150138,228870.7625,2.8708,0,0,1.244,0.78045,0,0,0,0,0,0.283572,0,0.243217671,0.022730716,0
21,220,51.858,3618.150138,228870.7625,0,0,0,0.00524,0,0,0,0,0,0,0.151728,0,0.243217671,0.022730716,0
21,220,51.858,3618.150138,228870.7625,0,0,0,0,0.0073964,0,0,0,0,0,0.181728,0,0.243217671,0.022730716,0
21,220,51.858,3618.150138,228870.7625,0.088719,0,0,0.01377,0,0,0,0,0,0,17.1858,0,0.243217671,0.022730716,0
21,220,51.858,3618.150138,228870.7625,0.012154,0,0,0,0.00524,0,0,0,0,0,0.273384,0,0.243217671,0.022730716,0
21,220,51.858,3618.150138,228870.7625,1.0344,0,0.066337,0,0,0.19707,32.893,0,0,0,0.279822,0,0.243217671,0.022730716,0
21,220,51.858,3618.150138,228870.7625,1.2894,0,0,0,0,0,0,0,0,0,0.278532,0,0.243217671,0.022730716,0
21,220,51.858,3618.150138,228870.7625,15.758,0,0,0,0.002156,0,0,0,0,0,8.6688,0,0.243217671,0.022730716,0
21,220,51.858,3618.150138,228870.7625,0.0152,0,0,0,0,0,0,0,0,0,78.063,0,0.243217671,0.022730716,0
21,220,51.858,3618.150138,228870.7625,0.001009,0,0,0,0,0,0.13028,0,0,0,0.273384,0,0.243217671,0.022730716,0
21,220,51.858,3618.150138,228870.7625,4.6688,0,0,0,0,0,0,0,0,0,0,0,0.243217671,0.022730716,0
21,220,51.858,3618.150138,228870.7625,0,0,0,2.7689,0.008333,0,0,0,0,0,29.4918,0,0.243217671,0.022730716,0
21,220,51.858,3618.150138,228870.7625,0.009261,0,0,0,0,0,0,0,0,0,14.0655,0,0.243217671,0.022730716,0
21,220,51.858,3618.150138,228870.7625,12.994,0,0,0,0,0,0,0,0,0,0.273366,0,0.243217671,0.022730716,0
21,220,51.858,3618.150138,228870.7625,0,0,0,0,23.272,0,0,0,0,0,0.151728,0,0.243217671,0.022730716,0
21,220,51.858,3618.150138,228870.7625,0,0,0,0,4.4409,0,0,0,0,0,0.151728,0,0.243217671,0.022730716,0
21,220,51.858,3618.150138,228870.7625,0.008335,0,0,0,0,0,0,0,0,0,0,0,0.243217671,0.022730716,0
21,220,51.858,3618.150138,228870.7625,0,0,0,223.54,0.00043,0,0,0,0,0,0.151728,0,0.243217671,0.022730716,0
21,220,51.858,3618.150138,228870.7625,0,0,0,0,0,0,0,0,0,0,0.151728,0,0.243217671,0.022730716,0
21,220,51.858,3618.150138,228870.7625,0.012423,0,0,0,0.0082165,0,705.16,0,0,0,0,0,0.243217671,0.022730716,0
21,220,51.858,3618.150138,228870.7625,0,0,0,0,0.64611,0,0,0,0,0,0.273357,0,0.243217671,0.022730716,0
21,220,51.858,3618.150138,228870.7625,0,0,0,0,0.005769,0,0,0,0,0,5.5146,0,0.243217671,0.022730716,0
21,220,51.858,3618.150138,228870.7625,0,0,0,0.0002525,0.002741,0,0,0,0,0,8.9418,0,0.243217671,0.022730716,0
21,220,51.858,3618.150138,228870.7625,17.385,0,0,0.008333,0,0,0,0,0,0,0.151728,0,0.243217671,0.022730716,0
21,220,51.858,3618.150138,228870.7625,0.013408,0,0,0.73108,0,0.000273,0,0,0,0,0.27711,0,0.243217671,0.022730716,0
21,220,51.858,3618.150138,228870.7625,0.038936,0,0,0,5.7051,0,0,0,0,0,0.72174,0,0.243217671,0.022730716,0
21,220,51.858,3618.150138,228870.7625,0,0,0,0.0021738,0,0,0,0,0,0,0.278532,0,0.243217671,0.022730716,0
21,220,51.858,3618.150138,228870.7625,2.1473,0,0,0.58718,0.053112,0,0,0,0,0,4.7865,0,0.243217671,0.022730716,0
21,220,51.858,3618.150138,228870.7625,0.00644,0,0,0,0.018282,0,0,0,0,0,0.271128,0,0.243217671,0.022730716,0
21,220,51.858,3618.150138,228870.7625,0.005239,0,0,0.55992,0.40097,0,0,0,0,0,0.51381,0,0.243217671,0.022730716,0
21,220,51.858,3618.150138,228870.7625,0.00036,0,0,0,6.2079,0,0,0,0,0,1.38174,0,0.243217671,0.022730716,0
21,220,51.858,3618.150138,228870.7625,0.0068531,0,0.005845,0,0.005239,0,0,0,0,0,10.1169,0,0.243217671,0.022730716,0
21,220,51.858,3618.150138,228870.7625,0.0059107,0,0,0,0,0,0,0,0,0,1.08174,0,0.243217671,0.022730716,0
21,220,51.858,3618.150138,228870.7625,10.582,0,0,0,0,0,0,0,0,0,0.151728,0,0.243217671,0.022730716,0
21,220,51.858,3618.150138,228870.7625,36.159,0,0,0,0,0,2.5309,0,0,0,4.6158,0,0.243217671,0.022730716,0
21,220,51.858,3618.150138,228870.7625,0.008333,0,0,0,0,0,20.9,0,0,0,12.8022,0,0.243217671,0.022730716,0
21,220,51.858,3618.150138,228870.7625,0.91229,0,0,0.00524,0,0,0,0,0,0,0,0,0.243217671,0.022730716,0
21,220,51.858,3618.150138,228870.7625,0,0,0,0.42786,0,0,0,0,0,0,0.151728,0,0.243217671,0.022730716,0
21,220,51.858,3618.150138,228870.7625,0,0,0,0,0,0,0,0,0,0,0.151728,0,0.243217671,0.022730716,0
21,220,51.858,3618.150138,228870.7625,0.50457,0,0,0,0.14105,0,0,0,0,0,0.151728,0,0.243217671,0.022730716,0
21,220,51.858,3618.150138,228870.7625,0.008333,0,0,0,0,0,0,0,0,0,0.151728,0,0.243217671,0.022730716,0
21,220,51.858,3618.150138,228870.7625,0.017603,0,0,0.000078,27.763,0,0,0,0,0,0.151728,0,0.243217671,0.022730716,0
21,220,51.858,3618.150138,228870.7625,0.000739,0,0,0,0,0,0,0,0,0,45.663,0,0.243217671,0.022730716,0
21,220,51.858,3618.150138,228870.7625,0.002096,0,0,0,0.007697,0,0,0,0,0,4.0518,0,0.243217671,0.022730716,0
21,220,51.858,3618.150138,228870.7625,0.0097975,0,0,0,80.307,0,0.10863,0,0,0,0.151728,0,0.243217671,0.022730716,0
21,220,51.858,3618.150138,228870.7625,49.592,0,0,0,0,0,0,0,0,0,0,0,0.243217671,0.022730716,0
21,220,51.858,3618.150138,228870.7625,0,0,0,0.000376,0.003346,0,0,0,0,0,0.273372,0,0.243217671,0.022730716,0
21,220,51.858,3618.150138,228870.7625,0.00644,0,0,0.0014795,0,0,0,0,0,0,0,0,0.243217671,0.022730716,0
21,220,51.858,3618.150138,228870.7625,0.0088426,0,0,0,0,0.77921,0,0,0,0,0,0,0.243217671,0.022730716,0
21,220,51.858,3618.150138,228870.7625,0,0,0,0,0,0,0,0,0,0,0.151728,0,0.243217671,0.022730716,0
21,220,51.858,3618.150138,228870.7625,0,0,0,0.00833,0,0,29.229,0,0,0,0,0,0.243217671,0.022730716,0
21,220,51.858,3618.150138,228870.7625,0,0,0,0,0,3.5685,0,0,0,0,0,0,0.243217671,0.022730716,0
21,220,51.858,3618.150138,228870.7625,0.036852,0,0,0.01048,0,0,0,0,0,0,0.151728,0,0.243217671,0.022730716,0
21,220,51.858,3618.150138,228870.7625,0.008333,0,0,0,0,0,0,0,0,0,55.917,0,0.243217671,0.022730716,0
21,220,51.858,3618.150138,228870.7625,0.008333,0,0,0.002011,0.0057595,0,0,0,0,0,0,0,0.243217671,0.022730716,0
21,220,51.858,3618.150138,228870.7625,0.00322,0,0,0,0,0,0,0,0,0,2.39871,0,0.243217671,0.022730716,0
21,220,51.858,3618.150138,228870.7625,0,0,0,0.000688,124.34,0.18827,0,0,0,0,0.151728,0,0.243217671,0.022730716,0
21,220,51.858,3618.150138,228870.7625,0,0,0,0.00043,0,0,0,0,0,0,0,0,0.243217671,0.022730716,0
21,220,51.858,3618.150138,228870.7625,0.00524,0,0,0.002084,0,0,0,0,0,0,0,0,0.243217671,0.022730716,0
21,220,51.858,3618.150138,228870.7625,0.35231,0,0,1.8563,0,0,0,0,0,0,0.151728,0,0.243217671,0.022730716,0
21,220,51.858,3618.150138,228870.7625,0,0,0,0,0,0,0,0,0,0,2.76468,0,0.243217671,0.022730716,0
21,220,51.858,3618.150138,228870.7625,0.0059398,0,0,0.008333,0,0,0,0,0,0,7.2111,0,0.243217671,0.022730716,0
21,220,51.858,3618.150138,228870.7625,0.001009,0,0,0.003538,0,0,0,0,0,0,10.6086,0,0.243217671,0.022730716,0
21,220,51.858,3618.150138,228870.7625,14.115,0,0,0,0,0,0,0,0,0,0,0,0.243217671,0.022730716,0
21,220,51.858,3618.150138,228870.7625,0,0,0,0,0,0,0,0,0,0,0.48174,0,0.243217671,0.022730716,0
21,220,51.858,3618.150138,228870.7625,3.8421,0,0,0,0.028193,0,0,0,0,0,0,0,0.243217671,0.022730716,0
21,220,51.858,3618.150138,228870.7625,0.008333,0,0,0.00524,0,0,0,0,0,0,9.1953,0,0.243217671,0.022730716,0
21,220,51.858,3618.150138,228870.7625,0.000688,0,0,0,0.002741,0,0,0,0,0,3.6423,0,0.243217671,0.022730716,0
21,220,51.858,3618.150138,228870.7625,0,0,0,0,0.005239,0,0,0,0,0,0.151728,0,0.243217671,0.022730716,0
21,220,51.858,3618.150138,228870.7625,11.344,0,0,0,58.159,0,0,0,0,0,18.5811,0,0.243217671,0.022730716,0
21,220,51.858,3618.150138,228870.7625,0.7988,0,0,0.00014,0,0,0,0,0,0,0,0,0.243217671,0.022730716,0
21,220,51.858,3618.150138,228870.7625,0.00824,0,0,0,0,0,0,0,0,0,8.3718,0,0.243217671,0.022730716,0
21,220,51.858,3618.150138,228870.7625,0.002011,0,0,0,0,0,0,0,0,0,1.04805,0,0.243217671,0.022730716,0
21,220,51.858,3618.150138,228870.7625,1.2548,0,0,0,0,0,0,0,0,0,2.76954,0,0.243217671,0.022730716,0
21,220,51.858,3618.150138,228870.7625,0.067102,0,0,0.008333,0.001326,0,0,0,0,0,69.483,0,0.243217671,0.022730716,0
21,220,51.858,3618.150138,228870.7625,0,0,0,0.008321,0,0,1.8418,0,0,0,0,0,0.243217671,0.022730716,0
21,220,51.858,3618.150138,228870.7625,0.023222,0,0,0,0.008333,0,0,0,0,0,2.6481,0,0.243217671,0.022730716,0
21,220,51.858,3618.150138,228870.7625,0,0,0,0,0,0,0,0,0,0,0.151728,0,0.243217671,0.022730716,0
21,220,51.858,3618.150138,228870.7625,0.000545,0,0,0.011652,0.007102,0,0.13028,0,0,0,0.151728,0,0.243217671,0.022730716,0
21,220,51.858,3618.150138,228870.7625,0.029004,0,0.4346,0,14.084,0,0,0,0,0,0.269961,0,0.243217671,0.022730716,0
21,220,51.858,3618.150138,228870.7625,3.3665,0,0,17.373,0,0,0,0,0,0,0.151728,0,0.243217671,0.022730716,0
21,220,51.858,3618.150138,228870.7625,2.6123,0,0,0.70621,1.6602,0,0,0,0,0,0.151728,0,0.243217671,0.022730716,0
21,220,51.858,3618.150138,228870.7625,0.011203,0,0,0,0,0.78058,0,0,0,0,8.5644,0,0.243217671,0.022730716,0
21,220,51.858,3618.150138,228870.7625,0,0,0,0,17.64,0,0,0,0,0,0,0,0.243217671,0.022730716,0
21,220,51.858,3618.150138,228870.7625,0.0088108,0,0.15557,24.36,9.5619,0,0,0,0,0,4.5198,0,0.243217671,0.022730716,0
21,220,51.858,3618.150138,228870.7625,0,0,0,0,0.0033865,0,0,0,0,0,0.293307,0,0.243217671,0.022730716,0
21,220,51.858,3618.150138,228870.7625,0.008335,0,0,0,0,4.4694,0,0,0,0,2.6931,0,0.243217671,0.022730716,0
21,220,51.858,3618.150138,228870.7625,0,0,0,0,0,4.8967,0,0,0,0,11.1597,0,0.243217671,0.022730716,0
21,220,51.858,3618.150138,228870.7625,1.2325,0,0,0,0.008333,0,0,0,0,0,0.88596,0,0.243217671,0.022730716,0
21,220,51.858,3618.150138,228870.7625,0,0,0,0,0,0,0,0,0,0,66.003,0,0.243217671,0.022730716,0
21,220,51.858,3618.150138,228870.7625,0,0,0,4.4257,0,0,0,0,0,0,8.7918,0,0.243217671,0.022730716,0
21,220,51.858,3618.150138,228870.7625,0,0,0,0,0.008763,0.000547,0,0,0,0,0.279822,0,0.243217671,0.022730716,0
21,220,51.858,3618.150138,228870.7625,57.072,0,0.000739,44.381,0,0,0,0,0,0,0,0,0.243217671,0.022730716,0
21,220,51.858,3618.150138,228870.7625,0,0,0,0,0.00644,0,0,0,0.005239,0,0.151728,0,0.243217671,0.022730716,0
21,220,51.858,3618.150138,228870.7625,0,0,0,0,3.1339,0,0,0,0,0,3.1572,0,0.243217671,0.022730716,0
21,220,51.858,3618.150138,228870.7625,0,0,0,0.02647,0,0,0,0,0,0,0,0,0.243217671,0.022730716,0
21,220,51.858,3618.150138,228870.7625,0.008333,0,0,0,0,0,0,0,0,0,0,0,0.243217671,0.022730716,0
21,220,51.858,3618.150138,228870.7625,0.008335,0,0,0,0,0,0,0,0,0,47.328,0,0.243217671,0.022730716,0
21,220,51.858,3618.150138,228870.7625,0,0,0,0,0,0,0,0,0,0,4.5198,0,0.243217671,0.022730716,0
21,220,51.858,3618.150138,228870.7625,0.028169,0,0,0,0,0,0,0,0,0,39.096,0,0.243217671,0.022730716,0
21,220,51.858,3618.150138,228870.7625,0.007221,0,0,0,0,0.79323,0,0,0,0,18.5811,0,0.243217671,0.022730716,0
21,220,51.858,3618.150138,228870.7625,0.27365,0,0,0.008333,0.14829,0,0,0,0,0,151.038,0,0.243217671,0.022730716,0
21,220,51.858,3618.150138,228870.7625,0.5002,0,0,0,0.023106,0,0,0,0,0,81.042,0,0.243217671,0.022730716,0
21,220,51.858,3618.150138,228870.7625,0.005239,0,0,0.007148,1.0171,0,0,0,0,0,0,0,0.243217671,0.022730716,0
21,220,51.858,3618.150138,228870.7625,0.00524,0,6.6211,0.0067015,0.007102,0,0,0,0,0,0.151728,0,0.243217671,0.022730716,0
21,220,51.858,3618.150138,228870.7625,0,0,0,0,4.3986,0,0,0,0,0,0.151728,0,0.243217671,0.022730716,0
21,220,51.858,3618.150138,228870.7625,27.506,0,0,0,0,0,0,0,0,0,0,0,0.243217671,0.022730716,0
21,220,51.858,3618.150138,228870.7625,0.013476,0,0,0,0.005239,0,0,0,0,0,4.6029,0,0.243217671,0.022730716,0
21,220,51.858,3618.150138,228870.7625,0,0,0,0.00524,0,0,0,0,0,0,1.47252,0,0.243217671,0.022730716,0
21,220,51.858,3618.150138,228870.7625,0.44516,0,0,0,0.000124,0.77864,0,0,0,0,73.308,0,0.243217671,0.022730716,0
21,220,51.858,3618.150138,228870.7625,0.050392,0,0,0,0.002741,0,0,0,0,0,0.273324,0,0.243217671,0.022730716,0
21,220,51.858,3618.150138,228870.7625,23.582,0,0,0,21.064,0,0,0,0,0,0.151728,0,0.243217671,0.022730716,0
21,220,51.858,3618.150138,228870.7625,0,0,0,0,1.8824,0,0,0,0,0,0,0,0.243217671,0.022730716,0
21,220,51.858,3618.150138,228870.7625,7.8157,0,0,11.552,0.88295,0,0,0,0,0,7.6818,0,0.243217671,0.022730716,0
21,220,51.858,3618.150138,228870.7625,50.529,0,0,0,0,0,0.13028,0,0,0,0,0,0.243217671,0.022730716,0
21,220,51.858,3618.150138,228870.7625,0.00524,0,0,0.38795,0,0,0,0,0,0,116.517,0,0.243217671,0.022730716,0
21,220,51.858,3618.150138,228870.7625,0.000688,0,0,0,0.060787,0,0,0,0,0,0.151728,0,0.243217671,0.022730716,0
21,220,51.858,3618.150138,228870.7625,0,0,0,0,514.83,0,0,0,0,0,2.3544,0,0.243217671,0.022730716,0
21,220,51.858,3618.150138,228870.7625,0,0,0,5.5669,80.307,0,0,0,0,0,3.6423,0,0.243217671,0.022730716,0
21,220,51.858,3618.150138,228870.7625,0.026038,0,0,0,0,0,0,0,0,0,0,0,0.243217671,0.022730716,0
21,220,51.858,3618.150138,228870.7625,0,0,0,0,0,0,0,0,0,0,0.88596,0,0.243217671,0.022730716,0
21,220,51.858,3618.150138,228870.7625,0.004143,0,0,0.00387,0,0,0,0.084033,0,0,0,0,0.243217671,0.022730716,0
21,220,51.858,3618.150138,228870.7625,0,0,0,0,0,0,0,0,0,0,30.786,0,0.243217671,0.022730716,0
21,220,51.858,3618.150138,228870.7625,0,0,0,0,0,0,0,0,0,0,0,0,0.243217671,0.022730716,0
21,220,51.858,3618.150138,228870.7625,0,0,0,56.999,0.00833,0,0,0,0,0,7.2168,0,0.243217671,0.022730716,0
21,220,51.858,3618.150138,228870.7625,0,0,0,0,0.097858,0,0,0,0,0,0.151728,0,0.243217671,0.022730716,0
21,220,51.858,3618.150138,228870.7625,5.6933,0,0,0.0089655,0,0,0,0,0,0,10.4415,0,0.243217671,0.022730716,0
21,220,51.858,3618.150138,228870.7625,0,0,0.0053495,12.177,0.10115,0,0,0,0,0,0,0,0.243217671,0.022730716,0
21,220,51.858,3618.150138,228870.7625,0,0,0,0.65591,0,0,0,0,0,0,0.286419,0,0.243217671,0.022730716,0
21,220,51.858,3618.150138,228870.7625,0,0,0.003346,0,1.2845,0,0,0,0,0,5.7318,0,0.243217671,0.022730716,0
21,220,51.858,3618.150138,228870.7625,0.008333,0,0,3.2371,0.008335,0,0,0,0,0,15.3204,0,0.243217671,0.022730716,0
21,220,51.858,3618.150138,228870.7625,0.031802,0,0,0.007221,0,0,29.564,0,0,0,0.151728,0,0.243217671,0.022730716,0
21,220,51.858,3618.150138,228870.7625,1.385,0,0,0.27563,0,0,0,0,0,0,0.151728,0,0.243217671,0.022730716,0
21,220,51.858,3618.150138,228870.7625,2.2256,0,0,0,0.011527,0.77864,0,0,0,0,1.05978,0,0.243217671,0.022730716,0
21,220,51.858,3618.150138,228870.7625,0,0,0,0,0,0,0,0,0,0,15.3204,0,0.243217671,0.022730716,0
21,220,51.858,3618.150138,228870.7625,0.011957,0,0,14.532,0,0,0,0,0,0,2.6931,0,0.243217671,0.022730716,0
21,220,51.858,3618.150138,228870.7625,0,0,0,29.05,0,0,0,0,0,0,0.28509,0,0.243217671,0.022730716,0
21,220,51.858,3618.150138,228870.7625,0.063798,0,0,0,0.001326,0,0,0,0,0,0.181728,0,0.243217671,0.022730716,0
21,220,51.858,3618.150138,228870.7625,0,0,0,0,0,0,0,0,0,0,0.151728,0,0.243217671,0.022730716,0
21,220,51.858,3618.150138,228870.7625,13.81,0,0,0,0.000124,0,0,0,0,0,3.8946,0,0.243217671,0.022730716,0
21,220,51.858,3618.150138,228870.7625,0.005979,0,0.80154,17.164,0.059735,0,0,0,0,0,0,0,0.243217671,0.022730716,0
21,220,51.858,3618.150138,228870.7625,0,0,0,0,0.008321,0,0.76779,0,0,0,0,0,0.243217671,0.022730716,0
21,220,51.858,3618.150138,228870.7625,0.3067,0,0,0.0083909,0.008333,0,0,0,0,0,0,0,0.243217671,0.022730716,0
21,220,51.858,3618.150138,228870.7625,0,0,0,0.008335,0.005769,0,0,0,0,0,0.37014,0,0.243217671,0.022730716,0
21,220,51.858,3618.150138,228870.7625,0,0,0,0,0,0,0,0,0,0,0.27711,0,0.243217671,0.022730716,0
21,220,51.858,3618.150138,228870.7625,0.008332,0,0,0.012154,0.00014,0,0,0,0,0,8.1576,0,0.243217671,0.022730716,0
21,220,51.858,3618.150138,228870.7625,0,0,0,0,0,0.77921,0,0,0,0,0.54798,0,0.243217671,0.022730716,0
21,220,51.858,3618.150138,228870.7625,0.0059107,0,0,0,3.6586,0,0,0,0,0,7.8042,0,0.243217671,0.022730716,0
21,220,51.858,3618.150138,228870.7625,21.786,0,0,1.4153,3.1902,0,0,0,0,0,0.3897,0,0.243217671,0.022730716,0
21,220,51.858,3618.150138,228870.7625,0.5002,0,0,0,43.562,0,0,0,0,0,0.151728,0,0.243217671,0.022730716,0
21,220,51.858,3618.150138,228870.7625,0.003539,0,0,0.0074133,0,0,0,0,0,0,1.63956,0,0.243217671,0.022730716,0
21,220,51.858,3618.150138,228870.7625,0.0021738,0,0,0,17.217,0,0,0,0,0,0,0,0.243217671,0.022730716,0
21,220,51.858,3618.150138,228870.7625,0.019714,0,0,1.2021,0,0,0,0,0.008333,0,0,0,0.243217671,0.022730716,0
21,220,51.858,3618.150138,228870.7625,0.011297,0,0,0.001434,0,0,0.13028,0,0,0,0.273357,0,0.243217671,0.022730716,0
21,220,51.858,3618.150138,228870.7625,0.008333,0,0,0,0,0,0,0,0,0,0.151728,0,0.243217671,0.022730716,0
21,220,51.858,3618.150138,228870.7625,23.582,0,0,0,0,0,0,0,0,0,42.879,0,0.243217671,0.022730716,0
21,220,51.858,3618.150138,228870.7625,0,0,0,0,0.001267,0,0,0,0,0,0.292407,0,0.243217671,0.022730716,0
21,220,51.858,3618.150138,228870.7625,16.8,0,0,0.012395,0,0,0,0,0,0,3.4926,0,0.243217671,0.022730716,0
21,220,51.858,3618.150138,228870.7625,0,0,0,0,0,0,0,0,0,0,0,0,0.243217671,0.022730716,0
21,220,51.858,3618.150138,228870.7625,0,0,0,0.00387,26.494,0,0,0,0,0,0.280587,0,0.243217671,0.022730716,0
21,220,51.858,3618.150138,228870.7625,0.00644,0,0,9.0645,0,0,0,0,0,0,4.9119,0,0.243217671,0.022730716,0
21,220,51.858,3618.150138,228870.7625,0.17481,0,0,0.010105,0.021909,0,137.34,0,0,0,3.8946,0,0.243217671,0.022730716,0
21,220,51.858,3618.150138,228870.7625,0.031098,0,0,0,0,1.6459,0,0,0,0,0,0,0.243217671,0.022730716,0
21,220,51.858,3618.150138,228870.7625,0.71313,0,0,0,0.007328,0,0,0,0,0,3.7518,0,0.243217671,0.022730716,0
21,220,51.858,3618.150138,228870.7625,0,0,0,1.0205,0,0,0,0,0,0,43.602,0,0.243217671,0.022730716,0
21,220,51.858,3618.150138,228870.7625,9.7427,0,0,0,0,0,0,0,0,0,0,0,0.243217671,0.022730716,0
21,220,51.858,3618.150138,228870.7625,0.00524,0,0,0,0,0,0,0,0,0,0,0,0.243217671,0.022730716,0
21,220,51.858,3618.150138,228870.7625,1.4804,0,0,0,0,13.237,0,0,0,0,12.8454,0,0.243217671,0.022730716,0
21,220,51.858,3618.150138,228870.7625,1.898,0,0,0,8.5334,0,0,0,0,0,0,0,0.243217671,0.022730716,0
21,220,51.858,3618.150138,228870.7625,0.00524,0,0,0.03272,0,0,0,0,0,0,47.328,0,0.243217671,0.022730716,0
21,220,51.858,3618.150138,228870.7625,0.005239,0,0,0,0.008321,0,0.13028,0,0,0,0.78174,0,0.243217671,0.022730716,0
21,220,51.858,3618.150138,228870.7625,0,0,0,0,0,0,0,0,0,0,0,0,0.243217671,0.022730716,0
21,220,51.858,3618.150138,228870.7625,1.2774,0,0,3.4764,0.003346,0,0,0,0,0,4.8687,0,0.243217671,0.022730716,0
21,220,51.858,3618.150138,228870.7625,0.005239,0,0,0,0,0,0,0,0,0,0.151728,0,0.243217671,0.022730716,0
21,220,51.858,3618.150138,228870.7625,0.00524,0,0.005578,0,0.005769,0,0,0,0,0,10.6818,0,0.243217671,0.022730716,0
21,220,51.858,3618.150138,228870.7625,0.005769,0,0,0,0,0,0,0,0,0,0.86343,0,0.243217671,0.022730716,0
21,220,51.858,3618.150138,228870.7625,0,0,0,20.576,35.29,0,0,0,0,0,4.1406,0,0.243217671,0.022730716,0
21,220,51.858,3618.150138,228870.7625,0.00062,0,0,0.0055291,0.002156,0.78033,0,0,0,0,7.6818,0,0.243217671,0.022730716,0
21,220,51.858,3618.150138,228870.7625,0.008333,0,0,0.008333,0,0,0,0,0,0,7.6818,0,0.243217671,0.022730716,0
21,220,51.858,3618.150138,228870.7625,0,0,51.335,0,1.2072,0,0,0,0,0,3.3057,0,0.243217671,0.022730716,0
21,220,51.858,3618.150138,228870.7625,0,0,0,0.013415,0,1.1314,0,0,0,0,0.151728,0,0.243217671,0.022730716,0
21,220,51.858,3618.150138,228870.7625,0.081094,0,0.54082,0.0056478,0,0,0,0,0,0,0.37014,0,0.243217671,0.022730716,0
21,220,51.858,3618.150138,228870.7625,0,0,0,7.1031,0.000124,0,0.13028,0,0,0,0,0,0.243217671,0.022730716,0
21,220,51.858,3618.150138,228870.7625,0.008333,0,0,0,0,0,0,0,0,0,198.603,0,0.243217671,0.022730716,0
21,220,51.858,3618.150138,228870.7625,11.344,0,0,0.6175,0,0,0.13028,0,0,0,0,0,0.243217671,0.022730716,0
21,220,51.858,3618.150138,228870.7625,0.023222,0,0,0,0.70741,0,0,0,0,0,0,0,0.243217671,0.022730716,0
21,220,51.858,3618.150138,228870.7625,0,0,0,1.4572,0,0,0,0,0,0,0.151728,0,0.243217671,0.022730716,0
21,220,51.858,3618.150138,228870.7625,0,0,0,6.2716,29.422,0,0,0,0,0,1.42239,0,0.243217671,0.022730716,0
21,220,51.858,3618.150138,228870.7625,0.0088426,0,0,0,0.000124,0,0,0,3.9978,0,151.038,0,0.243217671,0.022730716,0
21,220,51.858,3618.150138,228870.7625,0,0,0,0,0,0,0,0,0,0,7.2051,0,0.243217671,0.022730716,0
21,220,51.858,3618.150138,228870.7625,0,0,0,0.008333,0.008333,0,0,0,0,0,1.35936,0,0.243217671,0.022730716,0
21,220,51.858,3618.150138,228870.7625,0,0,3.4544,0.011527,0,0,0,0,0,0,0.279615,0,0.243217671,0.022730716,0
21,220,51.858,3618.150138,228870.7625,0,0,0,0,0.0094073,0,0,0,0,0,0,0,0.243217671,0.022730716,0
21,220,51.858,3618.150138,228870.7625,0.000251,0,0,0,0.23723,0,4.8562,0,0,0,0.151728,0,0.243217671,0.022730716,0
21,220,51.858,3618.150138,228870.7625,0,0,0,0,0,0,0,0,0,0,0,0,0.243217671,0.022730716,0
21,220,51.858,3618.150138,228870.7625,0,0,0,0.0068531,0.000376,0,0,0,0,0,14.0655,0,0.243217671,0.022730716,0
21,220,51.858,3618.150138,228870.7625,12.084,0,0,1.244,0,0.78092,4.3529,0,0,0,8.5524,0,0.243217671,0.022730716,0
21,220,51.858,3618.150138,228870.7625,0.052214,0,0,0,0.00524,0.79321,0,0,15.763,0,0.280578,0,0.243217671,0.022730716,0
21,220,51.858,3618.150138,228870.7625,0.008333,0,0,0,0,0,0,0,0,0,9.1953,0,0.243217671,0.022730716,0
21,220,51.858,3618.150138,228870.7625,0.5002,0,0,3.4325,0,0,0,5.9849,0,0,0.151728,0,0.243217671,0.022730716,0
21,220,51.858,3618.150138,228870.7625,0,0,0,0,0,0,0,0,0,0,12.8454,0,0.243217671,0.022730716,0
21,220,51.858,3618.150138,228870.7625,50.529,0,0,0,0,0,0,0,0,0,0,0,0.243217671,0.022730716,0
21,220,51.858,3618.150138,228870.7625,0.00644,0,0,0.00524,0,0,0.60778,0,0,0,27.5562,0,0.243217671,0.022730716,0
21,220,51.858,3618.150138,228870.7625,0,0,0,0.008335,13.034,0,0,0,0,0,0.65616,0,0.243217671,0.022730716,0
21,220,51.858,3618.150138,228870.7625,0.034133,0,0,0.019748,0,0,0,0,0,0,4.8687,0,0.243217671,0.022730716,0
21,220,51.858,3618.150138,228870.7625,0,0,0,0.44439,11.73,0.77921,0.13028,0,0,0,6.258,0,0.243217671,0.022730716,0
21,220,51.858,3618.150138,228870.7625,0,0,0,0,0,0,0,0,0,0,0.84174,0,0.243217671,0.022730716,0
21,220,51.858,3618.150138,228870.7625,0.00524,0,0,0,0.008332,0,0,0,0,0,7.6818,0,0.243217671,0.022730716,0
21,220,51.858,3618.150138,228870.7625,0,0,0,0,0,0,0,0,0,0,46.353,0,0.243217671,0.022730716,0
21,220,51.858,3618.150138,228870.7625,0,0,4.9085,0.031407,0,0,0,0,0,0,69.483,0,0.243217671,0.022730716,0
21,220,51.858,3618.150138,228870.7625,19.622,0,0,0.030631,0,0,0.10863,0,0,0,0.151728,0,0.243217671,0.022730716,0
21,220,51.858,3618.150138,228870.7625,0.003485,0,0,0.020575,0.013681,0,0,0,0,0,0,0,0.243217671,0.022730716,0
21,220,51.858,3618.150138,228870.7625,5.7412,0,0,0,0.000739,0,15.504,0,0,0,1.85526,0,0.243217671,0.022730716,0
21,220,51.858,3618.150138,228870.7625,0,0,0,61.793,0.010122,0.011,0,0,0,0,0.151728,0,0.243217671,0.022730716,0
21,220,51.858,3618.150138,228870.7625,185.11,0,0,0.0059107,0.1667,0,0,0,0,0,1.08174,0,0.243217671,0.022730716,0
21,220,51.858,3618.150138,228870.7625,11.344,0,0,1.2021,0,0.7828,0,0,0,0,0.65616,0,0.243217671,0.022730716,0
21,220,51.858,3618.150138,228870.7625,0.25548,0,0,0,0.0096305,0,0,0,0,0,0,0,0.243217671,0.022730716,0
21,220,51.858,3618.150138,228870.7625,24.337,0,0,0,0,0,0,0,0,0,0,0,0.243217671,0.022730716,0
21,220,51.858,3618.150138,228870.7625,8.3439,0,0,0,0,0,0.021726,0,0,0,2.66157,0,0.243217671,0.022730716,0
21,220,51.858,3618.150138,228870.7625,0,0,0,0,0,0,0,0,0,0,0,0,0.243217671,0.022730716,0
21,220,51.858,3618.150138,228870.7625,0,0,0,0.030965,0,0,0,0,0,0,50.673,0,0.243217671,0.022730716,0
22,221,1.4,10907.22888,689950.8571,0.65673,0,0,0.00524,0,0.77921,0,0,0,0,0.278526,27.05073767,0.74040112,0.069196649,0
22,221,1.4,10907.22888,689950.8571,0,0,0,0.65046,0,0,0,0,0,0,0,4.044970118,0.74040112,0.069196649,0
22,221,1.4,10907.22888,689950.8571,0,0,0,0,5.9309,6.3468,0,0,0,0,0.151728,0.533114438,0.74040112,0.069196649,0
22,221,1.4,10907.22888,689950.8571,0.019152,0,0,0,0,0,0.13028,0,0,0,0.280578,0.533114438,0.74040112,0.069196649,0
22,221,1.4,10907.22888,689950.8571,0.00524,0,0,0,0,0,0,0,0,0,0.273384,0.506275725,0.74040112,0.069196649,0
22,221,1.4,10907.22888,689950.8571,3.2852,0,0,0,0,0,0,0,0,0,8.3751,9.094257285,0.74040112,0.069196649,0
22,221,1.4,10907.22888,689950.8571,16.8,0,0,9.9,0,2.6216,0,0,0,0,0,1.753869239,0.74040112,0.069196649,0
22,221,1.4,10907.22888,689950.8571,0.35231,0,0,0.036193,18.998,0,0,0,0,0,1.5003,5.721119019,0.74040112,0.069196649,0
22,221,1.4,10907.22888,689950.8571,1.4804,0,0,0.001434,0,3.4808,0,0,0,0,0,7.432290306,0.74040112,0.069196649,0
22,221,1.4,10907.22888,689950.8571,0.08029,0,0,0,0,0,0,0,0,0,0,1.753869239,0.74040112,0.069196649,0
22,221,1.4,10907.22888,689950.8571,0,0,0,9.9,0,0,0.093171,0,0,0,0.151728,9.094257285,0.74040112,0.069196649,0
22,221,1.4,10907.22888,689950.8571,0,0,0,0.007214,0,0.19707,0,0,0,0,0,0.757177028,0.74040112,0.069196649,0
22,221,1.4,10907.22888,689950.8571,0.098565,0,3.6624,0,0,0,0,0,0,0,0,1.912461635,0.74040112,0.069196649,0
22,221,1.4,10907.22888,689950.8571,0.15712,0,0,0,0,0,0,0,0,0,17.1858,57.83043216,0.74040112,0.069196649,0
22,221,1.4,10907.22888,689950.8571,0,0,0.12387,0,0,0,0,0,0,0,0.151728,0.677067536,0.74040112,0.069196649,0
22,221,1.4,10907.22888,689950.8571,0,0,0,0,0.008321,0,0,0,0,0,0,0.308645201,0.74040112,0.069196649,0
22,221,1.4,10907.22888,689950.8571,0.003538,0,0,0,0,0,0,0,0,0,1.09647,0.506275725,0.74040112,0.069196649,0
22,221,1.4,10907.22888,689950.8571,0.026827,0,0,0.008332,0,0,20.9,0,0,0,0,8.563989377,0.74040112,0.069196649,0
22,221,1.4,10907.22888,689950.8571,0.0068531,0,0,0,3.8185,0,0,0,0,0,6.8079,1.480602342,0.74040112,0.069196649,0
22,221,1.4,10907.22888,689950.8571,0.01332,0,0,0,0,0,0,0,0,0,1.62048,3.27635624,0.74040112,0.069196649,0
22,221,1.4,10907.22888,689950.8571,0.00524,0,0,0,0,0,0,0,0,0,0.151728,3.27635624,0.74040112,0.069196649,0
22,221,1.4,10907.22888,689950.8571,0,0,0,0,0,0,0,0,0,0,12.8454,0.506275725,0.74040112,0.069196649,0
22,221,1.4,10907.22888,689950.8571,0.58468,0,0,0,0.014941,0,0,0,0,0,24.5118,544.8701155,0.74040112,0.069196649,0
22,221,1.4,10907.22888,689950.8571,0.001009,0,0,0,0.008335,1.0436,0.10863,0,0,0,0.211728,0.090682319,0.74040112,0.069196649,0
22,221,1.4,10907.22888,689950.8571,0.10994,0,0,0,0,0,0,0,0,0,5.2875,38.6168241,0.74040112,0.069196649,0
22,221,1.4,10907.22888,689950.8571,0,0,0,0,1.5895,0.781,0,0,0,0,18.849,13.58857149,0.74040112,0.069196649,0
22,221,1.4,10907.22888,689950.8571,0,0,0,0.15275,0,0,0.13028,0,0,0,0.151728,0.403800639,0.74040112,0.069196649,0
22,221,1.4,10907.22888,689950.8571,0,0,0.016493,0,0,0,0,0,0,0,78.063,1.611949377,0.74040112,0.069196649,0
22,221,1.4,10907.22888,689950.8571,0.007697,0,0,0,0,0,0,0,0,0,0.72174,1.480602342,0.74040112,0.069196649,0
22,221,1.4,10907.22888,689950.8571,1.1984,0,0.80135,1.6635,0,0,0,0,0,0,0.2871,0.677067536,0.74040112,0.069196649,0
22,221,1.4,10907.22888,689950.8571,872.97,0,0,0.23606,0.00524,0,0,0,0,0,0,7.61406159,0.74040112,0.069196649,0
22,221,1.4,10907.22888,689950.8571,0.0088426,0,0.034478,0.008333,0.00644,0.7814,0,0,0,0,17.3718,2.626534064,0.74040112,0.069196649,0
22,221,1.4,10907.22888,689950.8571,0.013892,0,0,10.898,0.00524,0.094623,0,0,0,0,0,4.748825638,0.74040112,0.069196649,0
22,221,1.4,10907.22888,689950.8571,2.5794,0,0,0.008336,0,0.77921,0,0,0,0,10.4415,1.611949377,0.74040112,0.069196649,0
22,221,1.4,10907.22888,689950.8571,1.3203,0,0,0,0.002156,0,0,0,0,0,0,2.282103912,0.74040112,0.069196649,0
22,221,1.4,10907.22888,689950.8571,0.0088426,0,0,0.094899,0,0,0,0,0,0,0.279942,3.66575417,0.74040112,0.069196649,0
22,221,1.4,10907.22888,689950.8571,0.0059398,0,0.35057,0,0.1667,0,0,0,0,0,18.3318,8.563989377,0.74040112,0.069196649,0
22,221,1.4,10907.22888,689950.8571,5.865,0,0,0.00524,0,0,0.60778,0,0,0,1.47252,1.740043236,0.74040112,0.069196649,0
22,221,1.4,10907.22888,689950.8571,0,0,0,0,0,0,0,0,0,0,0,1.437091095,0.74040112,0.069196649,0
22,221,1.4,10907.22888,689950.8571,0,0,0,0,0,0,0,0,0,0,5.1363,62.76023949,0.74040112,0.069196649,0
22,221,1.4,10907.22888,689950.8571,0.14297,0,0,0,0,0,0,0,0,0,0,3.370698383,0.74040112,0.069196649,0
22,221,1.4,10907.22888,689950.8571,0.007697,0,0,0,0.00833,0,0,0,0,0,30.786,62.76023949,0.74040112,0.069196649,0
22,221,1.4,10907.22888,689950.8571,0.010054,0,0,0,0,0,0,0,0,0,0,13.20935554,0.74040112,0.069196649,0
22,221,1.4,10907.22888,689950.8571,0.72108,0,0,3.4325,0,0.005198,0.74966,0,0,0,0.151728,19.71922933,0.74040112,0.069196649,0
22,221,1.4,10907.22888,689950.8571,0.020418,0,0,0,0,0,0,0,0,0,0.273018,4.044970118,0.74040112,0.069196649,0
22,221,1.4,10907.22888,689950.8571,0.002139,0,0,0,0,0,0.13028,0,0,0,1.64742,0.090682319,0.74040112,0.069196649,0
22,221,1.4,10907.22888,689950.8571,1.2894,0,0,0,23.272,1.5693,0,0,0,0,4.5198,2.473634728,0.74040112,0.069196649,0
22,221,1.4,10907.22888,689950.8571,0,0,0,0,0,0,0,0,0,0,0.54798,3.27635624,0.74040112,0.069196649,0
22,221,1.4,10907.22888,689950.8571,0.015667,0,0,0,0.00014,0,0,0,0,0,0,20.03672595,0.74040112,0.069196649,0
22,221,1.4,10907.22888,689950.8571,0,0,220.32,0.008333,0,0,0,0,0,0,0,1.629841853,0.74040112,0.069196649,0
22,221,1.4,10907.22888,689950.8571,0.0097027,0,0,0.27563,2.1344,0,46.36,0,0,0,47.328,5.924849251,0.74040112,0.069196649,0
22,221,1.4,10907.22888,689950.8571,0,0,0,61.793,0.010107,0,0,0,0,0,0,0.403800639,0.74040112,0.069196649,0
22,221,1.4,10907.22888,689950.8571,0.35231,0,0.10956,0,0.13092,0,0.059897,0,0,0,0.151728,1.629841853,0.74040112,0.069196649,0
22,221,1.4,10907.22888,689950.8571,0,0,0.005252,0,0,0,0,0,0,0,0.75174,0.51278208,0.74040112,0.069196649,0
22,221,1.4,10907.22888,689950.8571,0,0,0,0,0,0,0,0,1.7031,0,0,9.094257285,0.74040112,0.069196649,0
22,221,1.4,10907.22888,689950.8571,0.004143,0,0,7.1031,0,0,0,0,0,0,0.87174,2.626534064,0.74040112,0.069196649,0
22,221,1.4,10907.22888,689950.8571,0,0,0,3.325,0,0,0,0,0,0,1.05978,1.437091095,0.74040112,0.069196649,0
22,221,1.4,10907.22888,689950.8571,0.038936,0,0,0,0.0022594,0,20.9,0,0,0,0,1.480602342,0.74040112,0.069196649,0
22,221,1.4,10907.22888,689950.8571,1.4804,0,0,0,0.003822,0,0.40452,0,0,0,0,0.308645201,0.74040112,0.069196649,0
22,221,1.4,10907.22888,689950.8571,0.0066265,0,0,0.001669,0,0,0,0,0,0,0,3.37110503,0.74040112,0.069196649,0
22,221,1.4,10907.22888,689950.8571,0,0,0,0.008333,0,0,0,0,0,0,0.151728,5.291902932,0.74040112,0.069196649,0
22,221,1.4,10907.22888,689950.8571,0,0,0,0,0.00062,0,29.399,0,0,0,0.151728,2.282103912,0.74040112,0.069196649,0
22,221,1.4,10907.22888,689950.8571,8.1913,0,0,0,0.000739,0,13.103,0,0,0,0.151728,10.8444667,0.74040112,0.069196649,0
22,221,1.4,10907.22888,689950.8571,0,0,0,2.3519,0,0,0,0,0,0,0,1.753869239,0.74040112,0.069196649,0
22,221,1.4,10907.22888,689950.8571,0.018596,0,0,0,0,0,0,0,0,0,0.276924,1.082901411,0.74040112,0.069196649,0
22,221,1.4,10907.22888,689950.8571,0,0,0,0,30.954,0,0,0,0,0,6.5418,8.563989377,0.74040112,0.069196649,0
22,221,1.4,10907.22888,689950.8571,0,0,0,0.1964,23.272,0,0,0,0,0,0,3.933904712,0.74040112,0.069196649,0
22,221,1.4,10907.22888,689950.8571,43.218,0,0,0,0.12099,0,0,0,0,0,0.99864,4.286874454,0.74040112,0.069196649,0
22,221,1.4,10907.22888,689950.8571,0,0,0,0,0,0.77904,0,0,0.0057415,0,0,7.432290306,0.74040112,0.069196649,0
22,221,1.4,10907.22888,689950.8571,0,0,0,0,0,0,0,0,0,0,0.151728,3.27635624,0.74040112,0.069196649,0
22,221,1.4,10907.22888,689950.8571,0,0,0,0.70621,0,0.77921,0.021726,0,0,0,2.34936,8.153142895,0.74040112,0.069196649,0
22,221,1.4,10907.22888,689950.8571,0,0,0,0,4.0421,0,0,0,0,0,0,0.403800639,0.74040112,0.069196649,0
22,221,1.4,10907.22888,689950.8571,45.509,0,0,0,0.21081,0.79323,0.059897,0,0,0,23.5818,6.438851272,0.74040112,0.069196649,0
22,221,1.4,10907.22888,689950.8571,0,0,0,0,0.0096305,0,0,0,0,0,0.151728,4.748825638,0.74040112,0.069196649,0
22,221,1.4,10907.22888,689950.8571,2.2602,0,0,0,3.969,0,0.13028,0,0,0,1.65174,6.509873784,0.74040112,0.069196649,0
22,221,1.4,10907.22888,689950.8571,0.060379,0,0,0,0,0,0,0,0,0,0,2.550491043,0.74040112,0.069196649,0
22,221,1.4,10907.22888,689950.8571,1.0831,0,0,0.005769,0,0.77921,0,0,0,0,0.181728,1.480602342,0.74040112,0.069196649,0
22,221,1.4,10907.22888,689950.8571,0.19687,0,0,0.012904,0.024251,0.011,0,0,0,0,0.286086,3.66575417,0.74040112,0.069196649,0
22,221,1.4,10907.22888,689950.8571,0.008333,0,0,0.00524,0,0,0,0,0,0,0,0.308645201,0.74040112,0.069196649,0
22,221,1.4,10907.22888,689950.8571,0.008333,0,0,0.0093259,0,0,0,0,0,0,0.151728,0.496109546,0.74040112,0.069196649,0
22,221,1.4,10907.22888,689950.8571,0.002096,0,0,0,0,0,0.74966,0,0,0,0.151728,8.643285575,0.74040112,0.069196649,0
22,221,1.4,10907.22888,689950.8571,0,0,0,0.65249,0,0,0.60778,12.787,0,0,0.151728,6.509873784,0.74040112,0.069196649,0
22,221,1.4,10907.22888,689950.8571,0.008335,0,0,0,0,0,0,0,0,0,35.547,8.153142895,0.74040112,0.069196649,0
22,221,1.4,10907.22888,689950.8571,0.16397,0,0,0,0.0306,0,0,0,0,0,0,0.51278208,0.74040112,0.069196649,0
22,221,1.4,10907.22888,689950.8571,0,0,0,0,813.22,0.54465,0,0,0,0,10.1169,2.550491043,0.74040112,0.069196649,0
22,221,1.4,10907.22888,689950.8571,0.03314,0,0,0,0,0,0,0,0,0,0,3.370698383,0.74040112,0.069196649,0
22,221,1.4,10907.22888,689950.8571,0.70554,0,0,0,0.008133,0,0,0,0,0,0.151728,3.50611189,0.74040112,0.069196649,0
22,221,1.4,10907.22888,689950.8571,0.001669,0,0,0,0,0,0,0,0,0,4.1943,4.748825638,0.74040112,0.069196649,0
22,221,1.4,10907.22888,689950.8571,0,0,0,0,0,0,0,0,0,0,0,4.791523591,0.74040112,0.069196649,0
22,221,1.4,10907.22888,689950.8571,0.43058,0,0.060653,0.008333,0,0,0,0,0,0,2.28174,3.66575417,0.74040112,0.069196649,0
22,221,1.4,10907.22888,689950.8571,0.001309,0,0,0,0,0,0,0,0,0,0,459.9889457,0.74040112,0.069196649,0
22,221,1.4,10907.22888,689950.8571,1.2894,0,0,6.9518,68.77,0,0,0,0,0,2.34429,1.753869239,0.74040112,0.069196649,0
22,221,1.4,10907.22888,689950.8571,0.013012,0,0,0.00036,0,0,0,0,5.9477,0,0,0.403800639,0.74040112,0.069196649,0
22,221,1.4,10907.22888,689950.8571,0.1789,0,0,0,0,0,0,0,0,0,8.9418,2.742428507,0.74040112,0.069196649,0
22,221,1.4,10907.22888,689950.8571,6.5562,0,0,0,0,0,0,0,0,0,1.02351,3.933904712,0.74040112,0.069196649,0
22,221,1.4,10907.22888,689950.8571,0.080184,0,0,0,0,0,9.569,0,0,0,0,6.438851272,0.74040112,0.069196649,0
22,221,1.4,10907.22888,689950.8571,0,0,0,0,0,0,0,0,0,0,16.3047,6.509873784,0.74040112,0.069196649,0
22,221,1.4,10907.22888,689950.8571,0.043506,0,0,0,0,0,0,0,0,0,0.151728,5.721119019,0.74040112,0.069196649,0
22,221,1.4,10907.22888,689950.8571,0,0,0,0,0.01787,0,547,0,0,0,4.6029,1.629841853,0.74040112,0.069196649,0
22,221,1.4,10907.22888,689950.8571,0.001434,0,0,0.009056,0.002741,0,0,0,0,0,5.1447,8.563989377,0.74040112,0.069196649,0
22,221,1.4,10907.22888,689950.8571,0.38105,0,0,0.011201,0.005239,0,0,0,0,0,20.2284,19.16080795,0.74040112,0.069196649,0
22,221,1.4,10907.22888,689950.8571,0,0,0,0,0.008333,0,0,0,0,0,0.151728,3.27635624,0.74040112,0.069196649,0
22,221,1.4,10907.22888,689950.8571,0,0,0,0,0,0,0,0,0,0,0.151728,0.403800639,0.74040112,0.069196649,0
22,221,1.4,10907.22888,689950.8571,0.008333,0,0,4.7036,0,0,0,0,0,0,5.5146,4.748825638,0.74040112,0.069196649,0
22,221,1.4,10907.22888,689950.8571,0,0,0,0,2.8091,0.77921,0,0,0,0,0,1.788434249,0.74040112,0.069196649,0
22,221,1.4,10907.22888,689950.8571,15.758,0,0,0,0,0,0,0,0,0,0,20.03672595,0.74040112,0.069196649,0
22,221,1.4,10907.22888,689950.8571,0,0,0,0.088496,0.007148,0,0,0,0,0,0,1.953939646,0.74040112,0.069196649,0
22,221,1.4,10907.22888,689950.8571,6.3539,0,0,0.055562,0.001493,0,0,0,0,0,25.2354,0.51278208,0.74040112,0.069196649,0
22,221,1.4,10907.22888,689950.8571,0,0,0,0.001493,0.0082165,0,0.59876,0,0,0,0,1.953939646,0.74040112,0.069196649,0
22,221,1.4,10907.22888,689950.8571,0.005979,0,0,0,4.3986,0,0,0,0,0,0.151728,1.753869239,0.74040112,0.069196649,0
22,221,1.4,10907.22888,689950.8571,0,0,0.003465,0.002011,1.0171,0,0,0,0,0,1.04805,9.094257285,0.74040112,0.069196649,0
22,221,1.4,10907.22888,689950.8571,0.0088426,0,0,6.2716,0,0,0,0,0,0,0.151728,0.533114438,0.74040112,0.069196649,0
22,221,1.4,10907.22888,689950.8571,0,0,0,0,0,0,0,0,0,0,0,459.9889457,0.74040112,0.069196649,0
22,221,1.4,10907.22888,689950.8571,0.002096,0,0,0,0,0,0,0,0,0,0,19.16080795,0.74040112,0.069196649,0
22,221,1.4,10907.22888,689950.8571,0,0,0,0,0.4786,0,0,0,0,0,0,6.85281809,0.74040112,0.069196649,0
22,221,1.4,10907.22888,689950.8571,1.4804,0,0,0,0,0,9.039,0,0,0,0,107.1285055,0.74040112,0.069196649,0
22,221,1.4,10907.22888,689950.8571,0.015333,0,0,0,0,0,0,0,0,0,0,20.03672595,0.74040112,0.069196649,0
22,221,1.4,10907.22888,689950.8571,0,0,0,0.003821,0,0,0,0,0,0,0,62.76023949,0.74040112,0.069196649,0
22,221,1.4,10907.22888,689950.8571,0,0,0,0,0,0,0,0,0,0,149.193,13.20935554,0.74040112,0.069196649,0
22,221,1.4,10907.22888,689950.8571,0.11748,0,0,0,0.37101,0,0.59876,0,0,0,0.273384,0.403800639,0.74040112,0.069196649,0
22,221,1.4,10907.22888,689950.8571,0.007328,0,0,0,0.31016,0,0,0,0,0,0,1.437091095,0.74040112,0.069196649,0
22,221,1.4,10907.22888,689950.8571,46.878,0,0,0,0.002868,0,0,0,0,0,0.151728,1.082901411,0.74040112,0.069196649,0
22,221,1.4,10907.22888,689950.8571,0.001192,0,0,0,0.000124,0,0,0,0,0,0.271128,1.629841853,0.74040112,0.069196649,0
22,221,1.4,10907.22888,689950.8571,3.2038,0,9.8554,0,1.6602,0.004625,0,0,0,0,0.87174,38.6168241,0.74040112,0.069196649,0
22,221,1.4,10907.22888,689950.8571,1.0831,0,0,0,0.73688,0,0,0,0,0,0,1.600969904,0.74040112,0.069196649,0
22,221,1.4,10907.22888,689950.8571,0.043506,0,5.1144,0,3.1081,0,0,0,0,0,0.151728,4.286874454,0.74040112,0.069196649,0
22,221,1.4,10907.22888,689950.8571,0.002031,0,0,0,0,0,130.32,0,0,0,0,4.286874454,0.74040112,0.069196649,0
22,221,1.4,10907.22888,689950.8571,0.01048,0,0,0.03272,0,0.79321,0,0,0,0,0,3.933904712,0.74040112,0.069196649,0
22,221,1.4,10907.22888,689950.8571,0,0,0,0,0,0.56078,0,0,0,0,0.151728,34.6982593,0.74040112,0.069196649,0
22,221,1.4,10907.22888,689950.8571,0.015667,0,0,0,0,0,0,0,0,0,0.151728,3.27635624,0.74040112,0.069196649,0
22,221,1.4,10907.22888,689950.8571,0,0,0,0.41548,5.3243,0.77927,0,0,0,0,3.6423,6.85281809,0.74040112,0.069196649,0
22,221,1.4,10907.22888,689950.8571,0.008333,0,0,0,0,0,0,0,0,0,0.268926,1.082901411,0.74040112,0.069196649,0
22,221,1.4,10907.22888,689950.8571,0,0,0,0.48282,0.014719,0,0,0,0,0,0.2871,4.748825638,0.74040112,0.069196649,0
22,221,1.4,10907.22888,689950.8571,49.011,0,0,0,0,0,0,0,0,0,36.924,1.953939646,0.74040112,0.069196649,0
22,221,1.4,10907.22888,689950.8571,0.90611,0,0,0,0.52251,0,0,0,0,0,0.151728,19.71922933,0.74040112,0.069196649,0
22,221,1.4,10907.22888,689950.8571,0,0,0,0,0.019681,0,0,0,0,0,121.068,1.912461635,0.74040112,0.069196649,0
22,221,1.4,10907.22888,689950.8571,0.005239,0,0,0,0,0,0,0,0,0,3.0075,6.85281809,0.74040112,0.069196649,0
22,221,1.4,10907.22888,689950.8571,0,0,0,14.532,0,0,0,0,0,0,0.92517,3.294248715,0.74040112,0.069196649,0
22,221,1.4,10907.22888,689950.8571,50.529,0,0,0,0,0,0,0,0,0,0.28866,5.721119019,0.74040112,0.069196649,0
22,221,1.4,10907.22888,689950.8571,5.4818,0,0,0,0.00524,0.77802,0,0,0,0,23.5818,1.629841853,0.74040112,0.069196649,0
22,221,1.4,10907.22888,689950.8571,0.2494,0,0,0,0,0,0,0,0,0,0.151728,10.8444667,0.74040112,0.069196649,0
22,221,1.4,10907.22888,689950.8571,12.084,0,0,0,0.00524,12.891,0,0,0,0,0,81.9106449,0.74040112,0.069196649,0
22,221,1.4,10907.22888,689950.8571,0.00524,0,3.2536,0.18811,0.0088426,0,0,0,0,0,0,10.8444667,0.74040112,0.069196649,0
22,221,1.4,10907.22888,689950.8571,0,0,0,0.53462,0,0,0.13028,0,0,0,0,1.611949377,0.74040112,0.069196649,0
22,221,1.4,10907.22888,689950.8571,0,0,0,0.002868,0,0,0,0,0,0,34.872,6.85281809,0.74040112,0.069196649,0
22,221,1.4,10907.22888,689950.8571,0,0,0,0,0,0,0,0,0,0,17.1858,19.16080795,0.74040112,0.069196649,0
22,221,1.4,10907.22888,689950.8571,0.70554,0,0,7.4028,32.03,0,0,0,0,0,0.151728,1.912461635,0.74040112,0.069196649,0
22,221,1.4,10907.22888,689950.8571,0,0,0,0,0,0.13226,0,0,0,0,28.8018,8.643285575,0.74040112,0.069196649,0
22,221,1.4,10907.22888,689950.8571,0.021605,0,0,0,5.4878,0,0.40452,0,0,0,3.6918,4.748825638,0.74040112,0.069196649,0
22,221,1.4,10907.22888,689950.8571,0.041249,0,0,0,0,0,0,0,0,0,0,0.496109546,0.74040112,0.069196649,0
22,221,1.4,10907.22888,689950.8571,0,0,0.00524,0.008333,0,0,0,0,0,0,7.8318,0.533114438,0.74040112,0.069196649,0
22,221,1.4,10907.22888,689950.8571,0.03314,0,0,1.4572,0,0,0,0,0,0,0.151728,1.912461635,0.74040112,0.069196649,0
22,221,1.4,10907.22888,689950.8571,0,0,0,0,0,0,0,0,0,0,14.1318,1.480602342,0.74040112,0.069196649,0
22,221,1.4,10907.22888,689950.8571,0,0,0,0,0.050892,0.008333,0,0,0,0,0,459.9889457,0.74040112,0.069196649,0
22,221,1.4,10907.22888,689950.8571,9.9965,0,0,0,0,0,76.371,0,0,0,56.145,1.611949377,0.74040112,0.069196649,0
22,221,1.4,10907.22888,689950.8571,0,0,0,0,0.062887,0,25.393,0,0,0,0.270372,9.094257285,0.74040112,0.069196649,0
22,221,1.4,10907.22888,689950.8571,1.6091,0,0,0,0.014119,0,0,0,0,0,0.38949,2.742428507,0.74040112,0.069196649,0
22,221,1.4,10907.22888,689950.8571,0.043506,0,0,1.5394,0.008333,0,15.202,0,0,0,0.151728,4.791523591,0.74040112,0.069196649,0
22,221,1.4,10907.22888,689950.8571,0,0,0,0.0086135,0,0,0,0,0,0,0,13.20935554,0.74040112,0.069196649,0
22,221,1.4,10907.22888,689950.8571,0.039743,0,0,0,2.6315,0,0,0,0,0,0,8.643285575,0.74040112,0.069196649,0
22,221,1.4,10907.22888,689950.8571,0.27066,0,0,0.00524,0,0,0,0,0,0,0.271128,96.95287753,0.74040112,0.069196649,0
22,221,1.4,10907.22888,689950.8571,0.011569,0,0.1043,0.00043,0,0,0,0,0,0,0.151728,0.496109546,0.74040112,0.069196649,0
22,221,1.4,10907.22888,689950.8571,0.29003,0,0.57901,0,0,0,0,0,0,0,0.151728,4.748825638,0.74040112,0.069196649,0
22,221,1.4,10907.22888,689950.8571,0,0,0,0,0,0,0,0,0,0,10.1169,1.912461635,0.74040112,0.069196649,0
22,221,1.4,10907.22888,689950.8571,0.005239,0,0,0.001493,0,0,0,0,0,0,14.5008,6.85281809,0.74040112,0.069196649,0
22,221,1.4,10907.22888,689950.8571,0.019152,0,0,8.2296,0.049462,0,0,0,0,0,0.151728,57.7672295,0.74040112,0.069196649,0
22,221,1.4,10907.22888,689950.8571,1.2894,0,0,0,0,0,0,0,0,0,0.270372,2.742428507,0.74040112,0.069196649,0
22,221,1.4,10907.22888,689950.8571,0,0,0,0,0,0,0,0,0,0,8.8155,4.044970118,0.74040112,0.069196649,0
22,221,1.4,10907.22888,689950.8571,0.022279,0,0,0,1.7509,0,0,0,0,0,0.151728,8.643285575,0.74040112,0.069196649,0
22,221,1.4,10907.22888,689950.8571,0.21588,0,0,0,0.005239,0,0,0,0.008333,0,0,13.58857149,0.74040112,0.069196649,0
22,221,1.4,10907.22888,689950.8571,0,0,0,8.389,0.67362,5.1571,0,0,0,0,0,13.58857149,0.74040112,0.069196649,0
22,221,1.4,10907.22888,689950.8571,7.2682,0,0,0,0,0,0,0,0,0,0.151728,9.094257285,0.74040112,0.069196649,0
22,221,1.4,10907.22888,689950.8571,0.17962,0,0,12.177,0,0,0.13028,0,0,0,0.181728,3.27635624,0.74040112,0.069196649,0
22,221,1.4,10907.22888,689950.8571,0,0,0,43.946,0,0,0.74966,0,0,0,0.151728,57.83043216,0.74040112,0.069196649,0
22,221,1.4,10907.22888,689950.8571,5.865,0,0,0.013606,0.032706,0,0,0,0,0,1.95174,57.83043216,0.74040112,0.069196649,0
22,221,1.4,10907.22888,689950.8571,0,0,0,0,0.005239,0.084836,0,0,0,0,0.151728,3.370698383,0.74040112,0.069196649,0
22,221,1.4,10907.22888,689950.8571,2.2494,0,0,0.008333,0.005239,0,0,0,0,0,97.974,6.438851272,0.74040112,0.069196649,0
22,221,1.4,10907.22888,689950.8571,0,0,0,0,0.008333,0,0,0,0,0,6.1116,0.308645201,0.74040112,0.069196649,0
22,221,1.4,10907.22888,689950.8571,0,0,0,0,0,0,0,0,0,0,0.151728,6.85281809,0.74040112,0.069196649,0
22,221,1.4,10907.22888,689950.8571,0,0,0,1.5881,0.00524,0,0,0,0,0,0.65616,2.282103912,0.74040112,0.069196649,0
22,221,1.4,10907.22888,689950.8571,0,0,0,0,0.26036,0,0,0,0,0,0.181728,8.563989377,0.74040112,0.069196649,0
22,221,1.4,10907.22888,689950.8571,0.000124,0,0,0,0,0,0,0,0,0,0,34.6982593,0.74040112,0.069196649,0
22,221,1.4,10907.22888,689950.8571,0.63883,0,0,0,0,0,0,0,0,0,0.151728,0.757177028,0.74040112,0.069196649,0
22,221,1.4,10907.22888,689950.8571,0,0,0,0,0,0,0,0,0,0,3.9018,1.480602342,0.74040112,0.069196649,0
22,221,1.4,10907.22888,689950.8571,0,0,0,0,0,0,0,0,0,0,0,81.9106449,0.74040112,0.069196649,0
22,221,1.4,10907.22888,689950.8571,0.005979,0,0,0,0,0,91.701,0,0,0,60.207,2.626534064,0.74040112,0.069196649,0
22,221,1.4,10907.22888,689950.8571,0,0,0,0,0,0,0,0,0,0,8.7918,1.629841853,0.74040112,0.069196649,0
22,221,1.4,10907.22888,689950.8571,0.001192,0,14.403,0.008333,0,0,0,0,0,0,0.151728,1.912461635,0.74040112,0.069196649,0
22,221,1.4,10907.22888,689950.8571,0.00524,0,0.81835,0.17658,0,0,0,0,0,0,0.151728,3.27635624,0.74040112,0.069196649,0
22,221,1.4,10907.22888,689950.8571,0.001309,0,0.020429,0,0,0,0,0,0,0,0,9.094257285,0.74040112,0.069196649,0
22,221,1.4,10907.22888,689950.8571,0.040702,0,0,0,0,0,0,0,0,0,0,4.862686845,0.74040112,0.069196649,0
22,221,1.4,10907.22888,689950.8571,0,0,0,0,0,7.2949,0,0,0,0,0.151728,2.550491043,0.74040112,0.069196649,0
22,221,1.4,10907.22888,689950.8571,0,0,0.049251,0.02891,0.008335,0,242.13,0,0,0,0.151728,0.090682319,0.74040112,0.069196649,0
22,221,1.4,10907.22888,689950.8571,0,0,0,0,0,0,0,0,0,0,0.53757,4.862686845,0.74040112,0.069196649,0
22,221,1.4,10907.22888,689950.8571,0,0,0,0,0,0,0,0.32653,0,0,0,6.85281809,0.74040112,0.069196649,0
22,221,1.4,10907.22888,689950.8571,0,0,0,0,0,0,0,0,0,0,7.4118,1.480602342,0.74040112,0.069196649,0
22,221,1.4,10907.22888,689950.8571,0,0,0,0,0.003468,0,0,0,0,0,0.151728,1.437091095,0.74040112,0.069196649,0
22,221,1.4,10907.22888,689950.8571,0.00062,0,0,0,2.3758,0,0,0,0,0,0,1.753869239,0.74040112,0.069196649,0
22,221,1.4,10907.22888,689950.8571,0,0,0,0,0,0,0,0,0,0,0,1.611949377,0.74040112,0.069196649,0
22,221,1.4,10907.22888,689950.8571,0.003539,0,0,0,0,0,0,0,0,0,4.6158,1.753869239,0.74040112,0.069196649,0
22,221,1.4,10907.22888,689950.8571,0,0,0,0,0,0,0,0,0,0,0.151728,2.626534064,0.74040112,0.069196649,0
22,221,1.4,10907.22888,689950.8571,0,0,0,0,0,0,0,0,0,0,0.151728,3.370698383,0.74040112,0.069196649,0
22,221,1.4,10907.22888,689950.8571,0.001493,0,0,0.0084875,0,0,0.60778,0,0,0,1.21974,4.286874454,0.74040112,0.069196649,0
22,221,1.4,10907.22888,689950.8571,0.0088426,0,0.005704,1.3084,8.688,0,0.13028,0,0,0,0.151728,3.27635624,0.74040112,0.069196649,0
22,221,1.4,10907.22888,689950.8571,0.00524,0,0.053861,0,0,0.008333,0,0,0,0,0.151728,4.791523591,0.74040112,0.069196649,0
22,221,1.4,10907.22888,689950.8571,6.5562,0,0,0,3.0251,0,0,0,0,0,0.84174,20.03672595,0.74040112,0.069196649,0
22,221,1.4,10907.22888,689950.8571,14.875,0,0,0,0.003821,0,0,0,0,0,0.151728,3.37110503,0.74040112,0.069196649,0
22,221,1.4,10907.22888,689950.8571,0.022279,0,0,0,0,0.78099,0,0,0,0,0,459.9889457,0.74040112,0.069196649,0
22,221,1.4,10907.22888,689950.8571,0.011479,0,0,1.3385,0,0.7814,0,0,0,0,0,13.20935554,0.74040112,0.069196649,0
22,221,1.4,10907.22888,689950.8571,0.011479,0,0,0,0.84234,0,0,0,0,0,7.6818,3.50611189,0.74040112,0.069196649,0
22,221,1.4,10907.22888,689950.8571,17.385,0,0,7.8979,0,0.017446,0,0,0,0,0,5.924849251,0.74040112,0.069196649,0
22,221,1.4,10907.22888,689950.8571,2.7267,0,0,6.1619,0.013573,0,0,0,0,0,1.98174,9.094257285,0.74040112,0.069196649,0
22,221,1.4,10907.22888,689950.8571,0.011479,0,0,0.40202,70.761,0,0,0,0,0,10.6818,0.677067536,0.74040112,0.069196649,0
22,221,1.4,10907.22888,689950.8571,0,0,0,0.027172,0.19458,0,0,0,0,0,0,6.509873784,0.74040112,0.069196649,0
22,221,1.4,10907.22888,689950.8571,0.1613,0,0,14.804,0.020274,0,0,0,0,0,0.151728,4.044970118,0.74040112,0.069196649,0
22,221,1.4,10907.22888,689950.8571,14.661,0,0,0,0,0,0,0,0,0,0,1.082901411,0.74040112,0.069196649,0
22,221,1.4,10907.22888,689950.8571,0.53043,0,0,0,0,0,0,0,0,0,0.151728,7.432290306,0.74040112,0.069196649,0
22,221,1.4,10907.22888,689950.8571,0,0,0,0,0.40097,0,0,0,0,0,44.763,7.432290306,0.74040112,0.069196649,0
22,221,1.4,10907.22888,689950.8571,0.042136,0,0,0,0,0,0,0,0,0,0,4.862686845,0.74040112,0.069196649,0
22,221,1.4,10907.22888,689950.8571,0.002031,0,0,0,0,0,0,0,0,0,0,2.626534064,0.74040112,0.069196649,0
22,221,1.4,10907.22888,689950.8571,0.008333,0,0,0,0,0,0,0,0,0,0.181728,4.286874454,0.74040112,0.069196649,0
22,221,1.4,10907.22888,689950.8571,5.2762,0,5.627,0,0.73688,0,0,0,0,0,0.279489,3.370698383,0.74040112,0.069196649,0
22,221,1.4,10907.22888,689950.8571,0.76883,0,0,0,0,0,0,0,0,0,19.2864,4.791523591,0.74040112,0.069196649,0
22,221,1.4,10907.22888,689950.8571,0,0,2.029,0,0.025169,6.4369,0,0,0,0,0,0.533114438,0.74040112,0.069196649,0
22,221,1.4,10907.22888,689950.8571,23.064,0,0,0.0065058,0,0,0,0,0,0,15.0003,81.9106449,0.74040112,0.069196649,0
22,221,1.4,10907.22888,689950.8571,0.00322,0,0,0,14.084,0,0.10863,0,0,0,5.2875,8.643285575,0.74040112,0.069196649,0
22,221,1.4,10907.22888,689950.8571,0,0,0,0,0.010373,0.77921,0.13028,0,0,0,0.151728,1.082901411,0.74040112,0.069196649,0
22,221,1.4,10907.22888,689950.8571,1.7472,0,0,0,0,0,0,0,0,0,1.57107,2.626534064,0.74040112,0.069196649,0
22,221,1.4,10907.22888,689950.8571,0.031802,0,0,0,0.0068531,0,0,0,0,0,0.151728,4.791523591,0.74040112,0.069196649,0
22,221,1.4,10907.22888,689950.8571,0.002096,0,0,0,0,0,0,0,0,0,0.78174,0.496109546,0.74040112,0.069196649,0
22,221,1.4,10907.22888,689950.8571,4.4514,0,0,4.1588,0.059735,0,0,0,0,0,0.151728,8.563989377,0.74040112,0.069196649,0
22,221,1.4,10907.22888,689950.8571,5.15,0,0,0,0.47436,0,23.619,0,0,0,0,1.629841853,0.74040112,0.069196649,0
22,221,1.4,10907.22888,689950.8571,0.008333,0,0,2.1101,0,0,0,0,0,0,10.8618,8.643285575,0.74040112,0.069196649,0
22,221,1.4,10907.22888,689950.8571,0.008333,0,0,0,0.000688,0,0,0,0,0,0.151728,83.74352198,0.74040112,0.069196649,0
22,221,1.4,10907.22888,689950.8571,1.5202,0,0,5.6081,0.0062716,0,0,0,0,0,0.151728,34.6982593,0.74040112,0.069196649,0
22,221,1.4,10907.22888,689950.8571,0,0,0,0.044269,0,0,0,0,0,0,0.286419,3.50611189,0.74040112,0.069196649,0
22,221,1.4,10907.22888,689950.8571,0.014773,0,0,0,0.021907,0.54889,0,0,0,0,4.0518,0.677067536,0.74040112,0.069196649,0
22,221,1.4,10907.22888,689950.8571,0.17094,0,0,0,0,0,6.2428,0,0,0,0,9.094257285,0.74040112,0.069196649,0
22,221,1.4,10907.22888,689950.8571,0,0,0,0.0011005,3.7158,0,0,0,0,0,0.151728,1.788434249,0.74040112,0.069196649,0
22,221,1.4,10907.22888,689950.8571,3.0939,0,0,0,0.013476,0,0,0,0,0,0.151728,5.721119019,0.74040112,0.069196649,0
22,221,1.4,10907.22888,689950.8571,0,0,0,0,0.13896,0,0,0,0,0,29.7048,19.16080795,0.74040112,0.069196649,0
22,221,1.4,10907.22888,689950.8571,0.070781,0,0,0,0,0.0004275,0,0,0,0,0.151728,0.757177028,0.74040112,0.069196649,0
22,221,1.4,10907.22888,689950.8571,0,0,0,0,0,0,0,0,0,0,0.151728,3.989437415,0.74040112,0.069196649,0
22,221,1.4,10907.22888,689950.8571,0.010479,0,0,0,0,0,0,0,0,0,0,0.163878809,0.74040112,0.069196649,0
22,221,1.4,10907.22888,689950.8571,5.4818,0,0,0,0.0067709,0,0,0,0,0,0.273018,19.16080795,0.74040112,0.069196649,0
22,221,1.4,10907.22888,689950.8571,0.08029,0,0,0,0,0,0,0,0,0,12.2682,14.97902997,0.74040112,0.069196649,0
22,221,1.4,10907.22888,689950.8571,2.3556,0,0,0.99417,12.308,0.026505,0,0,0,0,23.5818,1.788434249,0.74040112,0.069196649,0
22,221,1.4,10907.22888,689950.8571,0.038936,0,0,0,0,5.6833,0,0,0,0,0,2.626534064,0.74040112,0.069196649,0
22,221,1.4,10907.22888,689950.8571,15.2,0,0,0,0,0,0,0,0,0,0.151728,27.05073767,0.74040112,0.069196649,0
22,221,1.4,10907.22888,689950.8571,0,0,0,0,0,0.78144,0,0,0,0,8.7918,1.926287639,0.74040112,0.069196649,0
22,221,1.4,10907.22888,689950.8571,0.001493,0,0,0,0.000251,0,0,0,0,0,1.19187,2.473634728,0.74040112,0.069196649,0
22,221,1.4,10907.22888,689950.8571,0.011569,0,0,0,0.12938,49.181,0,0,0,0,0.151728,2.282103912,0.74040112,0.069196649,0
22,221,1.4,10907.22888,689950.8571,0,0,0,0,0.25607,0,0,0,0,0,0,6.438851272,0.74040112,0.069196649,0
22,221,1.4,10907.22888,689950.8571,0.005372,0,0,0,0,0,0,0,0,0,0,0.51278208,0.74040112,0.069196649,0
22,221,1.4,10907.22888,689950.8571,0.00644,0,0,0.021906,0,0.95676,0,0,0,0,0.151728,4.748825638,0.74040112,0.069196649,0
22,221,1.4,10907.22888,689950.8571,12.994,0,0,0.002139,0.008333,0,0,0,0,0,7.5918,4.044970118,0.74040112,0.069196649,0
22,221,1.4,10907.22888,689950.8571,12.38,0,0,16.48,0,0,0,0,0,0,16.4517,2.282103912,0.74040112,0.069196649,0
22,221,1.4,10907.22888,689950.8571,0,0,0,0.002508,0,0,0,0,0,0,0,1.480602342,0.74040112,0.069196649,0
22,221,1.4,10907.22888,689950.8571,0,0,0,0.036193,0.005239,0,0,0,0,0,0,1.611949377,0.74040112,0.069196649,0
22,221,1.4,10907.22888,689950.8571,0.013573,0,0,11.876,0.00524,0.80154,0,0,0,0,0.151728,3.27635624,0.74040112,0.069196649,0
22,221,1.4,10907.22888,689950.8571,0,0,0,0,0,0,0,0,0,0,0,1.953939646,0.74040112,0.069196649,0
22,221,1.4,10907.22888,689950.8571,0.14297,0,0,0.00036,0,0,0,0,0,0,0,0.403800639,0.74040112,0.069196649,0
22,221,1.4,10907.22888,689950.8571,0.075337,0,0,0,0,0,0,0,0,0,0,9.094257285,0.74040112,0.069196649,0
22,221,1.4,10907.22888,689950.8571,0.001192,0,0,0.01172,0,0.000547,0,3.0031,0,0,0,1.753869239,0.74040112,0.069196649,0
22,221,1.4,10907.22888,689950.8571,0,0,0,0,0.008336,0,0,0,0,0,4.8618,0.677067536,0.74040112,0.069196649,0
22,221,1.4,10907.22888,689950.8571,0,0,0,0,0,0,0,0,0,0,87.522,2.282103912,0.74040112,0.069196649,0
22,221,1.4,10907.22888,689950.8571,10.582,0,0,0.005239,0.0057595,0,0,0,0,0,5.2875,8.563989377,0.74040112,0.069196649,0
22,221,1.4,10907.22888,689950.8571,0.49815,0,0,0.030966,0,0,0,0,0,0,0,2.282103912,0.74040112,0.069196649,0
22,221,1.4,10907.22888,689950.8571,0,0,0,44.381,0,0.77921,0,0,0,0,35.547,4.862686845,0.74040112,0.069196649,0
22,221,1.4,10907.22888,689950.8571,0,0,0,0,0,0,0,0,0,0,25.3818,3.539348854,0.74040112,0.069196649,0
22,221,1.4,10907.22888,689950.8571,0,0,0,0.008321,42.799,0,0,0,0,0,0.151728,62.76023949,0.74040112,0.069196649,0
22,221,1.4,10907.22888,689950.8571,0,0,0,17.373,0.37101,0,0,0,0,0,5.0406,0.403800639,0.74040112,0.069196649,0
22,221,1.4,10907.22888,689950.8571,0.01048,0,0,0,1.7509,0,0,0,0,0,0.34434,9.094257285,0.74040112,0.069196649,0
22,221,1.4,10907.22888,689950.8571,2.2602,0,0,3.6568,0.00644,0,0,0,0,0,0,8.153142895,0.74040112,0.069196649,0
22,221,1.4,10907.22888,689950.8571,0.008333,0,0,0,13.549,0,0,0,0,0,8.9718,5.721119019,0.74040112,0.069196649,0
22,221,1.4,10907.22888,689950.8571,0.98086,0,0,0,6.4838,0,0,0,0,0,0.151728,2.550491043,0.74040112,0.069196649,0
22,221,1.4,10907.22888,689950.8571,0.00644,0,0,0,0,0,0.74966,0,0,0,5.2239,2.282103912,0.74040112,0.069196649,0
22,221,1.4,10907.22888,689950.8571,0.018596,0,0,1.5394,0,0,0,0,0,0,73.296,2.282103912,0.74040112,0.069196649,0
22,221,1.4,10907.22888,689950.8571,0.3067,0,0,0.041028,0,0,0,0,0,0,65.781,4.791523591,0.74040112,0.069196649,0
22,221,1.4,10907.22888,689950.8571,9.5606,0,0,0,0.014719,0,0,0,0,0,0.273018,0.757177028,0.74040112,0.069196649,0
22,221,1.4,10907.22888,689950.8571,7.5139,0,0,0,0,0,0,0,0,0,0.151728,13.58857149,0.74040112,0.069196649,0
22,221,1.4,10907.22888,689950.8571,0.003295,0,0,0,0.027077,0,0,0,0,0,7.2051,1.437091095,0.74040112,0.069196649,0
22,221,1.4,10907.22888,689950.8571,0.13903,0,0,0,0.007697,0,91.701,0,0,0,10.6086,1.953939646,0.74040112,0.069196649,0
22,221,1.4,10907.22888,689950.8571,0.0031025,0,0,0,0.002156,0,0,0,0,0,0.151728,4.791523591,0.74040112,0.069196649,0
22,221,1.4,10907.22888,689950.8571,0.008333,0,0,0.0056478,0,0,0,0,0,0,39.096,9.094257285,0.74040112,0.069196649,0
22,221,1.4,10907.22888,689950.8571,0.01332,0,0,8.8181,1.1676,0.000547,0,0,0,0,0.151728,8.563989377,0.74040112,0.069196649,0
22,221,1.4,10907.22888,689950.8571,0.002382,0,0,0,0,0,130.49,0,0,0,0,1.606459641,0.74040112,0.069196649,0
22,221,1.4,10907.22888,689950.8571,0.019305,0,0,0,0,0,0,0,0,0,0.151728,3.66575417,0.74040112,0.069196649,0
22,221,1.4,10907.22888,689950.8571,0,0,0,0,0,0,0,0,0,0,1.03647,1.629841853,0.74040112,0.069196649,0
22,221,1.4,10907.22888,689950.8571,0,0,8.4993,0.031407,0.021906,0,0,0,0,0,0,83.74352198,0.74040112,0.069196649,0
22,221,1.4,10907.22888,689950.8571,24.337,0,0,0,3.1902,0,0,0,0,0,15.8232,6.509873784,0.74040112,0.069196649,0
22,221,1.4,10907.22888,689950.8571,0,0,0,0,0,0,0,0,0,0,7.0536,1.926287639,0.74040112,0.069196649,0
22,221,1.4,10907.22888,689950.8571,0.46343,0,0.094579,0,0.016895,0,0,0,0,0,0.33174,57.7672295,0.74040112,0.069196649,0
22,221,1.4,10907.22888,689950.8571,0.016638,0,0,0.009056,0.007148,0,0,0,0,0,0.151728,3.539348854,0.74040112,0.069196649,0
22,221,1.4,10907.22888,689950.8571,0,0,18.79,0,1.3024,0,0,0,0,0,0.278526,0.506275725,0.74040112,0.069196649,0
22,221,1.4,10907.22888,689950.8571,0,0,0,1.244,0.00524,0,0.40452,0,0.008333,0,0,8.563989377,0.74040112,0.069196649,0
22,221,1.4,10907.22888,689950.8571,0.76883,0,0,1.4153,0.008333,0,0,0,0,0,39.753,2.742428507,0.74040112,0.069196649,0
22,221,1.4,10907.22888,689950.8571,0.18449,0,0,1.6824,0,0,0,0,0,0,0,0.403800639,0.74040112,0.069196649,0
22,221,1.4,10907.22888,689950.8571,0.067102,0,0,0.73108,0,0,0,0,0,0,0,7.61406159,0.74040112,0.069196649,0
22,221,1.4,10907.22888,689950.8571,0.003539,0,1.1754,0,0.11608,0,0,0,0,0,8.5434,1.600969904,0.74040112,0.069196649,0
22,221,1.4,10907.22888,689950.8571,6.7661,0,0,0,0.000063,0,4.7427,0,0,0,4.8618,0.533114438,0.74040112,0.069196649,0
22,221,1.4,10907.22888,689950.8571,0.005239,0,0,0,0,0,0.059897,0,0,0,4.6839,8.643285575,0.74040112,0.069196649,0
22,221,1.4,10907.22888,689950.8571,0.27066,0,0,0.021603,0,0,0,0,0,0,0,0.308645201,0.74040112,0.069196649,0
22,221,1.4,10907.22888,689950.8571,0.011015,0,0.005246,0,0,0.77921,0.13028,0,0,0,3.9402,0.163878809,0.74040112,0.069196649,0
22,221,1.4,10907.22888,689950.8571,0,0,0,0,0,0,0,0,0,0,0,2.550491043,0.74040112,0.069196649,0
22,221,1.4,10907.22888,689950.8571,1.6989,0,0,0,0,0,0,0,0,0,0,3.294248715,0.74040112,0.069196649,0
22,221,1.4,10907.22888,689950.8571,0.00833,0,0,0,0.007102,0.63853,0,0,0,0,0,10.8444667,0.74040112,0.069196649,0
22,221,1.4,10907.22888,689950.8571,0.008333,0,0.000376,0,0,0,0,0,0,0,0.241728,14.97902997,0.74040112,0.069196649,0
22,221,1.4,10907.22888,689950.8571,0,0,0,0,20.056,0.000342,0,0,0,0,8.9118,13.58857149,0.74040112,0.069196649,0
22,221,1.4,10907.22888,689950.8571,0.00036,0,0,0,3.7158,0,0,0,0,0,0.151728,0.496109546,0.74040112,0.069196649,0
22,221,1.4,10907.22888,689950.8571,9.5606,0,0,26.422,0,0,0,0,0,0,8.7318,3.50611189,0.74040112,0.069196649,0
22,221,1.4,10907.22888,689950.8571,0.27365,0,0,0,0,0,0,0,0,0,6.9018,2.626534064,0.74040112,0.069196649,0
22,221,1.4,10907.22888,689950.8571,0,0,0,0.088496,0.90312,775.66,46.36,0,0,0,41.715,0.403800639,0.74040112,0.069196649,0
22,221,1.4,10907.22888,689950.8571,0.67038,0,0.003538,0,0,0.0016135,0,0,0,0,32.442,38.6168241,0.74040112,0.069196649,0
22,221,1.4,10907.22888,689950.8571,19.622,0,3.2208,849.21,2.557,0,0,0,0,0,1.95174,0.308645201,0.74040112,0.069196649,0
22,221,1.4,10907.22888,689950.8571,0.000688,0,0,0,0,0,0,0,0,0,0,5.751441887,0.74040112,0.069196649,0
22,221,1.4,10907.22888,689950.8571,0.00824,0,0,0.011527,0,0.49503,0,0,0,0,12.4689,0.757177028,0.74040112,0.069196649,0
22,221,1.4,10907.22888,689950.8571,0,0,0,0.015258,0.027174,5.6833,0,0,0,0,4.5198,3.933904712,0.74040112,0.069196649,0
22,221,1.4,10907.22888,689950.8571,8.6108,0,0,0.012395,0.00524,0.88402,0,0,0,0,6.9018,2.626534064,0.74040112,0.069196649,0
22,221,1.4,10907.22888,689950.8571,0,0,0,0,0,0,0,0,0,0,0,3.37110503,0.74040112,0.069196649,0
22,221,1.4,10907.22888,689950.8571,0.00036,0,0,0,0.73113,0,0,0,0,0,0.151728,0.308645201,0.74040112,0.069196649,0
22,221,1.4,10907.22888,689950.8571,0.008333,0,0,2.7689,0.090777,0,0,0,0,0,0.151728,8.563989377,0.74040112,0.069196649,0
22,221,1.4,10907.22888,689950.8571,0.041249,0,0,0.049787,0,0,0,0,0,0,18.1353,1.437091095,0.74040112,0.069196649,0
22,221,1.4,10907.22888,689950.8571,189.16,0,0,223.54,0,0,0,0,0,0,7.6818,8.563989377,0.74040112,0.069196649,0
22,221,1.4,10907.22888,689950.8571,0.005239,0,3.9436,0,0,0,0,0,0,0,0,2.473634728,0.74040112,0.069196649,0
22,221,1.4,10907.22888,689950.8571,0,0,0,0,8.688,0,0,0,0,0,0,1.629841853,0.74040112,0.069196649,0
22,221,1.4,10907.22888,689950.8571,0,0,0,0,0.93395,0,0,0,0,0,0.151728,1.926287639,0.74040112,0.069196649,0
22,221,1.4,10907.22888,689950.8571,0,0,0,0,4.8466,0,0,0,0,0,15.8232,19.16080795,0.74040112,0.069196649,0
22,221,1.4,10907.22888,689950.8571,4.3384,0,0,0,0,0,0,0,0,0,0.181728,4.791523591,0.74040112,0.069196649,0
22,221,1.4,10907.22888,689950.8571,0.003355,0,0,0.097569,0,0,0,0,0,0,1.91388,3.294248715,0.74040112,0.069196649,0
22,221,1.4,10907.22888,689950.8571,0,0,0,0,0,0,0,0,0,0,0.151728,20.03672595,0.74040112,0.069196649,0
22,221,1.4,10907.22888,689950.8571,0.011776,0,0,1.8563,4.4409,7.8317,0,0,0,0,0,8.153142895,0.74040112,0.069196649,0
22,221,1.4,10907.22888,689950.8571,11.135,0,0,0,0,0,0,0,0,0,17.3718,1.753869239,0.74040112,0.069196649,0
22,221,1.4,10907.22888,689950.8571,0,0,0,0,0,0,0,0,0,0,0,3.294248715,0.74040112,0.069196649,0
22,221,1.4,10907.22888,689950.8571,1.1394,0,0,0,0,0,0,0,0,0,15.3204,4.862686845,0.74040112,0.069196649,0
22,221,1.4,10907.22888,689950.8571,4.282,0,0,0,0.014581,0,0,0,0,0,10.6818,1.437091095,0.74040112,0.069196649,0
22,221,1.4,10907.22888,689950.8571,0.0094073,0,0,0,0,0,0,0,0,0,0.151728,3.370698383,0.74040112,0.069196649,0
22,221,1.4,10907.22888,689950.8571,0.74435,0,1.7155,0,0,0,0.13028,0,0,0,0.151728,19.16080795,0.74040112,0.069196649,0
22,221,1.4,10907.22888,689950.8571,0,0,0,0.00036,0,0,0,0,0,0,7.431,4.286874454,0.74040112,0.069196649,0
22,221,1.4,10907.22888,689950.8571,0,0,0,0,0,0.002082,0,0,0,0,0.37014,7.432290306,0.74040112,0.069196649,0
22,221,1.4,10907.22888,689950.8571,0,0,0,0,0.007148,0,0.059897,0,0,0,0,4.862686845,0.74040112,0.069196649,0
22,221,1.4,10907.22888,689950.8571,0,0,0,3.4764,2.006,0,0,0,0,0,0.151728,1.611949377,0.74040112,0.069196649,0
22,221,1.4,10907.22888,689950.8571,0.010122,0,0,0,2.1767,0,0,0,0,0,0.151728,2.626534064,0.74040112,0.069196649,0
22,221,1.4,10907.22888,689950.8571,0.00644,0,0,0,0.93395,0,0,0,0,0,1.62018,13.58857149,0.74040112,0.069196649,0
22,221,1.4,10907.22888,689950.8571,10.309,0,0,0.002139,50.346,0,0,0,0,0,0,0.757177028,0.74040112,0.069196649,0
22,221,1.4,10907.22888,689950.8571,0.012154,0,0,21.209,0.008333,0,0,0,0,0,28.113,9.094257285,0.74040112,0.069196649,0
22,221,1.4,10907.22888,689950.8571,0,0,0,0,2.3758,0,0,0,0,0,0.151728,1.740043236,0.74040112,0.069196649,0
22,221,1.4,10907.22888,689950.8571,0,0,6.4551,0.029402,9.3772,0,0,0,0,0,0.31059,19.16080795,0.74040112,0.069196649,0
22,221,1.4,10907.22888,689950.8571,0,0,0,0,0.011131,0,0,0,0,0,0,0.533114438,0.74040112,0.069196649,0
22,221,1.4,10907.22888,689950.8571,0.0094528,0,0,0.007328,0,0,0,0,0,0,0.151728,4.791523591,0.74040112,0.069196649,0
22,221,1.4,10907.22888,689950.8571,0.73427,0,0,0,2.8821,0.77921,2.5309,0,0,0,0,7.61406159,0.74040112,0.069196649,0
22,221,1.4,10907.22888,689950.8571,0,0,0,8.2296,0,0,0,0,0,0,12.0081,3.539348854,0.74040112,0.069196649,0
22,221,1.4,10907.22888,689950.8571,7.049,0,0,0,0,0,65.662,0,0,0,0.211728,1.600969904,0.74040112,0.069196649,0
22,221,1.4,10907.22888,689950.8571,3.6358,0,0,0.026977,0,0,0,0,0,0,0.151728,1.753869239,0.74040112,0.069196649,0
22,221,1.4,10907.22888,689950.8571,0.90611,0,0,0,0.002868,0,0,0,0,0,2.22174,4.791523591,0.74040112,0.069196649,0
22,221,1.4,10907.22888,689950.8571,0,0,0,0,0,0,0,0,0,0,0,0.757177028,0.74040112,0.069196649,0
22,221,1.4,10907.22888,689950.8571,198.15,0,0,5.7154,0.011527,0,0.13028,0,0,0,1.41975,6.438851272,0.74040112,0.069196649,0
22,221,1.4,10907.22888,689950.8571,0.030381,0,0,0,8.1439,0,0,0,0,0,11.5818,6.85281809,0.74040112,0.069196649,0
22,221,1.4,10907.22888,689950.8571,0,0,0,0,18.998,0,0,0,0,0,0,1.611949377,0.74040112,0.069196649,0
22,221,1.4,10907.22888,689950.8571,0.008333,0,0,0,0.0001875,6.3468,0,0,0,0,7.3638,1.480602342,0.74040112,0.069196649,0
22,221,1.4,10907.22888,689950.8571,0.17713,0,1.018,0,0,0,0,0,0,0,0,8.563989377,0.74040112,0.069196649,0
22,221,1.4,10907.22888,689950.8571,0,0,0,0.0067015,0,0,0,0,0,0,0,107.1285055,0.74040112,0.069196649,0
22,221,1.4,10907.22888,689950.8571,0,0,0,0,0,2.1024,0,0,0,0,7.3206,1.740043236,0.74040112,0.069196649,0
22,221,1.4,10907.22888,689950.8571,0.003295,0,0.005845,0.008333,80.307,0.10003,0,0,0,0,3.4818,5.751441887,0.74040112,0.069196649,0
22,221,1.4,10907.22888,689950.8571,0,0,0,30.329,0,0,0,0,0,0,0,0.496109546,0.74040112,0.069196649,0
22,221,1.4,10907.22888,689950.8571,15.758,0,0,0,0,0,0,0,0,0,6.2754,1.480602342,0.74040112,0.069196649,0
22,221,1.4,10907.22888,689950.8571,0.00524,0,0.015232,0,0.008332,0,0,0,0,0,8.9718,2.550491043,0.74040112,0.069196649,0
22,221,1.4,10907.22888,689950.8571,0.042136,0,0.001434,0.008333,0.008333,0,0,0,0,0,0.151728,38.6168241,0.74040112,0.069196649,0
22,221,1.4,10907.22888,689950.8571,0,0,0,0,0,0,0,0,0,0,4.8864,1.953939646,0.74040112,0.069196649,0
22,221,1.4,10907.22888,689950.8571,4.3384,0,0,0,0.014941,0,0,0,0,0,0.36174,1.926287639,0.74040112,0.069196649,0
22,221,1.4,10907.22888,689950.8571,1.0344,0,0,0,0,0,0,0,0,0,45.933,1.753869239,0.74040112,0.069196649,0
22,221,1.4,10907.22888,689950.8571,0.40788,0,0,0,0,0,0,0,0,0,0.151728,5.721119019,0.74040112,0.069196649,0
22,221,1.4,10907.22888,689950.8571,0,0,0,0.008333,0,0,0,0.39865,0,0,0,107.1285055,0.74040112,0.069196649,0
22,221,1.4,10907.22888,689950.8571,0,0,0,0,0,0,0,0,0,0,17.3718,1.437091095,0.74040112,0.069196649,0
22,221,1.4,10907.22888,689950.8571,0.008333,0,0,0.40202,0,0,0,0,0,0,0,3.933904712,0.74040112,0.069196649,0
22,221,1.4,10907.22888,689950.8571,0.16583,0,0,0,0,0,0,0,0,0,19.7118,62.76023949,0.74040112,0.069196649,0
22,221,1.4,10907.22888,689950.8571,0,0,0,0,0,0,0,0,0,0,9.7158,6.85281809,0.74040112,0.069196649,0
22,221,1.4,10907.22888,689950.8571,1.8905,0,0,6.6789,0,0,0,0,0,0,0,83.74352198,0.74040112,0.069196649,0
22,221,1.4,10907.22888,689950.8571,2.6123,0,0,0,11.73,2.2708,0,0,0,0,0.273384,4.286874454,0.74040112,0.069196649,0
22,221,1.4,10907.22888,689950.8571,1.0344,0,0,0,0.93679,0,0,0,0,0,11.1597,20.03672595,0.74040112,0.069196649,0
22,221,1.4,10907.22888,689950.8571,0,0,0,0,0,0,0,0,0,0,0.151728,3.370698383,0.74040112,0.069196649,0
22,221,1.4,10907.22888,689950.8571,0,0,0,0,2.7524,0,0,0,0,0,0,41.65055169,0.74040112,0.069196649,0
22,221,1.4,10907.22888,689950.8571,0,0,0,0,0,0,0,0,0,0,7.6818,4.748825638,0.74040112,0.069196649,0
22,221,1.4,10907.22888,689950.8571,45.509,0,0,0.27226,0,0,6.9551,0,0,0,0.151728,0.496109546,0.74040112,0.069196649,0
22,221,1.4,10907.22888,689950.8571,0.013573,0,0,0.0097027,0,0,0,0,0,0,0,1.753869239,0.74040112,0.069196649,0
22,221,1.4,10907.22888,689950.8571,0,0,0,0,0.008321,0,0,0,0,0,21.2118,3.294248715,0.74040112,0.069196649,0
22,221,1.4,10907.22888,689950.8571,43.582,0,0,0.69261,0.63967,0,0.13028,0,0,0,5.4765,2.626534064,0.74040112,0.069196649,0
22,221,1.4,10907.22888,689950.8571,0.008333,0,0,0,0,0.10693,0,0,0,0,0.151728,0.496109546,0.74040112,0.069196649,0
22,221,1.4,10907.22888,689950.8571,0,0,0,0,23.272,0.0077375,0,0,0,0,44.763,3.294248715,0.74040112,0.069196649,0
22,221,1.4,10907.22888,689950.8571,0,0,0,0,1.0363,0,0,0,0,0,0.151728,10.8444667,0.74040112,0.069196649,0
22,221,1.4,10907.22888,689950.8571,0.39529,0,0,65.783,1.3478,0.50544,0,0,0,0,41.715,2.626534064,0.74040112,0.069196649,0
22,221,1.4,10907.22888,689950.8571,0.007697,0,0,0,0,0,0,0,0,0,14.0655,4.044970118,0.74040112,0.069196649,0
22,221,1.4,10907.22888,689950.8571,0,0,0,0.008333,8.1751,0,0,0,0,0,0,83.74352198,0.74040112,0.069196649,0
22,221,1.4,10907.22888,689950.8571,0,0,0,0,0,0,0,0,0,0,0.275259,3.50611189,0.74040112,0.069196649,0
22,221,1.4,10907.22888,689950.8571,0.27365,0,0,0,4.6708,0,0,0,0,0,0.151728,0.308645201,0.74040112,0.069196649,0
22,221,1.4,10907.22888,689950.8571,0.051828,0,0.000376,0.016337,0,0,0,0,8.2261,0,0,0.308645201,0.74040112,0.069196649,0
22,221,1.4,10907.22888,689950.8571,0.008333,0,0,0,5.7523,0,0,0,0,0,46.353,38.6168241,0.74040112,0.069196649,0
22,221,1.4,10907.22888,689950.8571,25.205,0,0,0.014206,0.17103,2.9165,0.67053,0,0,0,43.602,1.753869239,0.74040112,0.069196649,0
22,221,1.4,10907.22888,689950.8571,0,0,0,0,0.010122,0,0,0,0,0,0,7.61406159,0.74040112,0.069196649,0
22,221,1.4,10907.22888,689950.8571,4.6688,0,0,0.29765,0.038932,0,0,0,0,0,1.08339,2.282103912,0.74040112,0.069196649,0
22,221,1.4,10907.22888,689950.8571,1.2774,0,0,0.0306,0.0078558,0,0,0,0,0,0,1.740043236,0.74040112,0.069196649,0
22,221,1.4,10907.22888,689950.8571,0,0,0,0,0,0,0,0,0,0,0.78174,4.862686845,0.74040112,0.069196649,0
22,221,1.4,10907.22888,689950.8571,0.007835,0,0,0.008333,0,0,0,0,0,0,0,3.933904712,0.74040112,0.069196649,0
22,221,1.4,10907.22888,689950.8571,2.3556,0,0,0,0.14105,0.79321,0.021726,0,0,0,0.151728,544.8701155,0.74040112,0.069196649,0
22,221,1.4,10907.22888,689950.8571,0,0,0,0,0,0,0,0,0,0,0.151728,3.933904712,0.74040112,0.069196649,0
22,221,1.4,10907.22888,689950.8571,1.4385,0,20.185,1.4947,0.009767,0,0,0,0,0,39.753,3.294248715,0.74040112,0.069196649,0
22,221,1.4,10907.22888,689950.8571,0.008333,0,0,0.0088426,0.000063,0,0,0,0,0,4.9119,7.432290306,0.74040112,0.069196649,0
22,221,1.4,10907.22888,689950.8571,0,0,0,0.0065058,0,0.000491,0,0,0,0,0,9.094257285,0.74040112,0.069196649,0
22,221,1.4,10907.22888,689950.8571,0.001267,0,0,0,27.763,0,0,0,0,0,0.151728,7.432290306,0.74040112,0.069196649,0
22,221,1.4,10907.22888,689950.8571,0,0,0,0.46711,0,0,0,0,0,0,1.08174,13.58857149,0.74040112,0.069196649,0
22,221,1.4,10907.22888,689950.8571,0.001434,0,0,1.4947,0,0.014727,0,0,0,0,2.94174,8.643285575,0.74040112,0.069196649,0
22,221,1.4,10907.22888,689950.8571,2.1165,0,0,0,0.008333,0,0,0,0,0,16.3047,3.933904712,0.74040112,0.069196649,0
22,221,1.4,10907.22888,689950.8571,0,0,0,0.008333,0,0,0,0,0,0,14.1318,0.403800639,0.74040112,0.069196649,0
22,221,1.4,10907.22888,689950.8571,0.00524,0,0,0.37666,3.2048,0,0,0,0,0,6.2754,2.550491043,0.74040112,0.069196649,0
22,221,1.4,10907.22888,689950.8571,2.1821,0,0,0,0,0,0,0,0,0,0.151728,4.748825638,0.74040112,0.069196649,0
22,221,1.4,10907.22888,689950.8571,0,0,0,0,0.0056,0.77921,0,0,0,0,0.286419,57.83043216,0.74040112,0.069196649,0
22,221,1.4,10907.22888,689950.8571,0.002031,0,0,0.000688,0,0,0,0,0,0,29.7018,6.85281809,0.74040112,0.069196649,0
22,221,1.4,10907.22888,689950.8571,0,0,0,0,0,0,0,0,0,0,1.97832,0.308645201,0.74040112,0.069196649,0
22,221,1.4,10907.22888,689950.8571,0.010521,0,0,0,0,0,0,0,0,0,0,4.286874454,0.74040112,0.069196649,0
22,221,1.4,10907.22888,689950.8571,0.50457,0,0,0,6.2079,0,0,0,0,0,1.57107,1.600969904,0.74040112,0.069196649,0
22,221,1.4,10907.22888,689950.8571,22.323,0,0,0.22391,3.3385,0,0,0,0,0,34.539,1.480602342,0.74040112,0.069196649,0
22,221,1.4,10907.22888,689950.8571,0.008332,0,0,0,0.008333,0,0,0,0,0,0.181728,4.791523591,0.74040112,0.069196649,0
22,221,1.4,10907.22888,689950.8571,0,0,0,0,0.008333,0,0,0,0,0,10.6818,3.50611189,0.74040112,0.069196649,0
22,221,1.4,10907.22888,689950.8571,2.7267,0,0,0,0,0,2.5309,0,0,0,0,19.16080795,0.74040112,0.069196649,0
22,221,1.4,10907.22888,689950.8571,0.41786,0,0.01603,0.008332,0.72843,0,0,0,0,0,0,1.082901411,0.74040112,0.069196649,0
22,221,1.4,10907.22888,689950.8571,0,0,0,0,0,0,0,0,0,0,0,38.6168241,0.74040112,0.069196649,0
22,221,1.4,10907.22888,689950.8571,0.008335,0,0,0,0.008335,0,0,0,0,0,28.1349,3.294248715,0.74040112,0.069196649,0
22,221,1.4,10907.22888,689950.8571,0.22639,0,0,0,0,0,0,0.032629,0,0,0,0.51278208,0.74040112,0.069196649,0
22,221,1.4,10907.22888,689950.8571,0,0,0,1.244,0.013746,0,0,0,0,0,0,8.563989377,0.74040112,0.069196649,0
22,221,1.4,10907.22888,689950.8571,0.50457,0,0,2.8607,0,0,0,0,0,0,0,9.094257285,0.74040112,0.069196649,0
22,221,1.4,10907.22888,689950.8571,0,0,0,0,0,0,0,0,0,0,3.6918,1.953939646,0.74040112,0.069196649,0
22,221,1.4,10907.22888,689950.8571,0,0,0,0,0.030073,0,0,0,0,0,19.4277,2.282103912,0.74040112,0.069196649,0
22,221,1.4,10907.22888,689950.8571,0,0,0,0,0,0,0,0,0,0,0.181728,7.61406159,0.74040112,0.069196649,0
22,221,1.4,10907.22888,689950.8571,184.67,0,0,0.000376,0,0,0,0,0.058085,0,176.907,0.308645201,0.74040112,0.069196649,0
22,221,1.4,10907.22888,689950.8571,0.014662,0,0,8.389,0,0,0,0,0,0,6.4536,4.748825638,0.74040112,0.069196649,0
22,221,1.4,10907.22888,689950.8571,0,0,0,0,0.005239,0,0,0,0,0,0.273324,7.61406159,0.74040112,0.069196649,0
22,221,1.4,10907.22888,689950.8571,1.8709,0,0,20.04,0,0,0,0,0,0,0.181728,7.61406159,0.74040112,0.069196649,0
22,221,1.4,10907.22888,689950.8571,0,0,0,0,0.042129,0,0,0,0,0,0,83.74352198,0.74040112,0.069196649,0
22,221,1.4,10907.22888,689950.8571,0.028169,0,0,1.5394,0,0,0,0,0,0,6.258,19.16080795,0.74040112,0.069196649,0
22,221,1.4,10907.22888,689950.8571,10.582,0,0,0,0.1136,0,539.1,0,0,0,0.65616,3.933904712,0.74040112,0.069196649,0
22,221,1.4,10907.22888,689950.8571,0.002031,0,0,0,0,0,21.198,0,0,0,6.2754,14.97902997,0.74040112,0.069196649,0
22,221,1.4,10907.22888,689950.8571,0,0,0,0,0.47436,0,0,0,0,0,0.151728,2.626534064,0.74040112,0.069196649,0
22,221,1.4,10907.22888,689950.8571,25.205,0,0,0,0.00043,0,0.10863,0,0,0,0.278694,3.27635624,0.74040112,0.069196649,0
22,221,1.4,10907.22888,689950.8571,0.00524,0,0,0.008333,0.001493,0,0,0,0,0,0,83.74352198,0.74040112,0.069196649,0
22,221,1.4,10907.22888,689950.8571,0.012423,0,0,0,0,1.0289,102.85,0,0,0,2.21025,13.20935554,0.74040112,0.069196649,0
22,221,1.4,10907.22888,689950.8571,0.008335,0,0,27.797,0,0,0,0,0.0068534,0,8.5524,3.50611189,0.74040112,0.069196649,0
22,221,1.4,10907.22888,689950.8571,49.592,0,0,0.0306,0,0,8.1826,0,0,0,0.211728,0.163878809,0.74040112,0.069196649,0
22,221,1.4,10907.22888,689950.8571,0,0,0,0,3.5933,0,0,0,0,0,0.151728,3.50611189,0.74040112,0.069196649,0
22,221,1.4,10907.22888,689950.8571,0.025372,0,0,0.000124,0,0,0,0,0,0,0,4.748825638,0.74040112,0.069196649,0
22,221,1.4,10907.22888,689950.8571,0.01332,0,0,0,0,0,0,0,0,0,0.77829,0.403800639,0.74040112,0.069196649,0
22,221,1.4,10907.22888,689950.8571,0.49815,0,0,0,0,0,0,0,0,0,5.0406,1.912461635,0.74040112,0.069196649,0
22,221,1.4,10907.22888,689950.8571,0.3267,0,0,0.00524,0,0,0,0,0,0,0,2.550491043,0.74040112,0.069196649,0
22,221,1.4,10907.22888,689950.8571,0.005239,0,0,0.02891,0,0,0,0,0,0,0.151728,3.294248715,0.74040112,0.069196649,0
22,221,1.4,10907.22888,689950.8571,0,0,0,0,0,0,0,0,0,0,11.1597,2.550491043,0.74040112,0.069196649,0
22,221,1.4,10907.22888,689950.8571,2.1165,0,0,0.073717,0,0,0,0,0,0,0.268926,62.76023949,0.74040112,0.069196649,0
22,221,1.4,10907.22888,689950.8571,0.0068619,0,0,0,0.000251,0,0.40452,0,0,0,1.95174,3.989437415,0.74040112,0.069196649,0
22,221,1.4,10907.22888,689950.8571,0.008333,0,0,7.8163,0,0,0,0,0,0,14.0655,0.090682319,0.74040112,0.069196649,0
22,221,1.4,10907.22888,689950.8571,0,0,0,0,0,0,0,0,0,0,3.6159,0.308645201,0.74040112,0.069196649,0
22,221,1.4,10907.22888,689950.8571,9.7427,0,0,0.041531,9.5619,0.77921,0,0,0,0,1.27794,3.294248715,0.74040112,0.069196649,0
22,221,1.4,10907.22888,689950.8571,0.00644,0,0,0.005239,0.00524,0,0,0,0,0,0,7.61406159,0.74040112,0.069196649,0
22,221,1.4,10907.22888,689950.8571,0.17903,0,0,0,0.002741,0,0,0,0,0,0.151728,3.539348854,0.74040112,0.069196649,0
22,221,1.4,10907.22888,689950.8571,22.323,0,0,0.030965,0,0,0,0,0,0,13.3746,14.97902997,0.74040112,0.069196649,0
22,221,1.4,10907.22888,689950.8571,2.1165,0,0,0,0.16189,0,0,0,0,0,4.4313,4.286874454,0.74040112,0.069196649,0
22,221,1.4,10907.22888,689950.8571,0,0,0,0.1964,0,0,0,0,0,0,3.0075,0.403800639,0.74040112,0.069196649,0
22,221,1.4,10907.22888,689950.8571,0,0,0,0,0,0,42.065,0,0,0,0,3.294248715,0.74040112,0.069196649,0
22,221,1.4,10907.22888,689950.8571,0.00524,0,0,0,0,0,0,0,0,0,0.151728,1.437091095,0.74040112,0.069196649,0
22,221,1.4,10907.22888,689950.8571,23.064,0,0,0,0,0,0,0,0,0,0.151728,4.044970118,0.74040112,0.069196649,0
22,221,1.4,10907.22888,689950.8571,0.008333,0,0,0.005239,0,0,0,0,0.64801,0,0,1.629841853,0.74040112,0.069196649,0
22,221,1.4,10907.22888,689950.8571,0.008585,0,0,0,0,0,0,0,0,0,0.151728,2.550491043,0.74040112,0.069196649,0
22,221,1.4,10907.22888,689950.8571,0,0,0,0.008333,14.569,0.77921,0,0,0,0,0.273372,5.924849251,0.74040112,0.069196649,0
22,221,1.4,10907.22888,689950.8571,0.34912,0,0,0.00043,0,0,0,0,0,0,10.7733,4.044970118,0.74040112,0.069196649,0
22,221,1.4,10907.22888,689950.8571,13.81,0,0,0.65046,0,1.7614,0,0,0,0,0.50493,5.924849251,0.74040112,0.069196649,0
22,221,1.4,10907.22888,689950.8571,0.008585,0,0,0,0,3.1357,0,0,0,0,0,1.082901411,0.74040112,0.069196649,0
22,221,1.4,10907.22888,689950.8571,0,0,0,0,0,0,3.2846,0,53.46,0,4.6158,13.20935554,0.74040112,0.069196649,0
22,221,1.4,10907.22888,689950.8571,0.18244,0,0,1.2164,0,0.95676,0,0,0,0,15.9147,0.506275725,0.74040112,0.069196649,0
22,221,1.4,10907.22888,689950.8571,0,0,0,0,0,0,52.175,0,0,0,0,7.61406159,0.74040112,0.069196649,0
22,221,1.4,10907.22888,689950.8571,0,0,0,0,0,0,0.40452,0,0,0,0.151728,38.6168241,0.74040112,0.069196649,0
22,221,1.4,10907.22888,689950.8571,0.008335,0,0,0,0.17103,0,0,0,0,0,0,0.533114438,0.74040112,0.069196649,0
22,221,1.4,10907.22888,689950.8571,0,0,0,244.5,0.008332,0,0,0,0,0,0.151728,8.153142895,0.74040112,0.069196649,0
22,221,1.4,10907.22888,689950.8571,0.008333,0,0,0.00524,0,0,0,0,0,0,198.603,3.539348854,0.74040112,0.069196649,0
22,221,1.4,10907.22888,689950.8571,0.040702,0,0,0,0.008475,0,0,0,0,0,0.151728,13.58857149,0.74040112,0.069196649,0
22,221,1.4,10907.22888,689950.8571,0,0,0,0,0,0,0,0,0,0,0.151728,1.753869239,0.74040112,0.069196649,0
22,221,1.4,10907.22888,689950.8571,0.50457,0,0,0,0,0,0,0,0,0,0,20.03672595,0.74040112,0.069196649,0
22,221,1.4,10907.22888,689950.8571,0.58468,0,0,16.558,0,0,0,0,0,0,4.3869,3.27635624,0.74040112,0.069196649,0
22,221,1.4,10907.22888,689950.8571,0,0,0,0,0,0,0,0,0,0,0,0.757177028,0.74040112,0.069196649,0
22,221,1.4,10907.22888,689950.8571,0,0,0,0,0.001493,0,0,0,0,0,6.258,1.480602342,0.74040112,0.069196649,0
22,221,1.4,10907.22888,689950.8571,0,0,0,0,0,0.1176,21.515,0,0,0,0.36174,7.61406159,0.74040112,0.069196649,0
22,221,1.4,10907.22888,689950.8571,0.00524,0,0,2.0984,0.021906,0,0,0,0,0,4.5105,0.506275725,0.74040112,0.069196649,0
22,221,1.4,10907.22888,689950.8571,0.038936,0,0,0.008333,0,0,0,0,0,0,0.151728,62.76023949,0.74040112,0.069196649,0
22,221,1.4,10907.22888,689950.8571,0.071675,0,0,0,0,0,0,0,0,0,5.1447,8.563989377,0.74040112,0.069196649,0
22,221,1.4,10907.22888,689950.8571,0,0,0,0,0,0,0,0,0,0,0.151728,0.533114438,0.74040112,0.069196649,0
22,221,1.4,10907.22888,689950.8571,0.0068531,0,0,0.008333,0,0,0,0,0,0,73.308,38.6168241,0.74040112,0.069196649,0
22,221,1.4,10907.22888,689950.8571,0.1789,0,0,43.346,0,0,0,0,0,0,16.0194,0.496109546,0.74040112,0.069196649,0
22,221,1.4,10907.22888,689950.8571,0,0,3.2208,0,0,0.79385,0,0,0,0,0,1.437091095,0.74040112,0.069196649,0
22,221,1.4,10907.22888,689950.8571,24.337,0,0,0,0.008333,0,0,0,0,0,0,5.721119019,0.74040112,0.069196649,0
22,221,1.4,10907.22888,689950.8571,0,0,0,17.164,0.000739,0,0.002308,0,0,0,0,0.403800639,0.74040112,0.069196649,0
22,221,1.4,10907.22888,689950.8571,0,0,0,73.41,0.49136,0,0,0,0,0,9.4467,3.37110503,0.74040112,0.069196649,0
22,221,1.4,10907.22888,689950.8571,0.008333,0,0,0.01391,0,0,0,0,0,0,0.286086,1.912461635,0.74040112,0.069196649,0
22,221,1.4,10907.22888,689950.8571,0,0,0,3.7171,0,0,0,0,0,0,0.273021,83.74352198,0.74040112,0.069196649,0
22,221,1.4,10907.22888,689950.8571,1.4385,0,0,0,0.00524,0,0,0,0,0,0,0.51278208,0.74040112,0.069196649,0
23,222,1,10904.59597,689784.3096,0,0,0,10.418,0.008335,0,0,0,0,0,4.8687,0.301225485,0.73422958,0.068619867,0
23,222,1,10904.59597,689784.3096,50.278,0,0,0,0.00524,0,0,0,0,0,2.34936,2.474804353,0.73422958,0.068619867,0
23,222,1,10904.59597,689784.3096,0.005769,0,0,2.8607,0.007697,0,0,0,0,0,0.75903,0.301225485,0.73422958,0.068619867,0
23,222,1,10904.59597,689784.3096,0,0,0,0,0,0,0,0,0,0,7.6818,11.33524931,0.73422958,0.068619867,0
23,222,1,10904.59597,689784.3096,0,0,0,0,0.21192,0,0,0,0,0,1.65174,13.06734301,0.73422958,0.068619867,0
23,222,1,10904.59597,689784.3096,0,0,0,0.11797,0,0,0,0,0,0,29.2218,2.474804353,0.73422958,0.068619867,0
23,222,1,10904.59597,689784.3096,0.005239,0,0.040094,0,0.01787,0,0,0,0,0,4.4358,107.6982002,0.73422958,0.068619867,0
23,222,1,10904.59597,689784.3096,0.0021738,0,0,0.000251,0,0,0,0,0,0,0.287505,1.651413523,0.73422958,0.068619867,0
23,222,1,10904.59597,689784.3096,0.00021,0,0,0,0.17103,0,0,0,0,0,0.268926,25.71929039,0.73422958,0.068619867,0
23,222,1,10904.59597,689784.3096,0.98357,0,0,0.00524,0.019035,0.006508,0.13028,0,0,0,14.1318,15.12102526,0.73422958,0.068619867,0
23,222,1,10904.59597,689784.3096,0,0,0,0,0,0,0,0,0,0,0.273018,0.99739448,0.73422958,0.068619867,0
23,222,1,10904.59597,689784.3096,0,0,0,0,0,0,0,0,0,0,7.0536,0.99739448,0.73422958,0.068619867,0
23,222,1,10904.59597,689784.3096,0.002868,0,0,43.946,0,0.0083335,0,0,0,0,66.645,0.99739448,0.73422958,0.068619867,0
23,222,1,10904.59597,689784.3096,853.14,0,0,0.013546,0,0.79482,0,0,0,0,0.151728,15.12102526,0.73422958,0.068619867,0
23,222,1,10904.59597,689784.3096,1.6744,0,0,0,0,0,0,0,0,0,4.3869,2.474804353,0.73422958,0.068619867,0
23,222,1,10904.59597,689784.3096,0.015764,0,0,0,0.000739,0,0,0,0,0,0.151728,1.651413523,0.73422958,0.068619867,0
23,222,1,10904.59597,689784.3096,0.0088108,0,0,0,0.13592,0,0,0,0,0,0,0.085689464,0.73422958,0.068619867,0
23,222,1,10904.59597,689784.3096,16.8,0,0,0,0,0,0,0,0,0,2.73105,11.68233493,0.73422958,0.068619867,0
23,222,1,10904.59597,689784.3096,0.006702,0,0,0.0088426,0,0,7.0485,0,0,0,0.151728,0.541773565,0.73422958,0.068619867,0
23,222,1,10904.59597,689784.3096,0,0,0.65701,0.0067015,0,0,0,0,0,0,0.151728,3.237208988,0.73422958,0.068619867,0
23,222,1,10904.59597,689784.3096,0,0,0,0,0,0.000182,0,0,0,0,30.786,0.085689464,0.73422958,0.068619867,0
23,222,1,10904.59597,689784.3096,23.064,0,0,0,5.0207,0,0,0,0,0,0.34593,11.68233493,0.73422958,0.068619867,0
23,222,1,10904.59597,689784.3096,0,0,0,0,0,0,0,0,0,0,34.746,0.219704697,0.73422958,0.068619867,0
23,222,1,10904.59597,689784.3096,0,0,0,0,0,0,0,0,0,0,0.151728,0.423815456,0.73422958,0.068619867,0
23,222,1,10904.59597,689784.3096,0,0,0,0,0,0,0.008333,0,0,0,0,0.301225485,0.73422958,0.068619867,0
23,222,1,10904.59597,689784.3096,36.159,0,0,0,0,0,76.126,0,0,0,2.06073,0.541773565,0.73422958,0.068619867,0
23,222,1,10904.59597,689784.3096,0,0,0,0,0,0,0,0,0,0,0.77829,10.04744876,0.73422958,0.068619867,0
23,222,1,10904.59597,689784.3096,0.00062,0,0,0,0,0,52.387,0,0,0,0.151728,0.541773565,0.73422958,0.068619867,0
23,222,1,10904.59597,689784.3096,7.9784,0,0,0,52.779,0,0,0,0,0,1.57179,6.472102045,0.73422958,0.068619867,0
23,222,1,10904.59597,689784.3096,0.002011,0,0,0,0.00524,0,0,0,0,0,0.151728,2.007567612,0.73422958,0.068619867,0
23,222,1,10904.59597,689784.3096,0,0,0,0,0.018282,0,0,0,0,0,0.151728,3.237208988,0.73422958,0.068619867,0
23,222,1,10904.59597,689784.3096,6.3539,0,0,0.008335,0,0,0,0,0,0,5.1447,4.278895437,0.73422958,0.068619867,0
23,222,1,10904.59597,689784.3096,1.2548,0,0,4.3441,0,0,0,0,0,0,1.08339,4.278895437,0.73422958,0.068619867,0
23,222,1,10904.59597,689784.3096,0,0,0,0.001434,0,0,0,0,0,0,0.151728,6.472102045,0.73422958,0.068619867,0
23,222,1,10904.59597,689784.3096,0,0,0,0,0,0,0,0,0,0,0,15.12102526,0.73422958,0.068619867,0
23,222,1,10904.59597,689784.3096,177.88,0,0,0,0.038932,0,0,0,0,0,13.1718,3.237208988,0.73422958,0.068619867,0
23,222,1,10904.59597,689784.3096,0.27365,0,0,0,0,0,82.366,0,0,0,2.6481,0.99739448,0.73422958,0.068619867,0
23,222,1,10904.59597,689784.3096,0,0,0,0.11797,0.009767,0.7125,41.34,0,0,0,3.9018,3.789481443,0.73422958,0.068619867,0
23,222,1,10904.59597,689784.3096,9.7427,0,0,0.005769,14.569,0,0,0,0,0,11.7102,1.035375756,0.73422958,0.068619867,0
23,222,1,10904.59597,689784.3096,0.005372,0,0,0,0.67961,0.25711,0,0,0,0,0,11.68233493,0.73422958,0.068619867,0
23,222,1,10904.59597,689784.3096,0,0,0,0,0,0.77921,0,0,0,0,60.207,2.474804353,0.73422958,0.068619867,0
23,222,1,10904.59597,689784.3096,0,0,0.00524,65.783,1.2208,0,0,0,0,0,34.872,0.219704697,0.73422958,0.068619867,0
23,222,1,10904.59597,689784.3096,3.2852,0,0,0,0.79075,0.065724,0,0,0,0,15.3204,0.423815456,0.73422958,0.068619867,0
23,222,1,10904.59597,689784.3096,0,0,0,0,0,0,0,0,0,0,0,0.301225485,0.73422958,0.068619867,0
23,222,1,10904.59597,689784.3096,0.013476,0,0,0.01048,0,0,0,0,0,0,14.4696,3.237208988,0.73422958,0.068619867,0
23,222,1,10904.59597,689784.3096,0.17962,0,0,0.68671,0,0,0,0,0,0,0,1.651413523,0.73422958,0.068619867,0
23,222,1,10904.59597,689784.3096,0.001493,0,0,2.3519,8.1439,0,0,0,0,0,1.03647,1.651413523,0.73422958,0.068619867,0
23,222,1,10904.59597,689784.3096,0,0,0,0.073717,0,0,0,0,0,0,0,15.12102526,0.73422958,0.068619867,0
23,222,1,10904.59597,689784.3096,50.529,0,0,0,7.7396,0.50544,0,0,0,0,2.96682,0.301225485,0.73422958,0.068619867,0
23,222,1,10904.59597,689784.3096,0.0068531,0,0,0.026311,0,0,0,0,0,0,18.849,0.423815456,0.73422958,0.068619867,0
23,222,1,10904.59597,689784.3096,0.00524,0,0,4.6787,0,0,0,0,0,0,0,11.33524931,0.73422958,0.068619867,0
23,222,1,10904.59597,689784.3096,0,0,0,0,0,0,0,0,0,0,0,10.04744876,0.73422958,0.068619867,0
23,222,1,10904.59597,689784.3096,0.032101,0,0,0.0097027,0,0,0.13028,0,0,0,0.88596,143.9831763,0.73422958,0.068619867,0
23,222,1,10904.59597,689784.3096,0.00524,0,0,0,0,0,0,0,0,0,29.4918,15.12102526,0.73422958,0.068619867,0
23,222,1,10904.59597,689784.3096,0,0,0,0,0,0,0,0,0,0,0.151728,0.085689464,0.73422958,0.068619867,0
23,222,1,10904.59597,689784.3096,0,0,0,0,0.070777,0,0.67053,0,0,0,0.151728,6.495762651,0.73422958,0.068619867,0
23,222,1,10904.59597,689784.3096,0,0,0,0,0,0,0,0,0,0,0.151728,2.474804353,0.73422958,0.068619867,0
23,222,1,10904.59597,689784.3096,0,0,0,0,0,0,0,0,0,0,0.45174,6.472102045,0.73422958,0.068619867,0
23,222,1,10904.59597,689784.3096,0,0,0,0.011527,0,0,0,0,0,0,0,2.474804353,0.73422958,0.068619867,0
23,222,1,10904.59597,689784.3096,1.2325,0,0,0,43.956,0,0,0,0,0,23.3337,6.495762651,0.73422958,0.068619867,0
23,222,1,10904.59597,689784.3096,0.012568,0,0,0,0.00524,0,0,0,0,0,0.151728,0.301225485,0.73422958,0.068619867,0
23,222,1,10904.59597,689784.3096,0.035255,0,0,0,0,0.008335,32.893,0,0,0,18.723,6.472102045,0.73422958,0.068619867,0
23,222,1,10904.59597,689784.3096,0,0,0,0,0.50221,0,0,0,0,0,0,0.219704697,0.73422958,0.068619867,0
23,222,1,10904.59597,689784.3096,0.15204,0,0,0,0,0,35.561,0,0,0,0,0.541773565,0.73422958,0.068619867,0
23,222,1,10904.59597,689784.3096,6.0739,0,0,0,0.014581,0,0,0,0,0,4.3869,11.68233493,0.73422958,0.068619867,0
23,222,1,10904.59597,689784.3096,0.088719,0,0,0,0,0,0,0,0,0,27.5562,1.651413523,0.73422958,0.068619867,0
23,222,1,10904.59597,689784.3096,0,0,18.79,0,0,0,14.079,0,0,0,0.151728,15.12102526,0.73422958,0.068619867,0
23,222,1,10904.59597,689784.3096,1.1394,0,0,0.002741,0.038932,0,0,0,0,0,0.151728,1.035375756,0.73422958,0.068619867,0
23,222,1,10904.59597,689784.3096,1.7403,0,0,0,0,0.16347,0,0,0,0,0,1.035375756,0.73422958,0.068619867,0
23,222,1,10904.59597,689784.3096,0,0,0,0,0.010373,0.00524,0,0,0,0,0,0.541773565,0.73422958,0.068619867,0
23,222,1,10904.59597,689784.3096,0.062652,0,0,0,0.008333,0,0,1.0161,0,0,0,22.79016382,0.73422958,0.068619867,0
23,222,1,10904.59597,689784.3096,0.008335,0,0,0,0,0,0,0,0,0,1.52439,0.541773565,0.73422958,0.068619867,0
23,222,1,10904.59597,689784.3096,0,0,0,0,0,0,78.355,0,0,0,22.8018,0.423815456,0.73422958,0.068619867,0
23,222,1,10904.59597,689784.3096,0,0,0,7.1031,0.0094528,0.77904,0.13028,0,0,0,0.38949,0.541773565,0.73422958,0.068619867,0
23,222,1,10904.59597,689784.3096,3.0031,0,0,0.65591,0,0,0,0,0,0,0,0.541773565,0.73422958,0.068619867,0
23,222,1,10904.59597,689784.3096,4.5748,0,0,3.1662,0.008333,0,6.9551,0,0,0,0.151728,6.472102045,0.73422958,0.068619867,0
23,222,1,10904.59597,689784.3096,1.4804,0,0,0,0.008333,0,20.9,0,0,0,2.10972,2.474804353,0.73422958,0.068619867,0
23,222,1,10904.59597,689784.3096,8.1913,0,0,0,0.008333,0,15.202,0,0,0,0.151728,6.472102045,0.73422958,0.068619867,0
23,222,1,10904.59597,689784.3096,0,0,0,0,0,2.0442,0,0,0,0,50.673,11.33524931,0.73422958,0.068619867,0
23,222,1,10904.59597,689784.3096,0.005239,0,0,0,14.856,0,0,0,0,0,3.4872,0.301225485,0.73422958,0.068619867,0
23,222,1,10904.59597,689784.3096,5.8431,0,0,0,0,0,45.114,0,0,0,8.5644,1.035375756,0.73422958,0.068619867,0
23,222,1,10904.59597,689784.3096,0.001326,0,0.79774,1.3952,0,0,0,0,0,0,1.33368,0.541773565,0.73422958,0.068619867,0
23,222,1,10904.59597,689784.3096,0.08383,0,0,0,0.001267,0,0,0,0,0,2.06073,11.33524931,0.73422958,0.068619867,0
23,222,1,10904.59597,689784.3096,0,0,59.109,0,0.014258,0,0,0,0,0,0,11.33524931,0.73422958,0.068619867,0
23,222,1,10904.59597,689784.3096,0.008585,0,0,1.4572,0.016895,0,0,0,0,0,0,25.71929039,0.73422958,0.068619867,0
23,222,1,10904.59597,689784.3096,0.011203,0,0,0,0.00524,0,0,0,0,0,0,0.085689464,0.73422958,0.068619867,0
23,222,1,10904.59597,689784.3096,0.023705,0,0,0,0,0,0,0,0,0,0,0.541773565,0.73422958,0.068619867,0
23,222,1,10904.59597,689784.3096,0.022279,0,0,0.0068531,0,0,0,0,0,0,0.151728,11.33524931,0.73422958,0.068619867,0
23,222,1,10904.59597,689784.3096,0,0,0,0,0,0,0,0,0,0,0,4.278895437,0.73422958,0.068619867,0
23,222,1,10904.59597,689784.3096,0.040702,0,0.000172,0,2.0298,0,0,0,0,0,0,2.124635517,0.73422958,0.068619867,0
23,222,1,10904.59597,689784.3096,0.000688,0,0,0,0.002868,0,0,0,0,0,0,3.237208988,0.73422958,0.068619867,0
23,222,1,10904.59597,689784.3096,0,0,0,0,0.008333,0,0,0,0,0,24.9618,0.219704697,0.73422958,0.068619867,0
23,222,1,10904.59597,689784.3096,3.2852,0,13.427,0.40202,0,0,0,0,0,0,0.93561,0.423815456,0.73422958,0.068619867,0
23,222,1,10904.59597,689784.3096,4.3384,0,0.00062,0.0043235,0,0,0,0,0,0,1.95174,1.035375756,0.73422958,0.068619867,0
23,222,1,10904.59597,689784.3096,0,0,0,0,0,0,0,0,0,0,1.1697,0.541773565,0.73422958,0.068619867,0
23,222,1,10904.59597,689784.3096,0.016058,0,0,4.5651,0,0,0,0,0,0,0,1.651413523,0.73422958,0.068619867,0
23,222,1,10904.59597,689784.3096,3.2038,0,0,0,0,0,0,0,0,0,0.151728,3.789481443,0.73422958,0.068619867,0
23,222,1,10904.59597,689784.3096,0,0,0,0.0060235,0,0,0,0,0,0,0,1.035375756,0.73422958,0.068619867,0
23,222,1,10904.59597,689784.3096,0.00062,0,0,0,3.9118,0,0,0,0,0,0.286419,3.789481443,0.73422958,0.068619867,0
23,222,1,10904.59597,689784.3096,0,0,0,0,0,0,0,0,0,0,1.09155,2.474804353,0.73422958,0.068619867,0
23,222,1,10904.59597,689784.3096,0,0,0,0,0,0,0,0,0,0,0.151728,3.789481443,0.73422958,0.068619867,0
23,222,1,10904.59597,689784.3096,0,0,0,0.67703,0,0,0,0,0,0,1.17966,0.99739448,0.73422958,0.068619867,0
23,222,1,10904.59597,689784.3096,0.024492,0,0,0,0,0,0,0,0,0,0.151728,1.035375756,0.73422958,0.068619867,0
23,222,1,10904.59597,689784.3096,0.20435,0,0,0,76.072,0,0,0,0,0,52.569,15.12102526,0.73422958,0.068619867,0
23,222,1,10904.59597,689784.3096,0.00524,0,0,8.0353,0,0,0,0,0,0,2.21025,0.301225485,0.73422958,0.068619867,0
23,222,1,10904.59597,689784.3096,0,0,0,4.3441,0.035884,0,0,0,0,0,0.151728,0.085689464,0.73422958,0.068619867,0
23,222,1,10904.59597,689784.3096,0,0,0,0,0,0,0,0,0,0,44.763,0.085689464,0.73422958,0.068619867,0
23,222,1,10904.59597,689784.3096,0,0,0,0,70.761,0,0,0,0,0,0,0.301225485,0.73422958,0.068619867,0
23,222,1,10904.59597,689784.3096,853.14,0,0.022515,0,0,0,0,0,0,0,17.1858,0.541773565,0.73422958,0.068619867,0
23,222,1,10904.59597,689784.3096,0.032101,0,0,0,0,0.7125,0,0,0,0,0,3.237208988,0.73422958,0.068619867,0
23,222,1,10904.59597,689784.3096,0.22639,0,0,0.00524,0.076792,0,0,0,0,0,0,0.085689464,0.73422958,0.068619867,0
23,222,1,10904.59597,689784.3096,0.013572,0,0,0.047701,0,0.77921,0,0,0,0,0,10.04744876,0.73422958,0.068619867,0
23,222,1,10904.59597,689784.3096,0.00524,0,0,0,0.070777,0,0,0,0,0,0,6.472102045,0.73422958,0.068619867,0
23,222,1,10904.59597,689784.3096,0.20435,0,2.4356,0,0.008333,0,0,0,0,0,0.273324,3.237208988,0.73422958,0.068619867,0
23,222,1,10904.59597,689784.3096,0.034521,0,0,0,0,0,0,0,0,0,0,22.79016382,0.73422958,0.068619867,0
23,222,1,10904.59597,689784.3096,0,0,0,0,0.4381,0,0,0,0,0,0.54798,3.237208988,0.73422958,0.068619867,0
23,222,1,10904.59597,689784.3096,0,0,0,0.79273,0,0,0,0,0,0,0,0.423815456,0.73422958,0.068619867,0
23,222,1,10904.59597,689784.3096,9.9965,0,0,0,7.8711,0.044975,0,0,0,0,0,11.33524931,0.73422958,0.068619867,0
23,222,1,10904.59597,689784.3096,0,0,0.002031,0,0,0,0,0,0,0,8.5644,0.99739448,0.73422958,0.068619867,0
23,222,1,10904.59597,689784.3096,9.5606,0,0,0.1451,0,0,0,0,0,0,0,13.06734301,0.73422958,0.068619867,0
23,222,1,10904.59597,689784.3096,0.00644,0,0,0,0.00833,0,0,0,0,0,0.151728,0.301225485,0.73422958,0.068619867,0
23,222,1,10904.59597,689784.3096,0,0,0,0,0.0059348,0,0,0,0,0,0.151728,15.12102526,0.73422958,0.068619867,0
23,222,1,10904.59597,689784.3096,0.00524,0,0,0.00524,0.005239,0,0,0,0,0,0,0.423815456,0.73422958,0.068619867,0
23,222,1,10904.59597,689784.3096,21.786,0,0,0.00043,0.16189,0,0,0,0,0,1.41975,11.68233493,0.73422958,0.068619867,0
23,222,1,10904.59597,689784.3096,0.091719,0,0,0,0,0,0,0,0,0,2.41287,2.124635517,0.73422958,0.068619867,0
23,222,1,10904.59597,689784.3096,0,0,0,4.1588,0,0,0.13028,0,0,0,1.5003,2.124635517,0.73422958,0.068619867,0
23,222,1,10904.59597,689784.3096,0.000063,0,0,0.47974,50.346,0,0,0,0,0,0,0.219704697,0.73422958,0.068619867,0
23,222,1,10904.59597,689784.3096,2.6123,0,0,0,0,0,0,0,0,0,3.4872,1.035375756,0.73422958,0.068619867,0
23,222,1,10904.59597,689784.3096,0,0,0,0.00524,0.050892,0,0,0,0,0,0,6.472102045,0.73422958,0.068619867,0
23,222,1,10904.59597,689784.3096,0.00062,0,0,0,0,0,29.399,0,0,0,12.8022,10.04744876,0.73422958,0.068619867,0
23,222,1,10904.59597,689784.3096,0.00062,0,0,0,0,0,0,0,0,0,0,6.472102045,0.73422958,0.068619867,0
23,222,1,10904.59597,689784.3096,0.12797,0,0,0,0,0,0,0,0,0,1.08798,0.99739448,0.73422958,0.068619867,0
23,222,1,10904.59597,689784.3096,0.003539,0,0,11.552,0,0,14.188,0,0,0,0.151728,1.035375756,0.73422958,0.068619867,0
23,222,1,10904.59597,689784.3096,0.1789,0,0.005239,0,0,0,0,0,0,0,3.9402,0.301225485,0.73422958,0.068619867,0
23,222,1,10904.59597,689784.3096,0.008333,0,0,0,0,0,0,0,0,0,44.073,0.541773565,0.73422958,0.068619867,0
23,222,1,10904.59597,689784.3096,0.053886,0,0,0.000739,0.001493,0,0,0,0,0,7.431,2.124635517,0.73422958,0.068619867,0
23,222,1,10904.59597,689784.3096,0,0,0,0.9504,0,0,0,0,0,0,123.459,0.219704697,0.73422958,0.068619867,0
23,222,1,10904.59597,689784.3096,4.8879,0,0,1.3385,0,0,0,0,0,0,2.3544,0.301225485,0.73422958,0.068619867,0
23,222,1,10904.59597,689784.3096,0.051828,0,0,0,5.2863,0,0,0,0,0,2.68779,0.423815456,0.73422958,0.068619867,0
23,222,1,10904.59597,689784.3096,0.00524,0,0,4.4534,0,0,0,0,0,0,8.1576,0.085689464,0.73422958,0.068619867,0
23,222,1,10904.59597,689784.3096,0.010338,0,0,0.008333,0.50221,0,0,0,0,0,0.151728,2.124635517,0.73422958,0.068619867,0
23,222,1,10904.59597,689784.3096,0,0,0,0,0,0,0,0,0,0,0,0.085689464,0.73422958,0.068619867,0
23,222,1,10904.59597,689784.3096,7.1711,0,0,0,0,0,246.03,0,0,0,0,0.541773565,0.73422958,0.068619867,0
23,222,1,10904.59597,689784.3096,0,0,0,0.013565,0,0,0,0,0,0,3.5568,15.12102526,0.73422958,0.068619867,0
23,222,1,10904.59597,689784.3096,0.008333,0,0,0,0.008333,0,0,0,0,0,6.3561,3.237208988,0.73422958,0.068619867,0
23,222,1,10904.59597,689784.3096,0.034521,0,0,11.552,0,0,0,0,0,0,0.51381,2.124635517,0.73422958,0.068619867,0
23,222,1,10904.59597,689784.3096,0.00524,0,0,0,0,0.026505,0,0,0,0,0.151728,143.9831763,0.73422958,0.068619867,0
23,222,1,10904.59597,689784.3096,0,0,0,0.0062753,0,0,0,0,0,0,0,0.085689464,0.73422958,0.068619867,0
23,222,1,10904.59597,689784.3096,0,0,0,0,2.529,0.79321,0,0,0,0,0,0.541773565,0.73422958,0.068619867,0
23,222,1,10904.59597,689784.3096,0.063798,0,0,3.5574,0,0,0,0,0,0,0.151728,0.085689464,0.73422958,0.068619867,0
23,222,1,10904.59597,689784.3096,0,0,0,0.42984,0.008333,0,0,0,1.0175,0,0,1.035375756,0.73422958,0.068619867,0
23,222,1,10904.59597,689784.3096,0.010963,0,0,0,0,0,0,0,0,0,0.151728,2.124635517,0.73422958,0.068619867,0
23,222,1,10904.59597,689784.3096,0,0,0,0,0,0,0,0,0,0,4.6158,1.651413523,0.73422958,0.068619867,0
23,222,1,10904.59597,689784.3096,0.003355,0,0,23.088,0,0,0,0,0,0,21.2118,0.301225485,0.73422958,0.068619867,0
23,222,1,10904.59597,689784.3096,9.7427,0,0.17841,0,0.008335,0,0,0,0,0,0,2.474804353,0.73422958,0.068619867,0
23,222,1,10904.59597,689784.3096,0,0,0,6.1619,0,0,0,0,0,0,0.151728,3.789481443,0.73422958,0.068619867,0
23,222,1,10904.59597,689784.3096,0,0,0,10.744,0.008333,6.4369,0,0,0,0,0,0.423815456,0.73422958,0.068619867,0
23,222,1,10904.59597,689784.3096,0,0,0.002868,0,0,0,0,0,0,0,0,3.237208988,0.73422958,0.068619867,0
23,222,1,10904.59597,689784.3096,0,0,0,35.501,0,0,0,0,0,0,1.33728,15.12102526,0.73422958,0.068619867,0
23,222,1,10904.59597,689784.3096,0,0,0,0,0,0,0,0,0,0,0.151728,1.651413523,0.73422958,0.068619867,0
23,222,1,10904.59597,689784.3096,49.592,0,0,30.329,0,0,0,0,0,0,1.04805,11.33524931,0.73422958,0.068619867,0
23,222,1,10904.59597,689784.3096,0.013408,0,1.1754,0,0.074576,0,0,0,0,0,0.151728,0.541773565,0.73422958,0.068619867,0
23,222,1,10904.59597,689784.3096,0.002011,0,0,0,0.001493,0,0,0,0,0,2.37174,0.482794511,0.73422958,0.068619867,0
23,222,1,10904.59597,689784.3096,43.582,0,0,0,0,0,0,0,0,0,43.863,6.472102045,0.73422958,0.068619867,0
23,222,1,10904.59597,689784.3096,0.35231,0,0,0,0.26036,0,0,0,0,0,1.04805,0.541773565,0.73422958,0.068619867,0
23,222,1,10904.59597,689784.3096,0,0,0,0,0,0,0,0,0,0,37.53,0.301225485,0.73422958,0.068619867,0
23,222,1,10904.59597,689784.3096,0,0,0,0.41548,0,0,0,0,0,0,0,0.541773565,0.73422958,0.068619867,0
23,222,1,10904.59597,689784.3096,55.389,0,0,0.22843,0,0,0,0,0,0,6.8079,1.651413523,0.73422958,0.068619867,0
23,222,1,10904.59597,689784.3096,0,0,0,0,0,0.17478,0,0,0,0,0,0.219704697,0.73422958,0.068619867,0
23,222,1,10904.59597,689784.3096,0,0,0,0.00524,11.928,0.000157,0,0,0,0,0,0.423815456,0.73422958,0.068619867,0
23,222,1,10904.59597,689784.3096,0,0,0,0.001493,0,1.5684,0.021726,0,0,0,0,15.12102526,0.73422958,0.068619867,0
23,222,1,10904.59597,689784.3096,0,0,0,0,0,0,0,0,0,0,0,0.541773565,0.73422958,0.068619867,0
23,222,1,10904.59597,689784.3096,0,0,0,0,0,0.60215,133.93,0,0,0,19.4277,0.085689464,0.73422958,0.068619867,0
23,222,1,10904.59597,689784.3096,0.043506,0,0,0,0,0,0,0,0,0,0,1.035375756,0.73422958,0.068619867,0
23,222,1,10904.59597,689784.3096,1.366,0,0,0,2.1767,0,0,0,0,0,0,3.789481443,0.73422958,0.068619867,0
23,222,1,10904.59597,689784.3096,0,0,0,0,15.439,0.084836,0,0,0,0,0,2.474804353,0.73422958,0.068619867,0
23,222,1,10904.59597,689784.3096,0.003295,0,0,0.67703,0.008133,0,25.715,0,0,0,0,2.124635517,0.73422958,0.068619867,0
23,222,1,10904.59597,689784.3096,0,0,0,0,0.003538,0,0,0,0,0,0.151728,0.301225485,0.73422958,0.068619867,0
23,222,1,10904.59597,689784.3096,6.8591,0,0,1.2164,0,0,0,0,0,0,0.271128,3.237208988,0.73422958,0.068619867,0
23,222,1,10904.59597,689784.3096,0.00322,0,0,0,3.5225,0,0,0,0,0,25.2354,0.541773565,0.73422958,0.068619867,0
23,222,1,10904.59597,689784.3096,0.0059398,0,0,0,0.002508,0,0,0,0,0,12.8022,1.035375756,0.73422958,0.068619867,0
23,222,1,10904.59597,689784.3096,109.34,0,0,73.41,0,0,0,0,0,0,2.28174,1.651413523,0.73422958,0.068619867,0
23,222,1,10904.59597,689784.3096,0,0,0,0,46.767,0,0,0,0,0,0.273018,6.472102045,0.73422958,0.068619867,0
23,222,1,10904.59597,689784.3096,0.003346,0,0,0,0.013518,0,0,0,0,0,0.204657,4.278895437,0.73422958,0.068619867,0
23,222,1,10904.59597,689784.3096,49.592,0,0,0.008333,0,0,0,0,0,0,0.151728,0.085689464,0.73422958,0.068619867,0
23,222,1,10904.59597,689784.3096,0.032537,0,1.0798,0,0,0,76.371,0,0,0,14.0655,2.474804353,0.73422958,0.068619867,0
23,222,1,10904.59597,689784.3096,0,0,0,0,0,4.8967,0,0,0,0,0,0.219704697,0.73422958,0.068619867,0
23,222,1,10904.59597,689784.3096,0.0072895,0,0,0.008333,0.016895,0,35.561,0,0,0,2.01174,1.035375756,0.73422958,0.068619867,0
23,222,1,10904.59597,689784.3096,14.661,0,0,0.00524,0.00524,0,0,0,0,0,0,1.035375756,0.73422958,0.068619867,0
23,222,1,10904.59597,689784.3096,0,0,0,0,15.439,0,0,0,0,0,3.1572,6.472102045,0.73422958,0.068619867,0
23,222,1,10904.59597,689784.3096,0,0,0,0,5.7523,0,0,0,0,0,0.273384,0.99739448,0.73422958,0.068619867,0
23,222,1,10904.59597,689784.3096,0,0,0,0,0,0,0,0,0,0,0.151728,15.12102526,0.73422958,0.068619867,0
23,222,1,10904.59597,689784.3096,0.17094,0,0,52.922,0.01564,0,0,0,0,0,0.181728,0.301225485,0.73422958,0.068619867,0
23,222,1,10904.59597,689784.3096,0,0,0,0,0.032706,0.00158,0,0,0,0,53.889,1.035375756,0.73422958,0.068619867,0
23,222,1,10904.59597,689784.3096,0,0,0,11.552,0.008333,0,0,0,0,0,0.290478,1.035375756,0.73422958,0.068619867,0
23,222,1,10904.59597,689784.3096,0,0,1.018,0,0,0,0,0,0,0,15.0003,4.278895437,0.73422958,0.068619867,0
23,222,1,10904.59597,689784.3096,0,0,0,0,0.003346,0,102.85,0,0,0,0.286086,11.33524931,0.73422958,0.068619867,0
23,222,1,10904.59597,689784.3096,0,0,0,0,0,1.3382,0,0,0,0,0.151728,143.9831763,0.73422958,0.068619867,0
23,222,1,10904.59597,689784.3096,4.616,0,0,0,0,0,0,0,0,0,17.3325,1.651413523,0.73422958,0.068619867,0
23,222,1,10904.59597,689784.3096,0.003485,0,0,0,0,0,0,0,0,0,0.151728,0.219704697,0.73422958,0.068619867,0
23,222,1,10904.59597,689784.3096,3.9799,0,0,0,0,0,0,0,0,0,1.09155,2.474804353,0.73422958,0.068619867,0
23,222,1,10904.59597,689784.3096,0,0,0,0,0.008333,0,0,0,0,0,0.151728,0.085689464,0.73422958,0.068619867,0
23,222,1,10904.59597,689784.3096,0,0,0,0,0,0,0,0,0,0,198.603,6.472102045,0.73422958,0.068619867,0
23,222,1,10904.59597,689784.3096,0,0,0,0,13.034,0.95676,0,0,0,0,0,0.301225485,0.73422958,0.068619867,0
23,222,1,10904.59597,689784.3096,0,0,0,0,0,0,0,0,0,0,0,0.085689464,0.73422958,0.068619867,0
23,222,1,10904.59597,689784.3096,0.005239,0,0,0.10557,0,0.022157,0,0,0,0,0,3.237208988,0.73422958,0.068619867,0
23,222,1,10904.59597,689784.3096,0,0,0,7.8979,0,0,0.13028,0,0,0,0,0.301225485,0.73422958,0.068619867,0
23,222,1,10904.59597,689784.3096,0,0,0,0,1.6868,0,0,0,0,0,0,6.472102045,0.73422958,0.068619867,0
23,222,1,10904.59597,689784.3096,0,0,0,3.0889,5.2863,0,0,0,0,0,19.7118,0.219704697,0.73422958,0.068619867,0
23,222,1,10904.59597,689784.3096,0.008335,0,0,0,0.008333,0,0,0,0,0,0.280578,3.789481443,0.73422958,0.068619867,0
23,222,1,10904.59597,689784.3096,0,0,0,0,2.8821,0,0,0,0,0,1.73121,3.789481443,0.73422958,0.068619867,0
23,222,1,10904.59597,689784.3096,0.008333,0,0,0,0,0,0,0,0.060902,0,1.27794,1.035375756,0.73422958,0.068619867,0
23,222,1,10904.59597,689784.3096,0.016858,0,0,0.00524,0,2.3282,0,0,0,0,25.3818,25.71929039,0.73422958,0.068619867,0
23,222,1,10904.59597,689784.3096,15.2,0,0,0,0,0,0,0,0,0,28.1349,2.124635517,0.73422958,0.068619867,0
23,222,1,10904.59597,689784.3096,0.00524,0,0,0.008333,0.0306,0,0,0,0,0,0.75903,6.495762651,0.73422958,0.068619867,0
23,222,1,10904.59597,689784.3096,0,0,0,25.355,0,0,0,0,0,0,25.56,11.68233493,0.73422958,0.068619867,0
23,222,1,10904.59597,689784.3096,0,0,3.9852,0.009056,0.52251,0.90378,0.13028,0,0,0,0.151728,0.423815456,0.73422958,0.068619867,0
23,222,1,10904.59597,689784.3096,0,0,0,0,813.22,0,225,0,0,0,0.151728,0.541773565,0.73422958,0.068619867,0
23,222,1,10904.59597,689784.3096,0.008333,0,9.5147,0,0,0,0,0,0,0,1.63956,1.035375756,0.73422958,0.068619867,0
23,222,1,10904.59597,689784.3096,0.000124,0,0,3.0666,20.177,0,0,0,0,0,1.84839,15.12102526,0.73422958,0.068619867,0
23,222,1,10904.59597,689784.3096,0.002139,0,0,5.0428,0.008335,0,0,0,0,0,6.105,3.237208988,0.73422958,0.068619867,0
23,222,1,10904.59597,689784.3096,0.0055799,0,0,5.1219,0,0,0,0,0,0,22.7118,2.474804353,0.73422958,0.068619867,0
23,222,1,10904.59597,689784.3096,0.028169,0,0,0,0,0.79321,0,0,0,0,0,0.219704697,0.73422958,0.068619867,0
23,222,1,10904.59597,689784.3096,0.17713,0,0,0,0,0,0.13028,0,0,0,2.52933,0.219704697,0.73422958,0.068619867,0
23,222,1,10904.59597,689784.3096,1.7403,0,0,0,0,0,0.75031,0,0,0,0,11.33524931,0.73422958,0.068619867,0
23,222,1,10904.59597,689784.3096,0.98086,0,0,0.00524,0,0,0,0,0,0,4.2768,0.085689464,0.73422958,0.068619867,0
23,222,1,10904.59597,689784.3096,215.5,0,0,0.223,0,0,0,0,0,0,0,3.789481443,0.73422958,0.068619867,0
23,222,1,10904.59597,689784.3096,0,0,0,0,0.00524,0,51.57,0,0,0,0,15.12102526,0.73422958,0.068619867,0
23,222,1,10904.59597,689784.3096,0.060379,0,0,0,3.3385,0,0,0,0,0,0.50493,0.085689464,0.73422958,0.068619867,0
23,222,1,10904.59597,689784.3096,0.022279,0,0,20.576,2.439,0,0,0,0,0,17.2929,2.124635517,0.73422958,0.068619867,0
23,222,1,10904.59597,689784.3096,0,0,0,0.003346,0,0,0,0,0,0,0.151728,0.085689464,0.73422958,0.068619867,0
23,222,1,10904.59597,689784.3096,0,0,0,0.010471,0.003822,0,0,0,0,0,0.151728,0.219704697,0.73422958,0.068619867,0
23,222,1,10904.59597,689784.3096,2.2602,0,0,0,0.15682,0,0,0,0,0,0.151728,2.474804353,0.73422958,0.068619867,0
23,222,1,10904.59597,689784.3096,0,0,0,0.086213,0,0.78972,0,0,0,0,0,11.33524931,0.73422958,0.068619867,0
23,222,1,10904.59597,689784.3096,0,0,0,0,0.008333,0,0,0,0,0,11.682,0.085689464,0.73422958,0.068619867,0
23,222,1,10904.59597,689784.3096,0,0,0,0,0,0,0,0,0,0,0.151728,3.789481443,0.73422958,0.068619867,0
23,222,1,10904.59597,689784.3096,0,0,0,0.000078,0.00524,0,0,0,0,0,7.0536,0.99739448,0.73422958,0.068619867,0
23,222,1,10904.59597,689784.3096,0,0,0,0,0,0,0,0,0,0,11.9625,10.04744876,0.73422958,0.068619867,0
23,222,1,10904.59597,689784.3096,0,0,0,0.0088426,0.008763,0,0,0,0,0,0,15.12102526,0.73422958,0.068619867,0
23,222,1,10904.59597,689784.3096,0.001192,0,0,0,0.009056,0.41253,0,0,0.00524,0,0.151728,0.99739448,0.73422958,0.068619867,0
23,222,1,10904.59597,689784.3096,9.3106,0,0,0,0,0,0,0,0,0,8.9118,0.541773565,0.73422958,0.068619867,0
23,222,1,10904.59597,689784.3096,0.21588,0,0,0.34605,0.008333,0,0,0,0,0,30.885,1.651413523,0.73422958,0.068619867,0
23,222,1,10904.59597,689784.3096,0.000251,0,0,0,0.90312,0,0,0,0,0,0.151728,25.71929039,0.73422958,0.068619867,0
23,222,1,10904.59597,689784.3096,0.10994,0,0,0.041531,0,0,0,0,0,0,7.2312,0.423815456,0.73422958,0.068619867,0
23,222,1,10904.59597,689784.3096,25.205,0,0,0,2.1767,0,0,0,0,0,0.37014,0.085689464,0.73422958,0.068619867,0
23,222,1,10904.59597,689784.3096,0.38105,0,0,0.00524,0,0,0,0,0,0,0.151728,11.33524931,0.73422958,0.068619867,0
23,222,1,10904.59597,689784.3096,0.080184,0,0,0.000739,0,0,0,0,0,0,0.151728,0.219704697,0.73422958,0.068619867,0
23,222,1,10904.59597,689784.3096,3.8952,0,0,0.00524,0.0064809,0,0,0,0,0,10.8618,6.472102045,0.73422958,0.068619867,0
23,222,1,10904.59597,689784.3096,0.005769,0,0,0.0056478,3.3385,0,0,0,0,0,45.663,15.12102526,0.73422958,0.068619867,0
23,222,1,10904.59597,689784.3096,2.2987,0,0,0.008333,0,0,0.10863,0,0,0,0,11.33524931,0.73422958,0.068619867,0
23,222,1,10904.59597,689784.3096,2.8708,0,0,0,0,0,0.59876,0,0,0,0.151728,0.085689464,0.73422958,0.068619867,0
23,222,1,10904.59597,689784.3096,0.043506,0,0,0,0,0,0,0,0,0,0.151728,11.68233493,0.73422958,0.068619867,0
23,222,1,10904.59597,689784.3096,0.015487,0,0,0,0,0,0,0,0,0,0,11.68233493,0.73422958,0.068619867,0
23,222,1,10904.59597,689784.3096,0,0,0,0,0,0,0.42744,0,0,0,4.5897,2.007567612,0.73422958,0.068619867,0
23,222,1,10904.59597,689784.3096,0.013476,0,0,0,0.030964,0,0.60778,0,0,0,1.67382,3.237208988,0.73422958,0.068619867,0
23,222,1,10904.59597,689784.3096,0,0,0,0,50.346,0,0,0,0,0,0.151728,0.541773565,0.73422958,0.068619867,0
23,222,1,10904.59597,689784.3096,0,0,0,0.02647,0.0041885,0,0,0,0,0,0.151728,15.12102526,0.73422958,0.068619867,0
23,222,1,10904.59597,689784.3096,1.366,0,0.005264,0,0,0,0,0,0,0,0.35643,0.219704697,0.73422958,0.068619867,0
23,222,1,10904.59597,689784.3096,46.059,0,0,0,20.177,0,0,0,0,0,0.280578,6.472102045,0.73422958,0.068619867,0
23,222,1,10904.59597,689784.3096,0,0,0,0,0,0,0,0,0,0,0.151728,11.33524931,0.73422958,0.068619867,0
23,222,1,10904.59597,689784.3096,0.0068531,0,0.002031,0,0,0,109.35,0,0,0,0,1.035375756,0.73422958,0.068619867,0
23,222,1,10904.59597,689784.3096,0.061886,0,0,0,0,0,0,0,0,0,3.7518,0.301225485,0.73422958,0.068619867,0
23,222,1,10904.59597,689784.3096,0,0,0,0,0,0,0,0,0,0,0.151728,6.472102045,0.73422958,0.068619867,0
23,222,1,10904.59597,689784.3096,0,0,0,0,0.10502,0,0,0,0,0,18.7944,13.06734301,0.73422958,0.068619867,0
23,222,1,10904.59597,689784.3096,0.00036,0,0,0.84472,0.008333,0,0,0,0,0,0.33174,0.301225485,0.73422958,0.068619867,0
23,222,1,10904.59597,689784.3096,0.48229,0,0,0,813.22,0,0,0,0,0,9.4467,0.541773565,0.73422958,0.068619867,0
23,222,1,10904.59597,689784.3096,0.012154,0,0,0,0,0,0,0,0,0,0,0.423815456,0.73422958,0.068619867,0
23,222,1,10904.59597,689784.3096,0.0021738,0,0,197.85,0,0,0,0,0,0,19.2864,0.219704697,0.73422958,0.068619867,0
23,222,1,10904.59597,689784.3096,0,0,0,0,0.00043,0,0,0,0,0,0.151728,11.33524931,0.73422958,0.068619867,0
23,222,1,10904.59597,689784.3096,0.040702,0,0,0,0,0,0,0,0,0,7.6818,2.124635517,0.73422958,0.068619867,0
23,222,1,10904.59597,689784.3096,0.20435,0,0,0,0.010373,0.0899,0,0,0,0,6.105,0.301225485,0.73422958,0.068619867,0
23,222,1,10904.59597,689784.3096,0,0,0.008064,0,0,0,0,0,0,0,0,1.035375756,0.73422958,0.068619867,0
23,222,1,10904.59597,689784.3096,0.000688,0,0,3.0263,0,0,0,0,0,0,0.151728,0.301225485,0.73422958,0.068619867,0
23,222,1,10904.59597,689784.3096,21.786,0,0,0,0,0,0,0,0,0,14.4696,13.06734301,0.73422958,0.068619867,0
23,222,1,10904.59597,689784.3096,0,0,0,11.325,0,0,0,0,0,0,45.933,0.423815456,0.73422958,0.068619867,0
23,222,1,10904.59597,689784.3096,0.0055384,0,0,0,0.00524,0,0,0,0,0,0,17.60572724,0.73422958,0.068619867,0
23,222,1,10904.59597,689784.3096,0,0,0,0.008333,0.21732,0,9.6768,0,0,0,0.151728,11.33524931,0.73422958,0.068619867,0
23,222,1,10904.59597,689784.3096,0,0,0,0.049787,0,0,0,0,0,0,0,6.472102045,0.73422958,0.068619867,0
23,222,1,10904.59597,689784.3096,0.008335,0,0,0.000124,0,0,0,0,0,0,7.3257,1.651413523,0.73422958,0.068619867,0
23,222,1,10904.59597,689784.3096,0.001436,0,0,4.1588,0.0078558,2.7565,0,0,0,0,5.0718,22.79016382,0.73422958,0.068619867,0
23,222,1,10904.59597,689784.3096,5.6933,0,0,0.001326,0,0,0,0,0,0,0.151728,0.219704697,0.73422958,0.068619867,0
23,222,1,10904.59597,689784.3096,0,0,0,0,3.6586,0,0,0,0,0,13.5342,0.99739448,0.73422958,0.068619867,0
23,222,1,10904.59597,689784.3096,0,0,0,0.026311,0,0,0.67845,0,0,0,1.03647,3.237208988,0.73422958,0.068619867,0
23,222,1,10904.59597,689784.3096,0.00524,0,0,7.7379,0.020274,0.014982,0,0,0,0,0.44541,17.60572724,0.73422958,0.068619867,0
23,222,1,10904.59597,689784.3096,0.17713,0,0,0,0,0,0,0,0,0,0.151728,0.99739448,0.73422958,0.068619867,0
23,222,1,10904.59597,689784.3096,0,0,0,0.008333,0,0,0.67053,0,0,0,0.151728,0.085689464,0.73422958,0.068619867,0
23,222,1,10904.59597,689784.3096,0,0,0,0,0,0,0.021726,0,0,0,0,0.085689464,0.73422958,0.068619867,0
23,222,1,10904.59597,689784.3096,4.616,0,0,0.007251,0,0.18042,0,0,0,0,0.37014,3.237208988,0.73422958,0.068619867,0
23,222,1,10904.59597,689784.3096,0.052214,0,0,0,0,0,0,0,0,0,34.539,0.085689464,0.73422958,0.068619867,0
23,222,1,10904.59597,689784.3096,0.008004,0,0,0.0306,0,0,0,0,0.00524,0,121.068,0.219704697,0.73422958,0.068619867,0
23,222,1,10904.59597,689784.3096,0.00524,0,0,849.21,0,0.004625,0,0,0,0,6.561,15.12102526,0.73422958,0.068619867,0
23,222,1,10904.59597,689784.3096,0.0068531,0,0,0,70.761,0,0,0,0,0,41.715,2.474804353,0.73422958,0.068619867,0
23,222,1,10904.59597,689784.3096,0.14827,0,0,0.015552,0,0,0,0,0,0,0.86343,0.99739448,0.73422958,0.068619867,0
23,222,1,10904.59597,689784.3096,0.0964,0,0,0.024145,0.003821,0.78548,0,0,0,0,0.37014,0.99739448,0.73422958,0.068619867,0
23,222,1,10904.59597,689784.3096,0,0,0,0.008333,0.002868,0,0.13028,0,0,0,0.65616,0.301225485,0.73422958,0.068619867,0
23,222,1,10904.59597,689784.3096,0,0,0,1.8616,0.4786,0,0,0,0,0,0.278532,2.474804353,0.73422958,0.068619867,0
23,222,1,10904.59597,689784.3096,0,0,0,14.804,124.34,0,0.13028,0,0,0,0,10.04744876,0.73422958,0.068619867,0
23,222,1,10904.59597,689784.3096,0.19687,0,0,0.10345,0,0,0,0,0,0,0.151728,0.541773565,0.73422958,0.068619867,0
23,222,1,10904.59597,689784.3096,16.8,0,0,0.000688,0.008333,6.4369,0,0,0,0,7.2312,3.237208988,0.73422958,0.068619867,0
23,222,1,10904.59597,689784.3096,0.0021738,0,0,0,0.50221,0,0,0.13356,0,0,0,17.60572724,0.73422958,0.068619867,0
23,222,1,10904.59597,689784.3096,0.00036,0,0,9.5845,0,0,0,0,0,0,0.31755,2.474804353,0.73422958,0.068619867,0
23,222,1,10904.59597,689784.3096,0,0,0,0.008335,0.65463,0,0,0,0,0,0,0.219704697,0.73422958,0.068619867,0
23,222,1,10904.59597,689784.3096,0.0088426,0,0,0.000688,0,10.284,0,0,0,0,0,6.472102045,0.73422958,0.068619867,0
23,222,1,10904.59597,689784.3096,0,0,0,0,0,0,0,0,0,0,0,2.007567612,0.73422958,0.068619867,0
23,222,1,10904.59597,689784.3096,3.2852,0,0,0,0.014178,0,0,0,0,0,69.483,1.035375756,0.73422958,0.068619867,0
23,222,1,10904.59597,689784.3096,0.17481,0,0,0.008333,0,0,0,0,0,0,0,0.085689464,0.73422958,0.068619867,0
23,222,1,10904.59597,689784.3096,0.000739,0,0,3.0263,0.00644,0,0,0,0,0,0.92517,0.541773565,0.73422958,0.068619867,0
23,222,1,10904.59597,689784.3096,0.034133,0,0,0,0,0,0,0,0,0,0.151728,1.035375756,0.73422958,0.068619867,0
23,222,1,10904.59597,689784.3096,0.0066265,0,0,0,0,0,0,0,0,0,1.88184,4.278895437,0.73422958,0.068619867,0
23,222,1,10904.59597,689784.3096,1.5561,0,0,0,0,0,0,0,0,0,1.27794,2.007567612,0.73422958,0.068619867,0
23,222,1,10904.59597,689784.3096,0,0,0,1.3952,0,4.1439,0.13028,0,0,0,0.151728,0.99739448,0.73422958,0.068619867,0
23,222,1,10904.59597,689784.3096,0,0,0,0,0.023106,0,0,0.79321,0,0,3.4635,0.219704697,0.73422958,0.068619867,0
23,222,1,10904.59597,689784.3096,74.841,0,0,0.23606,0,0,0,0,0,0,0.271128,2.474804353,0.73422958,0.068619867,0
23,222,1,10904.59597,689784.3096,0.17481,0,0,0,0,0,0,0,0,0,0.151728,1.651413523,0.73422958,0.068619867,0
23,222,1,10904.59597,689784.3096,0.70554,0,0,0,0,0.56312,0,0,0,0,0.151728,1.035375756,0.73422958,0.068619867,0
23,222,1,10904.59597,689784.3096,0.011015,0,0.01168,0,0.000251,0.00007,0,0,0,0,0,0.99739448,0.73422958,0.068619867,0
23,222,1,10904.59597,689784.3096,0.023786,0,0,0.15605,0.00524,1.9943,0,0,0,0,0.151728,3.789481443,0.73422958,0.068619867,0
23,222,1,10904.59597,689784.3096,21.786,0,0,1.6824,0,0,0,0,0,0,0.151728,0.99739448,0.73422958,0.068619867,0
23,222,1,10904.59597,689784.3096,0.007221,0,0,0,0,0,0,0,0,0,3.0075,2.007567612,0.73422958,0.068619867,0
23,222,1,10904.59597,689784.3096,0.011297,0,0,0,0,0,0,0,0,0,1.84839,1.035375756,0.73422958,0.068619867,0
23,222,1,10904.59597,689784.3096,0,0,0,0,0,0,13.456,0,0,0,3.0075,0.99739448,0.73422958,0.068619867,0
23,222,1,10904.59597,689784.3096,0.7554,0,0,0,6.873,0,0.40452,0,0,0,3.9402,0.99739448,0.73422958,0.068619867,0
23,222,1,10904.59597,689784.3096,0,0,0,0,0,0,0,0,0,0,0,0.301225485,0.73422958,0.068619867,0
23,222,1,10904.59597,689784.3096,1.4262,0,0,0.008333,0,0,0,0,0,0,18.5811,3.789481443,0.73422958,0.068619867,0
23,222,1,10904.59597,689784.3096,0.008004,0,0,0,0,0.79321,0,0,0,0,0,0.085689464,0.73422958,0.068619867,0
23,222,1,10904.59597,689784.3096,0,0,0,0,0.010479,0,0,0,0,0,0.151728,0.301225485,0.73422958,0.068619867,0
23,222,1,10904.59597,689784.3096,0.051828,0,0,0,0.00524,1.5329,0,0,0,0,3.8823,3.789481443,0.73422958,0.068619867,0
23,222,1,10904.59597,689784.3096,0,0,0,12.981,0.007148,0,0,0,0,0,0.34434,2.124635517,0.73422958,0.068619867,0
23,222,1,10904.59597,689784.3096,198.15,0,0,4.4257,2.006,0,0,0,0,0,0.151728,6.472102045,0.73422958,0.068619867,0
23,222,1,10904.59597,689784.3096,0.00524,0,0,27.797,0,0,0,0,0,0,0.151728,0.99739448,0.73422958,0.068619867,0
23,222,1,10904.59597,689784.3096,3.9799,0,0,0.44439,0,0,0,0,0,0,0.27711,0.085689464,0.73422958,0.068619867,0
23,222,1,10904.59597,689784.3096,0,0,0,0.13117,0.005239,0,0,0,0,0,6.2754,63.91433386,0.73422958,0.068619867,0
23,222,1,10904.59597,689784.3096,1.0702,0,0.028213,0,0.008333,0,0,0,0,0,1.1697,6.472102045,0.73422958,0.068619867,0
23,222,1,10904.59597,689784.3096,0.037775,0,0,0,8.1439,0,0.13028,0,0,0,30.885,2.474804353,0.73422958,0.068619867,0
23,222,1,10904.59597,689784.3096,0.0097027,0,0,0,0.10502,0,0,0,0,0,0,0.423815456,0.73422958,0.068619867,0
23,222,1,10904.59597,689784.3096,0.22639,0,0,0,0,0,0,0,0,0,0,3.789481443,0.73422958,0.068619867,0
23,222,1,10904.59597,689784.3096,0.00644,0,0,0,0,0,0,0,0,0,0,10.04744876,0.73422958,0.068619867,0
23,222,1,10904.59597,689784.3096,0,0,0,7.1031,0,0,0,0,0,0,0.151728,17.60572724,0.73422958,0.068619867,0
23,222,1,10904.59597,689784.3096,6.3539,0,0,0,0.00644,0,0,0,0,0,10.2414,3.237208988,0.73422958,0.068619867,0
23,222,1,10904.59597,689784.3096,189.16,0,0,0,0,0,0.13028,0,0,0,18.5811,17.60572724,0.73422958,0.068619867,0
23,222,1,10904.59597,689784.3096,0,0,0,0,0,0,0,0,0,0,4.8507,15.12102526,0.73422958,0.068619867,0
23,222,1,10904.59597,689784.3096,0.00524,0,0,0,0,0,0,0,0,0,7.6407,3.237208988,0.73422958,0.068619867,0
23,222,1,10904.59597,689784.3096,0.005239,0,0.01084,0,0,0,0,0,0,0,0,3.237208988,0.73422958,0.068619867,0
23,222,1,10904.59597,689784.3096,0.10284,0,0,0,0,0,0,0,0,0,34.746,2.124635517,0.73422958,0.068619867,0
23,222,1,10904.59597,689784.3096,0.0152,0,0,0,0,0.032076,0,0,0,0,0.151728,3.237208988,0.73422958,0.068619867,0
23,222,1,10904.59597,689784.3096,0,0,0,8.389,0,0,0,0,0,0,0.151728,0.423815456,0.73422958,0.068619867,0
23,222,1,10904.59597,689784.3096,6.87,0,0,0,0.0084565,0,0,0,0,0,8.3718,15.12102526,0.73422958,0.068619867,0
23,222,1,10904.59597,689784.3096,0.98357,0,0,0,0.025169,0,0,0,0,0,0,15.12102526,0.73422958,0.068619867,0
23,222,1,10904.59597,689784.3096,0,0,0,0,2.0594,0,0,0,0,0,2.61366,0.541773565,0.73422958,0.068619867,0
23,222,1,10904.59597,689784.3096,0.022591,0,0,0.00524,20.177,0.78033,14.188,0,0,0,1.42239,11.33524931,0.73422958,0.068619867,0
23,222,1,10904.59597,689784.3096,0,0,0,4.3441,0.001478,0,0,0,0,0,6.8154,2.124635517,0.73422958,0.068619867,0
23,222,1,10904.59597,689784.3096,1.6091,0,0,0.01836,0.000124,0,8.1826,0,0,0,0,0.99739448,0.73422958,0.068619867,0
23,222,1,10904.59597,689784.3096,0,0,1.8344,0,0,0,0,0,0,0,3.4635,0.219704697,0.73422958,0.068619867,0
23,222,1,10904.59597,689784.3096,0.023275,0,0,0,0,0,0,0.86807,0,0,22.6218,143.9831763,0.73422958,0.068619867,0
23,222,1,10904.59597,689784.3096,5.865,0,0.001493,0,0,0,0,0,0,0,0,2.007567612,0.73422958,0.068619867,0
23,222,1,10904.59597,689784.3096,0,0,0,0.00524,0.0033865,0,0,0,0,0,2.60853,1.651413523,0.73422958,0.068619867,0
23,222,1,10904.59597,689784.3096,0.008333,0,0,0,0,0,0,0,0,0,4.0518,3.789481443,0.73422958,0.068619867,0
23,222,1,10904.59597,689784.3096,0,0,0,0,0,0,132.95,0,0,0,0.151728,2.474804353,0.73422958,0.068619867,0
23,222,1,10904.59597,689784.3096,0.040702,0,0,0,0.00524,0,0,0,0,0,0,0.085689464,0.73422958,0.068619867,0
23,222,1,10904.59597,689784.3096,0.015333,0,0,0,0,0,0,0,0,0,0.34434,2.124635517,0.73422958,0.068619867,0
23,222,1,10904.59597,689784.3096,0.60993,0,0,0.000376,0,0,0,0,0,0,0.151728,3.237208988,0.73422958,0.068619867,0
23,222,1,10904.59597,689784.3096,5.6933,0,0,0.021603,1.3478,0,0,0,0,0,0,0.085689464,0.73422958,0.068619867,0
23,222,1,10904.59597,689784.3096,52.722,0,0,0,0.059735,0,0,0,0,0,0.151728,2.474804353,0.73422958,0.068619867,0
23,222,1,10904.59597,689784.3096,0,0,0,0,0,0,0,0,0,0,42.996,2.124635517,0.73422958,0.068619867,0
23,222,1,10904.59597,689784.3096,0.008333,0,0,0,0.4786,0,0,0,0,0,0.65616,3.237208988,0.73422958,0.068619867,0
23,222,1,10904.59597,689784.3096,0.010122,0,0,0,0,0.008332,0,0,0,0,0.31755,0.219704697,0.73422958,0.068619867,0
23,222,1,10904.59597,689784.3096,3.619,0,0,0,0.016012,0,0,0,0,0,0,6.472102045,0.73422958,0.068619867,0
23,222,1,10904.59597,689784.3096,0.00524,0,0,0.008335,0,0,0,0,0,0,0.27432,2.474804353,0.73422958,0.068619867,0
23,222,1,10904.59597,689784.3096,3.0939,0,0,0.000251,0,0,0,0,0,0,0,3.237208988,0.73422958,0.068619867,0
23,222,1,10904.59597,689784.3096,0.008335,0,0,0,2.3758,0,0,0,0,0,2.10972,0.301225485,0.73422958,0.068619867,0
23,222,1,10904.59597,689784.3096,0.078253,0,0.00062,0,70.761,0,15.202,0,0,0,0.181728,15.12102526,0.73422958,0.068619867,0
23,222,1,10904.59597,689784.3096,0.013573,0,0,0,0,0,0,0,0,0,0.37014,6.472102045,0.73422958,0.068619867,0
23,222,1,10904.59597,689784.3096,0.5002,0,0,5.1219,0,0.074131,0,0,0,0,0.37014,0.99739448,0.73422958,0.068619867,0
23,222,1,10904.59597,689784.3096,0.00644,0,10.692,0.008333,0,12.816,12.553,0,0,0,0,2.474804353,0.73422958,0.068619867,0
23,222,1,10904.59597,689784.3096,0.2494,0,0,0,3.9118,0,0.13028,0,0,0,0.151728,17.60572724,0.73422958,0.068619867,0
23,222,1,10904.59597,689784.3096,0.034521,0,0,0,0.011526,0,0,0,0,0,0,15.12102526,0.73422958,0.068619867,0
23,222,1,10904.59597,689784.3096,0.023222,0,0,0.62945,0.013476,0,0,0,0,0,0.151728,0.085689464,0.73422958,0.068619867,0
23,222,1,10904.59597,689784.3096,9.3106,0,0.20219,0,2.6315,0,0,0,0,0,0,0.423815456,0.73422958,0.068619867,0
23,222,1,10904.59597,689784.3096,0.74435,0,0,0.007697,0.0068531,13.237,0.021726,0,0,0,0.151728,0.219704697,0.73422958,0.068619867,0
23,222,1,10904.59597,689784.3096,0,0,0,0,850.39,0.78033,0,0,0,0,5.2239,0.99739448,0.73422958,0.068619867,0
23,222,1,10904.59597,689784.3096,0.016699,0,0,4.4257,0,0,0,0,0,0,0,0.99739448,0.73422958,0.068619867,0
23,222,1,10904.59597,689784.3096,0.11748,0,0,17.76,0,0,0,0,0,0,0.151728,1.035375756,0.73422958,0.068619867,0
23,222,1,10904.59597,689784.3096,0.011527,0,0,4.5651,0,4.6961,0,0,0,0,0,2.124635517,0.73422958,0.068619867,0
23,222,1,10904.59597,689784.3096,0.13903,0,0,0,0.15682,0,0,0,0,0,5.1363,3.237208988,0.73422958,0.068619867,0
23,222,1,10904.59597,689784.3096,0.0062156,0,0,0,0,0,0,0,0,0,0,11.33524931,0.73422958,0.068619867,0
23,222,1,10904.59597,689784.3096,0.008333,0,0,0.0089655,0,0.047442,0,0,0,0,1.33368,0.541773565,0.73422958,0.068619867,0
23,222,1,10904.59597,689784.3096,0.008333,0,0,0.014206,0,0,0,0,0,0,9.5499,0.219704697,0.73422958,0.068619867,0
23,222,1,10904.59597,689784.3096,0,0,0,0,2.4885,0,0,0,0,0,0.151728,0.219704697,0.73422958,0.068619867,0
23,222,1,10904.59597,689784.3096,0.00644,0,0,0.44439,0.002156,0,0,0,0,0,1.97832,11.68233493,0.73422958,0.068619867,0
23,222,1,10904.59597,689784.3096,5.2762,0,0,0.70621,0,0,0,0,0,0,0,6.472102045,0.73422958,0.068619867,0
23,222,1,10904.59597,689784.3096,0,0,0,0.000376,0,0,0,0,0,0,0.151728,1.651413523,0.73422958,0.068619867,0
23,222,1,10904.59597,689784.3096,0.008333,0,0,0.00524,0.31656,0,0.021726,0.15201,0,0,2.34429,1.651413523,0.73422958,0.068619867,0
23,222,1,10904.59597,689784.3096,0,0,0,20.449,0,0,0,0,0,0,9.4467,0.99739448,0.73422958,0.068619867,0
23,222,1,10904.59597,689784.3096,2.9666,0,0,0,1.8144,0,0,0,0,0,30.648,0.423815456,0.73422958,0.068619867,0
23,222,1,10904.59597,689784.3096,2.6123,0,0,56.999,0.001326,0,0,0,0,0,0.151728,0.423815456,0.73422958,0.068619867,0
23,222,1,10904.59597,689784.3096,0.0097975,0,0,3.2371,124.34,0,0.008333,0,0,0,0,3.237208988,0.73422958,0.068619867,0
23,222,1,10904.59597,689784.3096,0,0,0,0,0,0,47.395,0,0,0,0.72174,11.33524931,0.73422958,0.068619867,0
23,222,1,10904.59597,689784.3096,0,0,0,0.005239,0.21081,0,0,0,0,0,0.45174,3.237208988,0.73422958,0.068619867,0
23,222,1,10904.59597,689784.3096,0.002139,0,0,0.11797,0.61065,0,0,0,0,0,4.8507,6.472102045,0.73422958,0.068619867,0
23,222,1,10904.59597,689784.3096,0.011297,0,0,0,0,0,9.569,0.36471,0,0,12.0081,3.237208988,0.73422958,0.068619867,0
23,222,1,10904.59597,689784.3096,55.389,0,0,0,0,9.7428,0,0,0,0,0,0.085689464,0.73422958,0.068619867,0
23,222,1,10904.59597,689784.3096,0.0097975,0,0,0.014341,0.42442,0,0.13028,0,0,0,0.72228,15.12102526,0.73422958,0.068619867,0
23,222,1,10904.59597,689784.3096,0.030048,0,0,0,0,0,0,0,0,0,0.93561,0.423815456,0.73422958,0.068619867,0
23,222,1,10904.59597,689784.3096,0,0,0,0,0,0,0,0,0,0,13.5342,13.06734301,0.73422958,0.068619867,0
23,222,1,10904.59597,689784.3096,0,0,0,0.008333,42.799,0.00524,0,0,0,0,25.3818,1.651413523,0.73422958,0.068619867,0
23,222,1,10904.59597,689784.3096,0,0,0,0.008333,0,0,0,0,0,0,0,6.472102045,0.73422958,0.068619867,0
23,222,1,10904.59597,689784.3096,0.15083,0,0,0,0,0,0,0,0,0,0.151728,4.278895437,0.73422958,0.068619867,0
23,222,1,10904.59597,689784.3096,0.0094528,0,0,0,0,0,0,0,0,0,34.746,0.423815456,0.73422958,0.068619867,0
23,222,1,10904.59597,689784.3096,0,0,0,0,0,0,0,0,0,0,0,6.472102045,0.73422958,0.068619867,0
23,222,1,10904.59597,689784.3096,0.009261,0,0,0,0,0,0,0,0,0,0,1.035375756,0.73422958,0.068619867,0
23,222,1,10904.59597,689784.3096,0,0,0,0,0,0,0,0,0,0,0.151728,2.124635517,0.73422958,0.068619867,0
23,222,1,10904.59597,689784.3096,0,0,0,0.00524,0,0,8.0913,0,0,0,2.3544,3.237208988,0.73422958,0.068619867,0
23,222,1,10904.59597,689784.3096,0.00524,0,0,0,0.025169,0,0,0,0,0,7.8042,0.085689464,0.73422958,0.068619867,0
23,222,1,10904.59597,689784.3096,0.007221,0,0,0,9.8934,0,0,0,0,0,0,0.423815456,0.73422958,0.068619867,0
23,222,1,10904.59597,689784.3096,0,0,0,0,0,0,0,0,0,0,4.4313,0.301225485,0.73422958,0.068619867,0
23,222,1,10904.59597,689784.3096,0.091719,0,0,0.049787,0.007148,0,0,0,0,0,1.38174,11.33524931,0.73422958,0.068619867,0
23,222,1,10904.59597,689784.3096,0.41786,0,0,0,0.00524,0,0,0,0,0,0,1.651413523,0.73422958,0.068619867,0
23,222,1,10904.59597,689784.3096,0.00524,0,0,0,0,0,0,0,0,0,0,0.423815456,0.73422958,0.068619867,0
23,222,1,10904.59597,689784.3096,0.00524,0,0,0,0.00833,0,0,0,0,0,0.151728,1.651413523,0.73422958,0.068619867,0
23,222,1,10904.59597,689784.3096,0.35231,0,0,68.713,0.008333,1.5684,0,0,0,0,10.4865,2.124635517,0.73422958,0.068619867,0
23,222,1,10904.59597,689784.3096,0,0,0,0,3.969,0,0,0,0,0,0,15.12102526,0.73422958,0.068619867,0
23,222,1,10904.59597,689784.3096,46.059,0,0,0,43.956,0,0.13028,0,0,0,15.7923,2.124635517,0.73422958,0.068619867,0
23,222,1,10904.59597,689784.3096,0.72108,0,0.015636,0,80.307,0,0,0,0,0,0,22.79016382,0.73422958,0.068619867,0
23,222,1,10904.59597,689784.3096,0.1789,0,0,0,0.31656,0.786,0,0,0,0,0,6.472102045,0.73422958,0.068619867,0
23,222,1,10904.59597,689784.3096,0.0724,0,0,0.007148,0,0,0,0,0,0,25.2354,2.474804353,0.73422958,0.068619867,0
23,222,1,10904.59597,689784.3096,0,0,9.8554,0,4.4409,0.80146,0,0,0,0,19.7118,2.474804353,0.73422958,0.068619867,0
23,222,1,10904.59597,689784.3096,0.030381,0,0,0.021906,0,0,0,0,0,0,0,6.472102045,0.73422958,0.068619867,0
23,222,1,10904.59597,689784.3096,0,0,0,0,0.008333,0,0,0,0,0,3.1572,6.472102045,0.73422958,0.068619867,0
23,222,1,10904.59597,689784.3096,6.4349,0,0,0,0,0,0,0,0,0,18.7944,0.423815456,0.73422958,0.068619867,0
23,222,1,10904.59597,689784.3096,0,0,0,0,0,1.0166,0,0,0,0,3.3018,11.33524931,0.73422958,0.068619867,0
23,222,1,10904.59597,689784.3096,0.00524,0,0,0,0,0,0,0,0,0,0,2.124635517,0.73422958,0.068619867,0
23,222,1,10904.59597,689784.3096,0.001267,0,0,0,0,0.000064,0,0,0,0,0,2.124635517,0.73422958,0.068619867,0
23,222,1,10904.59597,689784.3096,0,0,0,0,0,0,0,0,0,0,0,11.33524931,0.73422958,0.068619867,0
23,222,1,10904.59597,689784.3096,0.030381,0,0,0.002139,0,0,0,0,0,0,0.280446,6.472102045,0.73422958,0.068619867,0
23,222,1,10904.59597,689784.3096,0,0,0,0.005239,0.062887,0,0,0,0,0,5.4765,15.12102526,0.73422958,0.068619867,0
23,222,1,10904.59597,689784.3096,0,0,0,0,0,0,0,0,0,0,0.151728,1.651413523,0.73422958,0.068619867,0
23,222,1,10904.59597,689784.3096,47.536,0,0,0,0,0,0,0,0,0,0.151728,0.99739448,0.73422958,0.068619867,0
23,222,1,10904.59597,689784.3096,0.028169,0,0,0,1.7912,0,0,0,0,0,1.27794,3.789481443,0.73422958,0.068619867,0
23,222,1,10904.59597,689784.3096,0,0,0,0,0,0,0,0,0,0,4.3869,0.541773565,0.73422958,0.068619867,0
23,222,1,10904.59597,689784.3096,0.00644,0,0,0.002508,0,0,76.371,0,0,0,9.5499,11.33524931,0.73422958,0.068619867,0
23,222,1,10904.59597,689784.3096,0.000078,0,0,0,0,0,0,0,0,0,14.8218,0.423815456,0.73422958,0.068619867,0
23,222,1,10904.59597,689784.3096,0,0,0,3.7171,0,0,0,0,0,0,0,15.12102526,0.73422958,0.068619867,0
23,222,1,10904.59597,689784.3096,0.001436,0,0,0,0,0,0,0,0,0,0,6.472102045,0.73422958,0.068619867,0
23,222,1,10904.59597,689784.3096,0.08029,0,0,0,0,0,0,0,0,0,10.3692,0.085689464,0.73422958,0.068619867,0
23,222,1,10904.59597,689784.3096,0.37708,0,0,8.0353,0,0,0,0,0,0,2.34936,0.99739448,0.73422958,0.068619867,0
23,222,1,10904.59597,689784.3096,5.4818,0,0,0.051994,0,0,61.211,0,0,0,0.2871,0.541773565,0.73422958,0.068619867,0
23,222,1,10904.59597,689784.3096,0,0,0,0.001436,0,0,0,0,0,0,7.2051,2.474804353,0.73422958,0.068619867,0
23,222,1,10904.59597,689784.3096,0.023786,0,0,0.0088426,0,0,0,0,0,0,0,3.789481443,0.73422958,0.068619867,0
23,222,1,10904.59597,689784.3096,0.00524,0,0,0.005769,0,0,0,0,0,0,0,1.035375756,0.73422958,0.068619867,0
23,222,1,10904.59597,689784.3096,2.5794,0,0,0,0,0,0.13028,0,0,0,0.68376,22.79016382,0.73422958,0.068619867,0
23,222,1,10904.59597,689784.3096,0,0,0,4.648,0.019035,0,0,0,0,0,0.151728,0.085689464,0.73422958,0.068619867,0
23,222,1,10904.59597,689784.3096,0.080184,0,0,0,0.006456,0,0,0,0,0,0.151728,143.9831763,0.73422958,0.068619867,0
23,222,1,10904.59597,689784.3096,0,0,0,0,0,0,0,0,0,0,1.86174,0.423815456,0.73422958,0.068619867,0
23,222,1,10904.59597,689784.3096,0.000078,0,0.023713,0.008333,3.3777,0,0,0,0,0,0,3.237208988,0.73422958,0.068619867,0
23,222,1,10904.59597,689784.3096,0.17962,0,0,0,0.008333,0,0,0,0,0,0,0.99739448,0.73422958,0.068619867,0
23,222,1,10904.59597,689784.3096,0.0067817,0,0,0,0.00524,0,0,0,0,0,0.151728,3.237208988,0.73422958,0.068619867,0
23,222,1,10904.59597,689784.3096,0,0,0,0,0.002868,0,0,0,0,0,13.3746,0.219704697,0.73422958,0.068619867,0
23,222,1,10904.59597,689784.3096,0,0,0,0,0,0,0,0,0,0,0.36174,0.301225485,0.73422958,0.068619867,0
23,222,1,10904.59597,689784.3096,2.1165,0,0,0,0.018484,0,0,0,0,0,2.41287,11.33524931,0.73422958,0.068619867,0
23,222,1,10904.59597,689784.3096,0.048638,0,0,0,0.84234,0,0,0,0,0,0.151728,3.237208988,0.73422958,0.068619867,0
23,222,1,10904.59597,689784.3096,0,0,0,1.6824,0.00524,0,0,0,0,0,0.151728,0.085689464,0.73422958,0.068619867,0
23,222,1,10904.59597,689784.3096,1.6091,0,0,0,0,0,0,0,0,0,4.6029,2.124635517,0.73422958,0.068619867,0
23,222,1,10904.59597,689784.3096,0,0,0,0,0,0,0,0,0,0,0,6.472102045,0.73422958,0.068619867,0
23,222,1,10904.59597,689784.3096,1.6091,0,0,0,0,0,0,0,0,0,0,15.12102526,0.73422958,0.068619867,0
23,222,1,10904.59597,689784.3096,0.0083909,0,0,0.008333,0,0,0,0,0,0,13.5936,22.79016382,0.73422958,0.068619867,0
23,222,1,10904.59597,689784.3096,0.008333,0,0,0,0,0,0,0,0,0,0,0.423815456,0.73422958,0.068619867,0
23,222,1,10904.59597,689784.3096,0,0,0,0,0,0,0,0,0,0,6.1116,2.124635517,0.73422958,0.068619867,0
23,222,1,10904.59597,689784.3096,2.1218,0,0,0,0,0,0.008333,0,0,0,1.62018,0.423815456,0.73422958,0.068619867,0
23,222,1,10904.59597,689784.3096,0.008333,0,0,0.001436,0.008335,0,0,0,0,0,12.0405,0.99739448,0.73422958,0.068619867,0
23,222,1,10904.59597,689784.3096,0,0,0,2.7097,0,0.77421,0,0,0,0,25.9959,0.541773565,0.73422958,0.068619867,0
23,222,1,10904.59597,689784.3096,0.008333,0,0,0,0,0.7814,0,0,0,0,0.151728,13.06734301,0.73422958,0.068619867,0
23,222,1,10904.59597,689784.3096,0.00524,0,1.6293,0,0,0,0,0,0,0,0.151728,2.124635517,0.73422958,0.068619867,0
23,222,1,10904.59597,689784.3096,0,0,0,0,0.065813,0,0,0,0,0,0,0.301225485,0.73422958,0.068619867,0
23,222,1,10904.59597,689784.3096,6.4349,0,0,0,0,0,18.58,0,0,0,7.8042,0.541773565,0.73422958,0.068619867,0
23,222,1,10904.59597,689784.3096,1.6989,0,0,0.008321,0.67362,0,0,0,0,0,0.151728,3.237208988,0.73422958,0.068619867,0
23,222,1,10904.59597,689784.3096,0,0,0,0,0,0,0,0,0,0,3.6423,0.423815456,0.73422958,0.068619867,0
23,222,1,10904.59597,689784.3096,0.000124,0,0,0.22391,0,0,0,0,0,0,2.60853,6.495762651,0.73422958,0.068619867,0
23,222,1,10904.59597,689784.3096,2.5147,0,0,0,0,0,0,0,0,0,0.37014,3.789481443,0.73422958,0.068619867,0
24,223,11.1,10912.89791,690309.4595,0.17094,0,0,0.0078558,0.00062,0,0.80877,0,0,0,0.28509,0,0.733569451,0.068558172,0
24,223,11.1,10912.89791,690309.4595,0.007835,0,0,0,0,12.13,0.059897,0,0,0,0,0,0.733569451,0.068558172,0
24,223,11.1,10912.89791,690309.4595,0.00644,0,0,0,0.0078558,0,0,0,0,0,0.271728,0,0.733569451,0.068558172,0
24,223,11.1,10912.89791,690309.4595,0.00644,0,0,0,0,0,0,0,0,0,0.77829,0,0.733569451,0.068558172,0
24,223,11.1,10912.89791,690309.4595,0.58468,0,0,0,0,0,0,0,0,0,18.9018,0,0.733569451,0.068558172,0
24,223,11.1,10912.89791,690309.4595,0.007697,0,0,0,0.008333,0,12.553,0,0,0,0,0,0.733569451,0.068558172,0
24,223,11.1,10912.89791,690309.4595,0,0,0,0,0,0,0,0,0,0,0.151728,0,0.733569451,0.068558172,0
24,223,11.1,10912.89791,690309.4595,0,0,0,0.00524,0,0,0,0,0,0,57.423,0,0.733569451,0.068558172,0
24,223,11.1,10912.89791,690309.4595,0,0,0,0.14395,2.0594,0,0,0,0,0,0.293307,0,0.733569451,0.068558172,0
24,223,11.1,10912.89791,690309.4595,50.278,0,0,0,0.0085875,0,0,0,0,0,0,0,0.733569451,0.068558172,0
24,223,11.1,10912.89791,690309.4595,0.008335,0,0,0.009056,0,0,0,0,0,0,0.151728,0,0.733569451,0.068558172,0
24,223,11.1,10912.89791,690309.4595,14.115,0,0.053861,0,0,0,49.829,0,0,0,0.151728,0,0.733569451,0.068558172,0
24,223,11.1,10912.89791,690309.4595,0,0,0,0,0,0,0,0,0,0,0,0,0.733569451,0.068558172,0
24,223,11.1,10912.89791,690309.4595,184.67,0,0,0,0,0,0,0,0,0,0.151728,0,0.733569451,0.068558172,0
24,223,11.1,10912.89791,690309.4595,0.018381,0,0,3.0263,0,0,0,0,0,0,0,0,0.733569451,0.068558172,0
24,223,11.1,10912.89791,690309.4595,0.00524,0,0,0,0,0,55.44,0,0,0,47.883,0,0.733569451,0.068558172,0
24,223,11.1,10912.89791,690309.4595,0,0,0,0,4.5941,0,0,0,0,0,24.5118,0,0.733569451,0.068558172,0
24,223,11.1,10912.89791,690309.4595,0.027357,0,0,0,22.461,0,0,0,0,0,198.603,0,0.733569451,0.068558172,0
24,223,11.1,10912.89791,690309.4595,0,0,0,0.0055919,0,0,0,0,6.3042,0,0.279942,0,0.733569451,0.068558172,0
24,223,11.1,10912.89791,690309.4595,0,0,0,0,0.009056,0,0,0,0,0,0.151728,0,0.733569451,0.068558172,0
24,223,11.1,10912.89791,690309.4595,0.0019345,0,0,0.008333,0.008333,0,0,0,0,0,9.5499,0,0.733569451,0.068558172,0
24,223,11.1,10912.89791,690309.4595,0.011527,0,0,0,0,0,0,0,0,0,0,0,0.733569451,0.068558172,0
24,223,11.1,10912.89791,690309.4595,0,0,0,0,0,0,0,0,0,0,27.6384,0,0.733569451,0.068558172,0
24,223,11.1,10912.89791,690309.4595,0,0,0,0,0.000376,0.77921,0,0,0,0,50.673,0,0.733569451,0.068558172,0
24,223,11.1,10912.89791,690309.4595,0.008335,0,0,0,0,0,0,0,0,0,8.3718,0,0.733569451,0.068558172,0
24,223,11.1,10912.89791,690309.4595,6.8591,0,0,0,0,0,0,0,0,0,45.933,0,0.733569451,0.068558172,0
24,223,11.1,10912.89791,690309.4595,0,0,0,70.359,0.000078,0,0,0,0,0,0,0,0.733569451,0.068558172,0
24,223,11.1,10912.89791,690309.4595,0.008333,0,0,0,0.63967,0,0,0,0,0,151.038,0,0.733569451,0.068558172,0
24,223,11.1,10912.89791,690309.4595,0,0,0.029402,35.501,0,0,0,0,1.1738,0,47.328,0,0.733569451,0.068558172,0
24,223,11.1,10912.89791,690309.4595,1.2774,0,0,0.008333,0.008475,0,0,0,0,0,5.0406,0,0.733569451,0.068558172,0
24,223,11.1,10912.89791,690309.4595,0.008335,0,0,0,0.00524,0,0,0,0,0,23.3337,0,0.733569451,0.068558172,0
24,223,11.1,10912.89791,690309.4595,0,0,0,0.006456,7.0738,0,0,0,0,0,1.73121,0,0.733569451,0.068558172,0
24,223,11.1,10912.89791,690309.4595,0,0,0,0,0.008333,0,0,0,0,0,2.13174,0,0.733569451,0.068558172,0
24,223,11.1,10912.89791,690309.4595,0,0,0,0,2.0594,0,0,0,0,0,0.151728,0,0.733569451,0.068558172,0
24,223,11.1,10912.89791,690309.4595,0,0,0,0,2.3758,0,0,0,0,0,1.1697,0,0.733569451,0.068558172,0
24,223,11.1,10912.89791,690309.4595,0,0,0,7.1031,0,0,0,0,0,0,4.8618,0,0.733569451,0.068558172,0
24,223,11.1,10912.89791,690309.4595,0.010364,0,0,0,18.998,0,0,0,0,0,0,0,0.733569451,0.068558172,0
24,223,11.1,10912.89791,690309.4595,1.7472,0,0,0,0.008333,0.79323,0,0,0,0,123.459,0,0.733569451,0.068558172,0
24,223,11.1,10912.89791,690309.4595,0,0,0,0,0,0,0,0,0,0,0.151728,0,0.733569451,0.068558172,0
24,223,11.1,10912.89791,690309.4595,0.013408,0,0,6.7865,0,0.065724,0,0,0,0,0.44541,0,0.733569451,0.068558172,0
24,223,11.1,10912.89791,690309.4595,0,0,0,0.008333,0,0,0,0,0,0,9.1953,0,0.733569451,0.068558172,0
24,223,11.1,10912.89791,690309.4595,0.002031,0,0,0,0,0,0.10863,0,0,0,0.151728,0,0.733569451,0.068558172,0
24,223,11.1,10912.89791,690309.4595,0,0,0,1.2021,0.011841,0.90378,0,0,0,0,0,0,0.733569451,0.068558172,0
24,223,11.1,10912.89791,690309.4595,0,0,0,0,0,0,0,0,0,0,0,0,0.733569451,0.068558172,0
24,223,11.1,10912.89791,690309.4595,8.2504,0,0,0,0.007328,0,0,0,0,0,0,0,0.733569451,0.068558172,0
24,223,11.1,10912.89791,690309.4595,0.0724,0,0,0,0,0,0,0,0,0,0,0,0.733569451,0.068558172,0
24,223,11.1,10912.89791,690309.4595,0,0,0.0062235,0,0,0,0,0,0,0,6.102,0,0.733569451,0.068558172,0
24,223,11.1,10912.89791,690309.4595,0,0,0,0,0,0,0,0,0,0,0.68376,0,0.733569451,0.068558172,0
24,223,11.1,10912.89791,690309.4595,3.8421,0,0,0,2.4885,0,0,0,0,0,17.1858,0,0.733569451,0.068558172,0
24,223,11.1,10912.89791,690309.4595,0.008333,0,0,7.7379,0.00524,0,0,0,0,0,0.151728,0,0.733569451,0.068558172,0
24,223,11.1,10912.89791,690309.4595,0,0,0,1.1486,0,0,0.002308,0,0,0,0,0,0.733569451,0.068558172,0
24,223,11.1,10912.89791,690309.4595,0,0,0.009348,0.0055291,0,0,0,0,0,0,0.151728,0,0.733569451,0.068558172,0
24,223,11.1,10912.89791,690309.4595,0.002031,0,0,0,0.008333,0,0,0,0,0,2.66157,0,0.733569451,0.068558172,0
24,223,11.1,10912.89791,690309.4595,0.15712,0,0,0,0.00524,0,0,0,0,0,1.84839,0,0.733569451,0.068558172,0
24,223,11.1,10912.89791,690309.4595,0,0,0,0.41548,1.2446,0,0,0,0,0,0.3897,0,0.733569451,0.068558172,0
24,223,11.1,10912.89791,690309.4595,4.616,0,0,0,0,0,0,0,0,0,1.97832,0,0.733569451,0.068558172,0
24,223,11.1,10912.89791,690309.4595,0.008333,0,0.20219,20.04,0,0,0,0,0,0,22.8018,0,0.733569451,0.068558172,0
24,223,11.1,10912.89791,690309.4595,3.2038,0,0,0,0,0,0,0,0,0,16.4517,0,0.733569451,0.068558172,0
24,223,11.1,10912.89791,690309.4595,24.337,0,0,0,0,0,0,0,0,0,0.151728,0,0.733569451,0.068558172,0
24,223,11.1,10912.89791,690309.4595,0.053886,0,0,0.0086135,0,0.56312,0,0,0,0,15.7923,0,0.733569451,0.068558172,0
24,223,11.1,10912.89791,690309.4595,0.008333,0,0,0,0,0,137.34,0,0,0,0.151728,0,0.733569451,0.068558172,0
24,223,11.1,10912.89791,690309.4595,19.622,0,0,1.8616,0,0,0,0,0,0,0,0,0.733569451,0.068558172,0
24,223,11.1,10912.89791,690309.4595,55.389,0,0,0,0.00524,0,0,0,0,0,0.84174,0,0.733569451,0.068558172,0
24,223,11.1,10912.89791,690309.4595,0.00524,0,0,0,0.0014495,0,1.7925,0,0,0,1.31526,0,0.733569451,0.068558172,0
24,223,11.1,10912.89791,690309.4595,177.88,0,0,0.001326,0,0,0.13028,0,0,0,12.0081,0,0.733569451,0.068558172,0
24,223,11.1,10912.89791,690309.4595,0,0,0,0,3.0408,0,0,0,0,0,0.151728,0,0.733569451,0.068558172,0
24,223,11.1,10912.89791,690309.4595,0.0088426,0,0,0,14.692,0,0,0,0,0,0.65616,0,0.733569451,0.068558172,0
24,223,11.1,10912.89791,690309.4595,0,0,0,0,0.00062,0,14.556,0,0,0,23.3337,0,0.733569451,0.068558172,0
24,223,11.1,10912.89791,690309.4595,0,0,0,0,0,0,0,0,0,0,95.283,0,0.733569451,0.068558172,0
24,223,11.1,10912.89791,690309.4595,0,0,0,0,0,0.79321,71.996,0,0,0,0,0,0.733569451,0.068558172,0
24,223,11.1,10912.89791,690309.4595,0.009056,0,0,15.197,0.008333,0,0,0,0,0,0.151728,0,0.733569451,0.068558172,0
24,223,11.1,10912.89791,690309.4595,0.078253,0,0,5.7854,0.001493,0,0,0,0,0,0,0,0.733569451,0.068558172,0
24,223,11.1,10912.89791,690309.4595,0,0,0,0.0011005,4.1692,0,0,0,0,0,5.4765,0,0.733569451,0.068558172,0
24,223,11.1,10912.89791,690309.4595,0,0,0,0,0,0,0,0,0,0,0.151728,0,0.733569451,0.068558172,0
24,223,11.1,10912.89791,690309.4595,0,0,0,0,0.042129,0,0,0,0,0,68.145,0,0.733569451,0.068558172,0
24,223,11.1,10912.89791,690309.4595,0,0,0,0,14.692,0.77921,13.456,0,0,0,12.8901,0,0.733569451,0.068558172,0
24,223,11.1,10912.89791,690309.4595,0,0,0,0,3.3777,0,0,0,0,0,0.36174,0,0.733569451,0.068558172,0
24,223,11.1,10912.89791,690309.4595,0.00524,0,0,0,0.008333,0,0,0,0,0,0.151728,0,0.733569451,0.068558172,0
24,223,11.1,10912.89791,690309.4595,0.015379,0,0,0.008333,0,0,0,0,0,0,5.1447,0,0.733569451,0.068558172,0
24,223,11.1,10912.89791,690309.4595,0,0,0,0,0.353,0,0,0,0,0,0,0,0.733569451,0.068558172,0
24,223,11.1,10912.89791,690309.4595,0.98357,0,0,0,0,0,0,0,0,0,0,0,0.733569451,0.068558172,0
24,223,11.1,10912.89791,690309.4595,0.023705,0,0,10.418,0,0,0,0,0,0,0.151728,0,0.733569451,0.068558172,0
24,223,11.1,10912.89791,690309.4595,0.026942,0,0,0,0.069058,0,0,0,0,0,0,0,0.733569451,0.068558172,0
24,223,11.1,10912.89791,690309.4595,0.18674,0,0,1.4947,0.3855,0,0,0,0,0,0.151728,0,0.733569451,0.068558172,0
24,223,11.1,10912.89791,690309.4595,0,0,0,0,0,0,0,0,0,0,23.3337,0,0.733569451,0.068558172,0
24,223,11.1,10912.89791,690309.4595,0.035255,0,0,0.036193,0.65463,0,0,0,0,0,18.7944,0,0.733569451,0.068558172,0
24,223,11.1,10912.89791,690309.4595,0.016699,0,0,0,0,0,0,0,0,0,0.181728,0,0.733569451,0.068558172,0
24,223,11.1,10912.89791,690309.4595,0.37708,0,0,5.0428,0,0,0,0,0,0,0.151728,0,0.733569451,0.068558172,0
24,223,11.1,10912.89791,690309.4595,1.2325,0,0,0,0,0,76.371,0,0,0,0,0,0.733569451,0.068558172,0
24,223,11.1,10912.89791,690309.4595,12.084,0,0,0,0,0,0,0,0,0,39.096,0,0.733569451,0.068558172,0
24,223,11.1,10912.89791,690309.4595,0,0,0,0.008335,0.00833,0,0.13028,0,0,0,18.5811,0,0.733569451,0.068558172,0
24,223,11.1,10912.89791,690309.4595,0.028169,0,0,3.1662,0.0001405,0,0,0,0,0,0.151728,0,0.733569451,0.068558172,0
24,223,11.1,10912.89791,690309.4595,0,0,0,0.10345,0,4.0019,0,0,0,0,0.72174,0,0.733569451,0.068558172,0
24,223,11.1,10912.89791,690309.4595,0,0,0,0,0,0,0,0,0,0,2.94174,0,0.733569451,0.068558172,0
24,223,11.1,10912.89791,690309.4595,0,0,0,25.355,0,0,0,0,0,0,22.6218,0,0.733569451,0.068558172,0
24,223,11.1,10912.89791,690309.4595,0,0,0,0.005239,0,0,0.13028,0,0,0,0,0,0.733569451,0.068558172,0
24,223,11.1,10912.89791,690309.4595,0,0,0,0.00524,0,0,0,0,0,0,6.108,0,0.733569451,0.068558172,0
24,223,11.1,10912.89791,690309.4595,0,0,0,0,0.00043,0,0,0,0,0,0.271128,0,0.733569451,0.068558172,0
24,223,11.1,10912.89791,690309.4595,0.018322,0,0,0,0,0.77921,0,0,0,0,0,0,0.733569451,0.068558172,0
24,223,11.1,10912.89791,690309.4595,8.2504,0,0,0.55992,0.008333,0,0,0,0,0,12.0405,0,0.733569451,0.068558172,0
24,223,11.1,10912.89791,690309.4595,0,0,0,0.000716,0,0,0,0,0,0,0.151728,0,0.733569451,0.068558172,0
24,223,11.1,10912.89791,690309.4595,1.2325,0,0,0.008332,0,0,0,0,0,0,0,0,0.733569451,0.068558172,0
24,223,11.1,10912.89791,690309.4595,0,0,0,7.2355,0,0,0,0,0,0,1.47333,0,0.733569451,0.068558172,0
24,223,11.1,10912.89791,690309.4595,0.14297,0,0,0.11797,29.422,0,0,0,0,0,0,0,0.733569451,0.068558172,0
24,223,11.1,10912.89791,690309.4595,0.38105,0,0,0,26.494,0,0,0,0,0,0.151728,0,0.733569451,0.068558172,0
24,223,11.1,10912.89791,690309.4595,0,0,197.21,0,0,0,0,0,0,0,0.276939,0,0.733569451,0.068558172,0
24,223,11.1,10912.89791,690309.4595,0,0,0,0,0,0,0,0,0,0,0.45174,0,0.733569451,0.068558172,0
24,223,11.1,10912.89791,690309.4595,0,0,0,0,0.00524,0.56078,0,0,0,0,0,0,0.733569451,0.068558172,0
24,223,11.1,10912.89791,690309.4595,0.032101,0,0,0.00524,0,0,0,0,0,0,8.3751,0,0.733569451,0.068558172,0
24,223,11.1,10912.89791,690309.4595,0,0,0,0.0011005,0,0,0,0.78691,0,0,0,0,0.733569451,0.068558172,0
24,223,11.1,10912.89791,690309.4595,0.045123,0,0,0,0,0,35.561,0,0,0,0,0,0.733569451,0.068558172,0
24,223,11.1,10912.89791,690309.4595,0.051828,0,0,0,0.00062,0.008333,0,0,0,0,18.7944,0,0.733569451,0.068558172,0
24,223,11.1,10912.89791,690309.4595,0.012154,0,0,0,0,1.692,0,0,0,0,0,0,0.733569451,0.068558172,0
24,223,11.1,10912.89791,690309.4595,1.4804,0,0,0.007328,0,1.5527,30.781,0,0,0,10.6818,0,0.733569451,0.068558172,0
24,223,11.1,10912.89791,690309.4595,0,0,0,0,43.956,0,0,0,0,0,0.151728,0,0.733569451,0.068558172,0
24,223,11.1,10912.89791,690309.4595,0,0,0,0,0.030965,0,0,0,0,0,0.151728,0,0.733569451,0.068558172,0
24,223,11.1,10912.89791,690309.4595,0.003821,0,0,0,7.0112,0,0,0,0,0,1.08339,0,0.733569451,0.068558172,0
24,223,11.1,10912.89791,690309.4595,2.3556,0,0,0.00062,0,0,0.10863,0,0,0,0.273366,0,0.733569451,0.068558172,0
24,223,11.1,10912.89791,690309.4595,0.44516,0,0,0,0,0,3.2846,0,0,0,0.293307,0,0.733569451,0.068558172,0
24,223,11.1,10912.89791,690309.4595,0.5002,0,0,31.038,0,0,0,0,0,0,1.03647,0,0.733569451,0.068558172,0
24,223,11.1,10912.89791,690309.4595,0.016858,0,0,0.008336,0,0,0,0,0,0,0.151728,0,0.733569451,0.068558172,0
24,223,11.1,10912.89791,690309.4595,0.76883,0,0,0,0,0,0.42744,0,0,0,4.6158,0,0.733569451,0.068558172,0
24,223,11.1,10912.89791,690309.4595,0.013476,0,0,4.1588,0.0073964,0,0,0,0,0,0.151728,0,0.733569451,0.068558172,0
24,223,11.1,10912.89791,690309.4595,1.8709,0,0,0,0,0,0,0,0,0,2.10972,0,0.733569451,0.068558172,0
24,223,11.1,10912.89791,690309.4595,0.00753,0,0,0,0.008333,0,0.13028,0,0,0,0.151728,0,0.733569451,0.068558172,0
24,223,11.1,10912.89791,690309.4595,0.7554,0,0,0.011074,0,0,0.13028,0,0,0,0.151728,0,0.733569451,0.068558172,0
24,223,11.1,10912.89791,690309.4595,0.000376,0,0,0,26.765,0,0,0,0,0,5.0718,0,0.733569451,0.068558172,0
24,223,11.1,10912.89791,690309.4595,0.002031,0,0,1.2811,0,0,0,0,0,0,0.151728,0,0.733569451,0.068558172,0
24,223,11.1,10912.89791,690309.4595,0,0,0,0,0.032706,0,0.059897,0,0,0,0,0,0.733569451,0.068558172,0
24,223,11.1,10912.89791,690309.4595,0,0,0.001463,0,4.753,0.78099,0,0,0,0,1.08174,0,0.733569451,0.068558172,0
24,223,11.1,10912.89791,690309.4595,53.36,0,0,51.422,0.005239,0,0,0,0,0,0.278526,0,0.733569451,0.068558172,0
24,223,11.1,10912.89791,690309.4595,2.8708,0,0,0,0.0096305,0,0,0,0,0,0.279615,0,0.733569451,0.068558172,0
24,223,11.1,10912.89791,690309.4595,0.91229,0,0,0,0.0067709,0,0,0,0,0,0,0,0.733569451,0.068558172,0
24,223,11.1,10912.89791,690309.4595,0.08029,0,0,0.005239,9.3772,0.13226,1.5219,0,0,0,0.276939,0,0.733569451,0.068558172,0
24,223,11.1,10912.89791,690309.4595,0.001192,0,0,0,0.021906,0,0,0,0,0,0.151728,0,0.733569451,0.068558172,0
24,223,11.1,10912.89791,690309.4595,0,0,0,0.001326,0,0,0.13028,0,0,0,34.746,0,0.733569451,0.068558172,0
24,223,11.1,10912.89791,690309.4595,2.1218,0,0,4.3441,0,0,0,0,0,0,0.278532,0,0.733569451,0.068558172,0
24,223,11.1,10912.89791,690309.4595,0,0,0,0,0,0,0,0,0,0,0,0,0.733569451,0.068558172,0
24,223,11.1,10912.89791,690309.4595,0,0,0,0,0,0,0,0,0,0,0.151728,0,0.733569451,0.068558172,0
24,223,11.1,10912.89791,690309.4595,0,0,0,2.2778,0.008333,0.77921,0,0,0,0,0,0,0.733569451,0.068558172,0
24,223,11.1,10912.89791,690309.4595,0.008333,0,0,0,0.25607,0,0,0,0,0,0,0,0.733569451,0.068558172,0
24,223,11.1,10912.89791,690309.4595,0.85316,0,0,0,0,0,0,0,0,0,0,0,0.733569451,0.068558172,0
24,223,11.1,10912.89791,690309.4595,0.012423,0,0,0,0.060787,0,0,0,0,0,0.151728,0,0.733569451,0.068558172,0
24,223,11.1,10912.89791,690309.4595,0.00644,0,0,0,0,0.79079,0.13028,0,0,0,0.37014,0,0.733569451,0.068558172,0
24,223,11.1,10912.89791,690309.4595,19.622,0,0,0,0.15682,0,0,0,0,0,0.151728,0,0.733569451,0.068558172,0
24,223,11.1,10912.89791,690309.4595,0.00524,0,0,0,0,0,9.039,0,0,0,1.19187,0,0.733569451,0.068558172,0
24,223,11.1,10912.89791,690309.4595,0,0,0,0,0,0.026505,0,0,0,0,0.271128,0,0.733569451,0.068558172,0
24,223,11.1,10912.89791,690309.4595,0,0,0,0,0,0,0.59876,0,0,0,0,0,0.733569451,0.068558172,0
24,223,11.1,10912.89791,690309.4595,1.5561,0,0,0,0,0,0,0,0,0,0,0,0.733569451,0.068558172,0
24,223,11.1,10912.89791,690309.4595,0,0,0,0.00043,2.4885,0,0,0,0,0,0,0,0.733569451,0.068558172,0
24,223,11.1,10912.89791,690309.4595,1.2548,0,0,0,13.034,0,0,0,0,0,0,0,0.733569451,0.068558172,0
24,223,11.1,10912.89791,690309.4595,7.2682,0,0,0,0.021909,0,0,0,0,0,1.08174,0,0.733569451,0.068558172,0
24,223,11.1,10912.89791,690309.4595,0,0,0,0,0.79075,0,0,0,0,0,0,0,0.733569451,0.068558172,0
24,223,11.1,10912.89791,690309.4595,50.529,0,0,0,0.010996,0,0,0,0,0,0.211728,0,0.733569451,0.068558172,0
24,223,11.1,10912.89791,690309.4595,0,0,0,0,0.00644,0.000273,0,0,0,0,0.151728,0,0.733569451,0.068558172,0
24,223,11.1,10912.89791,690309.4595,5.6933,0,0,0.001434,1.2072,0,0,1.0501,0,0,2.06073,0,0.733569451,0.068558172,0
24,223,11.1,10912.89791,690309.4595,2.9666,0,0,0.00036,0,0,0,0,0,0,0,0,0.733569451,0.068558172,0
24,223,11.1,10912.89791,690309.4595,0.005372,0,0,0.010165,0.008333,0,0,0,0,0,0,0,0.733569451,0.068558172,0
24,223,11.1,10912.89791,690309.4595,0.008333,0,0,0.030966,0,0,0,0,0,0,4.521,0,0.733569451,0.068558172,0
24,223,11.1,10912.89791,690309.4595,0.008321,0,0,0,0,0,0,0,0,0,0,0,0.733569451,0.068558172,0
24,223,11.1,10912.89791,690309.4595,0,0,0,5.8999,0,0,0,0,0,0,6.105,0,0.733569451,0.068558172,0
24,223,11.1,10912.89791,690309.4595,0,0,0,0.94228,6.2079,0,0,0,0,0,19.4277,0,0.733569451,0.068558172,0
24,223,11.1,10912.89791,690309.4595,40.517,0,0,0,0.25503,0,0,0,0,0,7.3206,0,0.733569451,0.068558172,0
24,223,11.1,10912.89791,690309.4595,0,0,0,0,2.006,0,0,0,0,0,0,0,0.733569451,0.068558172,0
24,223,11.1,10912.89791,690309.4595,2.1165,0,0,10.898,2.8291,0,0,0,0,0,0,0,0.733569451,0.068558172,0
24,223,11.1,10912.89791,690309.4595,0.012671,0,0.003465,0,0.0070165,0.79482,0,0,0,0,0,0,0.733569451,0.068558172,0
24,223,11.1,10912.89791,690309.4595,0.76883,0,0,0,0,838,0.13028,0,0,0,1.1697,0,0.733569451,0.068558172,0
24,223,11.1,10912.89791,690309.4595,8.933,0,0,0,0,0,0,0,0,0,0,0,0.733569451,0.068558172,0
24,223,11.1,10912.89791,690309.4595,0,0,0,9.5845,0.008333,2.0442,0,0,0,0,47.328,0,0.733569451,0.068558172,0
24,223,11.1,10912.89791,690309.4595,0.00644,0,0,0.002139,0.013476,0,0,0,0,0,1.02366,0,0.733569451,0.068558172,0
24,223,11.1,10912.89791,690309.4595,0.90611,0,0,1.7556,6.4522,0,0,0,0,0,14.0655,0,0.733569451,0.068558172,0
24,223,11.1,10912.89791,690309.4595,0.00524,0,0,0,0,0,0,0,0,0,0.151728,0,0.733569451,0.068558172,0
24,223,11.1,10912.89791,690309.4595,0,0,0,0,2.529,0,0,0,0,0,25.2354,0,0.733569451,0.068558172,0
24,223,11.1,10912.89791,690309.4595,0.008333,0,0,0.27312,0,0,28.852,0,0,0,16.0221,0,0.733569451,0.068558172,0
24,223,11.1,10912.89791,690309.4595,0.008333,0,0,2.7308,0.008333,0,0,0,0,0,0,0,0.733569451,0.068558172,0
24,223,11.1,10912.89791,690309.4595,0.005769,0,0,0.010986,0,0,0,0,0,0,0.151728,0,0.733569451,0.068558172,0
24,223,11.1,10912.89791,690309.4595,4.9504,0,0,0,0,0.77921,0,0,0,0,0.151728,0,0.733569451,0.068558172,0
24,223,11.1,10912.89791,690309.4595,6.3539,0,0,0,8.5334,0,0.67845,0,0,0,1.86174,0,0.733569451,0.068558172,0
24,223,11.1,10912.89791,690309.4595,0,0,0,0,0.00524,0,0,0,0,0,1.62018,0,0.733569451,0.068558172,0
24,223,11.1,10912.89791,690309.4595,0,0,0,0.013565,0.003538,0,0,0,0,0,45.663,0,0.733569451,0.068558172,0
24,223,11.1,10912.89791,690309.4595,0.007328,0,0,10.418,0,0,0,0,0,0,0.151728,0,0.733569451,0.068558172,0
24,223,11.1,10912.89791,690309.4595,0,0,0,0,0,0,0,0,0,0,0.151728,0,0.733569451,0.068558172,0
24,223,11.1,10912.89791,690309.4595,0.011527,0,0,0,0.00524,0,0,0,0,0,3.1572,0,0.733569451,0.068558172,0
24,223,11.1,10912.89791,690309.4595,0.00753,0,0,0,0,0,0,0,0,0,4.0518,0,0.733569451,0.068558172,0
24,223,11.1,10912.89791,690309.4595,0,0,0,0.014602,0,0,0,0,0,0,0.151728,0,0.733569451,0.068558172,0
24,223,11.1,10912.89791,690309.4595,0,0,0,0,0.00524,0,0,0,0,0,0.273357,0,0.733569451,0.068558172,0
24,223,11.1,10912.89791,690309.4595,0,0,0,0.00524,0.00524,0,0,0,0,0,0.151728,0,0.733569451,0.068558172,0
24,223,11.1,10912.89791,690309.4595,0.008333,0,0,0.27226,0.37101,0,0.13028,0,0,0,0.151728,0,0.733569451,0.068558172,0
24,223,11.1,10912.89791,690309.4595,0.050392,0,0,4.1106,6.78,0,0,0,0,0,1.35936,0,0.733569451,0.068558172,0
24,223,11.1,10912.89791,690309.4595,3.9799,0,0,0,0.17886,0,0,0,0,0,19.5987,0,0.733569451,0.068558172,0
24,223,11.1,10912.89791,690309.4595,0.43058,0,0,0,0,0.022157,0,0,0,0,0.44541,0,0.733569451,0.068558172,0
24,223,11.1,10912.89791,690309.4595,5.2762,0,0,0,0.000124,0,0,0,0,0,0,0,0.733569451,0.068558172,0
24,223,11.1,10912.89791,690309.4595,0,0,0,0.00524,0.053112,0,0,0,0,0,0,0,0.733569451,0.068558172,0
24,223,11.1,10912.89791,690309.4595,0,0,0,0.055562,0,0,0,0,0,0,27.5562,0,0.733569451,0.068558172,0
24,223,11.1,10912.89791,690309.4595,0,0,0,0,0.008333,0.85321,0,0,0,0,0,0,0.733569451,0.068558172,0
24,223,11.1,10912.89791,690309.4595,0.042738,0,0,0,0,0,0,0,0,0,14.8218,0,0.733569451,0.068558172,0
24,223,11.1,10912.89791,690309.4595,0.01367,0,0,0,0,0.000138,0,0,0,0,0.151728,0,0.733569451,0.068558172,0
24,223,11.1,10912.89791,690309.4595,0,0,0,0.0029965,0,0,0,0,0,0,0,0,0.733569451,0.068558172,0
24,223,11.1,10912.89791,690309.4595,0,0,0,0.005769,0.002139,0,0,0,0,0,0.151728,0,0.733569451,0.068558172,0
24,223,11.1,10912.89791,690309.4595,0.0072895,0,0,3.5574,0.012452,0,0,0,0,0,0.181728,0,0.733569451,0.068558172,0
24,223,11.1,10912.89791,690309.4595,0.00524,0,0,0,0,0,0,0,0,0,34.872,0,0.733569451,0.068558172,0
24,223,11.1,10912.89791,690309.4595,0,0,0,0.013415,0.041022,0,0,0,0,0,0.151728,0,0.733569451,0.068558172,0
24,223,11.1,10912.89791,690309.4595,0.021605,0,0,0,0,0,0,0,0,0,3.7518,0,0.733569451,0.068558172,0
24,223,11.1,10912.89791,690309.4595,0,0,0,0.021906,0,0,38.932,0,0,0,18.0318,0,0.733569451,0.068558172,0
24,223,11.1,10912.89791,690309.4595,0.025372,0,0,0.000376,0,0,0,0,0,0,83.223,0,0.733569451,0.068558172,0
24,223,11.1,10912.89791,690309.4595,0.008333,0,0,0,0,0,0.008333,0,0,0,25.2354,0,0.733569451,0.068558172,0
24,223,11.1,10912.89791,690309.4595,0.17094,0,0,0,0.013476,0,0,0,0,0,0.151728,0,0.733569451,0.068558172,0
24,223,11.1,10912.89791,690309.4595,0,0,0,1.5881,0,0,0,0,0,0,0,0,0.733569451,0.068558172,0
24,223,11.1,10912.89791,690309.4595,2.0814,0,0,0,0.014941,0,0,0,0,0,0,0,0.733569451,0.068558172,0
24,223,11.1,10912.89791,690309.4595,0.01367,0,0,0.82457,16.858,0,0,0,0,0,8.7318,0,0.733569451,0.068558172,0
24,223,11.1,10912.89791,690309.4595,0,0,0,14.804,0,0.000342,0,0,0,0,0,0,0.733569451,0.068558172,0
24,223,11.1,10912.89791,690309.4595,4.119,0,0,0,0,0,0,0,0,0,0.151728,0,0.733569451,0.068558172,0
24,223,11.1,10912.89791,690309.4595,0,0,0.005239,27.797,0,0,0,0,0,0,0.151728,0,0.733569451,0.068558172,0
24,223,11.1,10912.89791,690309.4595,0.017603,0,0,0,0,0,0,0,0,0,0,0,0.733569451,0.068558172,0
24,223,11.1,10912.89791,690309.4595,0.008333,0,0,0.021907,0,0,0.021726,0,0,0,16.0221,0,0.733569451,0.068558172,0
24,223,11.1,10912.89791,690309.4595,0.00036,0,0,10.118,17.64,1.5693,0,0,0,0,0.151728,0,0.733569451,0.068558172,0
24,223,11.1,10912.89791,690309.4595,0.029004,0,0,0,0,4.0839,0,0,0,0,1.97832,0,0.733569451,0.068558172,0
24,223,11.1,10912.89791,690309.4595,0,0,0,0,0.13896,0,0.13028,0,0,0,3.6159,0,0.733569451,0.068558172,0
24,223,11.1,10912.89791,690309.4595,1.898,0,0,0,0.26036,0,130.49,0,0,0,0.151728,0,0.733569451,0.068558172,0
24,223,11.1,10912.89791,690309.4595,3.619,0,0,0.00524,0,0,0,0,0,0,25.9959,0,0.733569451,0.068558172,0
24,223,11.1,10912.89791,690309.4595,6.7661,0,0.00524,0.0081579,0.003822,0,0,0,0,0,5.1447,0,0.733569451,0.068558172,0
24,223,11.1,10912.89791,690309.4595,7.5139,0,0,0,0,0,0,0,0,0,0,0,0.733569451,0.068558172,0
24,223,11.1,10912.89791,690309.4595,0,0,0,0.000172,0,0,0.13028,0,0,0,0,0,0.733569451,0.068558172,0
24,223,11.1,10912.89791,690309.4595,0.009021,0,0,0.011527,0,0,0,0,1.7084,0,0.93561,0,0.733569451,0.068558172,0
24,223,11.1,10912.89791,690309.4595,0.005769,0,0,0,2.529,0,0,0,0,0,0,0,0.733569451,0.068558172,0
24,223,11.1,10912.89791,690309.4595,1.8154,0,0,0,0,0,0,0,0,0,0.151728,0,0.733569451,0.068558172,0
24,223,11.1,10912.89791,690309.4595,0.0062156,0,0,0,0,29.991,0,0,0,0,0,0,0.733569451,0.068558172,0
24,223,11.1,10912.89791,690309.4595,0.028169,0,0,0.0084875,0,0,0,0,0,0,41.715,0,0.733569451,0.068558172,0
24,223,11.1,10912.89791,690309.4595,0,0,0,0.030965,0,0,0,0,0,0,0.279615,0,0.733569451,0.068558172,0
24,223,11.1,10912.89791,690309.4595,0,0,0,0,0,1.9116,0,0,0,0,0.151728,0,0.733569451,0.068558172,0
24,223,11.1,10912.89791,690309.4595,0,0,0,0,2.439,6.4369,0,0,0,0,7.3638,0,0.733569451,0.068558172,0
24,223,11.1,10912.89791,690309.4595,0.011569,0,0,0,0,0,1.7925,0,0,0,0.33174,0,0.733569451,0.068558172,0
24,223,11.1,10912.89791,690309.4595,0.003346,0,0,0,0,0,0,0,0,0,15.3204,0,0.733569451,0.068558172,0
24,223,11.1,10912.89791,690309.4595,0.7988,0,0,0.041531,0.029406,0,0,0,0,0,5.0406,0,0.733569451,0.068558172,0
24,223,11.1,10912.89791,690309.4595,0.65673,0,0,1.6824,0.000688,0,0,0,0,0,0,0,0.733569451,0.068558172,0
24,223,11.1,10912.89791,690309.4595,0,0,0,0.005239,0,0,0.13028,0,0,0,0.92517,0,0.733569451,0.068558172,0
24,223,11.1,10912.89791,690309.4595,0.008333,0,0,0,0,0,61.211,0,0,0,0,0,0.733569451,0.068558172,0
24,223,11.1,10912.89791,690309.4595,1.8154,0,0,0.003821,43.956,0,0,0,0,0,19.6818,0,0.733569451,0.068558172,0
24,223,11.1,10912.89791,690309.4595,0.008333,0,1.7155,0.000688,0,0,0,0,0,0,0,0,0.733569451,0.068558172,0
24,223,11.1,10912.89791,690309.4595,0.0097975,0,0,0,0,0,0,0,0,0,11.0037,0,0.733569451,0.068558172,0
24,223,11.1,10912.89791,690309.4595,0.030003,0,0,0,0,0,5.9575,0,0,0,4.4103,0,0.733569451,0.068558172,0
24,223,11.1,10912.89791,690309.4595,0,0,0,0,0,0,0,0,0,0,0.151728,0,0.733569451,0.068558172,0
24,223,11.1,10912.89791,690309.4595,0,0,0,0,0,0,0,0,0,0,0,0,0.733569451,0.068558172,0
24,223,11.1,10912.89791,690309.4595,0.00524,0,0,0.002084,0,0,0,3.434,0,0,0,0,0.733569451,0.068558172,0
24,223,11.1,10912.89791,690309.4595,0.14827,0,0,0,0.0078558,0,0,0,0,0,0,0,0.733569451,0.068558172,0
24,223,11.1,10912.89791,690309.4595,0,0,0,0.005239,0,0,20.673,0,0,0,0.151728,0,0.733569451,0.068558172,0
24,223,11.1,10912.89791,690309.4595,0.031802,0,0,0,0.23723,0,0,0,0,0,0.99864,0,0.733569451,0.068558172,0
24,223,11.1,10912.89791,690309.4595,0,0,0,0,0.002868,0,0,0,0,0,151.038,0,0.733569451,0.068558172,0
24,223,11.1,10912.89791,690309.4595,0.002011,0,6.6835,0,2.8091,0,0,0,0,0,0,0,0.733569451,0.068558172,0
24,223,11.1,10912.89791,690309.4595,0.5002,0,0,0,0,0,0,0,0,0,123.993,0,0.733569451,0.068558172,0
24,223,11.1,10912.89791,690309.4595,15.758,0,0,0,0.008333,0,0.13028,0,0,0,1.42239,0,0.733569451,0.068558172,0
24,223,11.1,10912.89791,690309.4595,0,0,0,1.3084,0,0,0,0,0,0,0,0,0.733569451,0.068558172,0
24,223,11.1,10912.89791,690309.4595,4.9504,0,0,0.020093,0.008333,0,7.0485,0,0,0,0.151728,0,0.733569451,0.068558172,0
24,223,11.1,10912.89791,690309.4595,0,0,0,6.9518,0.00524,0,0,0,0,0,0,0,0.733569451,0.068558172,0
24,223,11.1,10912.89791,690309.4595,1.6091,0,0,0,1.2845,5.6833,0,0,0,0,0,0,0.733569451,0.068558172,0
24,223,11.1,10912.89791,690309.4595,0.070781,0,0,0,0,0,0,0,0,0,6.8079,0,0.733569451,0.068558172,0
24,223,11.1,10912.89791,690309.4595,0.3067,0,0,0.002031,0,0,0,0,0,0,0.151728,0,0.733569451,0.068558172,0
24,223,11.1,10912.89791,690309.4595,0.7554,0,0,0.001493,0,0,0,0,0,0,0,0,0.733569451,0.068558172,0
24,223,11.1,10912.89791,690309.4595,0,0,0,0,0.001669,0,0,0,0,0,0.151728,0,0.733569451,0.068558172,0
24,223,11.1,10912.89791,690309.4595,63.495,0,0,0.00524,0.14346,0,0,0,0,0,97.974,0,0.733569451,0.068558172,0
24,223,11.1,10912.89791,690309.4595,0,0,0,0,0,0,0,0,0,0,0.151728,0,0.733569451,0.068558172,0
24,223,11.1,10912.89791,690309.4595,0,0,0,0,0.00524,0,0,0,0,0,0.151728,0,0.733569451,0.068558172,0
24,223,11.1,10912.89791,690309.4595,0,0,0,0.013415,0,0,0,0,0,0,0.151728,0,0.733569451,0.068558172,0
24,223,11.1,10912.89791,690309.4595,0.005239,0,0,0,0.50221,2.5906,0,0,0,0,0.151728,0,0.733569451,0.068558172,0
24,223,11.1,10912.89791,690309.4595,0.00021,0,0,0,0.25503,0,0,0,0,0,0.181728,0,0.733569451,0.068558172,0
24,223,11.1,10912.89791,690309.4595,0,0,0,0,0,0.012727,0,0,0,0,0,0,0.733569451,0.068558172,0
24,223,11.1,10912.89791,690309.4595,1.2774,0,0,0,0,0,0,0,0,0,0,0,0.733569451,0.068558172,0
24,223,11.1,10912.89791,690309.4595,0,0,0,2.8607,0.25607,0,77.672,0,0,0,0,0,0.733569451,0.068558172,0
24,223,11.1,10912.89791,690309.4595,0.0094528,0,0,0,0,0,0,0,0,0,1.33728,0,0.733569451,0.068558172,0
24,223,11.1,10912.89791,690309.4595,3.2852,0,0,1.3385,0,0,0,0,0,0,0,0,0.733569451,0.068558172,0
24,223,11.1,10912.89791,690309.4595,0,0,0,0,0.008333,0,0,0,0,0,2.28174,0,0.733569451,0.068558172,0
24,223,11.1,10912.89791,690309.4595,0,0,0,73.41,0,0,0,0,0,0,0.151728,0,0.733569451,0.068558172,0
24,223,11.1,10912.89791,690309.4595,25.205,0,0,0.15605,0.17886,4.2572,0,0.1665,0,0,0,0,0.733569451,0.068558172,0
24,223,11.1,10912.89791,690309.4595,0.53043,0,0,0,0,0,0,0,0,0,0.276939,0,0.733569451,0.068558172,0
24,223,11.1,10912.89791,690309.4595,0.0964,0,0,0.008333,0,0,0,0,0,0,0,0,0.733569451,0.068558172,0
24,223,11.1,10912.89791,690309.4595,0.01357,0,0,208.31,0,0,0,0,0,0,14.8218,0,0.733569451,0.068558172,0
24,223,11.1,10912.89791,690309.4595,0,0,0,0,0,0,47.395,0,0,0,0,0,0.733569451,0.068558172,0
24,223,11.1,10912.89791,690309.4595,0.18674,0,0,12.177,0,0.80155,0,0,0,0,0.151728,0,0.733569451,0.068558172,0
24,223,11.1,10912.89791,690309.4595,0.060379,0,0,0,0,0,0,0,0,0,0.151728,0,0.733569451,0.068558172,0
24,223,11.1,10912.89791,690309.4595,0,0,0.000739,0,0,0,0,0,0,0,0.151728,0,0.733569451,0.068558172,0
24,223,11.1,10912.89791,690309.4595,0,0,0,0.008333,0,0,5.0969,0,0,0,0.151728,0,0.733569451,0.068558172,0
24,223,11.1,10912.89791,690309.4595,0,0,0,0,0,0,0,0,0,0,0,0,0.733569451,0.068558172,0
24,223,11.1,10912.89791,690309.4595,0,0,0,0.007697,0,0,0,0,0,0,0,0,0.733569451,0.068558172,0
24,223,11.1,10912.89791,690309.4595,5.15,0,0,0,0.008133,0,0,0,0,0,0.278703,0,0.733569451,0.068558172,0
24,223,11.1,10912.89791,690309.4595,0.026942,0,0.13776,21.886,0.008335,0,0,0,0,0,0.151728,0,0.733569451,0.068558172,0
24,223,11.1,10912.89791,690309.4595,0,0,0,0.002011,0.14829,0,6.9551,0,0,0,0.151728,0,0.733569451,0.068558172,0
24,223,11.1,10912.89791,690309.4595,0.0055799,0,0,0,2.6315,0,0,0,0,0,1.04805,0,0.733569451,0.068558172,0
24,223,11.1,10912.89791,690309.4595,0.075337,0,0,0,0,0,0,0,0,0,5.1363,0,0.733569451,0.068558172,0
24,223,11.1,10912.89791,690309.4595,0.48229,0,0,10.612,0,0.022157,0,0,0,0,0,0,0.733569451,0.068558172,0
24,223,11.1,10912.89791,690309.4595,0.001192,0,0,0,0,0,25.393,0,0,0,0.33174,0,0.733569451,0.068558172,0
24,223,11.1,10912.89791,690309.4595,0.042738,0,0,0,0,0,0,0,0,0,0,0,0.733569451,0.068558172,0
24,223,11.1,10912.89791,690309.4595,0.17903,0,0,0,0.008333,0,0,0,0,0,7.2111,0,0.733569451,0.068558172,0
24,223,11.1,10912.89791,690309.4595,0.007353,0,0,0,0,0,0,0,0,0,8.5524,0,0.733569451,0.068558172,0
24,223,11.1,10912.89791,690309.4595,0,0,0,0,0,0,0,0,0,0,0.204657,0,0.733569451,0.068558172,0
24,223,11.1,10912.89791,690309.4595,0,0,0,0,0,0,0,0,0,0,0.2871,0,0.733569451,0.068558172,0
24,223,11.1,10912.89791,690309.4595,0.7988,0,0,0.013421,0,0,0,0,0,0,15.9147,0,0.733569451,0.068558172,0
24,223,11.1,10912.89791,690309.4595,0,0,0,0,0.000376,0,0,0,0,0,1.85526,0,0.733569451,0.068558172,0
24,223,11.1,10912.89791,690309.4595,0.045123,0,0,2.2294,0,0,0.59876,0,0,0,116.517,0,0.733569451,0.068558172,0
24,223,11.1,10912.89791,690309.4595,0.001267,0,0.066337,0,0,0,0,0,0,0,0.151728,0,0.733569451,0.068558172,0
24,223,11.1,10912.89791,690309.4595,0.022279,0,0,0.003346,0.0033865,0,0,0,0,0,1.91388,0,0.733569451,0.068558172,0
24,223,11.1,10912.89791,690309.4595,0.0066265,0,0,0,0,0.25711,0,0,0,0,11.0268,0,0.733569451,0.068558172,0
24,223,11.1,10912.89791,690309.4595,0.90611,0,0,6.376,4.5283,0,0,0,0,0,0,0,0.733569451,0.068558172,0
24,223,11.1,10912.89791,690309.4595,0.003538,0,0,2.853,0,0,0,0,0,0,8.9118,0,0.733569451,0.068558172,0
24,223,11.1,10912.89791,690309.4595,0.005372,0,0,0,0,0,0,0,0,0,0.151728,0,0.733569451,0.068558172,0
24,223,11.1,10912.89791,690309.4595,0,0,0,0,0,0,0,0,0,0,0,0,0.733569451,0.068558172,0
24,223,11.1,10912.89791,690309.4595,0,0,0,0,0.008333,0,0,0,0,0,0.151728,0,0.733569451,0.068558172,0
24,223,11.1,10912.89791,690309.4595,0,0,0,0,0.00524,0,0,0,0,0,0,0,0.733569451,0.068558172,0
24,223,11.1,10912.89791,690309.4595,7.049,0,0,0,0,0,0,0,0,0,0.92517,0,0.733569451,0.068558172,0
24,223,11.1,10912.89791,690309.4595,0.39529,0,0.0066735,0,3.7158,0.78033,0,0,0,0,0,0,0.733569451,0.068558172,0
24,223,11.1,10912.89791,690309.4595,0.008335,0,0,0,0,0,0,0,0,0,0.30174,0,0.733569451,0.068558172,0
24,223,11.1,10912.89791,690309.4595,0.00524,0,0,0.047407,0,0,0,0,0,0,0.68376,0,0.733569451,0.068558172,0
24,223,11.1,10912.89791,690309.4595,0.0083909,0,0,3.8959,0.022119,0,0,0,0,0,0,0,0.733569451,0.068558172,0
24,223,11.1,10912.89791,690309.4595,0,0,0,0.00524,0,0,0,0,0,0,4.4403,0,0.733569451,0.068558172,0
24,223,11.1,10912.89791,690309.4595,0,0,0,0,0,0,0,0,0,0,0.151728,0,0.733569451,0.068558172,0
24,223,11.1,10912.89791,690309.4595,0.38105,0,0,0,0,0,0,0,0,0,0.151728,0,0.733569451,0.068558172,0
24,223,11.1,10912.89791,690309.4595,0.1613,0,0,0,0.52251,0.786,0,0,0,0,0.278526,0,0.733569451,0.068558172,0
24,223,11.1,10912.89791,690309.4595,0.44516,0,0,7.1031,1.0784,0,0,0,0,0,0.151728,0,0.733569451,0.068558172,0
24,223,11.1,10912.89791,690309.4595,0,0,0,5.6081,0,0,0,0,0,0,28.113,0,0.733569451,0.068558172,0
24,223,11.1,10912.89791,690309.4595,0.013408,0,0,0,0,0,0,0,0,0,0.151728,0,0.733569451,0.068558172,0
24,223,11.1,10912.89791,690309.4595,7.9005,0,0.005239,0,0,0.40336,7.6576,0,0,0,14.1318,0,0.733569451,0.068558172,0
24,223,11.1,10912.89791,690309.4595,0.052214,0,0,0,0.008335,0,0,0,0,0,0,0,0.733569451,0.068558172,0
24,223,11.1,10912.89791,690309.4595,0,0,0,1.231,0.0033865,0,0,0,0,0,0,0,0.733569451,0.068558172,0
24,223,11.1,10912.89791,690309.4595,0,0,0,0,0,0,0,0,0,0,0.151728,0,0.733569451,0.068558172,0
24,223,11.1,10912.89791,690309.4595,4.1811,0,0.0079316,2.7308,0,0,0,0,0,0,41.634,0,0.733569451,0.068558172,0
24,223,11.1,10912.89791,690309.4595,0,0,0,0,0.059735,0,0,0,0,0,0.151728,0,0.733569451,0.068558172,0
24,223,11.1,10912.89791,690309.4595,0.005979,0,0,0.013455,0,0,0,0,0,0,0.151728,0,0.733569451,0.068558172,0
24,223,11.1,10912.89791,690309.4595,0.019152,0,0,47.493,0,0,35.433,0,0,0,0.273357,0,0.733569451,0.068558172,0
24,223,11.1,10912.89791,690309.4595,0.13903,0,0,0.26453,0,0,0,0,0,0,0.44541,0,0.733569451,0.068558172,0
24,223,11.1,10912.89791,690309.4595,1.8905,0,0,0,0,0,0,0,0,0,0.151728,0,0.733569451,0.068558172,0
24,223,11.1,10912.89791,690309.4595,0,0,0,0.005239,0.029406,0,0,0,0,0,0.151728,0,0.733569451,0.068558172,0
24,223,11.1,10912.89791,690309.4595,15.758,0,0,0,0.008333,0,0,0,0,0,0,0,0.733569451,0.068558172,0
24,223,11.1,10912.89791,690309.4595,0.22639,0,0,0.013024,0,0,0,0,0,0,0.151728,0,0.733569451,0.068558172,0
24,223,11.1,10912.89791,690309.4595,189.16,0,0,0,0,0,0,0,0,0,0.181728,0,0.733569451,0.068558172,0
24,223,11.1,10912.89791,690309.4595,0.001434,0,0,0,0,0,0,0,0,0,0,0,0.733569451,0.068558172,0
24,223,11.1,10912.89791,690309.4595,0,0,0,0.008333,0.00524,0,0,0,0,0,0.151728,0,0.733569451,0.068558172,0
24,223,11.1,10912.89791,690309.4595,0,0,0,17.373,0.008333,0,0,0,0,0,0,0,0.733569451,0.068558172,0
24,223,11.1,10912.89791,690309.4595,6.2048,0,0,0.008333,0.007697,0,0,0,0,0,3.6918,0,0.733569451,0.068558172,0
24,223,11.1,10912.89791,690309.4595,14.875,0,0,0,0,0,0,0,0,0,0.151728,0,0.733569451,0.068558172,0
24,223,11.1,10912.89791,690309.4595,0,0,0,0,0.000251,0,0,0,0,0,0,0,0.733569451,0.068558172,0
24,223,11.1,10912.89791,690309.4595,0,0,0,0,0,0,0,0,0,0,0,0,0.733569451,0.068558172,0
24,223,11.1,10912.89791,690309.4595,0.008333,0,0.10287,4.4534,0,0,132.95,0,0,0,0.271728,0,0.733569451,0.068558172,0
24,223,11.1,10912.89791,690309.4595,0,0,0,0.00043,0,0,0,0,0,0,42.996,0,0.733569451,0.068558172,0
24,223,11.1,10912.89791,690309.4595,0,0,0,0,0,0,0,0,0,0,0,0,0.733569451,0.068558172,0
24,223,11.1,10912.89791,690309.4595,0,0,0,0,0,0,0,0,0,0,57.423,0,0.733569451,0.068558172,0
24,223,11.1,10912.89791,690309.4595,0.20435,0,0,0.0043235,6.2437,0,0,0,0,0,0,0,0.733569451,0.068558172,0
24,223,11.1,10912.89791,690309.4595,0.00524,0,0,1.1486,0,0,65.662,0,0,0,0,0,0.733569451,0.068558172,0
24,223,11.1,10912.89791,690309.4595,0.63883,0,0,0.008333,0,0,0,0,0,0,0.273384,0,0.733569451,0.068558172,0
24,223,11.1,10912.89791,690309.4595,1.1984,0,0,0.000688,0,0,0,0,0,0,34.746,0,0.733569451,0.068558172,0
24,223,11.1,10912.89791,690309.4595,0.00824,0,0,0.026311,0.11919,1.5701,0,0,0,0,0,0,0.733569451,0.068558172,0
24,223,11.1,10912.89791,690309.4595,0,0,0,0,0,0,0,0,0,0,0,0,0.733569451,0.068558172,0
24,223,11.1,10912.89791,690309.4595,0,0,0,0,0,0,0,0,0,0,0.45174,0,0.733569451,0.068558172,0
24,223,11.1,10912.89791,690309.4595,0,0,0,0.0067015,4.6708,0.040918,0,0,0,0,25.3818,0,0.733569451,0.068558172,0
24,223,11.1,10912.89791,690309.4595,0,0,0,0,0,0.10003,0,0,0,0,6.561,0,0.733569451,0.068558172,0
24,223,11.1,10912.89791,690309.4595,0.0068619,0,0.005239,0,0.64611,0,0,0,0,0,73.296,0,0.733569451,0.068558172,0
24,223,11.1,10912.89791,690309.4595,0.0088426,0,0,0,17.934,0,0,0,0,0,18.723,0,0.733569451,0.068558172,0
24,223,11.1,10912.89791,690309.4595,1.8709,0,0,4.6787,0,6.9496,0.74966,0,0,0,0,0,0.733569451,0.068558172,0
24,223,11.1,10912.89791,690309.4595,0,0,0,0.025929,0.008475,0,0,0,0,0,0.151728,0,0.733569451,0.068558172,0
24,223,11.1,10912.89791,690309.4595,0.002011,0,0,0,0,6.4369,0,0,0,0,0.53757,0,0.733569451,0.068558172,0
24,223,11.1,10912.89791,690309.4595,1.2774,0,0,0.008333,0.00062,0,0,0,0,0,0,0,0.733569451,0.068558172,0
24,223,11.1,10912.89791,690309.4595,0,0,0,0,0.00524,0,0,0,0,0,0,0,0.733569451,0.068558172,0
24,223,11.1,10912.89791,690309.4595,0,0,0,0.00524,0.023106,0.77921,0,0,0,0,2.60853,0,0.733569451,0.068558172,0
24,223,11.1,10912.89791,690309.4595,6.2048,0,0,0,0.353,0,0,0,0,0,0,0,0.733569451,0.068558172,0
24,223,11.1,10912.89791,690309.4595,0,0,0,0,0,0,0,0,0,0,18.9018,0,0.733569451,0.068558172,0
24,223,11.1,10912.89791,690309.4595,0,0,0,11.325,0.074576,0,0,0,0,0,0.151728,0,0.733569451,0.068558172,0
24,223,11.1,10912.89791,690309.4595,0.0021738,0,0,0,0.005239,0,0,0,0,0,0.151728,0,0.733569451,0.068558172,0
24,223,11.1,10912.89791,690309.4595,0,0,0,0.005341,0,0,36.808,0,0,0,0,0,0.733569451,0.068558172,0
24,223,11.1,10912.89791,690309.4595,0.000172,0,0,0.0027505,6.873,0,0,0,0,0,0,0,0.733569451,0.068558172,0
24,223,11.1,10912.89791,690309.4595,0,0,0,0,2.529,0,0,0,0,0,0,0,0.733569451,0.068558172,0
24,223,11.1,10912.89791,690309.4595,0.010479,0,0,0,0,0,0,0,0,0,0.271728,0,0.733569451,0.068558172,0
24,223,11.1,10912.89791,690309.4595,0,0,0,0,0,0,0,0,0,0,0.181728,0,0.733569451,0.068558172,0
24,223,11.1,10912.89791,690309.4595,0.000081,0,0,0,0,0,0,0,0,0,0.27432,0,0.733569451,0.068558172,0
24,223,11.1,10912.89791,690309.4595,0.057403,0,0,0.33642,0.14993,0,0,0,15.763,0,0,0,0.733569451,0.068558172,0
24,223,11.1,10912.89791,690309.4595,0.003416,0,0,0.008333,0.065813,0,0,0,0,0,0.36594,0,0.733569451,0.068558172,0
24,223,11.1,10912.89791,690309.4595,0,0,0,0.36044,0,0,0,0,0,0,0.151728,0,0.733569451,0.068558172,0
24,223,11.1,10912.89791,690309.4595,0,0,0,0.007221,0.018484,0,0,0,0,0,1.65174,0,0.733569451,0.068558172,0
24,223,11.1,10912.89791,690309.4595,0.008333,0,0,0,8.1751,0,0,0,0,0,0,0,0.733569451,0.068558172,0
24,223,11.1,10912.89791,690309.4595,0.00524,0,0,0,0,0,0,0,0,0,52.569,0,0.733569451,0.068558172,0
24,223,11.1,10912.89791,690309.4595,0.048638,0,0,0,0,0,0,0,0,0,0,0,0.733569451,0.068558172,0
24,223,11.1,10912.89791,690309.4595,0.3267,0,0,0,4.6708,7.2949,0,0,0,0,0.73911,0,0.733569451,0.068558172,0
24,223,11.1,10912.89791,690309.4595,0.17903,0,0,0,0,0,0,0,0,0,37.836,0,0.733569451,0.068558172,0
24,223,11.1,10912.89791,690309.4595,0,0,0,0.030631,0,0,0,0,0,0,3.2364,0,0.733569451,0.068558172,0
24,223,11.1,10912.89791,690309.4595,0.001267,0,0,16.558,211.21,0,0,0,0,0,0.151728,0,0.733569451,0.068558172,0
24,223,11.1,10912.89791,690309.4595,0.002868,0,0,0,0,0,0,0,0,0,0.279585,0,0.733569451,0.068558172,0
24,223,11.1,10912.89791,690309.4595,0.0094528,0,0,0,0.000739,0,0,0,0,0,24.5118,0,0.733569451,0.068558172,0
24,223,11.1,10912.89791,690309.4595,0,0,0,0,0,0,0,0,0,0,0.57,0,0.733569451,0.068558172,0
24,223,11.1,10912.89791,690309.4595,0,0,0,0,0,0,0,0,0,0,6.108,0,0.733569451,0.068558172,0
24,223,11.1,10912.89791,690309.4595,0,0,0,0,0,0,0,0,0,0,0.151728,0,0.733569451,0.068558172,0
24,223,11.1,10912.89791,690309.4595,0,0,0,2.2294,0.19458,0,0,0,0,0,0,0,0.733569451,0.068558172,0
24,223,11.1,10912.89791,690309.4595,15.2,0,0,0,0.21192,0,0,0,0,0,0.151728,0,0.733569451,0.068558172,0
24,223,11.1,10912.89791,690309.4595,0,0,0,0,3.8185,0,0,0,0,0,41.715,0,0.733569451,0.068558172,0
24,223,11.1,10912.89791,690309.4595,0,0,0,0,0.14346,0,0,0,0,0,0.278526,0,0.733569451,0.068558172,0
24,223,11.1,10912.89791,690309.4595,0,0,0.015232,0,9.0733,0,0,0,0,0,15.252,0,0.733569451,0.068558172,0
24,223,11.1,10912.89791,690309.4595,14.875,0,0,0,0.018282,0,0.008333,0,0,0,0.151728,0,0.733569451,0.068558172,0
24,223,11.1,10912.89791,690309.4595,9.5606,0,0,0,0,0,0,0,0,0,0,0,0.733569451,0.068558172,0
24,223,11.1,10912.89791,690309.4595,0,0,0,0.001434,0,13.237,0,0,0,0,0.151728,0,0.733569451,0.068558172,0
24,223,11.1,10912.89791,690309.4595,0,0,0,0.013415,0.008333,0.88402,0,0,0,0,11.682,0,0.733569451,0.068558172,0
24,223,11.1,10912.89791,690309.4595,0.008333,0,0,0,0,0,0,0,0,0,0,0,0.733569451,0.068558172,0
24,223,11.1,10912.89791,690309.4595,0.008335,0,0,0.65249,0,0,18.313,0,0,0,0.90174,0,0.733569451,0.068558172,0
24,223,11.1,10912.89791,690309.4595,0,0,0,0,0,0.026505,0,0,0,0,0,0,0.733569451,0.068558172,0
24,223,11.1,10912.89791,690309.4595,0,0,0,0,0.000124,0,0,0,0,0,0,0,0.733569451,0.068558172,0
24,223,11.1,10912.89791,690309.4595,0,0,0,0,0.047685,0,0,0,0,0,8.5524,0,0.733569451,0.068558172,0
24,223,11.1,10912.89791,690309.4595,0.001267,0,0,0,0.008333,0,0,0,0,0,19.4277,0,0.733569451,0.068558172,0
24,223,11.1,10912.89791,690309.4595,0.14827,0,0,0,2.3758,0,0,0,0,0,0.151728,0,0.733569451,0.068558172,0
24,223,11.1,10912.89791,690309.4595,0,0,0,0.003346,10.444,0,95.863,0,0,0,6.561,0,0.733569451,0.068558172,0
24,223,11.1,10912.89791,690309.4595,0.00036,0,0,0,1.649,0.85321,0.021726,0.11064,0,0,0,0,0.733569451,0.068558172,0
24,223,11.1,10912.89791,690309.4595,0.00524,0,0,0,0,0,0,0,0,0,0,0,0.733569451,0.068558172,0
24,223,11.1,10912.89791,690309.4595,0,0,0,0,0.008333,0,0,0,0.007148,0,0,0,0.733569451,0.068558172,0
24,223,11.1,10912.89791,690309.4595,0,0,0,0,0.000063,0,0,0,0,0,66.645,0,0.733569451,0.068558172,0
24,223,11.1,10912.89791,690309.4595,28.979,0,0,0.71875,0.013036,0,0,0,0,0,0,0,0.733569451,0.068558172,0
24,223,11.1,10912.89791,690309.4595,0,0,0.0062235,0,0,0,0,0,0,0,0.151728,0,0.733569451,0.068558172,0
24,223,11.1,10912.89791,690309.4595,0,0,0,0,0.00524,0,0,0,0,0,0,0,0.733569451,0.068558172,0
24,223,11.1,10912.89791,690309.4595,0,0,0,7.5633,3.7158,0.88402,0,0,0,0,0,0,0.733569451,0.068558172,0
24,223,11.1,10912.89791,690309.4595,0.0068531,0,0,0,0,0,19.544,0,0,0,0.151728,0,0.733569451,0.068558172,0
24,223,11.1,10912.89791,690309.4595,0,0,0,0,5.7051,0,0,0,0,0,0,0,0.733569451,0.068558172,0
24,223,11.1,10912.89791,690309.4595,9.3106,0,0,0,0,0,0,0,0,0,0,0,0.733569451,0.068558172,0
24,223,11.1,10912.89791,690309.4595,0,0,0,0,0.1667,0,0,0,0,0,0,0,0.733569451,0.068558172,0
24,223,11.1,10912.89791,690309.4595,0,0,0,0,18.998,0,0,0,0,0,0,0,0.733569451,0.068558172,0
24,223,11.1,10912.89791,690309.4595,0.16397,0,0,0,0,0,14.243,0,0,0,19.4277,0,0.733569451,0.068558172,0
24,223,11.1,10912.89791,690309.4595,6.0303,0,0,0,56.549,0,0,0,0,0,0.2871,0,0.733569451,0.068558172,0
24,223,11.1,10912.89791,690309.4595,0.0055799,0,4.6054,0.0012795,0.028193,0,0,0,0,0,0.151728,0,0.733569451,0.068558172,0
24,223,11.1,10912.89791,690309.4595,0,0,0,0.00387,0,0,0,0,0,0,0.241728,0,0.733569451,0.068558172,0
24,223,11.1,10912.89791,690309.4595,0,0,0,0.00524,0,0,242.13,0,0.034156,0,0.151728,0,0.733569451,0.068558172,0
24,223,11.1,10912.89791,690309.4595,0.007697,0,0,0,7.544,0,0,0,0,0,0,0,0.733569451,0.068558172,0
24,223,11.1,10912.89791,690309.4595,0,0,0,0.11621,2.006,0,0,0,0.71134,0,0.151728,0,0.733569451,0.068558172,0
24,223,11.1,10912.89791,690309.4595,0,0,6.3345,0.41548,0,0,0,0,0,0,0,0,0.733569451,0.068558172,0
24,223,11.1,10912.89791,690309.4595,0.008332,0,0,0,0,0,0,0,0,0,8.5644,0,0.733569451,0.068558172,0
24,223,11.1,10912.89791,690309.4595,5.15,0,0,3.1662,1.5099,6.9496,28.852,0,0,0,8.3718,0,0.733569451,0.068558172,0
24,223,11.1,10912.89791,690309.4595,11.506,0,0,0.10345,0,0,0,0,0,0,23.5818,0,0.733569451,0.068558172,0
24,223,11.1,10912.89791,690309.4595,0.008333,0,0,0,0,0,0,0,0,0,2.64756,0,0.733569451,0.068558172,0
24,223,11.1,10912.89791,690309.4595,0,0,0,6.7865,0,0,0,0,0,0,0,0,0.733569451,0.068558172,0
24,223,11.1,10912.89791,690309.4595,1.0344,0,0.074075,0,0,0,0,3.8297,0,0,11.9625,0,0.733569451,0.068558172,0
24,223,11.1,10912.89791,690309.4595,0,0,0.017841,0,0,0,0,0,0,0,0,0,0.733569451,0.068558172,0
24,223,11.1,10912.89791,690309.4595,2.7267,0,0,0,9.5619,0,0.67053,0,0,0,3.8823,0,0.733569451,0.068558172,0
24,223,11.1,10912.89791,690309.4595,0,0,0,0,68.77,0,0,0,0,0,0,0,0.733569451,0.068558172,0
24,223,11.1,10912.89791,690309.4595,0.011776,0,0,0,4.8466,0,0,0,0,0,20.8818,0,0.733569451,0.068558172,0
24,223,11.1,10912.89791,690309.4595,0.008335,0,0,0.38795,0,0,0,0,0,0,0,0,0.733569451,0.068558172,0
24,223,11.1,10912.89791,690309.4595,49.011,0,0,0.0068531,0.10502,0,0.13028,0,0,0,0,0,0.733569451,0.068558172,0
24,223,11.1,10912.89791,690309.4595,0.00524,0,0,0,0,0.78245,0.059897,0,0,0,16.4517,0,0.733569451,0.068558172,0
24,223,11.1,10912.89791,690309.4595,0.00524,0,0,0,0.47436,0,0,0,0,0,73.296,0,0.733569451,0.068558172,0
24,223,11.1,10912.89791,690309.4595,0,0,0,0.34605,0,0,0,0,0,0,0.279822,0,0.733569451,0.068558172,0
24,223,11.1,10912.89791,690309.4595,0,0,0,0,15.439,0.78033,0,0,0,0,0.151728,0,0.733569451,0.068558172,0
24,223,11.1,10912.89791,690309.4595,5.6933,0,0,0.00524,0,0,24.479,0,0,0,0.151728,0,0.733569451,0.068558172,0
24,223,11.1,10912.89791,690309.4595,0,0,0,0,2.0529,0,0,0,0,0,0.279822,0,0.733569451,0.068558172,0
24,223,11.1,10912.89791,690309.4595,0,0,0,0,3.3385,0,0,0,0,0,0.151728,0,0.733569451,0.068558172,0
24,223,11.1,10912.89791,690309.4595,0,0,0,0.73108,0,0,0,0,0,0,0,0,0.733569451,0.068558172,0
24,223,11.1,10912.89791,690309.4595,0,0,0,0,0,0,0,0,0,0,0.28509,0,0.733569451,0.068558172,0
24,223,11.1,10912.89791,690309.4595,0,0,0,0.005239,0,0,0,0,0,0,1.5003,0,0.733569451,0.068558172,0
24,223,11.1,10912.89791,690309.4595,0.29003,0,0.001669,0,0,0,0,0,0,0,7.8318,0,0.733569451,0.068558172,0
24,223,11.1,10912.89791,690309.4595,0.012154,0,0,0,0.008333,0,0,0,0,0,30.885,0,0.733569451,0.068558172,0
24,223,11.1,10912.89791,690309.4595,0.00524,0,0,0.002084,3.1081,0,0,0,0,0,0,0,0.733569451,0.068558172,0
24,223,11.1,10912.89791,690309.4595,853.14,0,0.012389,0,8.0306,0,0,0,0,0,0.151728,0,0.733569451,0.068558172,0
24,223,11.1,10912.89791,690309.4595,47.536,0,0,0,0,0,0,0,0,0,0,0,0.733569451,0.068558172,0
24,223,11.1,10912.89791,690309.4595,0.007221,0,0,0,0,0,6.0057,0,0,0,0,0,0.733569451,0.068558172,0
24,223,11.1,10912.89791,690309.4595,0.080184,0,0,0.9504,0,1.6459,0,0,0,0,0.42399,0,0.733569451,0.068558172,0
24,223,11.1,10912.89791,690309.4595,6.8272,0,0,0,27.763,0,0,0,0,0,0,0,0.733569451,0.068558172,0
24,223,11.1,10912.89791,690309.4595,0.017603,0,0,0,0,0,18.961,0,0,0,0,0,0.733569451,0.068558172,0
24,223,11.1,10912.89791,690309.4595,0.018322,0,0.42907,0,0,0,0,0,0,0,1.91388,0,0.733569451,0.068558172,0
24,223,11.1,10912.89791,690309.4595,0.011203,0,0,11.552,0,0,0,0,0,0,0,0,0.733569451,0.068558172,0
24,223,11.1,10912.89791,690309.4595,1.385,0,0,0,0,0,0,0,0,0,3.3057,0,0.733569451,0.068558172,0
24,223,11.1,10912.89791,690309.4595,0.00524,0,0,0,0,0,0,0,0,0,4.4358,0,0.733569451,0.068558172,0
24,223,11.1,10912.89791,690309.4595,0,0,13.883,1.3952,27.763,0,0,0,0,0,0,0,0.733569451,0.068558172,0
24,223,11.1,10912.89791,690309.4595,0,0,0,244.5,0.027306,0,0,0,0,0,28.113,0,0.733569451,0.068558172,0
24,223,11.1,10912.89791,690309.4595,0.13074,0,0,0,0,0,0,0,0,0,1.19187,0,0.733569451,0.068558172,0
24,223,11.1,10912.89791,690309.4595,0.005239,0,0,0,0.93395,0,0,0,0,0,4.5198,0,0.733569451,0.068558172,0
24,223,11.1,10912.89791,690309.4595,0,0,0,0,0,0,0,0,0,0,0,0,0.733569451,0.068558172,0
24,223,11.1,10912.89791,690309.4595,0,0,0,0,1.1453,0,0,0,0,0,0,0,0.733569451,0.068558172,0
24,223,11.1,10912.89791,690309.4595,0,0,0,8.389,0.36581,0,0,0,0,0,9.6318,0,0.733569451,0.068558172,0
24,223,11.1,10912.89791,690309.4595,0,0,0,0,0,0,0,0,0,0,0,0,0.733569451,0.068558172,0
24,223,11.1,10912.89791,690309.4595,0,0,7.5877,0,0,1.0436,0.13028,0,3.7562,0,0.31098,0,0.733569451,0.068558172,0
24,223,11.1,10912.89791,690309.4595,0.075337,0,0,0.70621,0.038297,0,0,0,0,0,0.151728,0,0.733569451,0.068558172,0
24,223,11.1,10912.89791,690309.4595,0,0,0,0.034928,0.008333,0.089117,0,0,0,0,6.5418,0,0.733569451,0.068558172,0
24,223,11.1,10912.89791,690309.4595,0,0,0,0,0.00524,0,0,0,0,0,10.6086,0,0.733569451,0.068558172,0
24,223,11.1,10912.89791,690309.4595,0.018381,0,0,0.008333,0.001493,0,0,0,0,0,14.3958,0,0.733569451,0.068558172,0
24,223,11.1,10912.89791,690309.4595,0.008333,0,0,0,0.00043,0,0,0,0,0,0.279615,0,0.733569451,0.068558172,0
24,223,11.1,10912.89791,690309.4595,1.4262,0,0,0,0.000124,0,0,0,0,0,0.151728,0,0.733569451,0.068558172,0
24,223,11.1,10912.89791,690309.4595,0,0,0,0,0.065813,0,0,0,0,0,0,0,0.733569451,0.068558172,0
24,223,11.1,10912.89791,690309.4595,0,0,0,0,0,0,31.04,0,0,0,0,0,0.733569451,0.068558172,0
24,223,11.1,10912.89791,690309.4595,0.008333,0,0.071764,0,0,0,0,0,0,0,8.7918,0,0.733569451,0.068558172,0
24,223,11.1,10912.89791,690309.4595,0.51613,0,0.005549,0.6175,26.494,0,0,0,0,0,0,0,0.733569451,0.068558172,0
24,223,11.1,10912.89791,690309.4595,0,0,0,0.00524,17.217,0,0,0,0,0,0,0,0.733569451,0.068558172,0
24,223,11.1,10912.89791,690309.4595,0.031802,0,0,0,0,0,0,0,0.008333,0,0.276939,0,0.733569451,0.068558172,0
24,223,11.1,10912.89791,690309.4595,0.023275,0,1.7055,0,0.0068531,0,0,0,0,0,0.151728,0,0.733569451,0.068558172,0
24,223,11.1,10912.89791,690309.4595,0.002031,0,0,0,0,0,0,0,0,0,0.151728,0,0.733569451,0.068558172,0
24,223,11.1,10912.89791,690309.4595,0.007353,0,0,4.4534,0.021907,0,0,0,0,0,0.151728,0,0.733569451,0.068558172,0
24,223,11.1,10912.89791,690309.4595,2.5794,0,0,1.6824,0,0,0,0,0,0,0,0,0.733569451,0.068558172,0
24,223,11.1,10912.89791,690309.4595,0.001493,0,0,0,0.23265,0,0,0,0,0,0.151728,0,0.733569451,0.068558172,0
24,223,11.1,10912.89791,690309.4595,28.979,0,0,0,0.008332,0,0,0,0,0,0,0,0.733569451,0.068558172,0
24,223,11.1,10912.89791,690309.4595,0,0,0,0,6.873,0,0.13028,0,0,0,0,0,0.733569451,0.068558172,0
24,223,11.1,10912.89791,690309.4595,0.58468,0,0,0.0002525,514.83,0,0,0,0,0,0.275259,0,0.733569451,0.068558172,0
24,223,11.1,10912.89791,690309.4595,0.031098,0,0,44.381,0.010507,0,0,0,0,0,30.648,0,0.733569451,0.068558172,0
24,223,11.1,10912.89791,690309.4595,0,0,0,0,0.10115,0,130.32,0,0,0,1.85526,0,0.733569451,0.068558172,0
24,223,11.1,10912.89791,690309.4595,0.003822,0,0,47.493,0.005239,0,0,0,0,0,6.3561,0,0.733569451,0.068558172,0
24,223,11.1,10912.89791,690309.4595,0.85316,0,0,0,0,0,0,0,0,0,0,0,0.733569451,0.068558172,0
24,223,11.1,10912.89791,690309.4595,3.7455,0,0.001434,0,2.0298,0.065724,0,0,0,0,4.6158,0,0.733569451,0.068558172,0
24,223,11.1,10912.89791,690309.4595,4.8879,0,0,0,50.346,0,0,0,0,0,0,0,0.733569451,0.068558172,0
24,223,11.1,10912.89791,690309.4595,0.000251,0,0,0,0.00524,0,3.7911,0,0,0,0.273018,0,0.733569451,0.068558172,0
24,223,11.1,10912.89791,690309.4595,0,0,0,0.008321,0,0,0,0.30203,0,0,20.8818,0,0.733569451,0.068558172,0
24,223,11.1,10912.89791,690309.4595,0,0,0,0.003821,2.3758,10.661,0,0,0,0,0.151728,0,0.733569451,0.068558172,0
24,223,11.1,10912.89791,690309.4595,0,0,0,0,8.8857,0,0,0,0,0,0,0,0.733569451,0.068558172,0
24,223,11.1,10912.89791,690309.4595,0,0,0,0,0.00062,0,0,0,0,0,4.4358,0,0.733569451,0.068558172,0
25,224,1.222,40655.95042,2571744.681,0.00644,0,0,0,0,0,0,0,0,0,0.279942,6.85281809,2.736707222,0.255768074,0
25,224,1.222,40655.95042,2571744.681,0.49815,0,0,0,0,0,0,0,0,0,14.4507,2.626534064,2.736707222,0.255768074,0
25,224,1.222,40655.95042,2571744.681,0.002031,0,0,0,8.8857,0,0,0,0,0,0,3.294248715,2.736707222,0.255768074,0
25,224,1.222,40655.95042,2571744.681,28.979,0,0,0,0,0,0,0,0,0,0.278532,10.8444667,2.736707222,0.255768074,0
25,224,1.222,40655.95042,2571744.681,0,0,0,0,0,0,0,0,0,0,2.21025,1.600969904,2.736707222,0.255768074,0
25,224,1.222,40655.95042,2571744.681,0.0059398,0,0,0.34605,0.2943,0.000182,0,0,0,0,73.296,1.629841853,2.736707222,0.255768074,0
25,224,1.222,40655.95042,2571744.681,47.536,0,0,0,0,0,0,0,0,0,0.151728,0.090682319,2.736707222,0.255768074,0
25,224,1.222,40655.95042,2571744.681,0.17962,0,0,0,0,0,0,10.073,0,0,0,3.933904712,2.736707222,0.255768074,0
25,224,1.222,40655.95042,2571744.681,0,0,0,0,0,0.77921,0,0,0,0,0.276924,4.862686845,2.736707222,0.255768074,0
25,224,1.222,40655.95042,2571744.681,1.7741,0,0,0.002868,0,0,5.9575,0,0,0,3.9402,1.753869239,2.736707222,0.255768074,0
25,224,1.222,40655.95042,2571744.681,1.385,0,0,0,0,0,0,0,0,0,0,8.153142895,2.736707222,0.255768074,0
25,224,1.222,40655.95042,2571744.681,0,0,0,0,0,0,0,0,0,0,0.151728,81.9106449,2.736707222,0.255768074,0
25,224,1.222,40655.95042,2571744.681,0,0,0,0,0,0,0,0,0,0,0,8.643285575,2.736707222,0.255768074,0
25,224,1.222,40655.95042,2571744.681,0,0,0,0,0,0,0,0,0,0,0.151728,1.629841853,2.736707222,0.255768074,0
25,224,1.222,40655.95042,2571744.681,0,0,0,0.0088426,0.008333,0,0,0,0,0,0,1.788434249,2.736707222,0.255768074,0
25,224,1.222,40655.95042,2571744.681,0,0,0,0,0,0,0,0,0,0,0,3.50611189,2.736707222,0.255768074,0
25,224,1.222,40655.95042,2571744.681,0.008333,0,0,0,0,0,0,0,0,0,0.151728,0.090682319,2.736707222,0.255768074,0
25,224,1.222,40655.95042,2571744.681,0,0,0,0.79273,0,0,0.008333,0,0,0,0,1.926287639,2.736707222,0.255768074,0
25,224,1.222,40655.95042,2571744.681,0.44516,0,0,0,0,0,0,0,0,0,0,1.753869239,2.736707222,0.255768074,0
25,224,1.222,40655.95042,2571744.681,0.014901,0,0,0.006456,0,0,0.13028,0,0,0,1.38174,5.721119019,2.736707222,0.255768074,0
25,224,1.222,40655.95042,2571744.681,0.00824,0,0,7.0709,0.01787,0,0,0,0,0,73.296,4.044970118,2.736707222,0.255768074,0
25,224,1.222,40655.95042,2571744.681,0.00043,0,0,2.853,0,0,0,0,0,0,5.5146,1.788434249,2.736707222,0.255768074,0
25,224,1.222,40655.95042,2571744.681,0,0,0,6.1619,0,0,0,0,0,0,0.276939,3.50611189,2.736707222,0.255768074,0
25,224,1.222,40655.95042,2571744.681,0.49815,0,0,70.359,0,0,0.40452,0,0,0,0,19.16080795,2.736707222,0.255768074,0
25,224,1.222,40655.95042,2571744.681,0.67499,0,0,0,0,0.03757,0.10863,0,0,0,10.7733,0.496109546,2.736707222,0.255768074,0
25,224,1.222,40655.95042,2571744.681,0.00021,0,0,0.00036,0,0,0,0,0,0,8.7318,4.791523591,2.736707222,0.255768074,0
25,224,1.222,40655.95042,2571744.681,1.1394,0,0,0.0081579,0.003538,0,0,0,0,0,0,0.090682319,2.736707222,0.255768074,0
25,224,1.222,40655.95042,2571744.681,0.00524,0,0,0,0,0,0,0,0,0,12.6336,20.03672595,2.736707222,0.255768074,0
25,224,1.222,40655.95042,2571744.681,0,0,0,0.002868,0.008335,0,0,0,0,0,0,3.37110503,2.736707222,0.255768074,0
25,224,1.222,40655.95042,2571744.681,0.93731,0,0,0,0,0,0,0,0,0,0.78174,5.721119019,2.736707222,0.255768074,0
25,224,1.222,40655.95042,2571744.681,0.00524,0,0,0,70.761,0,0,0,0,0,0,19.16080795,2.736707222,0.255768074,0
25,224,1.222,40655.95042,2571744.681,0.008333,0,0,0,0,0,0,0,0,0,0.269961,3.27635624,2.736707222,0.255768074,0
25,224,1.222,40655.95042,2571744.681,0.050392,0,0,0,9.8934,0,0,0,0,0,0.151728,2.473634728,2.736707222,0.255768074,0
25,224,1.222,40655.95042,2571744.681,0.00753,0,0,0.041028,0,0,0,0,0,0,10.3692,10.8444667,2.736707222,0.255768074,0
25,224,1.222,40655.95042,2571744.681,0,0,0,0.011406,43.956,0,0,0,0,0,0.73911,10.8444667,2.736707222,0.255768074,0
25,224,1.222,40655.95042,2571744.681,0.011203,0,0,73.41,0.37101,0,0,0,0,0,0.204657,3.933904712,2.736707222,0.255768074,0
25,224,1.222,40655.95042,2571744.681,0.44516,0,0,0,1.6408,0,26.325,0,0,0,0.151728,4.862686845,2.736707222,0.255768074,0
25,224,1.222,40655.95042,2571744.681,0.014773,0,0,0,0.008333,0,28.076,0,0,0,0.181728,5.721119019,2.736707222,0.255768074,0
25,224,1.222,40655.95042,2571744.681,1.2774,0,0,0,0,0.77921,0,0,0,0,0.151728,126.2789109,2.736707222,0.255768074,0
25,224,1.222,40655.95042,2571744.681,0.010364,0,0,0,0.007221,15.927,0,0,0,0,0,6.85281809,2.736707222,0.255768074,0
25,224,1.222,40655.95042,2571744.681,0,0,0,0.002011,22.461,0,0,0,0,0,14.3958,5.721119019,2.736707222,0.255768074,0
25,224,1.222,40655.95042,2571744.681,0,0,0,0,7.0112,0,0,0,0,0,11.0037,8.153142895,2.736707222,0.255768074,0
25,224,1.222,40655.95042,2571744.681,0.68217,0,0,0,0,0,0,0,0,0,3.1572,1.437091095,2.736707222,0.255768074,0
25,224,1.222,40655.95042,2571744.681,0,0,0,0,0.37101,0,0,0,0,0,0,4.862686845,2.736707222,0.255768074,0
25,224,1.222,40655.95042,2571744.681,0,0,0,17.164,0,0,0.059897,0,0,0,12.6336,8.563989377,2.736707222,0.255768074,0
25,224,1.222,40655.95042,2571744.681,0,0,0,0.3488,0,0,0,0.8122,0,0,0,57.7672295,2.736707222,0.255768074,0
25,224,1.222,40655.95042,2571744.681,0.007697,0,0,0.41548,0,0.0016135,0,0,0,0,0,0.496109546,2.736707222,0.255768074,0
25,224,1.222,40655.95042,2571744.681,0.003355,0,0,0.005239,0,0.0000095,0,0,0,0,7.2111,4.748825638,2.736707222,0.255768074,0
25,224,1.222,40655.95042,2571744.681,0.008333,0,0,7.2355,2.1125,0.002082,0,0,0,0,0,3.37110503,2.736707222,0.255768074,0
25,224,1.222,40655.95042,2571744.681,0,0,0,0.000251,0.008333,0,0,0,0,0,6.3561,1.082901411,2.736707222,0.255768074,0
25,224,1.222,40655.95042,2571744.681,0,0,0,0,0,0,0,0,0,0,0.2871,9.094257285,2.736707222,0.255768074,0
25,224,1.222,40655.95042,2571744.681,0,0,0,0.013976,0.046926,0,0,0,0,0,7.2111,0.090682319,2.736707222,0.255768074,0
25,224,1.222,40655.95042,2571744.681,0.15204,0,0,0.008333,0.0094073,0,0,0,0,0,0.151728,1.629841853,2.736707222,0.255768074,0
25,224,1.222,40655.95042,2571744.681,0.00524,0,0,835.4,0.008333,0,0.13028,0,0,0,5.0406,3.933904712,2.736707222,0.255768074,0
25,224,1.222,40655.95042,2571744.681,0.003346,0,0,0.01409,0,0,0,0,0,0,0.288579,1.740043236,2.736707222,0.255768074,0
25,224,1.222,40655.95042,2571744.681,0.008333,0,0,0.25593,0.000688,0,0,0,0,0,0.181728,1.600969904,2.736707222,0.255768074,0
25,224,1.222,40655.95042,2571744.681,0.009056,0,0,0,0,0,0,0,0,0,3.6918,0.533114438,2.736707222,0.255768074,0
25,224,1.222,40655.95042,2571744.681,0.002139,0,0,0,0,0,0.13028,0,0,0,0.151728,6.85281809,2.736707222,0.255768074,0
25,224,1.222,40655.95042,2571744.681,0.057403,0,0,0,0.00524,0,0.059897,0,0,0,0.31059,7.432290306,2.736707222,0.255768074,0
25,224,1.222,40655.95042,2571744.681,3.8421,0,0,0.008335,0.003468,0,0,0,0,0,0,1.953939646,2.736707222,0.255768074,0
25,224,1.222,40655.95042,2571744.681,0.15204,0,0,0,0,0,0,0,0,0,18.7944,1.480602342,2.736707222,0.255768074,0
25,224,1.222,40655.95042,2571744.681,0,0,0,0,0,0,0,0,0,0,0.151728,3.370698383,2.736707222,0.255768074,0
25,224,1.222,40655.95042,2571744.681,5.8431,0,0,0.48873,0,0,0,0,0,0,0,459.9889457,2.736707222,0.255768074,0
25,224,1.222,40655.95042,2571744.681,0,0,0,0,0,0,0,0,0,0,0,2.282103912,2.736707222,0.255768074,0
25,224,1.222,40655.95042,2571744.681,2.2987,0,0,0,0.012187,0,0,0,0,0,0.151728,57.83043216,2.736707222,0.255768074,0
25,224,1.222,40655.95042,2571744.681,0.90611,0,0,0,0.008333,0,0,0,0,0,13.5936,7.61406159,2.736707222,0.255768074,0
25,224,1.222,40655.95042,2571744.681,25.205,0,0,0,0.005239,0,0,0,0,0,6.105,1.926287639,2.736707222,0.255768074,0
25,224,1.222,40655.95042,2571744.681,0.00524,0,0,0,0,0,0,0,0,0,0.151728,1.926287639,2.736707222,0.255768074,0
25,224,1.222,40655.95042,2571744.681,0,0,0,0,0,0,0.10863,0,0,0,0,19.16080795,2.736707222,0.255768074,0
25,224,1.222,40655.95042,2571744.681,3.6358,0,0,0,0,0,0,0,0,0,0,0.403800639,2.736707222,0.255768074,0
25,224,1.222,40655.95042,2571744.681,0.67499,0,0,1.8616,0.68784,0,0,0,0,0,0,3.27635624,2.736707222,0.255768074,0
25,224,1.222,40655.95042,2571744.681,0,0,0,2.8113,0.000063,0,0.13028,0,0,0,0,5.924849251,2.736707222,0.255768074,0
25,224,1.222,40655.95042,2571744.681,0.71313,0,0,0.008333,0,0,0.74966,0,0,0,0.151728,1.611949377,2.736707222,0.255768074,0
25,224,1.222,40655.95042,2571744.681,0.65673,0,0,0,0,0,0,0,0,0,0,1.082901411,2.736707222,0.255768074,0
25,224,1.222,40655.95042,2571744.681,872.97,0,0,0,0.008333,0,0.10863,0,0,0,8.3751,2.473634728,2.736707222,0.255768074,0
25,224,1.222,40655.95042,2571744.681,14.661,0,0,10.118,15.439,0,0,0,0,0,0.151728,4.862686845,2.736707222,0.255768074,0
25,224,1.222,40655.95042,2571744.681,0.043506,0,0,0,0.008333,0,15.504,0,0,0,1.62048,4.791523591,2.736707222,0.255768074,0
25,224,1.222,40655.95042,2571744.681,0,0,0,0,8.8857,0,0,0,0,0,0,6.438851272,2.736707222,0.255768074,0
25,224,1.222,40655.95042,2571744.681,50.278,0,0.071764,0,0,0,0,0,0,0,7.5918,0.506275725,2.736707222,0.255768074,0
25,224,1.222,40655.95042,2571744.681,2.6123,0,8.646,0.34605,0,0,0.002308,0,0,0,0.68376,7.432290306,2.736707222,0.255768074,0
25,224,1.222,40655.95042,2571744.681,0.00043,0,0,77.417,0.64611,0,0,0,0,0,0,0.496109546,2.736707222,0.255768074,0
25,224,1.222,40655.95042,2571744.681,0,0,0,0.13825,0.93395,0,0,0,0,0,38.517,5.924849251,2.736707222,0.255768074,0
25,224,1.222,40655.95042,2571744.681,0,0,0,3.9449,0.00524,0,0,0,0,0,2.05122,2.550491043,2.736707222,0.255768074,0
25,224,1.222,40655.95042,2571744.681,0,0,0,8.389,0,0,0,0,0,0,0,7.61406159,2.736707222,0.255768074,0
25,224,1.222,40655.95042,2571744.681,0,0,0,0,0,0,9.039,0,0,0,107.403,1.912461635,2.736707222,0.255768074,0
25,224,1.222,40655.95042,2571744.681,0.060379,0,0,0.00524,0,0.0006805,0,0,0,0,198.603,4.862686845,2.736707222,0.255768074,0
25,224,1.222,40655.95042,2571744.681,0.003416,0,0,3.2487,0.00524,0,0.13028,0,0,0,0.151728,1.953939646,2.736707222,0.255768074,0
25,224,1.222,40655.95042,2571744.681,0.01332,0,0,0,0.029406,0,207.8,0,0,0,0,1.082901411,2.736707222,0.255768074,0
25,224,1.222,40655.95042,2571744.681,0.0056,0,0,0,0,0,0,0,0,0,17.2929,3.933904712,2.736707222,0.255768074,0
25,224,1.222,40655.95042,2571744.681,0,0,0,1.231,0.00524,0.000491,0.059897,0,0,0,0.151728,2.742428507,2.736707222,0.255768074,0
25,224,1.222,40655.95042,2571744.681,0,0,0,0.14897,0.016895,0,0,0,0,0,7.8042,0.677067536,2.736707222,0.255768074,0
25,224,1.222,40655.95042,2571744.681,0,0,0,0,0.003346,0,0,0,0,0,6.3561,4.862686845,2.736707222,0.255768074,0
25,224,1.222,40655.95042,2571744.681,0.00524,0,0,0.008333,0,0,0,0,0,0,0.293307,4.862686845,2.736707222,0.255768074,0
25,224,1.222,40655.95042,2571744.681,2.5794,0,0,0.84472,0,0,0,0,0,0,1.57179,0.403800639,2.736707222,0.255768074,0
25,224,1.222,40655.95042,2571744.681,0.000063,0,0,0.008333,0,0,0,0,0,0,5.2875,3.294248715,2.736707222,0.255768074,0
25,224,1.222,40655.95042,2571744.681,0.00524,0,0,4.6787,0.008335,0,0,0,0,0,8.3751,0.496109546,2.736707222,0.255768074,0
25,224,1.222,40655.95042,2571744.681,0,0,0,14.532,0,0,0,0,0,0,0,4.044970118,2.736707222,0.255768074,0
25,224,1.222,40655.95042,2571744.681,0.013404,0,0,0.008333,0.008333,0,0,0,0,0,0,1.912461635,2.736707222,0.255768074,0
25,224,1.222,40655.95042,2571744.681,0.00524,0,0,0,0.26036,0,0,0,0,0,0,0.533114438,2.736707222,0.255768074,0
25,224,1.222,40655.95042,2571744.681,0.030003,0,0,0,0.002772,0,0,0,0,0,0,7.61406159,2.736707222,0.255768074,0
25,224,1.222,40655.95042,2571744.681,0.00524,0,0,0,0,0,0,0,0,0,0.151728,19.16080795,2.736707222,0.255768074,0
25,224,1.222,40655.95042,2571744.681,13.81,0,0,0,0,0,0,0,0,0,2.37174,5.721119019,2.736707222,0.255768074,0
25,224,1.222,40655.95042,2571744.681,0,0,0,4.3923,0,0,0,0,0,0,0.151728,1.753869239,2.736707222,0.255768074,0
25,224,1.222,40655.95042,2571744.681,0,0,0,0,0,0,0,0,0,0,123.993,62.76023949,2.736707222,0.255768074,0
25,224,1.222,40655.95042,2571744.681,0.005239,0,0,0.40202,0,0.001185,0,0,0,0,0.37014,3.37110503,2.736707222,0.255768074,0
25,224,1.222,40655.95042,2571744.681,0,0,0,0,0,0.77921,0,0,0,0,0,7.432290306,2.736707222,0.255768074,0
25,224,1.222,40655.95042,2571744.681,0,0,0,0,0.63967,0,0.021726,0,0,0,1.05978,0.163878809,2.736707222,0.255768074,0
25,224,1.222,40655.95042,2571744.681,43.582,0,0,3.2371,0,0,0,0,0,0,3.6486,34.6982593,2.736707222,0.255768074,0
25,224,1.222,40655.95042,2571744.681,0,0,2.9807,0,0,0,0,0,0,0,0.151728,0.090682319,2.736707222,0.255768074,0
25,224,1.222,40655.95042,2571744.681,0,0,0,1.7274,0.009056,0,0,0,0,0,0.151728,8.643285575,2.736707222,0.255768074,0
25,224,1.222,40655.95042,2571744.681,1.6989,0,0,0,0,0,0,0,0,0,19.5987,7.61406159,2.736707222,0.255768074,0
25,224,1.222,40655.95042,2571744.681,0.021605,0,0,0,0,0,0,0,0,0,0.270372,1.082901411,2.736707222,0.255768074,0
25,224,1.222,40655.95042,2571744.681,0.5002,0,0,0,0.00062,0,0,0,0,0,0.286419,1.082901411,2.736707222,0.255768074,0
25,224,1.222,40655.95042,2571744.681,0,0,21.205,0,0.12938,0.79321,0,0,0,0,0,1.611949377,2.736707222,0.255768074,0
25,224,1.222,40655.95042,2571744.681,0,0,0,0,0,0.78445,0,0,0,0,0,4.748825638,2.736707222,0.255768074,0
25,224,1.222,40655.95042,2571744.681,0.00062,0,0,0.012154,0,0.001185,0,0,0,0,0,1.753869239,2.736707222,0.255768074,0
25,224,1.222,40655.95042,2571744.681,0.081094,0,0,0.044269,0,0,0,0,0,0,0,1.912461635,2.736707222,0.255768074,0
25,224,1.222,40655.95042,2571744.681,0,0,0,0,0,0,0,0,0,0,61.47,4.748825638,2.736707222,0.255768074,0
25,224,1.222,40655.95042,2571744.681,1.4804,0,0,0.19366,1.3478,0,0.93424,0,0,0,1.73121,3.370698383,2.736707222,0.255768074,0
25,224,1.222,40655.95042,2571744.681,6.8591,0,0,7.0709,850.39,0,5.7969,0,0,0,0,8.153142895,2.736707222,0.255768074,0
25,224,1.222,40655.95042,2571744.681,0,0,0,0.02647,0.003468,0,0,0,0,0,5.787,1.926287639,2.736707222,0.255768074,0
25,224,1.222,40655.95042,2571744.681,0,0,0,0,0,0,0,0,0,0,0.151728,2.473634728,2.736707222,0.255768074,0
25,224,1.222,40655.95042,2571744.681,177.88,0,0,0.0076281,0.00524,0,0,0,0,0,0.151728,19.16080795,2.736707222,0.255768074,0
25,224,1.222,40655.95042,2571744.681,0.008333,0,0,0.008265,0,0,0,0,0,0,0.92517,0.308645201,2.736707222,0.255768074,0
25,224,1.222,40655.95042,2571744.681,0.000752,0,0.87797,0,0,0,0,0,0,0,4.5198,1.082901411,2.736707222,0.255768074,0
25,224,1.222,40655.95042,2571744.681,0,0,0,0,5.6507,0,0,0,0,0,0.151728,1.611949377,2.736707222,0.255768074,0
25,224,1.222,40655.95042,2571744.681,0,0,0,0.000251,35.29,0,0,0,0,0,7.2111,8.153142895,2.736707222,0.255768074,0
25,224,1.222,40655.95042,2571744.681,0,0,0,0,0.005239,0,0,0.054134,0,0,7.1259,8.643285575,2.736707222,0.255768074,0
25,224,1.222,40655.95042,2571744.681,0,0,0,0.003538,0,0,77.672,0,0,0,63.09,62.76023949,2.736707222,0.255768074,0
25,224,1.222,40655.95042,2571744.681,0.08383,0,0,0,0,1.944,0,0,0,0,0,0.51278208,2.736707222,0.255768074,0
25,224,1.222,40655.95042,2571744.681,0,0,0,0,0,0,0,0,0,0,0,9.094257285,2.736707222,0.255768074,0
25,224,1.222,40655.95042,2571744.681,0.008335,0,0,0,0,0,0,0,0,0,22.6218,5.924849251,2.736707222,0.255768074,0
25,224,1.222,40655.95042,2571744.681,0,0,0,0,0.014581,0,0,0,0,0,0,3.294248715,2.736707222,0.255768074,0
25,224,1.222,40655.95042,2571744.681,0.061886,0,0,0,0,0,0,0,0,0,2.37174,0.51278208,2.736707222,0.255768074,0
25,224,1.222,40655.95042,2571744.681,0.35231,0,0,0,0,0,0,0,0,0,0.151728,1.611949377,2.736707222,0.255768074,0
25,224,1.222,40655.95042,2571744.681,0,0,0,0,0,0,0,0,0,0,3.4635,4.748825638,2.736707222,0.255768074,0
25,224,1.222,40655.95042,2571744.681,18.306,0,0,0,0.005239,0,0,0,0,0,6.8079,6.85281809,2.736707222,0.255768074,0
25,224,1.222,40655.95042,2571744.681,0,0,0,0,0,0,0,0,0,0,0,0.506275725,2.736707222,0.255768074,0
25,224,1.222,40655.95042,2571744.681,14.875,0,0,1.0205,0,0,0,0,0,0,0.151728,3.539348854,2.736707222,0.255768074,0
25,224,1.222,40655.95042,2571744.681,0.46343,0,0.3747,0,1.2446,0,0,0,0,0,0.290478,0.506275725,2.736707222,0.255768074,0
25,224,1.222,40655.95042,2571744.681,0,0,0,0,0,0,0,0,0,0,0.151728,0.496109546,2.736707222,0.255768074,0
25,224,1.222,40655.95042,2571744.681,9.5606,0,0,1.0692,0,0,0,0,0,0,3.8823,2.550491043,2.736707222,0.255768074,0
25,224,1.222,40655.95042,2571744.681,0,0,0,0,0,0,0,0,0,0,0,5.924849251,2.736707222,0.255768074,0
25,224,1.222,40655.95042,2571744.681,0.013404,0,0,0,0.008335,0,0,0,0,0,87.522,3.539348854,2.736707222,0.255768074,0
25,224,1.222,40655.95042,2571744.681,0,0,0,0.0062753,0,0,0,0,0,0,0,9.094257285,2.736707222,0.255768074,0
25,224,1.222,40655.95042,2571744.681,28.979,0,0,13.409,0.030965,0,0,0,0,0,10.7733,4.862686845,2.736707222,0.255768074,0
25,224,1.222,40655.95042,2571744.681,0,0,0,0.00043,2.3147,0,0,0,0,0,0.151728,6.509873784,2.736707222,0.255768074,0
25,224,1.222,40655.95042,2571744.681,0,0,0,0.00036,0.013476,0,0,0,0,0,0,14.97902997,2.736707222,0.255768074,0
25,224,1.222,40655.95042,2571744.681,0,0,0,0.005769,0,0,0,0,0.019588,0,0,1.740043236,2.736707222,0.255768074,0
25,224,1.222,40655.95042,2571744.681,0.052214,0,0,0.37527,0.32888,0.001655,0,0,14.665,0,0.151728,41.65055169,2.736707222,0.255768074,0
25,224,1.222,40655.95042,2571744.681,0.0152,0,0,0,0,0,0,0,0,0,1.27794,3.37110503,2.736707222,0.255768074,0
25,224,1.222,40655.95042,2571744.681,0.00824,0,0,0,0,0,0.10863,0,0,0,41.634,1.953939646,2.736707222,0.255768074,0
25,224,1.222,40655.95042,2571744.681,0,0,0,0,18.998,0,0,0,0,0,0.44541,1.082901411,2.736707222,0.255768074,0
25,224,1.222,40655.95042,2571744.681,0,0,0,0,0,0,0,0,0,0,0.151728,8.563989377,2.736707222,0.255768074,0
25,224,1.222,40655.95042,2571744.681,0,0,0,0,0,0,0,0,0,0,0,20.03672595,2.736707222,0.255768074,0
25,224,1.222,40655.95042,2571744.681,0.038936,0,0,0.00315,0.011131,0,0,0,0,0,0.151728,0.308645201,2.736707222,0.255768074,0
25,224,1.222,40655.95042,2571744.681,0,0,0,1.8616,0.008332,0,0,0,0,0,0,41.65055169,2.736707222,0.255768074,0
25,224,1.222,40655.95042,2571744.681,0.007148,0,0,0.008333,0.70741,0,0,0,0,0,4.5105,0.496109546,2.736707222,0.255768074,0
25,224,1.222,40655.95042,2571744.681,177.88,0,0,0,0,0,0,0,0,0,7.0518,3.294248715,2.736707222,0.255768074,0
25,224,1.222,40655.95042,2571744.681,0.002096,0,0,0.0025559,0,0,0,0,0,0,5.1447,6.85281809,2.736707222,0.255768074,0
25,224,1.222,40655.95042,2571744.681,3.5296,0,0,0,0.021909,3.1357,0,0,0,0,0.151728,1.480602342,2.736707222,0.255768074,0
25,224,1.222,40655.95042,2571744.681,2.1165,0,0,0,0.00524,0,0,0,0,0,0.37014,10.8444667,2.736707222,0.255768074,0
25,224,1.222,40655.95042,2571744.681,0,0,0,0,7.0738,0,16.305,0,0,0,0,4.044970118,2.736707222,0.255768074,0
25,224,1.222,40655.95042,2571744.681,2.9666,0,0,0,27.763,0,2.7921,0,0,0,0,1.953939646,2.736707222,0.255768074,0
25,224,1.222,40655.95042,2571744.681,0,0,0,0,0.008333,0.29431,0,0,0,0,0,0.496109546,2.736707222,0.255768074,0
25,224,1.222,40655.95042,2571744.681,0.008333,0,0,197.85,0.027306,2.3282,0,0,0,0,0.151728,0.496109546,2.736707222,0.255768074,0
25,224,1.222,40655.95042,2571744.681,0.0152,0,0,0,0,0.781,110.33,0,0,0,0.151728,7.432290306,2.736707222,0.255768074,0
25,224,1.222,40655.95042,2571744.681,0,0,0,0.00524,0,0,0,0,0,0,0,34.6982593,2.736707222,0.255768074,0
25,224,1.222,40655.95042,2571744.681,0.49815,0,0,0,0,0,0,0,0,0,30.885,8.643285575,2.736707222,0.255768074,0
25,224,1.222,40655.95042,2571744.681,0.030003,0,0,0,6.5443,0,0,0,0,0,0,6.85281809,2.736707222,0.255768074,0
25,224,1.222,40655.95042,2571744.681,0.5201,0,0,0,8.1751,0,0,0,0,0,0.151728,1.082901411,2.736707222,0.255768074,0
25,224,1.222,40655.95042,2571744.681,1.1984,0,0,0,0,0,0,0,0,0,4.6839,8.643285575,2.736707222,0.255768074,0
25,224,1.222,40655.95042,2571744.681,0,0,0,0,0,0,0,0,0,0,1.91388,27.05073767,2.736707222,0.255768074,0
25,224,1.222,40655.95042,2571744.681,0.045123,0,0,0,0,0,0,0,0,0,4.1568,1.480602342,2.736707222,0.255768074,0
25,224,1.222,40655.95042,2571744.681,0,0,0,0.062249,0,0,0.021726,0,0,0,0.151728,10.8444667,2.736707222,0.255768074,0
25,224,1.222,40655.95042,2571744.681,185.11,0,0,0,0,0.004625,76.371,0,0,0,0,1.611949377,2.736707222,0.255768074,0
25,224,1.222,40655.95042,2571744.681,0.0088108,0,0.022515,11.552,0,0,0,0,0,0,0,1.611949377,2.736707222,0.255768074,0
25,224,1.222,40655.95042,2571744.681,0,0,0,0,8.1439,0,0,0,0,0,4.6839,2.282103912,2.736707222,0.255768074,0
25,224,1.222,40655.95042,2571744.681,0,0,0,0.0011005,26.494,0,0,0,0,0,0.151728,2.282103912,2.736707222,0.255768074,0
25,224,1.222,40655.95042,2571744.681,0.013404,0,0,0,0.008333,0,0,0,0,0,0,1.611949377,2.736707222,0.255768074,0
25,224,1.222,40655.95042,2571744.681,0.4515,0,0,0,0,0,0,0,0,0,11.0268,0.163878809,2.736707222,0.255768074,0
25,224,1.222,40655.95042,2571744.681,23.064,0,0,0,211.21,0,0,0,0,0,0.278526,0.496109546,2.736707222,0.255768074,0
25,224,1.222,40655.95042,2571744.681,0,0,0,0.044269,0,0,0,0,0,0,0,2.282103912,2.736707222,0.255768074,0
25,224,1.222,40655.95042,2571744.681,0,0,0,0.12679,2.7524,0,0,0,0,0,19.4277,2.742428507,2.736707222,0.255768074,0
25,224,1.222,40655.95042,2571744.681,0.002031,0,0,0,0,0,0,0,0,0,0,6.438851272,2.736707222,0.255768074,0
25,224,1.222,40655.95042,2571744.681,0.20881,0,0,0,0.047685,0,0,0,0,0,22.7118,8.86877143,2.736707222,0.255768074,0
25,224,1.222,40655.95042,2571744.681,0,0,0,4.3441,0,0,0,0,0,0,0.151728,19.16080795,2.736707222,0.255768074,0
25,224,1.222,40655.95042,2571744.681,0.0097975,0,0,9.5845,0.00524,1.5329,0,0,0,0,0.151728,1.437091095,2.736707222,0.255768074,0
25,224,1.222,40655.95042,2571744.681,0,0,0,0,0.008333,0.34845,0,0,0,0,0,1.788434249,2.736707222,0.255768074,0
25,224,1.222,40655.95042,2571744.681,0.008335,0,0.42907,0,0,0,0,0,0,0,0.151728,57.83043216,2.736707222,0.255768074,0
25,224,1.222,40655.95042,2571744.681,0,0,0,0,0,0,0,0,0,0,0.151728,1.600969904,2.736707222,0.255768074,0
25,224,1.222,40655.95042,2571744.681,0.00524,0,0,0,813.22,0,0,0,0,0,5.4381,19.16080795,2.736707222,0.255768074,0
25,224,1.222,40655.95042,2571744.681,0.51774,0,0,0,0,0,0,0,0,0,0,7.61406159,2.736707222,0.255768074,0
25,224,1.222,40655.95042,2571744.681,0.023222,0,0,0.062249,4.5941,0,0,0,0,0,0.151728,1.926287639,2.736707222,0.255768074,0
25,224,1.222,40655.95042,2571744.681,0,0,0,0,0,0,0,0,0,0,0.151728,3.294248715,2.736707222,0.255768074,0
25,224,1.222,40655.95042,2571744.681,0.008333,0,0,0,0,0,0,0,0,0,0,1.740043236,2.736707222,0.255768074,0
25,224,1.222,40655.95042,2571744.681,0,0,0,0.022218,0,0,0,0,0,0,0,3.294248715,2.736707222,0.255768074,0
25,224,1.222,40655.95042,2571744.681,7.1589,0,0,0.00524,0.005239,0,0,0,0,0,14.1318,0.757177028,2.736707222,0.255768074,0
25,224,1.222,40655.95042,2571744.681,0.1613,0,0,0,0,0,0,0,0,0,6.108,1.753869239,2.736707222,0.255768074,0
25,224,1.222,40655.95042,2571744.681,1.7403,0,0,0,0.046926,0,0,0,0,0,0,459.9889457,2.736707222,0.255768074,0
25,224,1.222,40655.95042,2571744.681,0,0,0,1.1486,0,0,0,0,0,0,1.17432,2.550491043,2.736707222,0.255768074,0
25,224,1.222,40655.95042,2571744.681,0,0,0,0.40202,10.444,0,0,0,0,0,151.038,5.924849251,2.736707222,0.255768074,0
25,224,1.222,40655.95042,2571744.681,0.19687,0,0,0,0,0,0,0,0,0,29.4918,4.791523591,2.736707222,0.255768074,0
25,224,1.222,40655.95042,2571744.681,0.12797,0,12.251,0,0.065813,0,0,0,0,0,0,1.611949377,2.736707222,0.255768074,0
25,224,1.222,40655.95042,2571744.681,0.00524,0,0,0,3.5225,0,0,0,0,0,0,9.094257285,2.736707222,0.255768074,0
25,224,1.222,40655.95042,2571744.681,0,0,0,0,0.008333,0,0,0,0,0,0.72174,5.924849251,2.736707222,0.255768074,0
25,224,1.222,40655.95042,2571744.681,0,0,0,15.984,0.065813,0,0,0.054134,0,0,21.2118,81.9106449,2.736707222,0.255768074,0
25,224,1.222,40655.95042,2571744.681,2.2494,0,0,12.69,0.042129,0,0,0,0,0,0.151728,20.03672595,2.736707222,0.255768074,0
25,224,1.222,40655.95042,2571744.681,0.026942,0,0,0,0.025169,0,0.13028,0,0,0,0.151728,0.403800639,2.736707222,0.255768074,0
25,224,1.222,40655.95042,2571744.681,0.088719,0,0,3.5574,0.26036,0,0,0,0,0,1.41975,4.165922286,2.736707222,0.255768074,0
25,224,1.222,40655.95042,2571744.681,0.008585,0,0,0,0,0,0,0,0,0,0.278526,1.788434249,2.736707222,0.255768074,0
25,224,1.222,40655.95042,2571744.681,1.2894,0,0,0.1075,0.00833,0,0,0,0,0,0,1.611949377,2.736707222,0.255768074,0
25,224,1.222,40655.95042,2571744.681,0.011569,0,0,0,1.3821,0,0,0,0,0,0,3.37110503,2.736707222,0.255768074,0
25,224,1.222,40655.95042,2571744.681,0,0,0,0.002139,0,0,0.10863,0,0,0,81.042,0.403800639,2.736707222,0.255768074,0
25,224,1.222,40655.95042,2571744.681,0,0,0,0,0.013573,0,0,0,0,0,0.72228,20.03672595,2.736707222,0.255768074,0
25,224,1.222,40655.95042,2571744.681,0,0,0,0,76.072,0.094623,0,0,0,0,1.57404,2.626534064,2.736707222,0.255768074,0
25,224,1.222,40655.95042,2571744.681,63.495,0,0,0,0,0,0,0,0,0,0.181728,5.924849251,2.736707222,0.255768074,0
25,224,1.222,40655.95042,2571744.681,0.0031025,0,0,0.021603,0,0,0.059897,0,0,0,0,20.03672595,2.736707222,0.255768074,0
25,224,1.222,40655.95042,2571744.681,0,0,0.81835,0,0.008333,0,0,0,0,0,0.279489,41.65055169,2.736707222,0.255768074,0
25,224,1.222,40655.95042,2571744.681,0,0,0,0.00524,0,0,0,0,0,0,0.151728,34.6982593,2.736707222,0.255768074,0
25,224,1.222,40655.95042,2571744.681,0,0,0,0,0.62723,0,0,0,0,0,0.75174,1.912461635,2.736707222,0.255768074,0
25,224,1.222,40655.95042,2571744.681,4.282,0,0,0,0,0,0,0,0,0,1.67382,1.082901411,2.736707222,0.255768074,0
25,224,1.222,40655.95042,2571744.681,28.979,0,0,0,0,0,0,0,0,0,27.5562,10.8444667,2.736707222,0.255768074,0
25,224,1.222,40655.95042,2571744.681,0.00524,0,0,4.2796,0.61065,0,91.335,0,0,0,0,0.757177028,2.736707222,0.255768074,0
25,224,1.222,40655.95042,2571744.681,0.052214,0,0,7.0709,0.61065,0,0,0,0,0,0.286419,5.924849251,2.736707222,0.255768074,0
25,224,1.222,40655.95042,2571744.681,0.00524,0,0,0.001326,0,0,0,0.000387,0,0,0,2.550491043,2.736707222,0.255768074,0
25,224,1.222,40655.95042,2571744.681,50.529,0,0,0,0.86472,0,0,0,0,0,0.45174,0.677067536,2.736707222,0.255768074,0
25,224,1.222,40655.95042,2571744.681,0.000172,0,0,0,0.012452,2.3282,0,0,0,0,0.151728,5.721119019,2.736707222,0.255768074,0
25,224,1.222,40655.95042,2571744.681,0.052214,0,0.79446,0,0,0,0,0,0,0,0.151728,5.924849251,2.736707222,0.255768074,0
25,224,1.222,40655.95042,2571744.681,0.00524,0,0,0.0089655,0.00524,0,0,0,0,0,55.917,3.27635624,2.736707222,0.255768074,0
25,224,1.222,40655.95042,2571744.681,0.67038,0,0,0.000376,0,0,0.67845,0,0,0,2.3544,2.626534064,2.736707222,0.255768074,0
25,224,1.222,40655.95042,2571744.681,15.2,0,0,0,0,0,1.8833,0,835.38,0,0.151728,2.473634728,2.736707222,0.255768074,0
25,224,1.222,40655.95042,2571744.681,0,0,0,0.86967,2.1344,0.781,0,0,0,0,0,126.2789109,2.736707222,0.255768074,0
25,224,1.222,40655.95042,2571744.681,0,0,0,0,0,0,0,0,0,0,0.151728,1.740043236,2.736707222,0.255768074,0
25,224,1.222,40655.95042,2571744.681,0,0,0,0,0,0,0,0,0,0,0.151728,4.791523591,2.736707222,0.255768074,0
25,224,1.222,40655.95042,2571744.681,0.53043,0,0,0.003346,0.002492,0,0.13028,0,0,0,12.3399,96.95287753,2.736707222,0.255768074,0
25,224,1.222,40655.95042,2571744.681,0.19687,0,0,0,0,0,0,0,0,0,3.8823,6.85281809,2.736707222,0.255768074,0
25,224,1.222,40655.95042,2571744.681,0,0,0,0,0.002492,0,0.13028,0,0,0,6.102,126.2789109,2.736707222,0.255768074,0
25,224,1.222,40655.95042,2571744.681,3.7455,0,0,0.008333,0,0,0,0,0,0,8.1576,9.094257285,2.736707222,0.255768074,0
25,224,1.222,40655.95042,2571744.681,0.002011,0,0,0.097569,0,0.85321,0,0,0,0,0.276939,1.611949377,2.736707222,0.255768074,0
25,224,1.222,40655.95042,2571744.681,0,0,0,0,0,0,0,0,0,0,0,38.6168241,2.736707222,0.255768074,0
25,224,1.222,40655.95042,2571744.681,1.8115,0,0,0,0,0,0,0,0,0,1.35936,6.85281809,2.736707222,0.255768074,0
25,224,1.222,40655.95042,2571744.681,3.4031,0,20.527,0,0.002031,0,0,0,0,0,29.7018,0.757177028,2.736707222,0.255768074,0
25,224,1.222,40655.95042,2571744.681,0,0,0,0,0.003144,0,3.015,0,0,0,16.3047,0.308645201,2.736707222,0.255768074,0
25,224,1.222,40655.95042,2571744.681,0,0,0,0,0,0,0,0,0,0,4.2768,1.912461635,2.736707222,0.255768074,0
25,224,1.222,40655.95042,2571744.681,0.011297,0,0,4.1588,0,0,0,0,0,0,0.273324,6.85281809,2.736707222,0.255768074,0
25,224,1.222,40655.95042,2571744.681,0.018338,0,0,0.11797,0.008333,0,0,0,0,0,0.151728,7.61406159,2.736707222,0.255768074,0
25,224,1.222,40655.95042,2571744.681,0.008332,0,0,0.00524,0,0,0,0,0,0,0,2.473634728,2.736707222,0.255768074,0
25,224,1.222,40655.95042,2571744.681,0,0,0,0,0,0.000157,0,0,0,0,63.09,3.294248715,2.736707222,0.255768074,0
25,224,1.222,40655.95042,2571744.681,0.007221,0,0.015729,0.002084,0.086094,0.0016135,13.556,0,0,0,0,0.163878809,2.736707222,0.255768074,0
25,224,1.222,40655.95042,2571744.681,0,0,0,0.00524,0.007221,0,0,0,0,0,0,34.6982593,2.736707222,0.255768074,0
25,224,1.222,40655.95042,2571744.681,0.005239,0,0,0.008333,4.2931,0,0,0,0,0,42.996,19.16080795,2.736707222,0.255768074,0
25,224,1.222,40655.95042,2571744.681,0,0,0,0.00524,0,0,0,0,0,0,0,1.437091095,2.736707222,0.255768074,0
25,224,1.222,40655.95042,2571744.681,0.002011,0,0.003465,0,0.0041885,0,0,0,0,0,81.042,4.286874454,2.736707222,0.255768074,0
25,224,1.222,40655.95042,2571744.681,11.344,0,0,0,0,0,0,0,0,0,198.603,0.677067536,2.736707222,0.255768074,0
25,224,1.222,40655.95042,2571744.681,0.008004,0,0,0,0.008333,0,0,0,0,0,14.5008,7.432290306,2.736707222,0.255768074,0
25,224,1.222,40655.95042,2571744.681,0.088719,0,0,0,0,0,0.13028,0,0,0,0,3.539348854,2.736707222,0.255768074,0
25,224,1.222,40655.95042,2571744.681,0.002139,0,0,0,0,0,0,0,0,0,0,5.751441887,2.736707222,0.255768074,0
25,224,1.222,40655.95042,2571744.681,0.001436,0,0,0,0,0,0,0,0,0,0.276939,6.438851272,2.736707222,0.255768074,0
25,224,1.222,40655.95042,2571744.681,0,0,0,0,0.0088426,0,12.641,0,0,0,5.0406,0.163878809,2.736707222,0.255768074,0
25,224,1.222,40655.95042,2571744.681,0.019305,0,0,0,0,0,0,0,0,0,0,3.933904712,2.736707222,0.255768074,0
25,224,1.222,40655.95042,2571744.681,0.007102,0,0,0,0,0,0,0,0,0,9.8421,6.509873784,2.736707222,0.255768074,0
25,224,1.222,40655.95042,2571744.681,0.032101,0,0,0.055562,1.0192,0,0,0,0,0,14.4507,9.094257285,2.736707222,0.255768074,0
25,224,1.222,40655.95042,2571744.681,0,0,0,0,0,0,0,0,0,0,0.151728,4.286874454,2.736707222,0.255768074,0
25,224,1.222,40655.95042,2571744.681,1.2325,0,0,0.025929,0,0.77921,0,0,0,0,151.038,9.094257285,2.736707222,0.255768074,0
25,224,1.222,40655.95042,2571744.681,0,0,0,0,21.429,0,0,0,0,0,4.0518,0.51278208,2.736707222,0.255768074,0
25,224,1.222,40655.95042,2571744.681,0.00524,0,0,0,7.0738,0,0,0,0,0,8.6688,1.753869239,2.736707222,0.255768074,0
25,224,1.222,40655.95042,2571744.681,0,0,0,0.008333,0.065813,0,0,0,0,0,8.6688,1.480602342,2.736707222,0.255768074,0
25,224,1.222,40655.95042,2571744.681,0,0,0,3.2487,5.7523,0,0,0,0,0,0.151728,83.74352198,2.736707222,0.255768074,0
25,224,1.222,40655.95042,2571744.681,0,0,0,0,0.00524,0,0,0,0,0,1.33728,2.550491043,2.736707222,0.255768074,0
25,224,1.222,40655.95042,2571744.681,0.18674,0,0,0.008333,1.4612,0.15887,0.13028,0,0,0,4.4787,5.721119019,2.736707222,0.255768074,0
25,224,1.222,40655.95042,2571744.681,0.00644,0,0.92408,0.040507,4.4409,0.023853,0,0,0,0,41.715,1.753869239,2.736707222,0.255768074,0
25,224,1.222,40655.95042,2571744.681,6.2048,0,0,0,3.2358,0,0,0,0,0,0.151728,57.7672295,2.736707222,0.255768074,0
25,224,1.222,40655.95042,2571744.681,7.9005,0,0,0.007251,0,0,0,0,0,0,0.151728,3.539348854,2.736707222,0.255768074,0
25,224,1.222,40655.95042,2571744.681,215.5,0,0,43.346,0,0,0,0,0,0,0.181728,62.76023949,2.736707222,0.255768074,0
25,224,1.222,40655.95042,2571744.681,0.061886,0,0,0,0,0,0,0,0,0,2.28174,17.06991896,2.736707222,0.255768074,0
25,224,1.222,40655.95042,2571744.681,0,0,0,0,0,0,0,0,0,0,0,81.9106449,2.736707222,0.255768074,0
25,224,1.222,40655.95042,2571744.681,0,0,0,0.008333,15.439,0,0,0,0,0,2.23266,4.286874454,2.736707222,0.255768074,0
25,224,1.222,40655.95042,2571744.681,0,0,0,0.008321,0,0.000342,0,0,0,0,0,1.953939646,2.736707222,0.255768074,0
25,224,1.222,40655.95042,2571744.681,0,0,0,0,0,0,0,0,0,0,0,0.403800639,2.736707222,0.255768074,0
25,224,1.222,40655.95042,2571744.681,0.011297,0,0,0,0,0,0,0,0,0,18.3318,0.51278208,2.736707222,0.255768074,0
25,224,1.222,40655.95042,2571744.681,0.051828,0,0,0,0.12099,0,0,0,0,0,0.34593,5.721119019,2.736707222,0.255768074,0
25,224,1.222,40655.95042,2571744.681,0.14827,0,0,0.2491,0,0,0,0,0,0,0.151728,2.742428507,2.736707222,0.255768074,0
25,224,1.222,40655.95042,2571744.681,3.8421,0,0,0.00524,0.0001405,0,0,0,0,0,19.5987,96.95287753,2.736707222,0.255768074,0
25,224,1.222,40655.95042,2571744.681,0.74435,0,0,0,0.008333,0,0,0,0,0,0,1.788434249,2.736707222,0.255768074,0
25,224,1.222,40655.95042,2571744.681,0.39529,0,0,0,0.003346,0,0.74966,0,0,0,14.4696,3.933904712,2.736707222,0.255768074,0
25,224,1.222,40655.95042,2571744.681,0.005239,0,0,0,0,0.66655,0,0,0,0,2.7027,2.626534064,2.736707222,0.255768074,0
25,224,1.222,40655.95042,2571744.681,0,0,0,0,68.77,0,0,0,0.0062716,0,0.31059,0.51278208,2.736707222,0.255768074,0
25,224,1.222,40655.95042,2571744.681,1.4262,0,1.3121,0.0068531,0,1.0436,0,0,0,0,61.47,3.37110503,2.736707222,0.255768074,0
25,224,1.222,40655.95042,2571744.681,0,0,0,0,0,0,0,0,0,0,0.279489,41.65055169,2.736707222,0.255768074,0
25,224,1.222,40655.95042,2571744.681,0.001436,0,0,0.00524,0,8.9216,0,0,0,0,1.72038,1.740043236,2.736707222,0.255768074,0
25,224,1.222,40655.95042,2571744.681,0,0,0,0,0,0,0,0,0,0,2.05122,4.748825638,2.736707222,0.255768074,0
25,224,1.222,40655.95042,2571744.681,0.58468,0,0.26868,0,0.049462,0,0,0,0,0,1.02366,3.370698383,2.736707222,0.255768074,0
25,224,1.222,40655.95042,2571744.681,0,0,0,0,0,0,0,0,0,0,0,0.163878809,2.736707222,0.255768074,0
25,224,1.222,40655.95042,2571744.681,6.7661,0,0,2.5863,0,0,0,0,0,0,10.3692,7.61406159,2.736707222,0.255768074,0
25,224,1.222,40655.95042,2571744.681,0.000124,0,0,0,0,0,133.93,0,0,0,0.151728,0.496109546,2.736707222,0.255768074,0
25,224,1.222,40655.95042,2571744.681,0,0,0,0,0,0,1.8682,0,0,0,0.181728,8.643285575,2.736707222,0.255768074,0
25,224,1.222,40655.95042,2571744.681,0,0,0,4.2796,0.14829,0.781,0,0,0,0,1.09155,1.600969904,2.736707222,0.255768074,0
25,224,1.222,40655.95042,2571744.681,0.002011,0,0.005239,0,0,0,0.13028,0,0,0,0.268926,1.480602342,2.736707222,0.255768074,0
25,224,1.222,40655.95042,2571744.681,0,0,0,0.02762,6.4838,0,0,0,0,0,19.2864,1.437091095,2.736707222,0.255768074,0
25,224,1.222,40655.95042,2571744.681,0,0,0,0,0,0,0,0,0,0,5.2875,3.933904712,2.736707222,0.255768074,0
25,224,1.222,40655.95042,2571744.681,2.1821,0,0,4.7036,5.2021,0,0,0,0,0,0,0.403800639,2.736707222,0.255768074,0
25,224,1.222,40655.95042,2571744.681,0.00524,0,0,0,0,0,0,0,0,0,0,1.480602342,2.736707222,0.255768074,0
25,224,1.222,40655.95042,2571744.681,0,0,0,0,0.4786,0,0.021726,0,0,0,0,5.924849251,2.736707222,0.255768074,0
25,224,1.222,40655.95042,2571744.681,0.00524,0,0,0,0.014581,0,0,0,0,0,0.51381,7.432290306,2.736707222,0.255768074,0
25,224,1.222,40655.95042,2571744.681,0.007697,0,0,0,0.008333,0,0,0,0,0,8.3751,62.76023949,2.736707222,0.255768074,0
25,224,1.222,40655.95042,2571744.681,0.019152,0,0,0,0,0,0,0,0,0,3.1278,0.677067536,2.736707222,0.255768074,0
25,224,1.222,40655.95042,2571744.681,0.00753,0,0,0,0.025169,0,0,0,0,0,0.151728,3.37110503,2.736707222,0.255768074,0
25,224,1.222,40655.95042,2571744.681,0.007221,0,0,0.068295,4.6346,0,0,0,0,0,8.8155,4.286874454,2.736707222,0.255768074,0
25,224,1.222,40655.95042,2571744.681,50.529,0,0,0,0.008333,0,0,0,0,0,0,3.37110503,2.736707222,0.255768074,0
25,224,1.222,40655.95042,2571744.681,0,0,0,4.7441,0,0,0,0,0,0,0.68376,6.85281809,2.736707222,0.255768074,0
25,224,1.222,40655.95042,2571744.681,0.080184,0,0,0.0088426,0,0,0.67845,0,0,0,0.151728,34.6982593,2.736707222,0.255768074,0
25,224,1.222,40655.95042,2571744.681,2.1218,0,0,0,0,0,0,0,0,0,8.7918,7.61406159,2.736707222,0.255768074,0
25,224,1.222,40655.95042,2571744.681,0,0,0,0,1.1453,0,0.002308,0,0,0,0.31059,0.403800639,2.736707222,0.255768074,0
25,224,1.222,40655.95042,2571744.681,0,0,0,0,0.67961,0,0,0,0,0,1.52439,6.85281809,2.736707222,0.255768074,0
25,224,1.222,40655.95042,2571744.681,0,0,0,3.9449,0.00524,5.1571,0.13028,0,0,0,0,5.751441887,2.736707222,0.255768074,0
25,224,1.222,40655.95042,2571744.681,0.005239,0,0,0,0.007102,0,0,0,0,0,0.151728,7.432290306,2.736707222,0.255768074,0
25,224,1.222,40655.95042,2571744.681,1.4804,0,0,0.008333,0,0,0,0,0,0,4.6839,8.643285575,2.736707222,0.255768074,0
25,224,1.222,40655.95042,2571744.681,0,0,0,0,2.3147,0,0,0,0,0,0.151728,4.286874454,2.736707222,0.255768074,0
25,224,1.222,40655.95042,2571744.681,0,0,0,0.008333,0,0,0,0,0,0,0.73911,7.61406159,2.736707222,0.255768074,0
25,224,1.222,40655.95042,2571744.681,0.048638,0,0,0.86967,0.00043,0,0,0,0,0,0.275769,8.563989377,2.736707222,0.255768074,0
25,224,1.222,40655.95042,2571744.681,0,0,0,68.713,0,0,0,0,0,0,1.04805,0.308645201,2.736707222,0.255768074,0
25,224,1.222,40655.95042,2571744.681,0,0,0.99914,0.005239,1.2845,0,0,0,0,0,2.34429,1.437091095,2.736707222,0.255768074,0
25,224,1.222,40655.95042,2571744.681,0.063798,0,0,0.008333,0.008763,0.77921,0,0,0,0,7.2168,6.85281809,2.736707222,0.255768074,0
25,224,1.222,40655.95042,2571744.681,4.9504,0,0,0.071721,0,0,0,0,0,0,0,0.496109546,2.736707222,0.255768074,0
25,224,1.222,40655.95042,2571744.681,0.012671,0,21.052,0.7793,0,0.77904,0,0,0,0,0,38.6168241,2.736707222,0.255768074,0
25,224,1.222,40655.95042,2571744.681,0,0,0,0.00524,5.0207,0,0,0,0,0,1.47252,8.643285575,2.736707222,0.255768074,0
25,224,1.222,40655.95042,2571744.681,0.00524,0,0,13.805,0,0,0,0,0,0,5.1363,1.926287639,2.736707222,0.255768074,0
25,224,1.222,40655.95042,2571744.681,5.865,0,0,0,0,0.77921,0,0,0,0,6.8154,1.788434249,2.736707222,0.255768074,0
25,224,1.222,40655.95042,2571744.681,0.002139,0,0,0,0.013746,0,0,0,0,0,0.151728,4.044970118,2.736707222,0.255768074,0
25,224,1.222,40655.95042,2571744.681,0.008333,0,0,0,0,0.28057,0,0,0,0,0,1.953939646,2.736707222,0.255768074,0
25,224,1.222,40655.95042,2571744.681,5.8431,0,0,0.010165,0,0,0,0,0,0,0,1.788434249,2.736707222,0.255768074,0
25,224,1.222,40655.95042,2571744.681,0.4515,0,0,0,0,0,0,0,0,0,0.151728,8.643285575,2.736707222,0.255768074,0
25,224,1.222,40655.95042,2571744.681,0.41786,0,0,0,0.008333,0,0,0,0,0,0.50493,0.403800639,2.736707222,0.255768074,0
25,224,1.222,40655.95042,2571744.681,0,0,0,0.1075,0,0,0,0,0,0,0.75903,0.501192636,2.736707222,0.255768074,0
25,224,1.222,40655.95042,2571744.681,0,0,0,0.02191,0.002139,0,0,0,0,0,0,4.044970118,2.736707222,0.255768074,0
25,224,1.222,40655.95042,2571744.681,0.00644,0,0,0,4.3986,0,0,0,0,0,3.7518,1.788434249,2.736707222,0.255768074,0
25,224,1.222,40655.95042,2571744.681,0,0,0,0,51.372,0,0,0,0,0,0.286419,7.61406159,2.736707222,0.255768074,0
25,224,1.222,40655.95042,2571744.681,1.385,0,0,1.1174,4.6346,0,0,0,0,0,0,0.51278208,2.736707222,0.255768074,0
25,224,1.222,40655.95042,2571744.681,0.002139,0,0,0.86967,1.3478,0.010345,0,0,0,0,0.151728,62.76023949,2.736707222,0.255768074,0
25,224,1.222,40655.95042,2571744.681,0,0,0,0,1.5408,0,8.872,0,0,0,0.151728,4.862686845,2.736707222,0.255768074,0
25,224,1.222,40655.95042,2571744.681,0.007102,0,0,0,0.11919,0,0,0,0,0,0,62.76023949,2.736707222,0.255768074,0
25,224,1.222,40655.95042,2571744.681,1.366,0,0,0,0.046926,0.78058,0,0,0,0,9.0018,3.37110503,2.736707222,0.255768074,0
25,224,1.222,40655.95042,2571744.681,0,0,0,0.37527,0.028193,0,0,0,0,0,0.36174,1.788434249,2.736707222,0.255768074,0
25,224,1.222,40655.95042,2571744.681,0.028169,0,0,0,0,0.28057,0,0,0,0,1.57179,2.473634728,2.736707222,0.255768074,0
25,224,1.222,40655.95042,2571744.681,50.529,0,0,0,0,0,0,0,0,0,0.51381,0.677067536,2.736707222,0.255768074,0
25,224,1.222,40655.95042,2571744.681,0.000688,0,1.2266,0,0,0,0,0,0,0,0,0.677067536,2.736707222,0.255768074,0
25,224,1.222,40655.95042,2571744.681,0.000688,0,8.646,0.00524,1.3821,0.000182,0,0,0,0,0,3.933904712,2.736707222,0.255768074,0
25,224,1.222,40655.95042,2571744.681,0.053886,0,0,0.000376,0.022119,0,0,0,0,0,25.3818,2.550491043,2.736707222,0.255768074,0
25,224,1.222,40655.95042,2571744.681,0,0,0,0,0,0.19707,16.305,0,0,0,0,0.506275725,2.736707222,0.255768074,0
25,224,1.222,40655.95042,2571744.681,0.11399,0,0,0,0,0,0,0,0,0,0.151728,62.76023949,2.736707222,0.255768074,0
25,224,1.222,40655.95042,2571744.681,0,0,0,0,0.0021738,0.7828,0,0,0,0,63.09,83.74352198,2.736707222,0.255768074,0
25,224,1.222,40655.95042,2571744.681,1.5561,0,0,0.11621,2.4885,0,0.13028,0,0,0,4.8864,19.16080795,2.736707222,0.255768074,0
25,224,1.222,40655.95042,2571744.681,0.0056,0,10.938,0.42786,0.90312,0.093315,0,0,0,0,0.278532,19.16080795,2.736707222,0.255768074,0
25,224,1.222,40655.95042,2571744.681,0.65673,0,0,0.008333,0.70741,0,0,0,0,0,14.8218,3.27635624,2.736707222,0.255768074,0
25,224,1.222,40655.95042,2571744.681,0.00644,0,0.001669,0,0,0,0,0,0,0,0.151728,9.094257285,2.736707222,0.255768074,0
25,224,1.222,40655.95042,2571744.681,10.309,0,0,0,0.034463,0,0,0,0,0,87.522,1.480602342,2.736707222,0.255768074,0
25,224,1.222,40655.95042,2571744.681,0.061767,0,0,0.0088426,0,0,0,0,0,0,4.2768,0.757177028,2.736707222,0.255768074,0
25,224,1.222,40655.95042,2571744.681,0.043527,0,0,0,0,0,0,0,0,0,0,1.740043236,2.736707222,0.255768074,0
25,224,1.222,40655.95042,2571744.681,0,0,0,0,0,0,0,0,0,0,0,96.95287753,2.736707222,0.255768074,0
25,224,1.222,40655.95042,2571744.681,0.018322,0,0.01603,0,0,0,0,0,0,0,0.271728,0.308645201,2.736707222,0.255768074,0
25,224,1.222,40655.95042,2571744.681,8.6108,0,0,25.355,0,0.77904,0,0,0,0,0,4.748825638,2.736707222,0.255768074,0
25,224,1.222,40655.95042,2571744.681,0,0,0,0,0,0,0,0,0,0,0,0.757177028,2.736707222,0.255768074,0
25,224,1.222,40655.95042,2571744.681,0.014662,0,0,0.081032,0,0,0,0,0,0,1.08339,4.286874454,2.736707222,0.255768074,0
25,224,1.222,40655.95042,2571744.681,0,0,0,0,0,0,2.5309,0,0,0,0.151728,1.753869239,2.736707222,0.255768074,0
25,224,1.222,40655.95042,2571744.681,36.945,0,0,0.00014,0,0,0,0,0,0,0.151728,19.16080795,2.736707222,0.255768074,0
25,224,1.222,40655.95042,2571744.681,0,0,0,0,0.00524,0,0.67053,0,0,0,0,2.282103912,2.736707222,0.255768074,0
25,224,1.222,40655.95042,2571744.681,14.115,0,0,0,0.016895,0,0,0,0,0,0,2.473634728,2.736707222,0.255768074,0
25,224,1.222,40655.95042,2571744.681,3.5699,0,0,0,0,1.4271,0,0,0,0,30.786,3.294248715,2.736707222,0.255768074,0
25,224,1.222,40655.95042,2571744.681,0,0,0,0,0,0,0,0,0,0,38.517,6.438851272,2.736707222,0.255768074,0
25,224,1.222,40655.95042,2571744.681,3.7455,0,0,0,0,0,0,0,0,0,11.1597,0.403800639,2.736707222,0.255768074,0
25,224,1.222,40655.95042,2571744.681,0.008333,0,0,0.00833,0,0,0,0,0,0,41.715,57.83043216,2.736707222,0.255768074,0
25,224,1.222,40655.95042,2571744.681,0.001436,0,0,0,0,0,0.13028,0,0,0,0.151728,1.082901411,2.736707222,0.255768074,0
25,224,1.222,40655.95042,2571744.681,0,0,0,0.008333,0,0,0,0,0,0,0,0.506275725,2.736707222,0.255768074,0
25,224,1.222,40655.95042,2571744.681,0,0,0,0,0.002492,0,0,0,0,0,0.151728,3.539348854,2.736707222,0.255768074,0
25,224,1.222,40655.95042,2571744.681,0.041249,0,0,0,0,0,0,0.032629,0,0,0.151728,8.153142895,2.736707222,0.255768074,0
25,224,1.222,40655.95042,2571744.681,0.008333,0,0,0,0,0,0,0,0,0,198.603,1.437091095,2.736707222,0.255768074,0
25,224,1.222,40655.95042,2571744.681,2.8708,0,0,0,0,0,0.42744,0,0,0,47.883,1.912461635,2.736707222,0.255768074,0
25,224,1.222,40655.95042,2571744.681,0,0,0,0,0,0.00097,0,0,0,0,97.974,1.611949377,2.736707222,0.255768074,0
25,224,1.222,40655.95042,2571744.681,0.0724,0,0,0,0,0,0,0,0,0,0,4.791523591,2.736707222,0.255768074,0
25,224,1.222,40655.95042,2571744.681,1.1697,0,0,0.0011005,0.000688,0,0,0,0,0,0.151728,2.626534064,2.736707222,0.255768074,0
25,224,1.222,40655.95042,2571744.681,0.43058,0,0,0,0,0,0,0,0,0,0.151728,4.748825638,2.736707222,0.255768074,0
25,224,1.222,40655.95042,2571744.681,0,0,0,0,0.0072705,0.16347,0,0,0,0,23.5818,1.753869239,2.736707222,0.255768074,0
25,224,1.222,40655.95042,2571744.681,0,0,0,0,0,0,0,0,0,0,2.60853,3.50611189,2.736707222,0.255768074,0
25,224,1.222,40655.95042,2571744.681,0.040702,0,0,7.4028,0.010373,0,0,0,0,0,3.6423,7.432290306,2.736707222,0.255768074,0
25,224,1.222,40655.95042,2571744.681,0.00524,0,0,0,0,0,0,0,0,0,0.151728,2.550491043,2.736707222,0.255768074,0
25,224,1.222,40655.95042,2571744.681,0.005769,0,0,0.008333,0,0,0,0,0,0,0,1.082901411,2.736707222,0.255768074,0
25,224,1.222,40655.95042,2571744.681,1.8905,0,0,0,0,0,0,0,0,0,1.96911,1.740043236,2.736707222,0.255768074,0
25,224,1.222,40655.95042,2571744.681,0.000124,0,0,0.012154,0,9.3295,0,0,0,0,28.0509,1.480602342,2.736707222,0.255768074,0
25,224,1.222,40655.95042,2571744.681,0.005769,0,0,10.898,2.3147,0,0,0,0,0,0.286419,5.721119019,2.736707222,0.255768074,0
25,224,1.222,40655.95042,2571744.681,0.60993,0,0,0,0.001434,0,0,0,0,0,0,4.748825638,2.736707222,0.255768074,0
25,224,1.222,40655.95042,2571744.681,19.622,0,0,0.99417,0,0,0,0,0,0,0.151728,4.791523591,2.736707222,0.255768074,0
25,224,1.222,40655.95042,2571744.681,0.98086,0,0.002011,0,0.00062,0.0006805,0,0,0,0,0,3.332473549,2.736707222,0.255768074,0
25,224,1.222,40655.95042,2571744.681,0,0,0,0,0.007102,0,0,0,0,0,12.4689,1.629841853,2.736707222,0.255768074,0
25,224,1.222,40655.95042,2571744.681,0.004143,0,0,0,0.18217,0,0,0,0,0,0.44541,0.677067536,2.736707222,0.255768074,0
25,224,1.222,40655.95042,2571744.681,0,0,0,0,0,0,0,0,0,0,0.151728,1.082901411,2.736707222,0.255768074,0
25,224,1.222,40655.95042,2571744.681,0,0,0.0056435,0.82457,0,0,0,0,0,0,12.0081,5.924849251,2.736707222,0.255768074,0
25,224,1.222,40655.95042,2571744.681,0,0,0,0.48873,0,0,0,0,0,0,5.0757,5.751441887,2.736707222,0.255768074,0
25,224,1.222,40655.95042,2571744.681,1.2548,0,0.0021738,0,0.062887,0,15.593,0,0,0,2.39871,0.677067536,2.736707222,0.255768074,0
25,224,1.222,40655.95042,2571744.681,0.016699,0,0,20.449,0.353,0,0,0,0,0,0.151728,1.753869239,2.736707222,0.255768074,0
25,224,1.222,40655.95042,2571744.681,0,0,0,0.002139,0,0,0,0,0,0,0.151728,57.83043216,2.736707222,0.255768074,0
25,224,1.222,40655.95042,2571744.681,8.2504,0,0,0.62945,0,0,0,0,0,0,5.0718,13.58857149,2.736707222,0.255768074,0
25,224,1.222,40655.95042,2571744.681,0,0,0,0,0.000251,0.77921,0,0,0,0,0,1.629841853,2.736707222,0.255768074,0
25,224,1.222,40655.95042,2571744.681,0.023275,0,0,0,0.008333,0,0,0,0,0,0,34.6982593,2.736707222,0.255768074,0
25,224,1.222,40655.95042,2571744.681,13.81,0,0,0,0,0,0,0,0,0,6.5418,19.71922933,2.736707222,0.255768074,0
25,224,1.222,40655.95042,2571744.681,1.2894,0,0,0.013415,14.269,0,0,0,0,0,1.08798,8.643285575,2.736707222,0.255768074,0
25,224,1.222,40655.95042,2571744.681,0.3067,0,0,0,0.64611,0.0000095,0,0,0,0,0,6.85281809,2.736707222,0.255768074,0
25,224,1.222,40655.95042,2571744.681,0,0,0,0.005239,0,0,0,0,0,0,0,4.044970118,2.736707222,0.255768074,0
25,224,1.222,40655.95042,2571744.681,0.013408,0,0,0.002011,0,0,0,0,0,0,0,5.721119019,2.736707222,0.255768074,0
25,224,1.222,40655.95042,2571744.681,16.603,0,0,0,0.27367,0,137.34,0,0,0,63.09,0.090682319,2.736707222,0.255768074,0
25,224,1.222,40655.95042,2571744.681,0,0,0,0.013546,0,0,0,0,0,0,0.151728,4.286874454,2.736707222,0.255768074,0
25,224,1.222,40655.95042,2571744.681,2.1571,0,0,0.000251,0.0033865,0,0,0,0,0,0,4.044970118,2.736707222,0.255768074,0
25,224,1.222,40655.95042,2571744.681,0.00824,0,0,0,0,0,0,0,0,0,9.5499,1.788434249,2.736707222,0.255768074,0
25,224,1.222,40655.95042,2571744.681,2.1165,0,0,0,51.372,0.003718,0,0,0,0,2.28174,3.50611189,2.736707222,0.255768074,0
25,224,1.222,40655.95042,2571744.681,1.6091,0,0,0.000078,8.1439,0,0,0,0,0,0,3.294248715,2.736707222,0.255768074,0
25,224,1.222,40655.95042,2571744.681,11.344,0,0,5.6081,0.016895,0,0,0,0,0,0,1.437091095,2.736707222,0.255768074,0
25,224,1.222,40655.95042,2571744.681,1.0344,0,0,0,26.494,0,30.686,0,0,0,12.3399,4.791523591,2.736707222,0.255768074,0
25,224,1.222,40655.95042,2571744.681,0.000739,0,0,0,0,0,0,0,0,0,0.151728,0.496109546,2.736707222,0.255768074,0
25,224,1.222,40655.95042,2571744.681,0,0,0,0,4.0421,4.2572,0,0,0,0,0.151728,1.611949377,2.736707222,0.255768074,0
25,224,1.222,40655.95042,2571744.681,0,0,0,13.409,0,0,0,0,0,0,0.151728,4.286874454,2.736707222,0.255768074,0
25,224,1.222,40655.95042,2571744.681,0,0,0,0,0,0,27.501,0,0,0,5.2239,1.437091095,2.736707222,0.255768074,0
25,224,1.222,40655.95042,2571744.681,0,0,0,0.005341,6.9699,0,0,0,0,0,0.151728,6.438851272,2.736707222,0.255768074,0
25,224,1.222,40655.95042,2571744.681,0.7554,0,0,0,0,0,0,0,0,0,0,4.791523591,2.736707222,0.255768074,0
25,224,1.222,40655.95042,2571744.681,0,0,0,0,43.562,0,0.008333,0,0,0,14.8218,27.05073767,2.736707222,0.255768074,0
25,224,1.222,40655.95042,2571744.681,1.366,0,0,0.001677,0,0,0,0,0,0,0.3897,2.282103912,2.736707222,0.255768074,0
25,224,1.222,40655.95042,2571744.681,8.3092,0,0,0.071721,0,0,0.59876,0,0,0,0.279942,2.282103912,2.736707222,0.255768074,0
25,224,1.222,40655.95042,2571744.681,0,0,0,0,0,0,0,0,0,0,0,27.05073767,2.736707222,0.255768074,0
25,224,1.222,40655.95042,2571744.681,0.013572,0,0,0,0.44929,0,0,0,0,0,0.279615,8.153142895,2.736707222,0.255768074,0
25,224,1.222,40655.95042,2571744.681,0,0,0,0.71875,0,0,0,0,0,0,6.5418,3.933904712,2.736707222,0.255768074,0
25,224,1.222,40655.95042,2571744.681,1.5374,0,0,0.008333,0,0,0,0,0,0,0.151728,1.753869239,2.736707222,0.255768074,0
25,224,1.222,40655.95042,2571744.681,0,0,0,0,0,0,0,0,0,0,58.353,6.85281809,2.736707222,0.255768074,0
25,224,1.222,40655.95042,2571744.681,0,0,0,0.008336,0,0,0,0,0,0,0,19.16080795,2.736707222,0.255768074,0
25,224,1.222,40655.95042,2571744.681,0.85316,0,0,0,8.0698,0,0,0,0,0,0.92517,5.751441887,2.736707222,0.255768074,0
25,224,1.222,40655.95042,2571744.681,0.71246,0,0,0,3.5225,1.1637,0,0,0,0,0.151728,2.684481285,2.736707222,0.255768074,0
25,224,1.222,40655.95042,2571744.681,0,0,4.0368,0.12679,0,0,0,0,0,0,0,0.51278208,2.736707222,0.255768074,0
25,224,1.222,40655.95042,2571744.681,3.4031,0,0,0,0,0,0,0,0,0,0,1.480602342,2.736707222,0.255768074,0
25,224,1.222,40655.95042,2571744.681,0.58468,0,0,32.687,0,0,0,0,0,0,0.37014,2.742428507,2.736707222,0.255768074,0
25,224,1.222,40655.95042,2571744.681,16.603,0,0,0,0,0,0,0,0,0,0,0.757177028,2.736707222,0.255768074,0
25,224,1.222,40655.95042,2571744.681,0.014662,0,0,0,52.779,0,0,0,0,0,22.8018,0.308645201,2.736707222,0.255768074,0
25,224,1.222,40655.95042,2571744.681,0.013476,0,0,0,0.059735,0,0.13028,0,0,0,15.0003,7.432290306,2.736707222,0.255768074,0
25,224,1.222,40655.95042,2571744.681,0,0,0,0.15275,0.002741,0,0,0,0,0,3.6918,96.95287753,2.736707222,0.255768074,0
25,224,1.222,40655.95042,2571744.681,0,0,0,0,0.009767,0,0,0,0,0,35.547,0.757177028,2.736707222,0.255768074,0
25,224,1.222,40655.95042,2571744.681,0,0,0,0,0,0.26686,0,0,0,0,0,1.082901411,2.736707222,0.255768074,0
25,224,1.222,40655.95042,2571744.681,0.18244,0,0,0.018148,0.005239,0,0,0,0,0,0.33174,1.753869239,2.736707222,0.255768074,0
25,224,1.222,40655.95042,2571744.681,0,0,0,20.04,0,0,0,0,0,0,0,1.788434249,2.736707222,0.255768074,0
25,224,1.222,40655.95042,2571744.681,0,0,0,0,0,0,0,0,0,0,0.151728,1.912461635,2.736707222,0.255768074,0
25,224,1.222,40655.95042,2571744.681,0.008335,0,0,0,0,0,0,0,0,0,0.151728,8.563989377,2.736707222,0.255768074,0
25,224,1.222,40655.95042,2571744.681,46.059,0,0,0.073717,0,0.093315,0.13028,0,0,0,0,5.924849251,2.736707222,0.255768074,0
25,224,1.222,40655.95042,2571744.681,3.3665,0,0,0,0.002868,0,0,0,0,0,0.151728,8.153142895,2.736707222,0.255768074,0
25,224,1.222,40655.95042,2571744.681,0,0,0,0,8.8857,0,0,0,0,0,6.9018,7.61406159,2.736707222,0.255768074,0
25,224,1.222,40655.95042,2571744.681,0.39409,0,0,0.00524,0,0,0,0,0,0,0.273324,8.563989377,2.736707222,0.255768074,0
25,224,1.222,40655.95042,2571744.681,0.011297,0,0.42531,0.026977,0,0,0,0,0,0,0.151728,0.51278208,2.736707222,0.255768074,0
25,224,1.222,40655.95042,2571744.681,0.008333,0,0,1.5394,0.001192,0,0.13028,0,0,0,0,0.496109546,2.736707222,0.255768074,0
25,224,1.222,40655.95042,2571744.681,0,0,0,0.015045,0,0,0,0,0,0,0,38.6168241,2.736707222,0.255768074,0
25,224,1.222,40655.95042,2571744.681,0,0,0,0.15874,0,0,0,0,0,0,0.268926,2.550491043,2.736707222,0.255768074,0
25,224,1.222,40655.95042,2571744.681,0,0,0,0,0,0,0,0,0,0,1.65174,20.03672595,2.736707222,0.255768074,0
25,224,1.222,40655.95042,2571744.681,0,0,0,17.76,0,0,0,0,0,0,0,8.563989377,2.736707222,0.255768074,0
25,224,1.222,40655.95042,2571744.681,0,0,0,3.9449,0,0,0,0,0,0,0.151728,1.788434249,2.736707222,0.255768074,0
25,224,1.222,40655.95042,2571744.681,0,0,0,0,0,0,0,0,0,0,0.151728,8.643285575,2.736707222,0.255768074,0
25,224,1.222,40655.95042,2571744.681,0.047389,0,0,7.1341,0,7.2949,0,0,0,0,0,20.03672595,2.736707222,0.255768074,0
25,224,1.222,40655.95042,2571744.681,0.00524,0,0,0,0,0,0,0,0,0,0.151728,3.370698383,2.736707222,0.255768074,0
25,224,1.222,40655.95042,2571744.681,0.008333,0,0,0.67703,0,0,0,0,0,0,0.151728,0.51278208,2.736707222,0.255768074,0
25,224,1.222,40655.95042,2571744.681,0.00322,0,0,0.00524,0,0,0,0,0,0,0.151728,3.933904712,2.736707222,0.255768074,0
25,224,1.222,40655.95042,2571744.681,0.032537,0,0,29.05,0,0,0,0,0,0,0.151728,27.05073767,2.736707222,0.255768074,0
25,224,1.222,40655.95042,2571744.681,0.008333,0,0,0,0,0,0,0,0,0,1.38174,6.509873784,2.736707222,0.255768074,0
25,224,1.222,40655.95042,2571744.681,15.2,0,0,0,6.2437,0,0,0,0,0,0,8.643285575,2.736707222,0.255768074,0
25,224,1.222,40655.95042,2571744.681,0,0,0,0,0.008335,0,0,0,0,0,0,1.953939646,2.736707222,0.255768074,0
25,224,1.222,40655.95042,2571744.681,0.008333,0,0,0.001436,0,0,0,0,0,0,5.787,5.721119019,2.736707222,0.255768074,0
25,224,1.222,40655.95042,2571744.681,0.44516,0,0,0.025929,1.1676,0,0,2.0426,0,0,0.181728,0.533114438,2.736707222,0.255768074,0
25,224,1.222,40655.95042,2571744.681,0,0,0,244.5,0,0,0,0,0,0,0,4.791523591,2.736707222,0.255768074,0
25,224,1.222,40655.95042,2571744.681,0.16397,0,0,208.31,16,0,0,0,0,0,0.151728,1.600969904,2.736707222,0.255768074,0
25,224,1.222,40655.95042,2571744.681,0.0031025,0,0,0,0,0,0,0,0,0,0,3.27635624,2.736707222,0.255768074,0
25,224,1.222,40655.95042,2571744.681,5.6933,0,0,0.003821,0,0.78099,0,0,0,0,0.151728,38.6168241,2.736707222,0.255768074,0
25,224,1.222,40655.95042,2571744.681,0.005769,0,0,0,7.0112,0,0,0,0,0,11.0037,1.480602342,2.736707222,0.255768074,0
25,224,1.222,40655.95042,2571744.681,8.2504,0,0,0,0,1.6459,0,0,0,0,8.5644,0.51278208,2.736707222,0.255768074,0
25,224,1.222,40655.95042,2571744.681,0.90611,0,0.25792,0.041028,0.002139,0,0,0,0,0,0.45174,5.721119019,2.736707222,0.255768074,0
25,224,1.222,40655.95042,2571744.681,5.7412,0,0,0,58.159,0,0,0,0,0,0.151728,1.437091095,2.736707222,0.255768074,0
25,224,1.222,40655.95042,2571744.681,1.2325,0,0,0.00524,8.3856,0,0,0,0,0,121.068,3.294248715,2.736707222,0.255768074,0
25,224,1.222,40655.95042,2571744.681,0.0064565,0,0,0.69261,2.1125,0,0,0,0,0,0,0.403800639,2.736707222,0.255768074,0
25,224,1.222,40655.95042,2571744.681,0,0,0,0,6.4522,0,0,0,0,0,0.151728,1.611949377,2.736707222,0.255768074,0
25,224,1.222,40655.95042,2571744.681,7.1711,0,0,1.0692,0,0,0,0,0,0,0,2.473634728,2.736707222,0.255768074,0
25,224,1.222,40655.95042,2571744.681,0,0,0,0.010471,0.002741,0,13.556,0,0,0,7.0518,1.753869239,2.736707222,0.255768074,0
25,224,1.222,40655.95042,2571744.681,9.7427,0,0,0,0,0,0,0,0,0,0.151728,0.757177028,2.736707222,0.255768074,0
25,224,1.222,40655.95042,2571744.681,1.8379,0,0,0.067813,58.159,0,0,0,0,0,0,6.438851272,2.736707222,0.255768074,0
25,224,1.222,40655.95042,2571744.681,0,0,0,0,4.0421,0,0,0,0,0,8.3928,2.473634728,2.736707222,0.255768074,0
25,224,1.222,40655.95042,2571744.681,0.001434,0,0,0,0.002741,0,0,0,0,0,0.151728,5.721119019,2.736707222,0.255768074,0
25,224,1.222,40655.95042,2571744.681,0,0,0,0,0,0,55.44,0,0,0,0,8.563989377,2.736707222,0.255768074,0
25,224,1.222,40655.95042,2571744.681,0.008333,0,0,0.071721,0,0,29.229,0,0,0,0,0.496109546,2.736707222,0.255768074,0
25,224,1.222,40655.95042,2571744.681,0,0,0,0,9.8934,0,0,0,0,0,11.6058,1.953939646,2.736707222,0.255768074,0
25,224,1.222,40655.95042,2571744.681,1.0831,0,0,0,3.7158,0,0,0,0,0,0,3.27635624,2.736707222,0.255768074,0
25,224,1.222,40655.95042,2571744.681,0.000251,0,0,0,0,0,0,0,0,0,14.8218,9.094257285,2.736707222,0.255768074,0
25,224,1.222,40655.95042,2571744.681,0,0,0,0,8.688,0,0,0,0,0,68.145,5.924849251,2.736707222,0.255768074,0
25,224,1.222,40655.95042,2571744.681,1.898,0,0,0,0.24663,0.093315,0,0,0,0,8.9718,0.757177028,2.736707222,0.255768074,0
25,224,1.222,40655.95042,2571744.681,0,0,0,0,14.569,0,0,0,0,0,1.64742,3.37110503,2.736707222,0.255768074,0
25,224,1.222,40655.95042,2571744.681,0,0,0,0.008333,0,0,0,0,0,0,11.0184,1.753869239,2.736707222,0.255768074,0
25,224,1.222,40655.95042,2571744.681,0,0,0,0.008333,0.36581,0,0,0,0,0,0.151728,14.97902997,2.736707222,0.255768074,0
25,224,1.222,40655.95042,2571744.681,0,0,0,0.00524,0,0,0,0,0,0,6.5418,107.1285055,2.736707222,0.255768074,0
25,224,1.222,40655.95042,2571744.681,0.0059107,0,0,0.008333,0,0,0,0.79321,0,0,1.41975,83.74352198,2.736707222,0.255768074,0
25,224,1.222,40655.95042,2571744.681,0.013476,0,0,0.00524,0,0,0,0,0,0,0,3.37110503,2.736707222,0.255768074,0
25,224,1.222,40655.95042,2571744.681,0,0,0,0,0,0,0,0,0,0,1.72038,8.86877143,2.736707222,0.255768074,0
26,225,1,40570.84526,2566361.244,0,0,0,0,0,0,0,0,0,0,0,0.085689464,2.728688122,0.255018622,0
26,225,1,40570.84526,2566361.244,0.18244,0,0,0,0,0,0,0,0,0,0.151728,0.219704697,2.728688122,0.255018622,0
26,225,1,40570.84526,2566361.244,0,0,0,0,0,0.59584,0,0,0,0,66.003,0.541773565,2.728688122,0.255018622,0
26,225,1,40570.84526,2566361.244,2.1165,0,0,0.067813,0,0.78866,0,0,0,0,10.6335,0.541773565,2.728688122,0.255018622,0
26,225,1,40570.84526,2566361.244,0,0,0,0.0084875,1.5408,0,539.1,1.432,0,0,6.258,3.789481443,2.728688122,0.255018622,0
26,225,1,40570.84526,2566361.244,0.87352,0,4.9085,0,0.0070165,0,19.664,0,0,0,0,0.219704697,2.728688122,0.255018622,0
26,225,1,40570.84526,2566361.244,0.0031025,0,0,0,2.7524,0,0.008333,0,0,0,18.849,4.278895437,2.728688122,0.255018622,0
26,225,1,40570.84526,2566361.244,0.008333,0,0,0.80704,0.00833,0,0,0,0,0,0.151728,0.301225485,2.728688122,0.255018622,0
26,225,1,40570.84526,2566361.244,0.008336,0,0,0.002031,0,0,0,0,0,0,0,0.085689464,2.728688122,0.255018622,0
26,225,1,40570.84526,2566361.244,0,0,0,0,0.002492,0,0.10863,0,0,0,0.151728,0.423815456,2.728688122,0.255018622,0
26,225,1,40570.84526,2566361.244,2.0814,0,0,0.008333,0.002868,0,0,0,0,0,0.151728,143.9831763,2.728688122,0.255018622,0
26,225,1,40570.84526,2566361.244,0,0,0,0,0,0,0,0,0,0,0,0.99739448,2.728688122,0.255018622,0
26,225,1,40570.84526,2566361.244,0.002011,0,0,0,0.000688,0,0,0,0,0,0.27948,2.474804353,2.728688122,0.255018622,0
26,225,1,40570.84526,2566361.244,0,0,0,0,0,0,0,0,0,0,0.151728,0.219704697,2.728688122,0.255018622,0
26,225,1,40570.84526,2566361.244,0,0,0,0,0,0,0,0,0,0,0,15.12102526,2.728688122,0.255018622,0
26,225,1,40570.84526,2566361.244,0,0,0,0,0,0,0,0,0,0,0.276939,0.541773565,2.728688122,0.255018622,0
26,225,1,40570.84526,2566361.244,0,0,0,0,0,0,0,0,0,0,0,2.124635517,2.728688122,0.255018622,0
26,225,1,40570.84526,2566361.244,0,0,0,0,0.008333,0,0.13028,0,0,0,2.22174,0.219704697,2.728688122,0.255018622,0
26,225,1,40570.84526,2566361.244,0,0,0,0,0,1.6459,0,0,0,0,5.6418,0.99739448,2.728688122,0.255018622,0
26,225,1,40570.84526,2566361.244,0.00524,0,0,4.3441,2.1344,0,0,0,0,0,0.30174,22.79016382,2.728688122,0.255018622,0
26,225,1,40570.84526,2566361.244,0.006702,0,0,8.1583,0.050892,22.837,0,0,0,0,19.6818,0.219704697,2.728688122,0.255018622,0
26,225,1,40570.84526,2566361.244,0,0,0,0,1.4315,0,0,0,0,0,4.8507,11.68233493,2.728688122,0.255018622,0
26,225,1,40570.84526,2566361.244,8.6108,0,0,0.00043,3.2048,0,0,0,0,0,0.151728,1.651413523,2.728688122,0.255018622,0
26,225,1,40570.84526,2566361.244,0,0,0,0,0,0,0,0,0,0,0,6.472102045,2.728688122,0.255018622,0
26,225,1,40570.84526,2566361.244,1.385,0,0,0,2.557,0,13.175,0,0,0,0.151728,3.237208988,2.728688122,0.255018622,0
26,225,1,40570.84526,2566361.244,0,0,0,0,0,0,0,0,0,0,0.151728,143.9831763,2.728688122,0.255018622,0
26,225,1,40570.84526,2566361.244,6.4349,0,0,0.15874,0,0,0,0,0,0,6.102,0.219704697,2.728688122,0.255018622,0
26,225,1,40570.84526,2566361.244,1.5561,0,0,0,211.21,0,0,0,0,0,1.27794,17.60572724,2.728688122,0.255018622,0
26,225,1,40570.84526,2566361.244,0,0,0,0,0,0,0,0,0,0,0,6.472102045,2.728688122,0.255018622,0
26,225,1,40570.84526,2566361.244,0.014662,0,0,0,62.065,0,0,0,0,0,0,1.035375756,2.728688122,0.255018622,0
26,225,1,40570.84526,2566361.244,0.005239,0,0,0,0,0,0,0,0,0,0,22.79016382,2.728688122,0.255018622,0
26,225,1,40570.84526,2566361.244,0.0724,0,0,0,0,0,137.34,0,0,0,0.151728,2.474804353,2.728688122,0.255018622,0
26,225,1,40570.84526,2566361.244,0.00644,0,0,0.00524,26.494,0,0,0,0,0,0,1.035375756,2.728688122,0.255018622,0
26,225,1,40570.84526,2566361.244,0.00644,0,0,0,0,0.77904,22.25,0,0,0,0,15.12102526,2.728688122,0.255018622,0
26,225,1,40570.84526,2566361.244,0,0,0,0,0.021909,0,0,0,0,0,107.403,22.79016382,2.728688122,0.255018622,0
26,225,1,40570.84526,2566361.244,7.9784,0,0,0,0,0,0,0,0,0,1.86174,1.651413523,2.728688122,0.255018622,0
26,225,1,40570.84526,2566361.244,0,0,0,0,0,0,0,0,0,0,0.151728,0.219704697,2.728688122,0.255018622,0
26,225,1,40570.84526,2566361.244,0.91229,0,0,0.02891,0.00524,0,0,1.0501,0,0,6.108,1.651413523,2.728688122,0.255018622,0
26,225,1,40570.84526,2566361.244,5.15,0,0,0,0,0,0,0,0,0,4.4103,3.789481443,2.728688122,0.255018622,0
26,225,1,40570.84526,2566361.244,0.001326,0,0,0.22391,0,0,0,0,0,0,1.19187,0.423815456,2.728688122,0.255018622,0
26,225,1,40570.84526,2566361.244,0.008333,0,12.251,0,0.008333,0,0,0,0,0,0.273324,0.423815456,2.728688122,0.255018622,0
26,225,1,40570.84526,2566361.244,0,0,0,0,0.23265,0,0,0,0,0,0.151728,25.71929039,2.728688122,0.255018622,0
26,225,1,40570.84526,2566361.244,1.7741,0,0,0,0,0,0,0,0,0,107.403,0.301225485,2.728688122,0.255018622,0
26,225,1,40570.84526,2566361.244,0.043506,0,0,0,0.008333,0,0,0,0,0,0.151728,302.4307175,2.728688122,0.255018622,0
26,225,1,40570.84526,2566361.244,0.0031025,0,0,20.449,0,0,0,0,0,0,2.37174,0.219704697,2.728688122,0.255018622,0
26,225,1,40570.84526,2566361.244,0.00524,0,0,0,0,0,0,0,0,0,0.27711,3.789481443,2.728688122,0.255018622,0
26,225,1,40570.84526,2566361.244,0.013408,0,0.001493,0,0.003538,0,0,0,0,0,11.7102,10.04744876,2.728688122,0.255018622,0
26,225,1,40570.84526,2566361.244,0.11399,0,0,61.793,8.8857,0,9.1898,0,0,0,0.151728,0.541773565,2.728688122,0.255018622,0
26,225,1,40570.84526,2566361.244,10.309,0,0,0.010105,0,0,0,0,0,0,0.35643,3.789481443,2.728688122,0.255018622,0
26,225,1,40570.84526,2566361.244,1.8115,0,0,0,0,0,0,0,0,0,0,6.472102045,2.728688122,0.255018622,0
26,225,1,40570.84526,2566361.244,0.23451,0,0,0,0,0,0,0,0,0,0.151728,6.495762651,2.728688122,0.255018622,0
26,225,1,40570.84526,2566361.244,0.038936,0,0,3.1662,0.21732,0,0,0,0,0,0.151728,0.085689464,2.728688122,0.255018622,0
26,225,1,40570.84526,2566361.244,0.60993,0,0,0,0.001478,0,0,0,0,0,0,143.9831763,2.728688122,0.255018622,0
26,225,1,40570.84526,2566361.244,0.001267,0,0,0,0,0,150.43,0,0,0,0.151728,11.68233493,2.728688122,0.255018622,0
26,225,1,40570.84526,2566361.244,0,0,0,0.003346,5.6507,0,0,0,0,0,0.151728,0.301225485,2.728688122,0.255018622,0
26,225,1,40570.84526,2566361.244,0.14297,0,0,0,0,0,0,0,0,0,0.151728,6.472102045,2.728688122,0.255018622,0
26,225,1,40570.84526,2566361.244,1.6989,0,0,0,0.007697,0,0,0,0,0,0.151728,2.474804353,2.728688122,0.255018622,0
26,225,1,40570.84526,2566361.244,0,0,0,0.008335,0,0,0.002308,0,0,0,0.204657,6.472102045,2.728688122,0.255018622,0
26,225,1,40570.84526,2566361.244,0,0,0,0,0.008333,0,0,0,0,0,55.917,0.085689464,2.728688122,0.255018622,0
26,225,1,40570.84526,2566361.244,0.00524,0,0,0,0,0,0,0,0,0,0,1.651413523,2.728688122,0.255018622,0
26,225,1,40570.84526,2566361.244,6.8104,0,0,8.2296,0,0,0,0,0,0,0.151728,0.219704697,2.728688122,0.255018622,0
26,225,1,40570.84526,2566361.244,1.0831,0,0,0,0,0,0,0,0,0,34.539,3.237208988,2.728688122,0.255018622,0
26,225,1,40570.84526,2566361.244,6.8104,0,0,0.40202,0,0,0,0,0,0,0.151728,0.99739448,2.728688122,0.255018622,0
26,225,1,40570.84526,2566361.244,0.002868,0,0,0,2.4885,0,0,0,0,0,60.207,0.541773565,2.728688122,0.255018622,0
26,225,1,40570.84526,2566361.244,24.337,0,0,0.14108,0,0,0.13028,0,0,0,0,1.035375756,2.728688122,0.255018622,0
26,225,1,40570.84526,2566361.244,0.00524,0,0.35972,0,0,37.958,0,0,0,0,3.2364,3.237208988,2.728688122,0.255018622,0
26,225,1,40570.84526,2566361.244,0.93731,0,0,3.4764,0.008333,0,15.593,0,0,0,66.003,2.474804353,2.728688122,0.255018622,0
26,225,1,40570.84526,2566361.244,0,0,0,0,0.00014,6.4369,0,0,0,0,0.151728,0.541773565,2.728688122,0.255018622,0
26,225,1,40570.84526,2566361.244,0,0,0,0,0.013973,0,0,0,0,0,0.151728,0.99739448,2.728688122,0.255018622,0
26,225,1,40570.84526,2566361.244,0,0,0,0.008321,1.7912,0,0,0,0,0,0.151728,2.124635517,2.728688122,0.255018622,0
26,225,1,40570.84526,2566361.244,3.6358,0,0,0,0,0,0,0,0,0,0.33174,0.99739448,2.728688122,0.255018622,0
26,225,1,40570.84526,2566361.244,17.385,0,0,0,0,0,0,0,0,0,0.151728,2.474804353,2.728688122,0.255018622,0
26,225,1,40570.84526,2566361.244,0.00014,0,0,0,0,0,0,0,0,0,0.42399,11.68233493,2.728688122,0.255018622,0
26,225,1,40570.84526,2566361.244,0,0,0,0.000251,0,0,0,0,0,0,3.0075,2.124635517,2.728688122,0.255018622,0
26,225,1,40570.84526,2566361.244,0,0,0,0,0.065813,0,0,0,0,0,3.6423,0.219704697,2.728688122,0.255018622,0
26,225,1,40570.84526,2566361.244,0.0066265,0,0,0,0,0,0,0,0,0,0.84174,2.007567612,2.728688122,0.255018622,0
26,225,1,40570.84526,2566361.244,0.010963,0,0,0.010479,0,0,65.662,0,0,0,1.04805,0.99739448,2.728688122,0.255018622,0
26,225,1,40570.84526,2566361.244,0,0,0,0,0.008333,0,0,0,0,0,0,3.237208988,2.728688122,0.255018622,0
26,225,1,40570.84526,2566361.244,0,0,0,0,0.68784,0,0,0,0,0,1.86174,0.301225485,2.728688122,0.255018622,0
26,225,1,40570.84526,2566361.244,0.000063,0,0,0.008335,0,0,0,0,0,0,0.151728,2.124635517,2.728688122,0.255018622,0
26,225,1,40570.84526,2566361.244,0,0,0,0,124.34,0,0,0,0,0,0,0.301225485,2.728688122,0.255018622,0
26,225,1,40570.84526,2566361.244,0.0019345,0,0,0.008333,0,0,0,0,0,0,0.151728,2.474804353,2.728688122,0.255018622,0
26,225,1,40570.84526,2566361.244,215.5,0,0,0,0.008333,0,0,0,0,0,0.279615,0.423815456,2.728688122,0.255018622,0
26,225,1,40570.84526,2566361.244,0,0,0,0,0,0,0,0,0,0,6.258,15.12102526,2.728688122,0.255018622,0
26,225,1,40570.84526,2566361.244,0,0,0,5.8999,0,0,0.059897,0,0,0,9.1953,0.99739448,2.728688122,0.255018622,0
26,225,1,40570.84526,2566361.244,43.582,0,0,0,0.002031,0.051019,8.1826,0,0,0,0.151728,13.06734301,2.728688122,0.255018622,0
26,225,1,40570.84526,2566361.244,0,0,0,0,0,0,0,0,0,0,0.278532,2.124635517,2.728688122,0.255018622,0
26,225,1,40570.84526,2566361.244,0,0,2.1639,0.008265,0,0,0,0,0,0,0.99864,0.423815456,2.728688122,0.255018622,0
26,225,1,40570.84526,2566361.244,3.5296,0,0,0,0,0,0,0,0,0,52.569,0.99739448,2.728688122,0.255018622,0
26,225,1,40570.84526,2566361.244,0,0,0,0,0,0,0,0,0,0,0.73911,0.085689464,2.728688122,0.255018622,0
26,225,1,40570.84526,2566361.244,0,0,0,0,0,0,0,0,0,0,2.13174,0.301225485,2.728688122,0.255018622,0
26,225,1,40570.84526,2566361.244,0.17481,0,0,0,0.00524,0,0,0,0,0,7.0536,3.789481443,2.728688122,0.255018622,0
26,225,1,40570.84526,2566361.244,5.2762,0,0,0.00524,0,0,0,0,0,0,0.151728,0.301225485,2.728688122,0.255018622,0
26,225,1,40570.84526,2566361.244,0,0,0,0,0,0,0,0,0,0,0.151728,0.219704697,2.728688122,0.255018622,0
26,225,1,40570.84526,2566361.244,0.001493,0,0,0,0,0,0,0,0,0,0,11.33524931,2.728688122,0.255018622,0
26,225,1,40570.84526,2566361.244,0.55531,0,0,0.006456,0.000124,0,0,0,0,0,6.108,15.12102526,2.728688122,0.255018622,0
26,225,1,40570.84526,2566361.244,0,0,0,0.00043,11.167,0,0,0,0,0,0.151728,6.472102045,2.728688122,0.255018622,0
26,225,1,40570.84526,2566361.244,0.009021,0,0,0,0,6.9496,0,0,0,0,0.151728,3.237208988,2.728688122,0.255018622,0
26,225,1,40570.84526,2566361.244,0,0,0,0,10.721,0,0.67845,0,0,0,0.151728,3.237208988,2.728688122,0.255018622,0
26,225,1,40570.84526,2566361.244,0,0,0,0,0,0,0.021726,0,0,0,0,4.278895437,2.728688122,0.255018622,0
26,225,1,40570.84526,2566361.244,0,0,0,1.0692,0,0.77921,0,0,0,0,0.271128,0.219704697,2.728688122,0.255018622,0
26,225,1,40570.84526,2566361.244,0.14827,0,0,0.001669,0,0,0,0,0,0,69.483,1.035375756,2.728688122,0.255018622,0
26,225,1,40570.84526,2566361.244,198.15,0,0,0,0,0,0,0,0,0,30.648,22.79016382,2.728688122,0.255018622,0
26,225,1,40570.84526,2566361.244,0.008333,0,0,0,0.013551,0.78866,0,0,0,0,0.151728,2.474804353,2.728688122,0.255018622,0
26,225,1,40570.84526,2566361.244,0.000172,0,0.4922,0,0.0064809,0,0,0,0,0,0.73911,15.12102526,2.728688122,0.255018622,0
26,225,1,40570.84526,2566361.244,0.001009,0,0,0,0.013746,0.080226,0,0,0,0,1.65174,6.472102045,2.728688122,0.255018622,0
26,225,1,40570.84526,2566361.244,7.8157,0,0,0,0.008333,0.77921,0,0,0,0,0,1.035375756,2.728688122,0.255018622,0
26,225,1,40570.84526,2566361.244,7.9005,0,0,0.0081579,0,0,0,0,0,0,0.151728,15.12102526,2.728688122,0.255018622,0
26,225,1,40570.84526,2566361.244,0.075337,0,0,0,0,0,0.021726,0,0,0,25.56,0.085689464,2.728688122,0.255018622,0
26,225,1,40570.84526,2566361.244,0.008333,0,0,0,0,0,0,0,0,0,41.715,2.474804353,2.728688122,0.255018622,0
26,225,1,40570.84526,2566361.244,57.072,0,0,0.00014,0,0,0.059897,0,0,0,20.8818,0.423815456,2.728688122,0.255018622,0
26,225,1,40570.84526,2566361.244,0,0,0.94963,0,0.37101,0.089117,0,0,0,0,14.8218,0.085689464,2.728688122,0.255018622,0
26,225,1,40570.84526,2566361.244,4.282,0,0,0.22843,0,0,0,0,0,0,0,2.474804353,2.728688122,0.255018622,0
26,225,1,40570.84526,2566361.244,0,0,0,0,0.00524,0,0,0,0,0,1.17456,2.124635517,2.728688122,0.255018622,0
26,225,1,40570.84526,2566361.244,0.015667,0,11.371,0.021907,0.008333,0,6.2428,0,0,0,0,2.007567612,2.728688122,0.255018622,0
26,225,1,40570.84526,2566361.244,28.979,0,0,0,0.00524,0,0,0,0,0,0,0.423815456,2.728688122,0.255018622,0
26,225,1,40570.84526,2566361.244,47.536,0,0,0.00524,0,0,0,0,0,0,0.36594,2.124635517,2.728688122,0.255018622,0
26,225,1,40570.84526,2566361.244,0.0097027,0,0,0,0.024251,0,0,0,0,0,6.258,6.472102045,2.728688122,0.255018622,0
26,225,1,40570.84526,2566361.244,0.007697,0,0,0.00524,0,0,0,0,0,0,1.72038,0.219704697,2.728688122,0.255018622,0
26,225,1,40570.84526,2566361.244,1.6744,0,0,43.946,0,0,0,0,0,0,0.151728,6.495762651,2.728688122,0.255018622,0
26,225,1,40570.84526,2566361.244,0,0,0,0,0.005395,0,0,0,0,0,3.4635,4.278895437,2.728688122,0.255018622,0
26,225,1,40570.84526,2566361.244,0.0088426,0,0,0.008333,0,0,0,0,0,0,6.8079,3.789481443,2.728688122,0.255018622,0
26,225,1,40570.84526,2566361.244,0,0,0,0,0,0,0,0,0,0,0.181728,0.541773565,2.728688122,0.255018622,0
26,225,1,40570.84526,2566361.244,0,0,0,0,0,0.50544,0,0,0,0,16.4517,0.541773565,2.728688122,0.255018622,0
26,225,1,40570.84526,2566361.244,1.2774,0,0,0.021603,0.000078,0,0,0,0,0,0,0.99739448,2.728688122,0.255018622,0
26,225,1,40570.84526,2566361.244,1.898,0,0,0,0,0,0,0,0,0,0,4.03418844,2.728688122,0.255018622,0
26,225,1,40570.84526,2566361.244,11.135,0,5.0386,0.001669,0,0,0,0,0,0,0.151728,0.219704697,2.728688122,0.255018622,0
26,225,1,40570.84526,2566361.244,0.008333,0,0,0.030966,0,0,24.479,0,0,0,0,25.71929039,2.728688122,0.255018622,0
26,225,1,40570.84526,2566361.244,0,0,55.887,0,0,0,0,0,0,0,0.151728,2.474804353,2.728688122,0.255018622,0
26,225,1,40570.84526,2566361.244,0.00524,0,0,0.001326,0,0,0,0,0.008333,0,1.57179,0.423815456,2.728688122,0.255018622,0
26,225,1,40570.84526,2566361.244,0,0,0,0,0.035884,0,0,0,0,0,44.763,15.12102526,2.728688122,0.255018622,0
26,225,1,40570.84526,2566361.244,0.030048,0,0,0,0.00833,0,0,0,0,0,0,2.474804353,2.728688122,0.255018622,0
26,225,1,40570.84526,2566361.244,0.0059107,0,0,0,0,0,0,0,0,0,1.52439,10.04744876,2.728688122,0.255018622,0
26,225,1,40570.84526,2566361.244,0.005372,0,0,1.788,0.00524,0,0,0,0,0,0.292407,11.33524931,2.728688122,0.255018622,0
26,225,1,40570.84526,2566361.244,0.28712,0,0,0,0.000739,0,0,0,0,0,0.151728,4.278895437,2.728688122,0.255018622,0
26,225,1,40570.84526,2566361.244,0.011297,0,0,0.0067015,0.0306,0,0,0,0,0,0,0.085689464,2.728688122,0.255018622,0
26,225,1,40570.84526,2566361.244,0,0,0,0,2.557,0,0,0,0,0,1.03647,1.651413523,2.728688122,0.255018622,0
26,225,1,40570.84526,2566361.244,52.722,0,0,0,5.2021,0,0,0,0,0,0.151728,3.237208988,2.728688122,0.255018622,0
26,225,1,40570.84526,2566361.244,0,0,0,0.65249,26.765,0,0,0,0,0,8.7318,2.474804353,2.728688122,0.255018622,0
26,225,1,40570.84526,2566361.244,0.067102,0,0,0.0021738,0,0,0.13028,0,0,0,0,2.124635517,2.728688122,0.255018622,0
26,225,1,40570.84526,2566361.244,1.2325,0,0,0,0.52975,0,0,0,0,0,8.9418,0.541773565,2.728688122,0.255018622,0
26,225,1,40570.84526,2566361.244,0.00524,0,0,0.051994,0,0,0,0,0,0,0,0.301225485,2.728688122,0.255018622,0
26,225,1,40570.84526,2566361.244,0.67499,0,0,0,0.002055,0,0,0,0,0,0.276939,0.541773565,2.728688122,0.255018622,0
26,225,1,40570.84526,2566361.244,109.34,0,0.81675,0,0,0,0,4.2206,0,0,0.30174,1.651413523,2.728688122,0.255018622,0
26,225,1,40570.84526,2566361.244,0,0,0,0,0,0,0,0,0,0,0.268926,2.474804353,2.728688122,0.255018622,0
26,225,1,40570.84526,2566361.244,0.024955,0,0,0,1.7912,0,0,0,0,0,0,6.472102045,2.728688122,0.255018622,0
26,225,1,40570.84526,2566361.244,2.6123,0,0.19195,0.00247,0.024251,775.66,0,0,0,0,1.17456,3.789481443,2.728688122,0.255018622,0
26,225,1,40570.84526,2566361.244,0.000063,0,0.81835,0.030964,0,0,0,0,0,0,2.10972,1.035375756,2.728688122,0.255018622,0
26,225,1,40570.84526,2566361.244,0.080184,0,0,0,0.14105,0,0,0,0,0,0.211728,0.085689464,2.728688122,0.255018622,0
26,225,1,40570.84526,2566361.244,0,0,0,0.36044,0,0,0,0,0,0,0,0.301225485,2.728688122,0.255018622,0
26,225,1,40570.84526,2566361.244,0,0,0,0,850.39,0,0,0,0,0,45.663,0.99739448,2.728688122,0.255018622,0
26,225,1,40570.84526,2566361.244,0.008333,0,0,15.592,0.001669,0,0,0,0,0,0,3.237208988,2.728688122,0.255018622,0
26,225,1,40570.84526,2566361.244,0.008333,0,0,0,0,0,0,0,0,0,0.151728,10.04744876,2.728688122,0.255018622,0
26,225,1,40570.84526,2566361.244,2.2987,0,0,0,68.77,0,0,0,0,0,4.521,6.472102045,2.728688122,0.255018622,0
26,225,1,40570.84526,2566361.244,0,0,7.1966,0,56.549,0,0,0,0,0,8.6688,6.472102045,2.728688122,0.255018622,0
26,225,1,40570.84526,2566361.244,0.008333,0,0.000688,0,0,1.9116,82.366,0,0,0,0.151728,0.085689464,2.728688122,0.255018622,0
26,225,1,40570.84526,2566361.244,0.091719,0,0,0,0,0,0,0,0,0,27.5562,1.651413523,2.728688122,0.255018622,0
26,225,1,40570.84526,2566361.244,0.000124,0,0,0,0,0,0,0,0,0,0.151728,1.035375756,2.728688122,0.255018622,0
26,225,1,40570.84526,2566361.244,0,0,0,0.38795,6.0919,0,0,0,0,0,0,6.472102045,2.728688122,0.255018622,0
26,225,1,40570.84526,2566361.244,0.000545,0,0,0,0.008333,7.545,385.54,0,0,0,0,3.237208988,2.728688122,0.255018622,0
26,225,1,40570.84526,2566361.244,0.1789,0,0,0,0.14829,0.78188,0,0,0,0,0.151728,3.237208988,2.728688122,0.255018622,0
26,225,1,40570.84526,2566361.244,0,0,0,0,0,0,0.42744,0,0,0,0.57,0.541773565,2.728688122,0.255018622,0
26,225,1,40570.84526,2566361.244,0.002139,0,0,10.898,0,0,0,0,0,0,1.88184,15.12102526,2.728688122,0.255018622,0
26,225,1,40570.84526,2566361.244,0.001309,0,0,0,0,0.008332,0,0,0,0,0.151728,4.278895437,2.728688122,0.255018622,0
26,225,1,40570.84526,2566361.244,1.8154,0,4.0368,0,0.63967,0,0,0,0,0,12.3399,2.124635517,2.728688122,0.255018622,0
26,225,1,40570.84526,2566361.244,4.282,0,0,0,0,12.891,0,0,0,0,0.151728,0.99739448,2.728688122,0.255018622,0
26,225,1,40570.84526,2566361.244,0,0,0,0,0.0057595,0,0,0,0,0,8.3928,143.9831763,2.728688122,0.255018622,0
26,225,1,40570.84526,2566361.244,0,0,0,0,0,0,0,0,0,0,0.86343,0.423815456,2.728688122,0.255018622,0
26,225,1,40570.84526,2566361.244,74.841,0,0,0.00524,0.003538,0,0,0,0,0,0.151728,4.278895437,2.728688122,0.255018622,0
26,225,1,40570.84526,2566361.244,0.12797,0,0,0,0.00524,0.77921,0,0,0,0,0,2.007567612,2.728688122,0.255018622,0
26,225,1,40570.84526,2566361.244,0.51613,0,0,0,0.0057595,0,0,0,0,0,0,3.237208988,2.728688122,0.255018622,0
26,225,1,40570.84526,2566361.244,0,0,0,0,0,1.5701,0,0,0,0,0.151728,2.474804353,2.728688122,0.255018622,0
26,225,1,40570.84526,2566361.244,0,0,0,0.008333,4.0421,0,0,0,0,0,0,3.237208988,2.728688122,0.255018622,0
26,225,1,40570.84526,2566361.244,0,0,0,0,0,0,0,0,0,0,0,1.035375756,2.728688122,0.255018622,0
26,225,1,40570.84526,2566361.244,0,0,0,2.2778,0,0,0,0,0,0,0.151728,10.04744876,2.728688122,0.255018622,0
26,225,1,40570.84526,2566361.244,0,0,0,0.94228,0,0,0,0,0,0,29.7048,2.124635517,2.728688122,0.255018622,0
26,225,1,40570.84526,2566361.244,0.00524,0,0,0,0,0,0,0,0,0,0.151728,0.541773565,2.728688122,0.255018622,0
26,225,1,40570.84526,2566361.244,4.119,0,0,6.4627,0,0,0,0,0,0,0.151728,1.035375756,2.728688122,0.255018622,0
26,225,1,40570.84526,2566361.244,45.509,0,0,0,0,0,0,0,0,0,0,0.219704697,2.728688122,0.255018622,0
26,225,1,40570.84526,2566361.244,0.00524,0,0,0.86967,0.0057595,0.008333,0,0,0,0,0,0.423815456,2.728688122,0.255018622,0
26,225,1,40570.84526,2566361.244,0.16583,0,0,0.040507,0,0,0,0,0,0,6.561,0.541773565,2.728688122,0.255018622,0
26,225,1,40570.84526,2566361.244,12.994,0,0,0,0,0,0,0,0,0,0.271128,11.33524931,2.728688122,0.255018622,0
26,225,1,40570.84526,2566361.244,5.15,0,0,0,0,0,0,0,0,0,8.7318,1.035375756,2.728688122,0.255018622,0
26,225,1,40570.84526,2566361.244,6.7661,0,0,5.7154,0,0,97.067,0,0,0,16.0221,0.219704697,2.728688122,0.255018622,0
26,225,1,40570.84526,2566361.244,46.878,0,0,0.0088426,0,0,0,0,0,0,57.423,15.12102526,2.728688122,0.255018622,0
26,225,1,40570.84526,2566361.244,0.003821,0,0,0.001434,0,0,0.13028,0,0,0,0.287505,0.219704697,2.728688122,0.255018622,0
26,225,1,40570.84526,2566361.244,0.008333,0,0,0,1.7249,0,0.74966,0,0,0,6.108,0.219704697,2.728688122,0.255018622,0
26,225,1,40570.84526,2566361.244,0,0,0,0,0.0001405,0.77921,0,0,0,0,78.063,3.237208988,2.728688122,0.255018622,0
26,225,1,40570.84526,2566361.244,27.506,0,0,52.922,35.29,0,0.13028,0,0,0,0.151728,3.789481443,2.728688122,0.255018622,0
26,225,1,40570.84526,2566361.244,0,0,0,0.00524,0,0,0,0,0,0,0,15.12102526,2.728688122,0.255018622,0
26,225,1,40570.84526,2566361.244,0.00644,0,0,0,0,0,0,0,0,0,0.151728,25.71929039,2.728688122,0.255018622,0
26,225,1,40570.84526,2566361.244,0,0,0,0.009064,0,0,0,0,0,0,1.74174,13.06734301,2.728688122,0.255018622,0
26,225,1,40570.84526,2566361.244,0.005979,0,0,0,18.998,1.5684,4.4928,0,0,0,2.37174,1.035375756,2.728688122,0.255018622,0
26,225,1,40570.84526,2566361.244,0.098565,0,0,0,0.025169,0,0,0,0,0,0.151728,1.035375756,2.728688122,0.255018622,0
26,225,1,40570.84526,2566361.244,22.449,0,0,0,0,6.5672,0,0,0,0,0.151728,0.085689464,2.728688122,0.255018622,0
26,225,1,40570.84526,2566361.244,0.008336,0,0,0,0,0,0,0,0,0,6.8154,6.472102045,2.728688122,0.255018622,0
26,225,1,40570.84526,2566361.244,0.00062,0,0,0,0,0,27.501,0,0,0,16.3047,143.9831763,2.728688122,0.255018622,0
26,225,1,40570.84526,2566361.244,1.4262,0,0,0.026311,0,0,0,0,0,0,69.483,0.423815456,2.728688122,0.255018622,0
26,225,1,40570.84526,2566361.244,8.3092,0,0,17.949,5.2863,0.78238,0,0,0,0,0,2.474804353,2.728688122,0.255018622,0
26,225,1,40570.84526,2566361.244,0,0,0,1.5881,7.2444,0,0,0,0,0,0,22.79016382,2.728688122,0.255018622,0
26,225,1,40570.84526,2566361.244,25.253,0,0,0.00524,0.67961,2.5906,0,0,0,0,0,2.124635517,2.728688122,0.255018622,0
26,225,1,40570.84526,2566361.244,0,0,0,61.793,0,0,0,0,0,0,2.39871,0.219704697,2.728688122,0.255018622,0
26,225,1,40570.84526,2566361.244,0,0,0,0.038288,0.00524,0,0,0,0,0,0.151728,10.04744876,2.728688122,0.255018622,0
26,225,1,40570.84526,2566361.244,0,0,0,0,4.0421,0,0,0,0,0,0,3.237208988,2.728688122,0.255018622,0
26,225,1,40570.84526,2566361.244,184.67,0,0,0,0.86472,5.9264,0,0,0,0,0.45174,2.124635517,2.728688122,0.255018622,0
26,225,1,40570.84526,2566361.244,0.39409,0,0,0.000376,14.569,0,14.188,0,0,0,0,0.541773565,2.728688122,0.255018622,0
26,225,1,40570.84526,2566361.244,0.00524,0,0,0.00524,0,0,0,0,0,0,18.0318,0.301225485,2.728688122,0.255018622,0
26,225,1,40570.84526,2566361.244,0.031802,0,0,0,4.4409,0,0,0,0,0,0,15.12102526,2.728688122,0.255018622,0
26,225,1,40570.84526,2566361.244,0,0,0,0.0055919,0,0,0.13028,0,0,0,0.151728,22.79016382,2.728688122,0.255018622,0
26,225,1,40570.84526,2566361.244,0,0,0,62.543,0.008333,0,0,0,0,0,3.4818,6.472102045,2.728688122,0.255018622,0
26,225,1,40570.84526,2566361.244,0,0,0,0.008335,0,0,0,0,0,0,0.204657,6.472102045,2.728688122,0.255018622,0
26,225,1,40570.84526,2566361.244,0.008333,0,0,20.576,0.01359,0,0,0,0,0,0,0.99739448,2.728688122,0.255018622,0
26,225,1,40570.84526,2566361.244,0.001493,0,0,0,0,0,0,0,0,0,0,15.12102526,2.728688122,0.255018622,0
26,225,1,40570.84526,2566361.244,0,0,0,0,0.00043,0,0,0,0,0,0.151728,0.423815456,2.728688122,0.255018622,0
26,225,1,40570.84526,2566361.244,0,0,0,0,0,0,0,0,0.00644,0,0.181728,22.79016382,2.728688122,0.255018622,0
26,225,1,40570.84526,2566361.244,0,0,0,0,0.0041885,0,0,0,0,0,0,3.789481443,2.728688122,0.255018622,0
26,225,1,40570.84526,2566361.244,0,0,0,0.006674,0,0,0,0,0,0,16.0221,2.474804353,2.728688122,0.255018622,0
26,225,1,40570.84526,2566361.244,6.8104,0,0,0,0.002868,0,0,0,0,0,0,0.219704697,2.728688122,0.255018622,0
26,225,1,40570.84526,2566361.244,0,0,0,0,0,0,0,0,0,0,0.151728,1.035375756,2.728688122,0.255018622,0
26,225,1,40570.84526,2566361.244,0.00524,0,0,3.0263,0,0,547,0,0,0,0.151728,1.035375756,2.728688122,0.255018622,0
26,225,1,40570.84526,2566361.244,0.53043,0,0,0,0,0,15.202,0,0,0,0.151728,1.651413523,2.728688122,0.255018622,0
26,225,1,40570.84526,2566361.244,0.008333,0,0,0.34605,0,0,0,0,0,0,1.35936,0.541773565,2.728688122,0.255018622,0
26,225,1,40570.84526,2566361.244,0.018338,0,0,2.1625,22.461,0,0.59876,0,0.008333,0,0.278532,11.33524931,2.728688122,0.255018622,0
26,225,1,40570.84526,2566361.244,0.11748,0,0,0.008333,4.6346,0.79321,0.59876,0,0,0,0,6.472102045,2.728688122,0.255018622,0
26,225,1,40570.84526,2566361.244,0,0,0,0,0,0,0,0,0,0,0,0.219704697,2.728688122,0.255018622,0
26,225,1,40570.84526,2566361.244,0,0,0,0,0.18655,0,0,0,0,0,0,3.789481443,2.728688122,0.255018622,0
26,225,1,40570.84526,2566361.244,0,0,0,0,0,0,0,0,0,0,0.286419,3.237208988,2.728688122,0.255018622,0
26,225,1,40570.84526,2566361.244,0.0056959,0,0,0,0.008321,0,0,0,0,0,41.715,0.219704697,2.728688122,0.255018622,0
26,225,1,40570.84526,2566361.244,0,0,0,0,0.008333,0,0,0,0,0,1.02351,0.99739448,2.728688122,0.255018622,0
26,225,1,40570.84526,2566361.244,0.48229,0,0,0,1.649,0,0,0,0,0,0,3.237208988,2.728688122,0.255018622,0
26,225,1,40570.84526,2566361.244,0,0,0,0,0.0022594,0,0,0,0,0,0.151728,6.472102045,2.728688122,0.255018622,0
26,225,1,40570.84526,2566361.244,1.0702,0,0,0,0.00062,0,0,0,0,0,0,0.219704697,2.728688122,0.255018622,0
26,225,1,40570.84526,2566361.244,0,0,0,0,0.027174,0,0,0,0,0,8.5524,0.541773565,2.728688122,0.255018622,0
26,225,1,40570.84526,2566361.244,1.1984,0,0,0.003821,0,0.78548,20.9,0,0,0,7.2111,0.219704697,2.728688122,0.255018622,0
26,225,1,40570.84526,2566361.244,0,0,0,44.381,0,0,0.002308,0,0,0,2.60853,0.99739448,2.728688122,0.255018622,0
26,225,1,40570.84526,2566361.244,6.7661,0,0,0,0,0.000342,72.717,0,0,0,0.151728,0.301225485,2.728688122,0.255018622,0
26,225,1,40570.84526,2566361.244,0.002139,0,0,0,0.000251,3.2273,55.44,0,0,0,3.4872,0.085689464,2.728688122,0.255018622,0
26,225,1,40570.84526,2566361.244,0.057403,0,0,0,0,0,0,1.6935,0,0,0,2.474804353,2.728688122,0.255018622,0
26,225,1,40570.84526,2566361.244,0.008333,0,0,0.00524,0.003821,0,0,0,0,0,0.151728,11.33524931,2.728688122,0.255018622,0
26,225,1,40570.84526,2566361.244,0.22208,0,0,0,0,0,0,0,0,0,8.1576,1.035375756,2.728688122,0.255018622,0
26,225,1,40570.84526,2566361.244,0,0,0,0,0.23265,0,0,0,0,0,11.7102,1.035375756,2.728688122,0.255018622,0
26,225,1,40570.84526,2566361.244,6.8591,0,0,0,0,0,0,0,3.948,0,0.275259,1.035375756,2.728688122,0.255018622,0
26,225,1,40570.84526,2566361.244,0,0,0,0.021906,0,0,0,0,0,0,0.270372,1.651413523,2.728688122,0.255018622,0
26,225,1,40570.84526,2566361.244,0.062194,0,0,0,0.008333,0,0,0,0,0,8.5524,0.085689464,2.728688122,0.255018622,0
26,225,1,40570.84526,2566361.244,0.008333,0,0,0,0.01787,0,28.852,0,0,0,0,0.301225485,2.728688122,0.255018622,0
26,225,1,40570.84526,2566361.244,0.005239,0,0,0,0,0,0,0,0,0,10.4865,2.007567612,2.728688122,0.255018622,0
26,225,1,40570.84526,2566361.244,0.008333,0,0,1.0487,0.1136,0,0,0,0,0,10.2414,2.124635517,2.728688122,0.255018622,0
26,225,1,40570.84526,2566361.244,0,0,0,0.009056,0,0,16.305,0,0,0,0.288579,1.651413523,2.728688122,0.255018622,0
26,225,1,40570.84526,2566361.244,9.5606,0,0,0,0.0070165,0,0,0,0,0,1.41975,1.035375756,2.728688122,0.255018622,0
26,225,1,40570.84526,2566361.244,0.015667,0,0,0,0,0,0,0,0,0,0,2.007567612,2.728688122,0.255018622,0
26,225,1,40570.84526,2566361.244,0.007221,0,0,0.008321,0,0,0,0,0,0,0,3.789481443,2.728688122,0.255018622,0
26,225,1,40570.84526,2566361.244,0.005239,0,0,0.003346,0,0.78245,0,0,0,0,0.151728,0.99739448,2.728688122,0.255018622,0
26,225,1,40570.84526,2566361.244,0,0,0,0.030965,0.00524,0,0,0,0,0,0.151728,0.541773565,2.728688122,0.255018622,0
26,225,1,40570.84526,2566361.244,0,0,0.034478,0.014602,0,0,0,0,0,0,0,1.035375756,2.728688122,0.255018622,0
26,225,1,40570.84526,2566361.244,0,0,0,0,0,0,0,0,0,0,3.0075,3.789481443,2.728688122,0.255018622,0
26,225,1,40570.84526,2566361.244,0.003346,0,0,27.797,0,0,0,0,0,0,0.151728,6.472102045,2.728688122,0.255018622,0
26,225,1,40570.84526,2566361.244,0.013408,0,0,0.008333,0,0,0,0,0,0,176.907,3.237208988,2.728688122,0.255018622,0
26,225,1,40570.84526,2566361.244,0,0,0,0,0,0,0,0,0,0,0,22.79016382,2.728688122,0.255018622,0
26,225,1,40570.84526,2566361.244,0.11748,0,0,0,0.027306,0,0,0,0,0,0,10.04744876,2.728688122,0.255018622,0
26,225,1,40570.84526,2566361.244,0.043506,0,0,0,3.1339,0,0,0,0,0,0,1.035375756,2.728688122,0.255018622,0
26,225,1,40570.84526,2566361.244,6.8272,0,0,0.00524,0,0.94061,0,0,0,0,0,6.472102045,2.728688122,0.255018622,0
26,225,1,40570.84526,2566361.244,0.008333,0,0.0053495,0,0,0,0,0,0,0,7.3206,0.541773565,2.728688122,0.255018622,0
26,225,1,40570.84526,2566361.244,46.059,0,0.00191,0.088496,32.03,0,0,0,0,0,0.273366,0.219704697,2.728688122,0.255018622,0
26,225,1,40570.84526,2566361.244,0.007221,0,0,0.00014,0,0,0,0,0,0,0,1.035375756,2.728688122,0.255018622,0
26,225,1,40570.84526,2566361.244,0,0,0,0,4.5283,9.7428,0,0,0,0,0.2871,0.085689464,2.728688122,0.255018622,0
26,225,1,40570.84526,2566361.244,0,0,0,0,0,0,0,0,0,0,6.3561,2.124635517,2.728688122,0.255018622,0
26,225,1,40570.84526,2566361.244,0,0,0,0,0.00524,0,0,0,0,0,0.65616,0.99739448,2.728688122,0.255018622,0
26,225,1,40570.84526,2566361.244,0,0,24.529,0.038288,8.1439,5.0308,0,0,0,0,9.8421,2.124635517,2.728688122,0.255018622,0
26,225,1,40570.84526,2566361.244,2.2494,0,0,0,0.72843,0,0,0,0,0,0.181728,2.124635517,2.728688122,0.255018622,0
26,225,1,40570.84526,2566361.244,9.3106,0,0,0.37666,0,0,0,0,0,0,0.151728,2.124635517,2.728688122,0.255018622,0
26,225,1,40570.84526,2566361.244,0,0,0,123.21,1.4315,0,0,0,0,0,14.3958,2.474804353,2.728688122,0.255018622,0
26,225,1,40570.84526,2566361.244,0,0,0,0,0,0,0,0,0,0,22.8018,17.60572724,2.728688122,0.255018622,0
26,225,1,40570.84526,2566361.244,0.053886,0,0,0,0.007221,0,0,0,0,0,0.151728,0.541773565,2.728688122,0.255018622,0
26,225,1,40570.84526,2566361.244,0,0,0.81848,0,0,0,0,0,0,0,11.7102,0.541773565,2.728688122,0.255018622,0
26,225,1,40570.84526,2566361.244,0,0,0,0,0.007102,0.78099,0,0,0,0,0.151728,0.219704697,2.728688122,0.255018622,0
26,225,1,40570.84526,2566361.244,0,0,0,0.00833,0.024251,0,0,0,0,0,0.151728,6.472102045,2.728688122,0.255018622,0
26,225,1,40570.84526,2566361.244,0,0,0,0,0,0.77921,0,0,0,0,14.3958,1.651413523,2.728688122,0.255018622,0
26,225,1,40570.84526,2566361.244,0.057403,0,0,2.7308,0,0,0,0,0.00062,0,0.151728,2.124635517,2.728688122,0.255018622,0
26,225,1,40570.84526,2566361.244,0,0,0,0.034928,0,0,0,0,0,0,0.151728,1.651413523,2.728688122,0.255018622,0
26,225,1,40570.84526,2566361.244,1.366,0,0,0,0.008333,0.78188,0,0,0,0,5.1444,1.651413523,2.728688122,0.255018622,0
26,225,1,40570.84526,2566361.244,2.5147,0,0,0,0,0,0,0,0,0,2.41287,1.035375756,2.728688122,0.255018622,0
26,225,1,40570.84526,2566361.244,0,0,0,0,0,0,0,0,0,0,11.6058,0.301225485,2.728688122,0.255018622,0
26,225,1,40570.84526,2566361.244,0,0,0,0.008333,0.021909,0,338.29,0,0,0,0,3.237208988,2.728688122,0.255018622,0
26,225,1,40570.84526,2566361.244,0.091719,0,0,0.008336,0,0,0,0,0,0,0.87174,3.237208988,2.728688122,0.255018622,0
26,225,1,40570.84526,2566361.244,0,0,0,0.000063,0.008333,0,0,0,0,0,0.151728,0.423815456,2.728688122,0.255018622,0
26,225,1,40570.84526,2566361.244,0,0,0,0,0,0,0.10863,0,0,0,0.151728,25.71929039,2.728688122,0.255018622,0
26,225,1,40570.84526,2566361.244,0,0,0,0,0.031711,0,0,0,0,0,0,0.085689464,2.728688122,0.255018622,0
26,225,1,40570.84526,2566361.244,0,0,0,0,4.2216,0,0,0,0,0,0,15.12102526,2.728688122,0.255018622,0
26,225,1,40570.84526,2566361.244,0.042738,0,0,0.000172,0,0,0,0,0,0,0.151728,6.495762651,2.728688122,0.255018622,0
26,225,1,40570.84526,2566361.244,0,0,8.8652,0,0,0,0,0,0,0,5.4381,0.085689464,2.728688122,0.255018622,0
26,225,1,40570.84526,2566361.244,0.003485,0,0,0,0,0,0,0,0,0,0.278532,6.472102045,2.728688122,0.255018622,0
26,225,1,40570.84526,2566361.244,0.0088426,0,0,0,4.5283,0,0,0,0,0,0,0.541773565,2.728688122,0.255018622,0
26,225,1,40570.84526,2566361.244,0,0,0,0,0,0,0,0,0,0,0.151728,11.68233493,2.728688122,0.255018622,0
26,225,1,40570.84526,2566361.244,0,0,0,0,0,12.816,0,0,0,0,10.1169,0.99739448,2.728688122,0.255018622,0
26,225,1,40570.84526,2566361.244,3.4031,0,0,0,0,0,0,0,0,0,3.4926,6.472102045,2.728688122,0.255018622,0
26,225,1,40570.84526,2566361.244,0,0,0,0.008333,0,0,0,0,0,0,18.819,0.085689464,2.728688122,0.255018622,0
26,225,1,40570.84526,2566361.244,0,0,0,0,0,0,0,0,0,0,11.0268,0.085689464,2.728688122,0.255018622,0
26,225,1,40570.84526,2566361.244,0.0064565,0,0,0.007328,0,0,0,0,0,0,0.273384,11.33524931,2.728688122,0.255018622,0
26,225,1,40570.84526,2566361.244,0,0,0,0,0,0,0,0,0,0,0,0.219704697,2.728688122,0.255018622,0
26,225,1,40570.84526,2566361.244,14.875,0,0,0,0.014078,0,16.83,0,0,0,0,0.423815456,2.728688122,0.255018622,0
26,225,1,40570.84526,2566361.244,0,0,0,0,0,0,45.746,0,0,0,13.494,0.301225485,2.728688122,0.255018622,0
26,225,1,40570.84526,2566361.244,0.022591,0,0,0.0074133,0,0,0,0,0,0,0,2.474804353,2.728688122,0.255018622,0
26,225,1,40570.84526,2566361.244,0.0067817,0,0,0.007697,1.5099,0,0.13028,0,0,0,0,0.301225485,2.728688122,0.255018622,0
26,225,1,40570.84526,2566361.244,0.000124,0,0,20.576,0,0,0,0,0,0,0,2.474804353,2.728688122,0.255018622,0
26,225,1,40570.84526,2566361.244,0.0019345,0,0,0,0,0,0,0,0,0,0.286419,1.035375756,2.728688122,0.255018622,0
26,225,1,40570.84526,2566361.244,0,0,2.0895,0,0,0,25.393,0,0,0,0,2.124635517,2.728688122,0.255018622,0
26,225,1,40570.84526,2566361.244,0.014402,0,0,61.793,0,0,1.8682,0,0,0,0.151728,0.301225485,2.728688122,0.255018622,0
26,225,1,40570.84526,2566361.244,3.2227,0,0,0.27226,0,0,0,0,0,0,1.57404,1.035375756,2.728688122,0.255018622,0
26,225,1,40570.84526,2566361.244,0,0,0,0,1.5099,0,0,0,0,0,0,25.71929039,2.728688122,0.255018622,0
26,225,1,40570.84526,2566361.244,0,0,0,0.02891,0,0.77921,12.2,0,0,0,8.7318,6.472102045,2.728688122,0.255018622,0
26,225,1,40570.84526,2566361.244,0.01048,0,0,0,0,0,0,0,0,0,0.151728,15.12102526,2.728688122,0.255018622,0
26,225,1,40570.84526,2566361.244,0.034133,0,0,0,0,0,0,0,0,0,0.151728,1.651413523,2.728688122,0.255018622,0
26,225,1,40570.84526,2566361.244,0.063798,0,0,0.0084875,0.003821,0,0,0,0,0,9.1953,0.301225485,2.728688122,0.255018622,0
26,225,1,40570.84526,2566361.244,1.366,0,0,0.45906,0,0,0,0,0,0,0.75903,1.651413523,2.728688122,0.255018622,0
26,225,1,40570.84526,2566361.244,0,0,0,8.389,42.799,0,0,0,0,0,0.271728,2.124635517,2.728688122,0.255018622,0
26,225,1,40570.84526,2566361.244,1.366,0,0,0,0,0,0.67845,0,0,0,1.5003,0.99739448,2.728688122,0.255018622,0
26,225,1,40570.84526,2566361.244,0,0,0,0,0.038932,0,0,0,0,0,10.6335,143.9831763,2.728688122,0.255018622,0
26,225,1,40570.84526,2566361.244,0,0,0,0,0,0.012727,0,0,0,0,0.73911,22.79016382,2.728688122,0.255018622,0
26,225,1,40570.84526,2566361.244,0.014901,0,0,0,0.007328,4.6961,0,0,0,0,10.3692,0.219704697,2.728688122,0.255018622,0
26,225,1,40570.84526,2566361.244,3.0031,0,0,11.325,0.00524,0,0.13028,0,0,0,0,2.474804353,2.728688122,0.255018622,0
26,225,1,40570.84526,2566361.244,0.008333,0,0,0.11243,0,0,0,0,0,0,0.77829,15.12102526,2.728688122,0.255018622,0
26,225,1,40570.84526,2566361.244,0,0,0,0.013455,0,0.03757,0,0,0,0,0.151728,15.12102526,2.728688122,0.255018622,0
26,225,1,40570.84526,2566361.244,0,0,0,0,0.001434,0.005269,0,0,0,0,0.38949,1.035375756,2.728688122,0.255018622,0
26,225,1,40570.84526,2566361.244,0.008332,0,0,0.002868,9.3522,0,0,0,0,0,0,0.301225485,2.728688122,0.255018622,0
26,225,1,40570.84526,2566361.244,185.11,0,0,0,0.018282,0,0,0,0,0,0,13.06734301,2.728688122,0.255018622,0
26,225,1,40570.84526,2566361.244,0.012568,0,0,0,0,0,5.6931,0,0,0,2.13174,3.789481443,2.728688122,0.255018622,0
26,225,1,40570.84526,2566361.244,0,0,0,68.713,0,0,0,5.4346,0,0,0,2.474804353,2.728688122,0.255018622,0
26,225,1,40570.84526,2566361.244,22.449,0,0,0.00524,0,0,0,0,0,0,0,0.085689464,2.728688122,0.255018622,0
26,225,1,40570.84526,2566361.244,10.309,0,0,0.00036,7.2444,0,0,0,0,0,0.151728,0.301225485,2.728688122,0.255018622,0
26,225,1,40570.84526,2566361.244,0,0,0,0,0,0,0,0,0,0,3.9018,15.12102526,2.728688122,0.255018622,0
26,225,1,40570.84526,2566361.244,0,0,0,0,0.008333,0,0.67845,0,0,0,0.151728,0.423815456,2.728688122,0.255018622,0
26,225,1,40570.84526,2566361.244,0,0,0,0,23.272,0,0,0,0,0,0,230.0573677,2.728688122,0.255018622,0
26,225,1,40570.84526,2566361.244,3.8952,0,0,0.002741,0,0,0,0,0,0,2.7027,0.301225485,2.728688122,0.255018622,0
26,225,1,40570.84526,2566361.244,0.00524,0,0,9.9,0,0,0,0,0,0,0,3.789481443,2.728688122,0.255018622,0
26,225,1,40570.84526,2566361.244,0,0,0,0,0,0,0,0,0,0,0.273384,0.219704697,2.728688122,0.255018622,0
26,225,1,40570.84526,2566361.244,0,0,0,0.50869,0.002741,0,0,0,0,0,0.293307,0.085689464,2.728688122,0.255018622,0
26,225,1,40570.84526,2566361.244,0.015764,0,0,0.91042,0.027306,0,0,0,0,0,0,1.651413523,2.728688122,0.255018622,0
26,225,1,40570.84526,2566361.244,21.068,0,0,3.325,0,0,0,0,0,0,11.0184,0.541773565,2.728688122,0.255018622,0
26,225,1,40570.84526,2566361.244,0,0,0,0.00644,0.008333,0,0,0,0,0,0.181728,15.12102526,2.728688122,0.255018622,0
26,225,1,40570.84526,2566361.244,0,0,0,0,0.000739,0,0,0,0,0,0.151728,2.124635517,2.728688122,0.255018622,0
26,225,1,40570.84526,2566361.244,0.00524,0,0,0,0.0070165,0,0,0,0,0,15.252,0.085689464,2.728688122,0.255018622,0
26,225,1,40570.84526,2566361.244,10.309,0,0,0,0.003538,0,0,0,0,0,0,0.301225485,2.728688122,0.255018622,0
26,225,1,40570.84526,2566361.244,0.008335,0,0,0.00524,0.00524,0,0,0,0,0,0,0.423815456,2.728688122,0.255018622,0
26,225,1,40570.84526,2566361.244,0.009021,0,0,0.02762,0,0,0,0,0,0,18.7944,3.237208988,2.728688122,0.255018622,0
26,225,1,40570.84526,2566361.244,0,0,0,0,0.00524,1.112,0,0,0,0,1.38174,13.06734301,2.728688122,0.255018622,0
26,225,1,40570.84526,2566361.244,0,0,0,12.177,0,0,0,0,0,0,10.7733,0.99739448,2.728688122,0.255018622,0
26,225,1,40570.84526,2566361.244,0.026038,0,0,0.005239,0,0,0.10863,0,0,0,0.151728,11.33524931,2.728688122,0.255018622,0
26,225,1,40570.84526,2566361.244,0.008335,0,0,0.088496,4.5283,0,99.841,0,0,0,6.105,0.085689464,2.728688122,0.255018622,0
26,225,1,40570.84526,2566361.244,0.013573,0,0,0,0,0,0,0,0,0,4.5897,2.124635517,2.728688122,0.255018622,0
26,225,1,40570.84526,2566361.244,0.01332,0,0,0,0,0.000182,0,0,167.95,0,1.86174,1.651413523,2.728688122,0.255018622,0
26,225,1,40570.84526,2566361.244,0.011527,0,0,0,0.008333,0,0,0,0,0,0.151728,3.237208988,2.728688122,0.255018622,0
26,225,1,40570.84526,2566361.244,0.00524,0,0,0,0.0062156,0,0,0,0,0,0.77829,11.68233493,2.728688122,0.255018622,0
26,225,1,40570.84526,2566361.244,0,0,0,0.008321,0.64611,0,0,0,0,0,0.287505,0.99739448,2.728688122,0.255018622,0
26,225,1,40570.84526,2566361.244,0.00524,0,0,0,0,0,0,0,0,0,52.569,11.33524931,2.728688122,0.255018622,0
26,225,1,40570.84526,2566361.244,0,0,0.71224,2.9167,0,0,9.039,0,0,0,0,0.423815456,2.728688122,0.255018622,0
26,225,1,40570.84526,2566361.244,853.14,0,0.041712,0,0,0,0,0,0,0,55.917,1.651413523,2.728688122,0.255018622,0
26,225,1,40570.84526,2566361.244,0,0,0,0,6.9699,0,7.6576,0,0,0,0,1.651413523,2.728688122,0.255018622,0
26,225,1,40570.84526,2566361.244,0,0,0.016473,0,0.14829,0,0,0,0,0,25.2354,0.085689464,2.728688122,0.255018622,0
26,225,1,40570.84526,2566361.244,0.50457,0,0,0,3.0251,0,0,0,0,0,0,17.60572724,2.728688122,0.255018622,0
26,225,1,40570.84526,2566361.244,0,0,0,1.8563,0.008333,0,0,0,0,0,0,0.219704697,2.728688122,0.255018622,0
26,225,1,40570.84526,2566361.244,0.0068531,0,0,0,0,0,0,0,0,0,5.6418,6.472102045,2.728688122,0.255018622,0
26,225,1,40570.84526,2566361.244,0,0,0,0,0,1.9116,0,0,0,0,0,2.474804353,2.728688122,0.255018622,0
26,225,1,40570.84526,2566361.244,0,0,0,0,0,0,0,0,0,0,1.26477,1.035375756,2.728688122,0.255018622,0
26,225,1,40570.84526,2566361.244,0,0,0,0.002508,0,0,0.002308,0,0,0,0.151728,4.278895437,2.728688122,0.255018622,0
26,225,1,40570.84526,2566361.244,0.40788,0,0,0,0,0,0,0,0,0,0.30174,2.124635517,2.728688122,0.255018622,0
26,225,1,40570.84526,2566361.244,0,0,0,0.00062,0,0,0,0,0,0,0,0.085689464,2.728688122,0.255018622,0
26,225,1,40570.84526,2566361.244,0.008333,0,0,0.000739,0,0,0,0,0,0,0.151728,0.085689464,2.728688122,0.255018622,0
26,225,1,40570.84526,2566361.244,0,0,0,0.00524,4.4409,0,0,0,0,0,0,6.472102045,2.728688122,0.255018622,0
26,225,1,40570.84526,2566361.244,0,0,0,0,0.014178,0,0,0,0,0,0.151728,0.219704697,2.728688122,0.255018622,0
26,225,1,40570.84526,2566361.244,0,0,0,0.00524,0,0,0,0,5.5439,0,0,0.423815456,2.728688122,0.255018622,0
26,225,1,40570.84526,2566361.244,0.00524,0,0,1.0692,0,0,0,0,0,0,44.763,0.085689464,2.728688122,0.255018622,0
26,225,1,40570.84526,2566361.244,0.48229,0,0,0,0,0,0,0,0,0,0.86343,1.035375756,2.728688122,0.255018622,0
26,225,1,40570.84526,2566361.244,6.5562,0,0,0,0,0,0,0,0,0,0,6.495762651,2.728688122,0.255018622,0
26,225,1,40570.84526,2566361.244,0.000172,0,0,0,0.008335,0,0,0,0,0,17.3718,0.99739448,2.728688122,0.255018622,0
26,225,1,40570.84526,2566361.244,0.010054,0,0,0,0,0,0,0,0,0,0.151728,11.33524931,2.728688122,0.255018622,0
26,225,1,40570.84526,2566361.244,0.17903,0,0,0.0021738,21.064,0,0,0,0,0,2.01174,2.474804353,2.728688122,0.255018622,0
26,225,1,40570.84526,2566361.244,0.067102,0,13.427,0,0,0,5.1885,0,0,0,0.72228,1.035375756,2.728688122,0.255018622,0
26,225,1,40570.84526,2566361.244,0,0,0,2.3519,0,0,0,0,0,0,0.151728,2.474804353,2.728688122,0.255018622,0
26,225,1,40570.84526,2566361.244,0,0,0,0,0.000124,0,0,0,0,0,2.39871,1.035375756,2.728688122,0.255018622,0
26,225,1,40570.84526,2566361.244,0.003416,0,0,0.91042,0.005239,0,0,0,0,0,2.41287,1.651413523,2.728688122,0.255018622,0
26,225,1,40570.84526,2566361.244,0.67499,0,0,0,0.081175,0,0.67845,0,0,0,0.151728,230.0573677,2.728688122,0.255018622,0
26,225,1,40570.84526,2566361.244,0,0,0,0,8.688,0.78209,0,0,0.012187,0,2.68779,15.12102526,2.728688122,0.255018622,0
26,225,1,40570.84526,2566361.244,0,0,0,0.025929,0,0,0,0,0,0,0,3.237208988,2.728688122,0.255018622,0
26,225,1,40570.84526,2566361.244,16.8,0,0,0,4.0421,0,0,0,0,0,0,0.99739448,2.728688122,0.255018622,0
26,225,1,40570.84526,2566361.244,0.014901,0,0,0,0,0,0,0,0,0,0.151728,3.237208988,2.728688122,0.255018622,0
26,225,1,40570.84526,2566361.244,0.013573,0,0,0.14108,0,0,0,0,0,0,0.151728,6.472102045,2.728688122,0.255018622,0
26,225,1,40570.84526,2566361.244,0.005239,0,0,0,0,0,0,0,0,0,0,0.085689464,2.728688122,0.255018622,0
26,225,1,40570.84526,2566361.244,0.000172,0,0,0,6.873,0,0,0,0,0,0,2.124635517,2.728688122,0.255018622,0
26,225,1,40570.84526,2566361.244,0.000078,0,0,0,0.008333,0,0,0,0,0,35.547,0.219704697,2.728688122,0.255018622,0
26,225,1,40570.84526,2566361.244,0,0,0,0,23.272,0,0,0,0,0,0.151728,11.33524931,2.728688122,0.255018622,0
26,225,1,40570.84526,2566361.244,0.73427,0,0,0.11797,4.9078,0,0,0,0,0,0.275259,0.541773565,2.728688122,0.255018622,0
26,225,1,40570.84526,2566361.244,1.5202,0,0,0,0.50221,0,0.42744,0,0,0,4.1406,11.33524931,2.728688122,0.255018622,0
26,225,1,40570.84526,2566361.244,0.008333,0,0,7.0709,0,0,0,0,0,0,22.7118,0.219704697,2.728688122,0.255018622,0
26,225,1,40570.84526,2566361.244,0,0,0,0.17235,14.269,0,0,0,0,0,13.5936,0.541773565,2.728688122,0.255018622,0
26,225,1,40570.84526,2566361.244,0.005769,0,0,4.8779,0,0,21.569,1.1742,0,0,0,0.085689464,2.728688122,0.255018622,0
26,225,1,40570.84526,2566361.244,1.3203,0,0,0.005341,0,0,0,0,0,0,0,22.79016382,2.728688122,0.255018622,0
26,225,1,40570.84526,2566361.244,0,0,0,0.010558,0.88295,0,0,0,0,0,0.151728,0.99739448,2.728688122,0.255018622,0
26,225,1,40570.84526,2566361.244,0.001669,0,0,0,0.0033865,2.7565,0,0,0,0,8.5434,0.219704697,2.728688122,0.255018622,0
26,225,1,40570.84526,2566361.244,0.007697,0,0,0,0.069058,32.552,0,0,0,0,0,15.12102526,2.728688122,0.255018622,0
26,225,1,40570.84526,2566361.244,0.011957,0,0,0.007102,0,0,0,0,0,0,7.3257,0.301225485,2.728688122,0.255018622,0
26,225,1,40570.84526,2566361.244,0.00524,0,0,0,0,0.79482,0.008333,0,0,0,2.05122,45.52343809,2.728688122,0.255018622,0
26,225,1,40570.84526,2566361.244,0.01048,0,0,0,0,0,0,0,0,0,7.8042,4.278895437,2.728688122,0.255018622,0
26,225,1,40570.84526,2566361.244,52.722,0,0,0,0,0,0,0,0,0,0,3.237208988,2.728688122,0.255018622,0
26,225,1,40570.84526,2566361.244,0,0,0.0063895,0,0.005239,0,0,0,0,0,28.1349,6.472102045,2.728688122,0.255018622,0
26,225,1,40570.84526,2566361.244,0.003346,0,0,0,2.8091,0,0,0,0,0,0.287505,11.68233493,2.728688122,0.255018622,0
26,225,1,40570.84526,2566361.244,0,0,0,0,0,0,0,0,0,0,0.151728,3.237208988,2.728688122,0.255018622,0
26,225,1,40570.84526,2566361.244,0.026827,0,0,0,0.008321,0,0,0,0,0,0.151728,2.007567612,2.728688122,0.255018622,0
26,225,1,40570.84526,2566361.244,23.582,0,0,0,0,0,0,0,0,0,44.073,0.085689464,2.728688122,0.255018622,0
26,225,1,40570.84526,2566361.244,0.68217,0,0,0.0081579,0,0,0,0,0,0,0.44541,0.085689464,2.728688122,0.255018622,0
26,225,1,40570.84526,2566361.244,0.008333,0,0,0,0.0062156,0,0,0,0,0,0.151728,3.237208988,2.728688122,0.255018622,0
26,225,1,40570.84526,2566361.244,0.014773,0,0,0,0,0.032076,0,0,0,0,0.84174,2.474804353,2.728688122,0.255018622,0
26,225,1,40570.84526,2566361.244,6.2048,0,0,0,0.010996,0.77806,0,0,0,0,0.151728,2.124635517,2.728688122,0.255018622,0
26,225,1,40570.84526,2566361.244,8.6108,0,0,0.001493,0,0,0,0,0,0,34.746,2.124635517,2.728688122,0.255018622,0
26,225,1,40570.84526,2566361.244,0.28712,0,0,0.1451,1.1676,0,0,0,0,0,11.0268,11.33524931,2.728688122,0.255018622,0
26,225,1,40570.84526,2566361.244,0.002011,0,0,0,0,0,41.34,0,0,0,0,0.99739448,2.728688122,0.255018622,0
26,225,1,40570.84526,2566361.244,16.603,0,0,0,0,0.000342,0,0,0,0,0.72174,0.423815456,2.728688122,0.255018622,0
26,225,1,40570.84526,2566361.244,49.592,0,0,0,0,0,0,0,0,0,0,3.237208988,2.728688122,0.255018622,0
26,225,1,40570.84526,2566361.244,0.005239,0,0,0,0,0,0,0,0,0,0.151728,1.651413523,2.728688122,0.255018622,0
27,226,9.694,40654.90194,2571678.358,0,0,0,0,0.008335,0,13.556,0,0,0,7.6407,0,2.733048123,0.255426101,0
27,226,9.694,40654.90194,2571678.358,0,0,0,0.002139,0,0,0,0,0,0,47.883,0,2.733048123,0.255426101,0
27,226,9.694,40654.90194,2571678.358,0.010479,0,0,0,0.0084565,0,0,0,0,0,0.151728,0,2.733048123,0.255426101,0
27,226,9.694,40654.90194,2571678.358,0.015379,0,0,0,0,0,0,0,0,0,0.151728,0,2.733048123,0.255426101,0
27,226,9.694,40654.90194,2571678.358,23.064,0,0,0,0.0059348,0,0,0,0,0,0.9426,0,2.733048123,0.255426101,0
27,226,9.694,40654.90194,2571678.358,0.93731,0,0,1.1174,0,0,0,0,0,0,0.28866,0,2.733048123,0.255426101,0
27,226,9.694,40654.90194,2571678.358,1.3203,0,0,5.6081,0.00524,0,0,0,0,0,11.9625,0,2.733048123,0.255426101,0
27,226,9.694,40654.90194,2571678.358,0.023705,0,0,0,0.13896,0,0,4.8506,0,0,0,0,2.733048123,0.255426101,0
27,226,9.694,40654.90194,2571678.358,0,0,3.3792,0.00524,0.00043,0,0,0,0,0,0,0,2.733048123,0.255426101,0
27,226,9.694,40654.90194,2571678.358,0.14827,0,0,0,0,0,0,0,0,0,0.286086,0,2.733048123,0.255426101,0
27,226,9.694,40654.90194,2571678.358,0,0,0,6.9518,0,0,0,0,0,0,41.634,0,2.733048123,0.255426101,0
27,226,9.694,40654.90194,2571678.358,0,0,0,0.0021738,0,0,0,0,0,0,1.86174,0,2.733048123,0.255426101,0
27,226,9.694,40654.90194,2571678.358,3.6358,0,0,0,0,0.057823,0,0,0,0,0,0,2.733048123,0.255426101,0
27,226,9.694,40654.90194,2571678.358,0,0,0,0,0,0.78189,0.60778,0,0,0,0,0,2.733048123,0.255426101,0
27,226,9.694,40654.90194,2571678.358,0,0,0,9.0645,0,0,0,0,0,0,1.05978,0,2.733048123,0.255426101,0
27,226,9.694,40654.90194,2571678.358,0,0,0,0,1.0363,0,0,0,0,0,0,0,2.733048123,0.255426101,0
27,226,9.694,40654.90194,2571678.358,0,0,0,0.008333,0,0,0,0,0,0,28.113,0,2.733048123,0.255426101,0
27,226,9.694,40654.90194,2571678.358,49.011,0,0,0,0.0062156,0,0,0,0,0,0,0,2.733048123,0.255426101,0
27,226,9.694,40654.90194,2571678.358,3.2038,0,0,0,0,0,0,0,0,0,73.296,0,2.733048123,0.255426101,0
27,226,9.694,40654.90194,2571678.358,0,0,0,0,0.00524,0,0,0,0,0,0.151728,0,2.733048123,0.255426101,0
27,226,9.694,40654.90194,2571678.358,0.00524,0,0,0.008333,0.008333,0,0,0,0,0,0.151728,0,2.733048123,0.255426101,0
27,226,9.694,40654.90194,2571678.358,10.309,0,0,0,0.008333,0,0,0,0,0,0.151728,0,2.733048123,0.255426101,0
27,226,9.694,40654.90194,2571678.358,0,0,0.010014,0,0,0,0.059897,0,0,0,0.151728,0,2.733048123,0.255426101,0
27,226,9.694,40654.90194,2571678.358,0.19126,0,0,0,0.002868,0,0,0,0,0,0,0,2.733048123,0.255426101,0
27,226,9.694,40654.90194,2571678.358,0.008333,0,0,0,0.008475,0,0,0,0,0,0.151728,0,2.733048123,0.255426101,0
27,226,9.694,40654.90194,2571678.358,0,0,0,0.097569,0,0,0,0,0,0,0,0,2.733048123,0.255426101,0
27,226,9.694,40654.90194,2571678.358,0,0,0,0,0,0,0,0,0,0,0,0,2.733048123,0.255426101,0
27,226,9.694,40654.90194,2571678.358,0.0094073,0,0,0.00524,0.00524,0,0,0,0,0,0,0,2.733048123,0.255426101,0
27,226,9.694,40654.90194,2571678.358,0.08383,0,0,0,0.014581,0,338.29,0,0,0,0.151728,0,2.733048123,0.255426101,0
27,226,9.694,40654.90194,2571678.358,0.37708,0,0,4.2796,0,0,0.67845,0,0,0,1.97832,0,2.733048123,0.255426101,0
27,226,9.694,40654.90194,2571678.358,0,0,0,0,0,0.77921,0,0,0,0,0,0,2.733048123,0.255426101,0
27,226,9.694,40654.90194,2571678.358,0.70554,0,0,0.9504,0,0,0,0,0,0,0.151728,0,2.733048123,0.255426101,0
27,226,9.694,40654.90194,2571678.358,0.82366,0,0,0,0,12.13,0,0,0,0,0.44541,0,2.733048123,0.255426101,0
27,226,9.694,40654.90194,2571678.358,0,0,0,0.65046,0.014119,0,0,0,0,0,2.21025,0,2.733048123,0.255426101,0
27,226,9.694,40654.90194,2571678.358,0.00524,0,0,3.7171,1.2845,0,0,0,0,0,7.2051,0,2.733048123,0.255426101,0
27,226,9.694,40654.90194,2571678.358,0,0,0,0.005769,0,0,0,0,0,0,0,0,2.733048123,0.255426101,0
27,226,9.694,40654.90194,2571678.358,0.008333,0,0,0,0,0,0,0,0,0,0.151728,0,2.733048123,0.255426101,0
27,226,9.694,40654.90194,2571678.358,14.115,0,0.30792,0.0074133,0,0,0,0,0,0,0,0,2.733048123,0.255426101,0
27,226,9.694,40654.90194,2571678.358,0.036852,0,0,0,0.008333,0.77904,1.8682,0,0,0,0.151728,0,2.733048123,0.255426101,0
27,226,9.694,40654.90194,2571678.358,0.11399,0,0,0.003346,0,0,0,0,0,0,4.5198,0,2.733048123,0.255426101,0
27,226,9.694,40654.90194,2571678.358,0,0,0,0.00524,15.439,0,21.198,0,0,0,4.5198,0,2.733048123,0.255426101,0
27,226,9.694,40654.90194,2571678.358,0.005769,0,0,6.376,0.0214,0,0,0,0,0,0.151728,0,2.733048123,0.255426101,0
27,226,9.694,40654.90194,2571678.358,0,0,0,0,7.0112,0,0.13028,0,0,0,0,0,2.733048123,0.255426101,0
27,226,9.694,40654.90194,2571678.358,0.007835,0,0,2.4911,0,0,0,0,0,0,17.1858,0,2.733048123,0.255426101,0
27,226,9.694,40654.90194,2571678.358,0.070781,0,0,0,0.021907,0,0,0,0,0,0.273366,0,2.733048123,0.255426101,0
27,226,9.694,40654.90194,2571678.358,0.030048,0,0,0,0,0,0,0,0,0,0,0,2.733048123,0.255426101,0
27,226,9.694,40654.90194,2571678.358,1.0344,0,0,0,0,0,0,0,0.72167,0,47.883,0,2.733048123,0.255426101,0
27,226,9.694,40654.90194,2571678.358,0,0,0,0.94228,0,0,0,0,0,0,0.151728,0,2.733048123,0.255426101,0
27,226,9.694,40654.90194,2571678.358,0,0,8.1175,0.83912,0,0,0,0,0,0,8.5524,0,2.733048123,0.255426101,0
27,226,9.694,40654.90194,2571678.358,0,0,0,0.0002525,0.14105,0,0,0,0,0,0.151728,0,2.733048123,0.255426101,0
27,226,9.694,40654.90194,2571678.358,0.0055799,0,0,0,0.000124,0.79321,0,0,0,0,0,0,2.733048123,0.255426101,0
27,226,9.694,40654.90194,2571678.358,5.2762,0,0,0,0,0,0,0,0,0,22.617,0,2.733048123,0.255426101,0
27,226,9.694,40654.90194,2571678.358,0,0,0,0.29765,0.097858,0,0,0,0,0,0,0,2.733048123,0.255426101,0
27,226,9.694,40654.90194,2571678.358,0.022279,0,0,0,0,0,0,0,0,0,0.151728,0,2.733048123,0.255426101,0
27,226,9.694,40654.90194,2571678.358,11.344,0,0,0,0,0.77921,0,0,0,0,34.746,0,2.733048123,0.255426101,0
27,226,9.694,40654.90194,2571678.358,0.19687,0,0,0.0027505,6.9699,0,0,0,0,0,81.042,0,2.733048123,0.255426101,0
27,226,9.694,40654.90194,2571678.358,0,0,0,6.6309,0,0,0,0,0,0,0.151728,0,2.733048123,0.255426101,0
27,226,9.694,40654.90194,2571678.358,0.020418,0,0,0,0,0,0,0,0,0,1.41975,0,2.733048123,0.255426101,0
27,226,9.694,40654.90194,2571678.358,0,0,0,0,11.928,0,0.67845,0,0,0,8.3928,0,2.733048123,0.255426101,0
27,226,9.694,40654.90194,2571678.358,0.08383,0,0,0,0.008333,0.78972,0,0,0,0,0.151728,0,2.733048123,0.255426101,0
27,226,9.694,40654.90194,2571678.358,0.00524,0,0,0.00524,0,0,0,0,0,0,0,0,2.733048123,0.255426101,0
27,226,9.694,40654.90194,2571678.358,0.01048,0,0,0.003538,42.799,0,0,0,0,0,0.273357,0,2.733048123,0.255426101,0
27,226,9.694,40654.90194,2571678.358,0.53043,0,0,0,0,0,0,0,0,0,0.151728,0,2.733048123,0.255426101,0
27,226,9.694,40654.90194,2571678.358,4.119,0,0,0,0,0,1.8833,0,0,0,0,0,2.733048123,0.255426101,0
27,226,9.694,40654.90194,2571678.358,1.6091,0,0,0,22.461,0,0,0,0,0,0,0,2.733048123,0.255426101,0
27,226,9.694,40654.90194,2571678.358,0.5201,0,0,0.11797,0,0,0,0,0,0,0.151728,0,2.733048123,0.255426101,0
27,226,9.694,40654.90194,2571678.358,0,0,0,0,0,0,0,0,0,0,0.151728,0,2.733048123,0.255426101,0
27,226,9.694,40654.90194,2571678.358,0.0072895,0,0,0,0.005239,0,0,0,0,0,0,0,2.733048123,0.255426101,0
27,226,9.694,40654.90194,2571678.358,0.17481,0,0,0,0,0,0,0,0,0,0.273384,0,2.733048123,0.255426101,0
27,226,9.694,40654.90194,2571678.358,0,0,0,3.2371,0.008335,0,0.13028,0,0,0,0.181728,0,2.733048123,0.255426101,0
27,226,9.694,40654.90194,2571678.358,0,0,0,0,0,0,0,0,0,0,12.3399,0,2.733048123,0.255426101,0
27,226,9.694,40654.90194,2571678.358,0.046194,0,0,0.007328,0.27367,0,0,0,0,0,0.151728,0,2.733048123,0.255426101,0
27,226,9.694,40654.90194,2571678.358,0.00524,0,0,0.008333,0.00524,0,0,0,0,0,0.151728,0,2.733048123,0.255426101,0
27,226,9.694,40654.90194,2571678.358,4.5748,0,0,0,0,0,0,0,0,0,0.151728,0,2.733048123,0.255426101,0
27,226,9.694,40654.90194,2571678.358,3.2852,0,0,0,0,0.25468,0,0,0,0,0.151728,0,2.733048123,0.255426101,0
27,226,9.694,40654.90194,2571678.358,0.4515,0,0,1.2164,0.003538,0.77921,0,0,0,0,0.151728,0,2.733048123,0.255426101,0
27,226,9.694,40654.90194,2571678.358,1.1697,0,0,0,0,0,0,0,0,0,8.6688,0,2.733048123,0.255426101,0
27,226,9.694,40654.90194,2571678.358,0.008333,0,0,0,6.2437,0,0,0,0,0,0.151728,0,2.733048123,0.255426101,0
27,226,9.694,40654.90194,2571678.358,1.7403,0,0,0.026977,0.4786,0,0,0,0,0,17.3325,0,2.733048123,0.255426101,0
27,226,9.694,40654.90194,2571678.358,0.036852,0,0,0,0,0,0,0,0,0,0.273324,0,2.733048123,0.255426101,0
27,226,9.694,40654.90194,2571678.358,0.0021738,0,0,0.008332,0,0,0,0,0,0,0,0,2.733048123,0.255426101,0
27,226,9.694,40654.90194,2571678.358,50.529,0,0,0,0.001267,0,0,0,0,0,3.6486,0,2.733048123,0.255426101,0
27,226,9.694,40654.90194,2571678.358,0.008333,0,0,0,0,0,0,0,0,0,0.151728,0,2.733048123,0.255426101,0
27,226,9.694,40654.90194,2571678.358,0,0,0,0.014341,0,0,0,0,0,0,0.151728,0,2.733048123,0.255426101,0
27,226,9.694,40654.90194,2571678.358,0,0,0,0,0.00524,0,0,0,0,0,1.02366,0,2.733048123,0.255426101,0
27,226,9.694,40654.90194,2571678.358,0,0,0,1.8563,0.21732,0.78866,0,0,0,0,0.151728,0,2.733048123,0.255426101,0
27,226,9.694,40654.90194,2571678.358,0.062194,0,0,0,0.008333,0,0.13028,0,0,0,0,0,2.733048123,0.255426101,0
27,226,9.694,40654.90194,2571678.358,0.002096,0,0,0,0,0,0,0,0,0,2.96682,0,2.733048123,0.255426101,0
27,226,9.694,40654.90194,2571678.358,1.4385,0,0,0,0,0,8.4952,0,0,0,0.151728,0,2.733048123,0.255426101,0
27,226,9.694,40654.90194,2571678.358,0,0,0,27.797,0,6.0658,0.021726,0,0,0,0.72228,0,2.733048123,0.255426101,0
27,226,9.694,40654.90194,2571678.358,0,0,0,0,0,0,0,0,0,0,0,0,2.733048123,0.255426101,0
27,226,9.694,40654.90194,2571678.358,0.009021,0,0,0.0014795,0,0,0,0,0,0,15.7923,0,2.733048123,0.255426101,0
27,226,9.694,40654.90194,2571678.358,0,0,0,0,0.11608,0,0,0,0,0,0.151728,0,2.733048123,0.255426101,0
27,226,9.694,40654.90194,2571678.358,0,0,0,0,0,0,0,0,0,0,198.603,0,2.733048123,0.255426101,0
27,226,9.694,40654.90194,2571678.358,0.51613,0,0,0.02762,0,0,0,0,0,0,11.0268,0,2.733048123,0.255426101,0
27,226,9.694,40654.90194,2571678.358,0.00036,0,0,0,0,0,0,0,0,0,0.151728,0,2.733048123,0.255426101,0
27,226,9.694,40654.90194,2571678.358,0.27066,0,0,0,5.6507,0,0,0,0,0,8.5644,0,2.733048123,0.255426101,0
27,226,9.694,40654.90194,2571678.358,0,0,0,0.071721,0.086094,0,0,0,0,0,1.31526,0,2.733048123,0.255426101,0
27,226,9.694,40654.90194,2571678.358,1.5561,0,0,0,0.024251,0,0,0,0,0,28.8018,0,2.733048123,0.255426101,0
27,226,9.694,40654.90194,2571678.358,0.00524,0,0,0,5.0207,0,0,0,0,0,0.31755,0,2.733048123,0.255426101,0
27,226,9.694,40654.90194,2571678.358,0,0,0,0.009056,21.064,0.77921,0.021726,0,0,0,0,0,2.733048123,0.255426101,0
27,226,9.694,40654.90194,2571678.358,7.1589,0,0,7.0709,0,0,0,0,0,0,19.6818,0,2.733048123,0.255426101,0
27,226,9.694,40654.90194,2571678.358,0.060379,0,0,0,0,0,0,0,0,0,65.781,0,2.733048123,0.255426101,0
27,226,9.694,40654.90194,2571678.358,0.01061,0,0,0,0,0,0,0,0,0,6.5418,0,2.733048123,0.255426101,0
27,226,9.694,40654.90194,2571678.358,0.00524,0,0,0,0,0,0,0,0.38696,0,3.5568,0,2.733048123,0.255426101,0
27,226,9.694,40654.90194,2571678.358,0.00644,0,0,0,0,0,0,0,0,0,0,0,2.733048123,0.255426101,0
27,226,9.694,40654.90194,2571678.358,0,0,0,0.00043,0,0,0,0,0,0,0.279942,0,2.733048123,0.255426101,0
27,226,9.694,40654.90194,2571678.358,0.51613,0,0,0.27226,0,0,0,0,0,0,0,0,2.733048123,0.255426101,0
27,226,9.694,40654.90194,2571678.358,0,0,0,0.00524,18.998,0,0,0,0,0,10.6335,0,2.733048123,0.255426101,0
27,226,9.694,40654.90194,2571678.358,3.2038,0,0,0,1.3024,0,0,0,0,0,3.6918,0,2.733048123,0.255426101,0
27,226,9.694,40654.90194,2571678.358,0.0068531,0,0,0,0,0,0.10863,0,0,0,12.2682,0,2.733048123,0.255426101,0
27,226,9.694,40654.90194,2571678.358,0,0,0,0,0.013476,0,0,0,0,0,0.151728,0,2.733048123,0.255426101,0
27,226,9.694,40654.90194,2571678.358,1.5561,0,0,0.008335,0.011526,0,0,0,0,0,9.8421,0,2.733048123,0.255426101,0
27,226,9.694,40654.90194,2571678.358,0,0,0,0,0,0,0,0,0,0,0,0,2.733048123,0.255426101,0
27,226,9.694,40654.90194,2571678.358,0,0,0,45.052,0,0,0,0,0,0,1.67382,0,2.733048123,0.255426101,0
27,226,9.694,40654.90194,2571678.358,3.7455,0,0,0,124.34,0,0.67053,0,0,0,0,0,2.733048123,0.255426101,0
27,226,9.694,40654.90194,2571678.358,0,0,0,0,0.007102,0,0,0,0,0,0.278532,0,2.733048123,0.255426101,0
27,226,9.694,40654.90194,2571678.358,0.011203,0,0,0.86967,0.007328,0,0.42744,0,0,0,0.279822,0,2.733048123,0.255426101,0
27,226,9.694,40654.90194,2571678.358,0.002011,0,0,0,0.008332,0,0,0,0,0,2.6931,0,2.733048123,0.255426101,0
27,226,9.694,40654.90194,2571678.358,0,0,0,0,3.3777,0,0,0,0,0,0,0,2.733048123,0.255426101,0
27,226,9.694,40654.90194,2571678.358,1.2774,0,0,21.886,0,0,0,0,0,0,7.0536,0,2.733048123,0.255426101,0
27,226,9.694,40654.90194,2571678.358,0,0,0,0.009056,0,0,0,0,0,0,0,0,2.733048123,0.255426101,0
27,226,9.694,40654.90194,2571678.358,0,0,0,0,0,0,0,0,0,0,8.5434,0,2.733048123,0.255426101,0
27,226,9.694,40654.90194,2571678.358,49.592,0,0,0,0,0,0,0,0,0,0,0,2.733048123,0.255426101,0
27,226,9.694,40654.90194,2571678.358,0,0,0,0,0,0,0,0,0,0,8.6688,0,2.733048123,0.255426101,0
27,226,9.694,40654.90194,2571678.358,0,0,0,0.83912,0.68784,0,0,0,0,0,0.151728,0,2.733048123,0.255426101,0
27,226,9.694,40654.90194,2571678.358,0,0,0,0,0,0,0,0,0,0,7.4118,0,2.733048123,0.255426101,0
27,226,9.694,40654.90194,2571678.358,0,0,0,0,6.4522,0,0,0,0,0,12.4689,0,2.733048123,0.255426101,0
27,226,9.694,40654.90194,2571678.358,49.592,0,0,0,0,0,0.13028,0,0,0,1.57404,0,2.733048123,0.255426101,0
27,226,9.694,40654.90194,2571678.358,8.933,0,0,0,0,0,0,0,0,0,4.8687,0,2.733048123,0.255426101,0
27,226,9.694,40654.90194,2571678.358,0,0,0,0,0.000739,3.5685,0,0,0,0,0.279822,0,2.733048123,0.255426101,0
27,226,9.694,40654.90194,2571678.358,0,0,0,0,0,0,0,0,0,0,1.02366,0,2.733048123,0.255426101,0
27,226,9.694,40654.90194,2571678.358,13.595,0,0,0,0,0,0,0,0,0,0,0,2.733048123,0.255426101,0
27,226,9.694,40654.90194,2571678.358,0.38105,0,0,0.00524,0,0.77921,0,0,0,0,20.2284,0,2.733048123,0.255426101,0
27,226,9.694,40654.90194,2571678.358,0,0,0,0,0,0,0,0,0,0,18.723,0,2.733048123,0.255426101,0
27,226,9.694,40654.90194,2571678.358,0,0,0.80302,0,0,0,0,0,0,0,5.2875,0,2.733048123,0.255426101,0
27,226,9.694,40654.90194,2571678.358,0,0,0,0,3.7624,0.45857,0,0,0,0,0,0,2.733048123,0.255426101,0
27,226,9.694,40654.90194,2571678.358,7.8157,0,0,0,0.008333,0,0,0,0,0,2.34429,0,2.733048123,0.255426101,0
27,226,9.694,40654.90194,2571678.358,872.97,0,0,0,32.03,0,0,0,0,0,0,0,2.733048123,0.255426101,0
27,226,9.694,40654.90194,2571678.358,0,0,0,0.05917,0.070777,0,0,0,0,0,14.4696,0,2.733048123,0.255426101,0
27,226,9.694,40654.90194,2571678.358,0.010521,0,0,0.70621,0,0,0,0,0,0,0.70764,0,2.733048123,0.255426101,0
27,226,9.694,40654.90194,2571678.358,0,0,0,0.00524,0,0,0,0,0,0,8.3718,0,2.733048123,0.255426101,0
27,226,9.694,40654.90194,2571678.358,2.3556,0,0,0,0,0.32195,0,0,0,0,0,0,2.733048123,0.255426101,0
27,226,9.694,40654.90194,2571678.358,0,0,0,0,0,0.77921,0,0,0,0,65.781,0,2.733048123,0.255426101,0
27,226,9.694,40654.90194,2571678.358,0,0,0,0,0,4.3866,0,0,0,0,87.522,0,2.733048123,0.255426101,0
27,226,9.694,40654.90194,2571678.358,4.3384,0,0,0,0.25607,0,0,0,0,0,0.151728,0,2.733048123,0.255426101,0
27,226,9.694,40654.90194,2571678.358,7.5139,0,0,0,0.001434,0,0,0,0,0,3.6159,0,2.733048123,0.255426101,0
27,226,9.694,40654.90194,2571678.358,0,0,0,0.005239,2.6315,0,0,0,0,0,0.151728,0,2.733048123,0.255426101,0
27,226,9.694,40654.90194,2571678.358,0,0,0,0,0,0,0,0,0,0,0,0,2.733048123,0.255426101,0
27,226,9.694,40654.90194,2571678.358,1.5561,0,0,0,0,0,0,0,0,0,2.01174,0,2.733048123,0.255426101,0
27,226,9.694,40654.90194,2571678.358,0.018596,0,0,0,0.36581,0,0,0,0,0,0,0,2.733048123,0.255426101,0
27,226,9.694,40654.90194,2571678.358,0,0,0,0.38795,0,13.897,0,0,0,0,14.4507,0,2.733048123,0.255426101,0
27,226,9.694,40654.90194,2571678.358,0.051828,0,0,0,0.008336,0,0,0,0,0,0,0,2.733048123,0.255426101,0
27,226,9.694,40654.90194,2571678.358,0,0,0,0,0,0,0,0,0,0,0,0,2.733048123,0.255426101,0
27,226,9.694,40654.90194,2571678.358,0,0,0.61928,0,0,0,0,0,0,0,0,0,2.733048123,0.255426101,0
27,226,9.694,40654.90194,2571678.358,0,0,0,0,0.016012,0.38161,0,0,0,0,6.5418,0,2.733048123,0.255426101,0
27,226,9.694,40654.90194,2571678.358,0.008333,0,0,0.009056,2.0594,0,0,0,0,0,0.151728,0,2.733048123,0.255426101,0
27,226,9.694,40654.90194,2571678.358,0.026942,0,0,0,0,0,0,0,0,0,3.8946,0,2.733048123,0.255426101,0
27,226,9.694,40654.90194,2571678.358,3.7455,0,0,0,0,0,0,0.16814,0,0,0.30174,0,2.733048123,0.255426101,0
27,226,9.694,40654.90194,2571678.358,0.70554,0,0,2.0817,0,0,17.486,0,0,0,0.75903,0,2.733048123,0.255426101,0
27,226,9.694,40654.90194,2571678.358,0.85316,0,16.805,0,0,0,0,0,0,0,0,0,2.733048123,0.255426101,0
27,226,9.694,40654.90194,2571678.358,0.008333,0,0,0.005769,0.00524,0,0,0,0,0,10.6818,0,2.733048123,0.255426101,0
27,226,9.694,40654.90194,2571678.358,23.064,0,0,0,0,0,0,0,0,0,1.09155,0,2.733048123,0.255426101,0
27,226,9.694,40654.90194,2571678.358,0,0,0,1.0692,211.21,0,0.13028,0,0,0,0.151728,0,2.733048123,0.255426101,0
27,226,9.694,40654.90194,2571678.358,0.008335,0,0,0.1964,0.00524,0,0.80877,0,0,0,0.151728,0,2.733048123,0.255426101,0
27,226,9.694,40654.90194,2571678.358,0,0,0,0,0,0,0,0,0.055792,0,0.151728,0,2.733048123,0.255426101,0
27,226,9.694,40654.90194,2571678.358,0.091719,0,0,4.8058,24.77,0,0.59876,0,0,0,0,0,2.733048123,0.255426101,0
27,226,9.694,40654.90194,2571678.358,0.007148,0,0,0,0,0,0,0,0,0,1.19187,0,2.733048123,0.255426101,0
27,226,9.694,40654.90194,2571678.358,0.001669,0,0,0,0.038297,0,0,0,0,0,6.3561,0,2.733048123,0.255426101,0
27,226,9.694,40654.90194,2571678.358,0.067102,0,0,5.6081,0.081175,0,0,0,0,0,0,0,2.733048123,0.255426101,0
27,226,9.694,40654.90194,2571678.358,2.5794,0,0,0,0,0,0,1.6078,0,0,0.151728,0,2.733048123,0.255426101,0
27,226,9.694,40654.90194,2571678.358,0.2494,0,0,0,0.00833,0,0,0,0,0,4.5897,0,2.733048123,0.255426101,0
27,226,9.694,40654.90194,2571678.358,0,0,0,0,0,0,0,0,0,0,0,0,2.733048123,0.255426101,0
27,226,9.694,40654.90194,2571678.358,0,0,0,0,0.00062,0,0,0,0,0,0,0,2.733048123,0.255426101,0
27,226,9.694,40654.90194,2571678.358,0.005769,0,0,0,0.11608,0,91.335,0,0,0,36.924,0,2.733048123,0.255426101,0
27,226,9.694,40654.90194,2571678.358,0,0,0,0,0,0,0,0,0,0,0,0,2.733048123,0.255426101,0
27,226,9.694,40654.90194,2571678.358,0,0,0,23.551,0,0,5.0969,0,0,0,22.617,0,2.733048123,0.255426101,0
27,226,9.694,40654.90194,2571678.358,0.0088426,0,0,0,0.008333,0,0,0,0,0,10.4415,0,2.733048123,0.255426101,0
27,226,9.694,40654.90194,2571678.358,0.005239,0,0,0,0,0,0,0,0,0,0.151728,0,2.733048123,0.255426101,0
27,226,9.694,40654.90194,2571678.358,0,0,0,0.001434,0,0,0,0,0,0,0.151728,0,2.733048123,0.255426101,0
27,226,9.694,40654.90194,2571678.358,0.021605,0,0,0.008333,0,0,0,0,0,0,10.6335,0,2.733048123,0.255426101,0
27,226,9.694,40654.90194,2571678.358,0.075337,0,0,0,0.009056,0,0,0,0,0,0.151728,0,2.733048123,0.255426101,0
27,226,9.694,40654.90194,2571678.358,25.205,0,0,0.00524,0,0,0,0,0,0,0.77829,0,2.733048123,0.255426101,0
27,226,9.694,40654.90194,2571678.358,0,0,0,0,0.013681,0,0,0,0,0,3.8823,0,2.733048123,0.255426101,0
27,226,9.694,40654.90194,2571678.358,0.90611,0,0,0.17235,0,0,0,0,0,0,43.863,0,2.733048123,0.255426101,0
27,226,9.694,40654.90194,2571678.358,0.00036,0,0,0,0,0,0,0,0,0,0.151728,0,2.733048123,0.255426101,0
27,226,9.694,40654.90194,2571678.358,2.2602,0,0,0,0,0,0,0,0,0,0,0,2.733048123,0.255426101,0
27,226,9.694,40654.90194,2571678.358,0,0,0,0,0,0,0,0,0,0,19.4277,0,2.733048123,0.255426101,0
27,226,9.694,40654.90194,2571678.358,3.9799,0,0,0,0,0,0,0,0,0,0,0,2.733048123,0.255426101,0
27,226,9.694,40654.90194,2571678.358,8.3439,0,0,0.002868,0,0,0,0,0,0,5.1447,0,2.733048123,0.255426101,0
27,226,9.694,40654.90194,2571678.358,0,0,0,0,0.008333,0,8.872,0,0,0,0.151728,0,2.733048123,0.255426101,0
27,226,9.694,40654.90194,2571678.358,0,0,0,0.008333,0,0.79321,0,0,0,0,7.3206,0,2.733048123,0.255426101,0
27,226,9.694,40654.90194,2571678.358,4.8879,0,0,61.793,8.5334,0,0,0,0,0,0.151728,0,2.733048123,0.255426101,0
27,226,9.694,40654.90194,2571678.358,0.088719,0,0,0,0,0,0,0,0,0,0.151728,0,2.733048123,0.255426101,0
27,226,9.694,40654.90194,2571678.358,0.005239,0,0,0.008335,211.21,0,0.13028,0,0,0,12.4689,0,2.733048123,0.255426101,0
27,226,9.694,40654.90194,2571678.358,0.25548,0,0,0,0,0,0,0,0,0,0.53757,0,2.733048123,0.255426101,0
27,226,9.694,40654.90194,2571678.358,0.0055384,0,0,2.2294,0.70741,0.80154,0,0,0,0,0.75903,0,2.733048123,0.255426101,0
27,226,9.694,40654.90194,2571678.358,0,0,0,0.008333,0.00524,0,0,0,0,0,0,0,2.733048123,0.255426101,0
27,226,9.694,40654.90194,2571678.358,0.008333,0,0,0.008333,0,0,0,0,14.27,0,30.648,0,2.733048123,0.255426101,0
27,226,9.694,40654.90194,2571678.358,0.002382,0,0,44.381,0.0067709,0,0,0,0,0,0.151728,0,2.733048123,0.255426101,0
27,226,9.694,40654.90194,2571678.358,0,0,0,0,0,0,0,0,0,0,0,0,2.733048123,0.255426101,0
27,226,9.694,40654.90194,2571678.358,0,0,0,0.58718,0.029406,0,0,0,0,0,0.285792,0,2.733048123,0.255426101,0
27,226,9.694,40654.90194,2571678.358,0.011479,0,0,0.008333,0,0,0,0,0,0,47.328,0,2.733048123,0.255426101,0
27,226,9.694,40654.90194,2571678.358,0.000739,0,0,0,0.000251,0,0,0,0,0,0.151728,0,2.733048123,0.255426101,0
27,226,9.694,40654.90194,2571678.358,0,0,0,7.8979,0.000739,4.0839,0,0,0,0,0.151728,0,2.733048123,0.255426101,0
27,226,9.694,40654.90194,2571678.358,0.003538,0,0,0.13825,0.038297,0,19.544,0,0,0,0.151728,0,2.733048123,0.255426101,0
27,226,9.694,40654.90194,2571678.358,0,0,0,2.9167,0,0,0,0,0,0,0,0,2.733048123,0.255426101,0
27,226,9.694,40654.90194,2571678.358,0,0,0.003346,0.11243,0.23265,0,0.42744,0,0,0,0.151728,0,2.733048123,0.255426101,0
27,226,9.694,40654.90194,2571678.358,0,0,0,0.007148,0.0067709,0,21.569,0,0,0,0.293307,0,2.733048123,0.255426101,0
27,226,9.694,40654.90194,2571678.358,0.00753,0,0,0.00036,0.00644,0,0,0,0,0,198.603,0,2.733048123,0.255426101,0
27,226,9.694,40654.90194,2571678.358,0.007353,0,0,0.005239,0,0,0.74966,0,0,0,24.5118,0,2.733048123,0.255426101,0
27,226,9.694,40654.90194,2571678.358,0.0055384,0,0,0,0.069058,0,0,0,0,0,0.151728,0,2.733048123,0.255426101,0
27,226,9.694,40654.90194,2571678.358,0,0,0,0,0,0,0,0,0,0,0,0,2.733048123,0.255426101,0
27,226,9.694,40654.90194,2571678.358,0.016858,0,0,7.5633,0,0,0,0,0,0,0,0,2.733048123,0.255426101,0
27,226,9.694,40654.90194,2571678.358,37.409,0,0,0.055562,0,0,0.67845,0,0,0,0,0,2.733048123,0.255426101,0
27,226,9.694,40654.90194,2571678.358,1.1394,0,0,0,0,0,0,0,0,0,15.0018,0,2.733048123,0.255426101,0
27,226,9.694,40654.90194,2571678.358,0,0,0,0,0.03958,0,0,0,0,0,0.151728,0,2.733048123,0.255426101,0
27,226,9.694,40654.90194,2571678.358,0.008332,0,0,0,0.008763,0,0,0,0,0,56.145,0,2.733048123,0.255426101,0
27,226,9.694,40654.90194,2571678.358,0.46343,0,0,0,32.03,0,0,34.054,0,0,0,0,2.733048123,0.255426101,0
27,226,9.694,40654.90194,2571678.358,0,0,0,0,0,0,0.13028,0,0,0,0,0,2.733048123,0.255426101,0
27,226,9.694,40654.90194,2571678.358,0,0,0,0,2.006,0,0.059897,0,0,0,0,0,2.733048123,0.255426101,0
27,226,9.694,40654.90194,2571678.358,0.50457,0,0,0.008333,0,0,0,0.10056,0,0,0.151728,0,2.733048123,0.255426101,0
27,226,9.694,40654.90194,2571678.358,5.8431,0,0,0,0,0,0,0,0,0,0,0,2.733048123,0.255426101,0
27,226,9.694,40654.90194,2571678.358,0.003538,0,0,0.008333,0.008335,0,0,0,0,0,41.634,0,2.733048123,0.255426101,0
27,226,9.694,40654.90194,2571678.358,0.052214,0,0,0.008333,0.52975,0,0,0,0,0,0,0,2.733048123,0.255426101,0
27,226,9.694,40654.90194,2571678.358,0.000251,0,0,0,0,0,0,0,0,0,0,0,2.733048123,0.255426101,0
27,226,9.694,40654.90194,2571678.358,0.71313,0,0,0,0,0,3.9418,0,0,0,12.4689,0,2.733048123,0.255426101,0
27,226,9.694,40654.90194,2571678.358,6.8104,0,0,0.021907,0,0,0,0,0,0,0.151728,0,2.733048123,0.255426101,0
27,226,9.694,40654.90194,2571678.358,0,0,0,0.0094528,0,3.1357,0,0,0,0,0,0,2.733048123,0.255426101,0
27,226,9.694,40654.90194,2571678.358,0.60993,0,0,0.051994,0.86472,0,0,0,0,0,0,0,2.733048123,0.255426101,0
27,226,9.694,40654.90194,2571678.358,0,0,0,0,0,0.000064,0,0,0,0,17.3325,0,2.733048123,0.255426101,0
27,226,9.694,40654.90194,2571678.358,0.49815,0,0,0,0.069058,0.77904,0,0,0,0,6.4536,0,2.733048123,0.255426101,0
27,226,9.694,40654.90194,2571678.358,0.85316,0,0,0,0,0,0,0,0,0,0,0,2.733048123,0.255426101,0
27,226,9.694,40654.90194,2571678.358,0,0,0,4.8779,0,0,0,0,0,0,0,0,2.733048123,0.255426101,0
27,226,9.694,40654.90194,2571678.358,0.023222,0,0,0.011941,0,6.1311,0,0,0,0,0.278532,0,2.733048123,0.255426101,0
27,226,9.694,40654.90194,2571678.358,2.4135,0,0,0.0021738,8.0306,0,0,0,0,0,0.151728,0,2.733048123,0.255426101,0
27,226,9.694,40654.90194,2571678.358,0,0,0,0,0.008333,0,0,0,0,0,1.70622,0,2.733048123,0.255426101,0
27,226,9.694,40654.90194,2571678.358,1.2548,0,0,0.001669,0.00043,0,0,0,0,0,12.0081,0,2.733048123,0.255426101,0
27,226,9.694,40654.90194,2571678.358,0,0,0,0.42984,0,0,0.008333,0,0,0,24.9618,0,2.733048123,0.255426101,0
27,226,9.694,40654.90194,2571678.358,0.007353,0,47.726,0,0.008333,0,0,0,0,0,0,0,2.733048123,0.255426101,0
27,226,9.694,40654.90194,2571678.358,0.016858,0,0.003821,0,0,0,0,0,0,0,0.151728,0,2.733048123,0.255426101,0
27,226,9.694,40654.90194,2571678.358,0.008335,0,0,2.9167,0.008333,0,0,0,0,0,0,0,2.733048123,0.255426101,0
27,226,9.694,40654.90194,2571678.358,0,0,0,4.1106,10.721,0.79321,0,0,0,0,0.67983,0,2.733048123,0.255426101,0
27,226,9.694,40654.90194,2571678.358,0,0,0,0.1964,1.7912,0,0,0,0,0,69.483,0,2.733048123,0.255426101,0
27,226,9.694,40654.90194,2571678.358,0,0,0,0.030966,0,0,0,0,0,0,0,0,2.733048123,0.255426101,0
27,226,9.694,40654.90194,2571678.358,3.4031,0,0.90373,15.984,0.0094528,0,0,0,0,0,0,0,2.733048123,0.255426101,0
27,226,9.694,40654.90194,2571678.358,0.008333,0,0,5.7854,0.86472,0,0.67053,0,0,0,6.9018,0,2.733048123,0.255426101,0
27,226,9.694,40654.90194,2571678.358,0.005239,0,0,0,0,0,0,0,0,0,7.2111,0,2.733048123,0.255426101,0
27,226,9.694,40654.90194,2571678.358,0.008333,0,0,0,0,0.065724,0,0,0,0,18.0318,0,2.733048123,0.255426101,0
27,226,9.694,40654.90194,2571678.358,10.309,0,0,16.48,0,1.0436,0,0,0,0,8.3718,0,2.733048123,0.255426101,0
27,226,9.694,40654.90194,2571678.358,23.064,0,0,0.001326,0.001434,0,0,0,0,0,7.2168,0,2.733048123,0.255426101,0
27,226,9.694,40654.90194,2571678.358,4.6688,0,0,0.48873,0,0,0,0,0,0,0.151728,0,2.733048123,0.255426101,0
27,226,9.694,40654.90194,2571678.358,0.0055799,0,0,0.008335,0,0,0,0,0,0,0.151728,0,2.733048123,0.255426101,0
27,226,9.694,40654.90194,2571678.358,0,0,0,0,4.753,0,0,0,0,0,0.151728,0,2.733048123,0.255426101,0
27,226,9.694,40654.90194,2571678.358,0,0,0,0.02762,0,0,0,0,0,0,1.57107,0,2.733048123,0.255426101,0
27,226,9.694,40654.90194,2571678.358,0.0088108,0,0,0,0.002508,0,0,0,0,0,0,0,2.733048123,0.255426101,0
27,226,9.694,40654.90194,2571678.358,0,0,0,0,0.008333,0,0,0,0,0,0.151728,0,2.733048123,0.255426101,0
27,226,9.694,40654.90194,2571678.358,0.078253,0,0,0,0,0,0,0,0,0,10.3692,0,2.733048123,0.255426101,0
27,226,9.694,40654.90194,2571678.358,0.010122,0,0,0.008335,0.014078,0,0,0,0,0,1.62018,0,2.733048123,0.255426101,0
27,226,9.694,40654.90194,2571678.358,8.933,0,0,0.19366,0.32888,0,0,0,0,0,0,0,2.733048123,0.255426101,0
27,226,9.694,40654.90194,2571678.358,0,0,0,1.3385,0,0.82806,0,0,0,0,14.4696,0,2.733048123,0.255426101,0
27,226,9.694,40654.90194,2571678.358,0.005239,0,0.015232,0,0,0,0,0,0,0,2.7027,0,2.733048123,0.255426101,0
27,226,9.694,40654.90194,2571678.358,0,0,0,17.76,0.4786,0.78548,0,0,0,0,0,0,2.733048123,0.255426101,0
27,226,9.694,40654.90194,2571678.358,0.15204,0,0.82183,0,0.000063,0,0,0,0,0,2.22174,0,2.733048123,0.255426101,0
27,226,9.694,40654.90194,2571678.358,0,0,0,0,0.008333,0,0,0,0,0,0.151728,0,2.733048123,0.255426101,0
27,226,9.694,40654.90194,2571678.358,0.000688,0,0,0.008333,0.018484,0,0.42744,0.34127,0,0,0.151728,0,2.733048123,0.255426101,0
27,226,9.694,40654.90194,2571678.358,0.001478,0,0.094579,0.021907,0.030964,0,0,0,0,0,0,0,2.733048123,0.255426101,0
27,226,9.694,40654.90194,2571678.358,3.8952,0,0,0,0,0,0,0,0,0,0.151728,0,2.733048123,0.255426101,0
27,226,9.694,40654.90194,2571678.358,0,0,0,0.002508,0,0,0,0,0,0,25.9959,0,2.733048123,0.255426101,0
27,226,9.694,40654.90194,2571678.358,0.045123,0,0,0,0.00524,0,0,0,0,0,8.9418,0,2.733048123,0.255426101,0
27,226,9.694,40654.90194,2571678.358,12.38,0,0,0.013565,0,0,0,0,0,0,0.278526,0,2.733048123,0.255426101,0
27,226,9.694,40654.90194,2571678.358,0.013575,0,0,0,0.011532,0,0.60778,0,0,0,0,0,2.733048123,0.255426101,0
27,226,9.694,40654.90194,2571678.358,1.898,0,0,0,0,0,0,0,0,0,25.56,0,2.733048123,0.255426101,0
27,226,9.694,40654.90194,2571678.358,0,0,0.29259,0.008335,0,0,0,0,0,0,6.102,0,2.733048123,0.255426101,0
27,226,9.694,40654.90194,2571678.358,0,0,0,21.886,0,0,24.186,0,0,0,11.0268,0,2.733048123,0.255426101,0
27,226,9.694,40654.90194,2571678.358,0.0068531,0,0,0.013565,1.2208,0,0,0,0,0,0.3897,0,2.733048123,0.255426101,0
27,226,9.694,40654.90194,2571678.358,0.034521,0,0,0,17.217,0,137.34,0,0,0,0,0,2.733048123,0.255426101,0
27,226,9.694,40654.90194,2571678.358,0.015667,0,0.64381,0.018148,0,0,0.74966,0.79321,0,0,97.974,0,2.733048123,0.255426101,0
27,226,9.694,40654.90194,2571678.358,0.038936,0,0,0,0,0,0,0,0,0,0.151728,0,2.733048123,0.255426101,0
27,226,9.694,40654.90194,2571678.358,0,0,0,0,0.008335,2.1773,207.8,0,0,0,0,0,2.733048123,0.255426101,0
27,226,9.694,40654.90194,2571678.358,0,0,0,2.0984,0,0,0,0,0,0,0.151728,0,2.733048123,0.255426101,0
27,226,9.694,40654.90194,2571678.358,0,0,0,0,0,0,0,0,0,0,0,0,2.733048123,0.255426101,0
27,226,9.694,40654.90194,2571678.358,0.0067817,0,0,0,0.008333,0,0,0,0,0,23.3337,0,2.733048123,0.255426101,0
27,226,9.694,40654.90194,2571678.358,0,0,0,5.5669,0.002741,0.77921,0,0,0,0,0,0,2.733048123,0.255426101,0
27,226,9.694,40654.90194,2571678.358,0,0,0,0.000124,0.002772,0,0,0,0,0,0,0,2.733048123,0.255426101,0
27,226,9.694,40654.90194,2571678.358,0,0,0,3.4325,0,0,0,0,0,0,4.8687,0,2.733048123,0.255426101,0
27,226,9.694,40654.90194,2571678.358,0,0,0,0,0.005769,0,0,0,0,0,0,0,2.733048123,0.255426101,0
27,226,9.694,40654.90194,2571678.358,0.0019345,0,0,0,0.014119,0,0,0,0,0,0.151728,0,2.733048123,0.255426101,0
27,226,9.694,40654.90194,2571678.358,0,0,0,0,54.848,0,0,0,0,0,37.53,0,2.733048123,0.255426101,0
27,226,9.694,40654.90194,2571678.358,0.008333,0,0,0,0.002741,0,0,0,0,0,69.483,0,2.733048123,0.255426101,0
27,226,9.694,40654.90194,2571678.358,0.18763,0,1.5397,0,0,0,0,0,0,0,0.151728,0,2.733048123,0.255426101,0
27,226,9.694,40654.90194,2571678.358,0.041249,0,0.78602,0,0,0,0,0,0,0,0,0,2.733048123,0.255426101,0
27,226,9.694,40654.90194,2571678.358,0,0,0.005264,0.00524,0,0,0,0,0,0,0.151728,0,2.733048123,0.255426101,0
27,226,9.694,40654.90194,2571678.358,0.00524,0,0,0,1.0192,0,0,0,0,0,4.4787,0,2.733048123,0.255426101,0
27,226,9.694,40654.90194,2571678.358,52.722,0,0,0,2.0529,0,0,0,0,0,4.0518,0,2.733048123,0.255426101,0
27,226,9.694,40654.90194,2571678.358,0.0064565,0,0,0,0.008332,0,0,0,0,0,0.151728,0,2.733048123,0.255426101,0
27,226,9.694,40654.90194,2571678.358,0.51613,0,0,0.75591,0,0,0,0,0,0,8.7318,0,2.733048123,0.255426101,0
27,226,9.694,40654.90194,2571678.358,0.00014,0,0,3.2487,0,0,0,0,0,0,66.003,0,2.733048123,0.255426101,0
27,226,9.694,40654.90194,2571678.358,0,0,0,0,0.013746,0,0.13028,0,0,0,0.151728,0,2.733048123,0.255426101,0
27,226,9.694,40654.90194,2571678.358,0.003821,0,0,0,0.005239,0,0,0,0,0,0,0,2.733048123,0.255426101,0
27,226,9.694,40654.90194,2571678.358,0.12797,0,0,0,17.217,0,19.664,0,0,0,0,0,2.733048123,0.255426101,0
27,226,9.694,40654.90194,2571678.358,0.5002,0,0.000688,0,0,0.015921,0,0,0,0,0.53757,0,2.733048123,0.255426101,0
27,226,9.694,40654.90194,2571678.358,14.661,0,0,0.000688,0,0,0,0,0,0,4.4358,0,2.733048123,0.255426101,0
27,226,9.694,40654.90194,2571678.358,0.7554,0,0,5.4015,0,0,0,0,0,0,0,0,2.733048123,0.255426101,0
27,226,9.694,40654.90194,2571678.358,0,0,0,0,0.008333,0,27.501,0,0,0,19.5987,0,2.733048123,0.255426101,0
27,226,9.694,40654.90194,2571678.358,0,0,0,0.02191,0,0,71.996,0,0,0,0.151728,0,2.733048123,0.255426101,0
27,226,9.694,40654.90194,2571678.358,0,0,0,0,0,0,0,0,0,0,7.8042,0,2.733048123,0.255426101,0
27,226,9.694,40654.90194,2571678.358,0,0,0,0,0,0,0,0,0,0,0,0,2.733048123,0.255426101,0
27,226,9.694,40654.90194,2571678.358,0,0,0,0,0.0022594,4.8967,0,0,0,0,1.97832,0,2.733048123,0.255426101,0
27,226,9.694,40654.90194,2571678.358,10.582,0,0,0,0.86472,0,0,0,0,0,0.99864,0,2.733048123,0.255426101,0
27,226,9.694,40654.90194,2571678.358,0.004864,0,0,0,0,0,0,0,0,0,0.151728,0,2.733048123,0.255426101,0
27,226,9.694,40654.90194,2571678.358,0,0,0,0,0,0,0,0,0,0,0.273324,0,2.733048123,0.255426101,0
27,226,9.694,40654.90194,2571678.358,0,0,0,0,0,0,0,0,0,0,10.9077,0,2.733048123,0.255426101,0
27,226,9.694,40654.90194,2571678.358,0.63883,0,0,0,0.65463,0,0,0,37.187,0,0,0,2.733048123,0.255426101,0
27,226,9.694,40654.90194,2571678.358,0.00833,0,0,0,0.0062716,0,0,0,0,0,0,0,2.733048123,0.255426101,0
27,226,9.694,40654.90194,2571678.358,0,0,0,0,0,0,0,0,0,0,0.151728,0,2.733048123,0.255426101,0
27,226,9.694,40654.90194,2571678.358,0,0,0.001493,0.003821,2.8821,0,0,0,0,0,4.8618,0,2.733048123,0.255426101,0
27,226,9.694,40654.90194,2571678.358,0,0,0,0,0,0,99.841,0,0,0,9.5499,0,2.733048123,0.255426101,0
27,226,9.694,40654.90194,2571678.358,0,0,0,0.18602,0,0,0,0,0,0,1.62048,0,2.733048123,0.255426101,0
27,226,9.694,40654.90194,2571678.358,0.00644,0,0,0,0,0,0,0,0,0,0,0,2.733048123,0.255426101,0
27,226,9.694,40654.90194,2571678.358,0.028169,0,0,0.20517,0.076792,0,0,0,0,0,0.9426,0,2.733048123,0.255426101,0
27,226,9.694,40654.90194,2571678.358,0.016858,0,0,2.7689,0,0,0,0,0,0,0,0,2.733048123,0.255426101,0
27,226,9.694,40654.90194,2571678.358,0.071675,0,0,0,0.005239,0,0,0,0,0,0.151728,0,2.733048123,0.255426101,0
27,226,9.694,40654.90194,2571678.358,0.014662,0,0,0,0,0,0,0,0,0,0.65616,0,2.733048123,0.255426101,0
27,226,9.694,40654.90194,2571678.358,0,0,0,0,0,0,0,0,0,0,0,0,2.733048123,0.255426101,0
27,226,9.694,40654.90194,2571678.358,184.67,0,0,0,0,0,0,0,0,0,0.151728,0,2.733048123,0.255426101,0
27,226,9.694,40654.90194,2571678.358,0,0,0,0,0,0,0,0,0,0,0,0,2.733048123,0.255426101,0
27,226,9.694,40654.90194,2571678.358,0,0,1.6223,4.3441,0,0,0,0,0,0,69.483,0,2.733048123,0.255426101,0
27,226,9.694,40654.90194,2571678.358,43.218,0,0,0.027172,0,0,0,0,0,0,7.6818,0,2.733048123,0.255426101,0
27,226,9.694,40654.90194,2571678.358,0,0,0,0,12.686,0,0,0,0,0,0,0,2.733048123,0.255426101,0
27,226,9.694,40654.90194,2571678.358,0.1613,0,0.11086,0,0,0,0,0,0,0,11.682,0,2.733048123,0.255426101,0
27,226,9.694,40654.90194,2571678.358,0,0,0,0.008333,0,13.442,0,0,0,0,0.31059,0,2.733048123,0.255426101,0
27,226,9.694,40654.90194,2571678.358,0.010963,0,0,1.231,0,0,0,0,0,0,46.293,0,2.733048123,0.255426101,0
27,226,9.694,40654.90194,2571678.358,0,0,0,0.41548,20.177,0,0,0,0,0,3.3057,0,2.733048123,0.255426101,0
27,226,9.694,40654.90194,2571678.358,0.18244,0,0.003538,0,0.014941,0,0,0,0,0,0.151728,0,2.733048123,0.255426101,0
27,226,9.694,40654.90194,2571678.358,0,0,0,0,0,0,0,0,0,0,0.151728,0,2.733048123,0.255426101,0
27,226,9.694,40654.90194,2571678.358,0.65673,0,0,0,4.0421,0,16.83,0,0,0,0,0,2.733048123,0.255426101,0
27,226,9.694,40654.90194,2571678.358,0,0,0,0,3.1081,0,0,0,0,0,1.31526,0,2.733048123,0.255426101,0
27,226,9.694,40654.90194,2571678.358,2.0814,0,0,14.532,0,0,0,0,0,0,0.27948,0,2.733048123,0.255426101,0
27,226,9.694,40654.90194,2571678.358,0.011957,0,0,0,0,0,0,0,0,0,0.84174,0,2.733048123,0.255426101,0
27,226,9.694,40654.90194,2571678.358,0.0021738,0,0,0.13117,0.022119,0.79307,0,0,0,0,198.615,0,2.733048123,0.255426101,0
27,226,9.694,40654.90194,2571678.358,0.00014,0,0,0,62.065,0,450.61,0,0,0,0.36174,0,2.733048123,0.255426101,0
27,226,9.694,40654.90194,2571678.358,0,0,0,0,0,0,0,0,0,0,61.47,0,2.733048123,0.255426101,0
27,226,9.694,40654.90194,2571678.358,0.00644,0,0,0.030237,6.0919,0,0,0,0,0,0.38949,0,2.733048123,0.255426101,0
27,226,9.694,40654.90194,2571678.358,3.2852,0,0.41385,0.0081579,0,0,0.021726,0,0,0,8.6688,0,2.733048123,0.255426101,0
27,226,9.694,40654.90194,2571678.358,0.0055384,0,0,0,0,0,0,0,0,0,0.151728,0,2.733048123,0.255426101,0
27,226,9.694,40654.90194,2571678.358,0,0,0,0,0,0,0,0,0,0,0.151728,0,2.733048123,0.255426101,0
27,226,9.694,40654.90194,2571678.358,0,0,0,0.03272,0.00524,75.3,0,0,0,0,2.3544,0,2.733048123,0.255426101,0
27,226,9.694,40654.90194,2571678.358,0,0,0,0,0,0,0,0,0,0,0,0,2.733048123,0.255426101,0
27,226,9.694,40654.90194,2571678.358,0.00524,0,0,0,1.5895,0,0,0,0,0,6.1116,0,2.733048123,0.255426101,0
27,226,9.694,40654.90194,2571678.358,1.2774,0,0,0,0.003346,0,0,0,0,0,0.151728,0,2.733048123,0.255426101,0
27,226,9.694,40654.90194,2571678.358,0,0,0,6.2716,0,0,0,0,0,0,29.7018,0,2.733048123,0.255426101,0
27,226,9.694,40654.90194,2571678.358,0,0,0,0,0.003468,0,0,0,0,0,0,0,2.733048123,0.255426101,0
27,226,9.694,40654.90194,2571678.358,9.7427,0,0,0,0,0,0,0,0,0,15.0018,0,2.733048123,0.255426101,0
27,226,9.694,40654.90194,2571678.358,0.000124,0,0,0.008335,0,0,0,0,0,0,1.04805,0,2.733048123,0.255426101,0
27,226,9.694,40654.90194,2571678.358,0,0,0,9.2817,4.1692,0,0,0,0,0,0.151728,0,2.733048123,0.255426101,0
27,226,9.694,40654.90194,2571678.358,0.002868,0,0,0,0,0,0,0,0,0,0,0,2.733048123,0.255426101,0
27,226,9.694,40654.90194,2571678.358,0.000688,0,0,0,0.00524,0,0,0,0,0,0,0,2.733048123,0.255426101,0
27,226,9.694,40654.90194,2571678.358,2.0814,0,0,0,0,0,0,0,0,0,7.3206,0,2.733048123,0.255426101,0
27,226,9.694,40654.90194,2571678.358,0.016058,0,0,0.008335,0.013681,0,0,0,0,0,0.270372,0,2.733048123,0.255426101,0
27,226,9.694,40654.90194,2571678.358,49.011,0,0,0,0,0,0,0,0,0,0.286086,0,2.733048123,0.255426101,0
27,226,9.694,40654.90194,2571678.358,0.007221,0,0,0,8.0698,0,0,0,0,0,0.151728,0,2.733048123,0.255426101,0
27,226,9.694,40654.90194,2571678.358,0,0,0,0,0,0,0,0,0,0,6.8154,0,2.733048123,0.255426101,0
27,226,9.694,40654.90194,2571678.358,0.00036,0,0,0.008333,0,0,25.393,0,0,0,0.280446,0,2.733048123,0.255426101,0
27,226,9.694,40654.90194,2571678.358,0.014402,0,0,0,0,0.94061,0,0,0,0,5.0406,0,2.733048123,0.255426101,0
27,226,9.694,40654.90194,2571678.358,0,0,0,0,0,0,0,0,0,0,10.4415,0,2.733048123,0.255426101,0
27,226,9.694,40654.90194,2571678.358,0.007697,0,0,0,0.013518,0.94061,0,0,0,0,0,0,2.733048123,0.255426101,0
27,226,9.694,40654.90194,2571678.358,0.003539,0,0,0,0,0,0,0,0,0,0.271728,0,2.733048123,0.255426101,0
27,226,9.694,40654.90194,2571678.358,1.5202,0,0,0.00524,0.1136,0,0,0,0,0,0.151728,0,2.733048123,0.255426101,0
27,226,9.694,40654.90194,2571678.358,0,0,0,0,0,0,30.686,0,0,0,0.53757,0,2.733048123,0.255426101,0
27,226,9.694,40654.90194,2571678.358,0,0,0.8007,0,0,0,0,0,0,0,0.273018,0,2.733048123,0.255426101,0
27,226,9.694,40654.90194,2571678.358,0,0,0,0.003346,0,0,0,0,0,0,3.9018,0,2.733048123,0.255426101,0
27,226,9.694,40654.90194,2571678.358,0.001326,0,0,0,0.0001405,0,0,0,835.38,0,0,0,2.733048123,0.255426101,0
27,226,9.694,40654.90194,2571678.358,0,0,0,0,0,0.77921,0,0,0.4279,0,0,0,2.733048123,0.255426101,0
27,226,9.694,40654.90194,2571678.358,0.018381,0,0,0.040274,0.059735,0,0,0,0,0,0.72174,0,2.733048123,0.255426101,0
27,226,9.694,40654.90194,2571678.358,8.2504,0,0,0.27226,0.006456,0,0,0,0,0,5.1444,0,2.733048123,0.255426101,0
27,226,9.694,40654.90194,2571678.358,1.0702,0,0,0,1.3024,0,0,0,0,0,0,0,2.733048123,0.255426101,0
27,226,9.694,40654.90194,2571678.358,0,0,0,0.002011,0,0,0,0,0,0,0.151728,0,2.733048123,0.255426101,0
27,226,9.694,40654.90194,2571678.358,0.16583,0,0,0,0.0094528,0,0,0,0,0,0,0,2.733048123,0.255426101,0
27,226,9.694,40654.90194,2571678.358,1.898,0,0,0,0.013036,0,0,0,0,0,0.34593,0,2.733048123,0.255426101,0
27,226,9.694,40654.90194,2571678.358,43.218,0,0,0,0,0,0,0,0,0,0,0,2.733048123,0.255426101,0
27,226,9.694,40654.90194,2571678.358,0,0,0,0,0.008333,0,0,0,0,0,0,0,2.733048123,0.255426101,0
27,226,9.694,40654.90194,2571678.358,1.8709,0,0,11.876,0,0,0,0,0,0,0.151728,0,2.733048123,0.255426101,0
27,226,9.694,40654.90194,2571678.358,1.4262,0,0,0.008333,0,0,0,0,0,0,0,0,2.733048123,0.255426101,0
27,226,9.694,40654.90194,2571678.358,8.3439,0,0,0,3.6586,0.77921,0.74966,0,0,0,10.3692,0,2.733048123,0.255426101,0
27,226,9.694,40654.90194,2571678.358,0.11399,0,0,0,0,0,0,0,0,0,73.308,0,2.733048123,0.255426101,0
27,226,9.694,40654.90194,2571678.358,1.5374,0,0,10.118,29.422,0,0,0,0,0,8.172,0,2.733048123,0.255426101,0
27,226,9.694,40654.90194,2571678.358,0,0,0,0.000688,0,0.79321,0,0,0,0,7.0518,0,2.733048123,0.255426101,0
27,226,9.694,40654.90194,2571678.358,0,0,0,0.42786,0,0,0,0,0,0,198.603,0,2.733048123,0.255426101,0
27,226,9.694,40654.90194,2571678.358,0,0,0,0,0.008332,0.000342,0,0,0,0,0.77829,0,2.733048123,0.255426101,0
27,226,9.694,40654.90194,2571678.358,23.582,0,0,0,80.307,0,0,0,0,0,0,0,2.733048123,0.255426101,0
27,226,9.694,40654.90194,2571678.358,0.013476,0,0,0,0,0.78866,17.486,0,0,0,0.151728,0,2.733048123,0.255426101,0
27,226,9.694,40654.90194,2571678.358,0.67499,0,0,25.355,1.4315,0,0.10863,0,0,0,0,0,2.733048123,0.255426101,0
27,226,9.694,40654.90194,2571678.358,0.50457,0,0,0.002139,0.62723,0,0,0,0,0,30.885,0,2.733048123,0.255426101,0
27,226,9.694,40654.90194,2571678.358,0,0,0,0.11621,0,0,0,0,0,0,1.1697,0,2.733048123,0.255426101,0
27,226,9.694,40654.90194,2571678.358,0.85316,0,0,0,0,0.25711,0,0,0,0,0.151728,0,2.733048123,0.255426101,0
27,226,9.694,40654.90194,2571678.358,0,0,0,0.009056,0,0,0,0,0,0,17.3718,0,2.733048123,0.255426101,0
27,226,9.694,40654.90194,2571678.358,1.366,0,0,0,0,2.3282,0,0,0,0,0,0,2.733048123,0.255426101,0
27,226,9.694,40654.90194,2571678.358,0.00644,0,0,0.005769,0,0,0,0,0,0,0,0,2.733048123,0.255426101,0
27,226,9.694,40654.90194,2571678.358,0.000545,0,0,0,0,0,0.002308,0,0,0,0,0,2.733048123,0.255426101,0
27,226,9.694,40654.90194,2571678.358,0,0,0,0,0,0,0,0,0,0,0.151728,0,2.733048123,0.255426101,0
27,226,9.694,40654.90194,2571678.358,0,0,0,0,0,0,0,0,0,0,1.19187,0,2.733048123,0.255426101,0
27,226,9.694,40654.90194,2571678.358,0.061767,0,0,0,0,0,36.808,0,0,0,0.151728,0,2.733048123,0.255426101,0
27,226,9.694,40654.90194,2571678.358,0,0,0,0,0,0,0,0,0,0,0.151728,0,2.733048123,0.255426101,0
27,226,9.694,40654.90194,2571678.358,0.08383,0,0,0,0,0,0.59876,0,0,0,0.36174,0,2.733048123,0.255426101,0
27,226,9.694,40654.90194,2571678.358,0.010521,0,0,0.01391,0,0.78548,0,0,0,0,0.151728,0,2.733048123,0.255426101,0
27,226,9.694,40654.90194,2571678.358,0.075337,0,0,0.16809,0,0,0,0,0,0,44.073,0,2.733048123,0.255426101,0
27,226,9.694,40654.90194,2571678.358,2.1218,0,0,0.0025559,0.00524,0,0,0,0,0,0.151728,0,2.733048123,0.255426101,0
27,226,9.694,40654.90194,2571678.358,7.2682,0,0,0.041028,0,0,0,0,0,0,11.0184,0,2.733048123,0.255426101,0
27,226,9.694,40654.90194,2571678.358,0.008333,0,0,0,0.031711,0,0,0,0,0,0.151728,0,2.733048123,0.255426101,0
27,226,9.694,40654.90194,2571678.358,0.38105,0,9.3896,0,0,0,0,0,0,0,18.819,0,2.733048123,0.255426101,0
27,226,9.694,40654.90194,2571678.358,0,0,0,0,0.005239,0,0,0,0,0,5.1444,0,2.733048123,0.255426101,0
27,226,9.694,40654.90194,2571678.358,6.0303,0,0,0.00014,0,0,0,0,0,0,0,0,2.733048123,0.255426101,0
27,226,9.694,40654.90194,2571678.358,2.2987,0,0,0,0.00524,0,0,0,0,0,18.0318,0,2.733048123,0.255426101,0
27,226,9.694,40654.90194,2571678.358,0,0,0,0.008335,0.17886,0,0,0,0,0,30.648,0,2.733048123,0.255426101,0
27,226,9.694,40654.90194,2571678.358,0,0,0,0.068295,0,0,0,0,0,0,8.9418,0,2.733048123,0.255426101,0
27,226,9.694,40654.90194,2571678.358,0,0,0,0,0.011526,0,0,0,0,0,46.293,0,2.733048123,0.255426101,0
27,226,9.694,40654.90194,2571678.358,0,0,0,0.00315,27.763,0,0,0,0,0,0,0,2.733048123,0.255426101,0
27,226,9.694,40654.90194,2571678.358,0.00524,0,0,0,44.94,0.49503,0,0,0,0,0.275769,0,2.733048123,0.255426101,0
27,226,9.694,40654.90194,2571678.358,0,0,0.010345,0.00833,0,0,0.40452,0,0,0,0.151728,0,2.733048123,0.255426101,0
27,226,9.694,40654.90194,2571678.358,74.841,0,0,0,0,0.85321,0,0,0,0,46.293,0,2.733048123,0.255426101,0
27,226,9.694,40654.90194,2571678.358,0.00387,0,0,0,0,0,0,0,0,0,17.3718,0,2.733048123,0.255426101,0
27,226,9.694,40654.90194,2571678.358,0.008335,0,0,0,0,2.4302,0,0,0,0,12.6336,0,2.733048123,0.255426101,0
27,226,9.694,40654.90194,2571678.358,0.018322,0,48.243,0,0,0,0.13028,0,0,0,0,0,2.733048123,0.255426101,0
27,226,9.694,40654.90194,2571678.358,0.061767,0,0,0.068295,0,0,0,0,0,0,0.151728,0,2.733048123,0.255426101,0
27,226,9.694,40654.90194,2571678.358,0,0,0,0,5.2863,0,0,0,0,0,0.280587,0,2.733048123,0.255426101,0
27,226,9.694,40654.90194,2571678.358,0.74435,0,0,0,0,0,0,0,0,0,3.5568,0,2.733048123,0.255426101,0
27,226,9.694,40654.90194,2571678.358,0.08029,0,0,1.231,0,0,0,0,0,0,0.31098,0,2.733048123,0.255426101,0
27,226,9.694,40654.90194,2571678.358,0.017603,0,0,0,0,0,4.4928,0,0,0,4.4313,0,2.733048123,0.255426101,0
27,226,9.694,40654.90194,2571678.358,0,0,0.060653,0,0,0,5.0969,0,0,0,0,0,2.733048123,0.255426101,0
27,226,9.694,40654.90194,2571678.358,0.00524,0,0,0,0,0,0,0,0,0,0,0,2.733048123,0.255426101,0
27,226,9.694,40654.90194,2571678.358,0.00524,0,0,0.70621,0,0,0,0,0,0,0.151728,0,2.733048123,0.255426101,0
27,226,9.694,40654.90194,2571678.358,0,0,0,2.853,0,0,0,0,0,0,0,0,2.733048123,0.255426101,0
27,226,9.694,40654.90194,2571678.358,0.00014,0,0,0.005239,0.008333,0,0.59876,0,0,0,1.17456,0,2.733048123,0.255426101,0
27,226,9.694,40654.90194,2571678.358,49.011,0,0.79947,0,0,0,0,0,0,0,0,0,2.733048123,0.255426101,0
27,226,9.694,40654.90194,2571678.358,0.76883,0,0,0.0059107,0,0,0,0,0,0,0,0,2.733048123,0.255426101,0
27,226,9.694,40654.90194,2571678.358,0.002139,0,0,0,0,0,0,0,0,0,2.3544,0,2.733048123,0.255426101,0
27,226,9.694,40654.90194,2571678.358,0,0,0,0.005239,0,9.3295,0,0,0.0057415,0,0.151728,0,2.733048123,0.255426101,0
27,226,9.694,40654.90194,2571678.358,0.00014,0,0,0,3.3385,0,77.672,0,0,0,14.5008,0,2.733048123,0.255426101,0
27,226,9.694,40654.90194,2571678.358,0.030048,0,0,0,2.529,0,0,0,0,0,0.151728,0,2.733048123,0.255426101,0
27,226,9.694,40654.90194,2571678.358,0,0,0,0,0,0,0,0,0,0,123.459,0,2.733048123,0.255426101,0
27,226,9.694,40654.90194,2571678.358,1.0344,0,0,6.4627,0,0,0,0,0,0,0.181728,0,2.733048123,0.255426101,0
27,226,9.694,40654.90194,2571678.358,0.00524,0,0,0,0,0,0,0,0,0,22.7118,0,2.733048123,0.255426101,0
27,226,9.694,40654.90194,2571678.358,0.60993,0,0,0,0,0,0,0,0,0,0.30174,0,2.733048123,0.255426101,0
27,226,9.694,40654.90194,2571678.358,0.14827,0,0,0,3.1902,0,0,0,0,0,0,0,2.733048123,0.255426101,0
27,226,9.694,40654.90194,2571678.358,3.6358,0,0,0,0,0,0,0,0,0,0.151728,0,2.733048123,0.255426101,0
27,226,9.694,40654.90194,2571678.358,0,0,0,0.38795,0.023106,1.0992,2.7921,0,0,0,0,0,2.733048123,0.255426101,0
27,226,9.694,40654.90194,2571678.358,0,0,0,0,0,0,0,0,0,0,14.4507,0,2.733048123,0.255426101,0
27,226,9.694,40654.90194,2571678.358,0.67499,0,0,0.021603,0,0.069446,0,0,0,0,0.288579,0,2.733048123,0.255426101,0
27,226,9.694,40654.90194,2571678.358,0.0066265,0,0,0,4.753,0,0,0,0,0,1.04805,0,2.733048123,0.255426101,0
27,226,9.694,40654.90194,2571678.358,0,0,0.00328,0,0.003821,0,0,0,0,0,0,0,2.733048123,0.255426101,0
27,226,9.694,40654.90194,2571678.358,0.030381,0,0,0.002868,0,0.95676,0.059897,0,0,0,0.73911,0,2.733048123,0.255426101,0
27,226,9.694,40654.90194,2571678.358,0.15083,0,0,0,0.47436,0,0,0,0,0,3.8823,0,2.733048123,0.255426101,0
27,226,9.694,40654.90194,2571678.358,14.115,0,0,0,0,0,0,0,0,0,0,0,2.733048123,0.255426101,0
27,226,9.694,40654.90194,2571678.358,24.337,0,0,0.008333,0.0094528,0,0,0,0,0,14.8218,0,2.733048123,0.255426101,0
27,226,9.694,40654.90194,2571678.358,0.08383,0,0,0.012395,0,0,0,0,0,0,0.273357,0,2.733048123,0.255426101,0
27,226,9.694,40654.90194,2571678.358,0,0,0,0,0.0041885,0.94061,0,0,0,0,9.1953,0,2.733048123,0.255426101,0
27,226,9.694,40654.90194,2571678.358,0,0,0,0,15.439,3.0433,0,0,0,0,0.151728,0,2.733048123,0.255426101,0
27,226,9.694,40654.90194,2571678.358,0.052214,0,0,0,0,0,0,0,0,0,7.5918,0,2.733048123,0.255426101,0
27,226,9.694,40654.90194,2571678.358,0,0,0,0,1.4612,0,0,0,0,0,0.151728,0,2.733048123,0.255426101,0
27,226,9.694,40654.90194,2571678.358,0,0,0,0,0.2943,0,0,0,0,0,0.151728,0,2.733048123,0.255426101,0
27,226,9.694,40654.90194,2571678.358,0.000251,0,0,0,0,0,0,0,0,0,0,0,2.733048123,0.255426101,0
27,226,9.694,40654.90194,2571678.358,0,0,0,0,0,1.6287,203.53,0,0,0,1.63956,0,2.733048123,0.255426101,0
27,226,9.694,40654.90194,2571678.358,0.013572,0,0,6.6789,0.65463,0,0,0,0,0,19.7118,0,2.733048123,0.255426101,0
27,226,9.694,40654.90194,2571678.358,0.0094528,0,0,0,0.002492,0,0,0,0,0,4.7865,0,2.733048123,0.255426101,0
27,226,9.694,40654.90194,2571678.358,0.012423,0,0,0.37666,0.18217,0,0,0,0,0,0,0,2.733048123,0.255426101,0
27,226,9.694,40654.90194,2571678.358,0,0,0,0,0,0,0,0,0,0,7.2111,0,2.733048123,0.255426101,0
27,226,9.694,40654.90194,2571678.358,0,0,0,0,0,0,0,0,0,0,9.7158,0,2.733048123,0.255426101,0
27,226,9.694,40654.90194,2571678.358,3.0116,0,0,0,0,0,0,0.42055,0.1055,0,149.193,0,2.733048123,0.255426101,0
27,226,9.694,40654.90194,2571678.358,0.004143,0,0,0,0,0,0,0,0,0,0.151728,0,2.733048123,0.255426101,0
27,226,9.694,40654.90194,2571678.358,0.015667,0,0.011238,0,0.00524,0,0,0,0,0,0,0,2.733048123,0.255426101,0
27,226,9.694,40654.90194,2571678.358,0,0,0,0.008333,0,0,0,0,0,0,0,0,2.733048123,0.255426101,0
27,226,9.694,40654.90194,2571678.358,0.008333,0,0,0,22.461,0,0.40452,5.0762,0,0,0,0,2.733048123,0.255426101,0
27,226,9.694,40654.90194,2571678.358,198.15,0,0,0,0,0,0.59876,0,0,0,0,0,2.733048123,0.255426101,0
27,226,9.694,40654.90194,2571678.358,2.8708,0,0,0,0,2.9165,0,0,0,0,0.151728,0,2.733048123,0.255426101,0
27,226,9.694,40654.90194,2571678.358,0,0,0.012181,0,0.005239,0,35.433,0,0,0,0,0,2.733048123,0.255426101,0
27,226,9.694,40654.90194,2571678.358,5.8431,0,0,0.011527,0.007102,0.78033,0,0,0,0,0.279489,0,2.733048123,0.255426101,0
27,226,9.694,40654.90194,2571678.358,49.592,0,0,0,0.008333,0,45.746,0,0,0,0,0,2.733048123,0.255426101,0
27,226,9.694,40654.90194,2571678.358,0.009056,0,0,0,0,0,0,0,0,0,0,0,2.733048123,0.255426101,0
27,226,9.694,40654.90194,2571678.358,0.82366,0,0,0,0.98255,0,0,0,0,0,0.151728,0,2.733048123,0.255426101,0
27,226,9.694,40654.90194,2571678.358,0,0,0,0.020093,0.002508,0,0,0,0,0,0.181728,0,2.733048123,0.255426101,0
27,226,9.694,40654.90194,2571678.358,0,0,0,9.0645,0,0,0,0,0,0,0,0,2.733048123,0.255426101,0
27,226,9.694,40654.90194,2571678.358,0,0,0,0,0,0,0,0.78952,0,0,0,0,2.733048123,0.255426101,0
27,226,9.694,40654.90194,2571678.358,0.0021738,0,0,0,0,0,46.36,0,0,0,0.290478,0,2.733048123,0.255426101,0
27,226,9.694,40654.90194,2571678.358,0,0,0,0,0,0,0.13028,0,0,0,0,0,2.733048123,0.255426101,0
27,226,9.694,40654.90194,2571678.358,2.1571,0,0,0,0.14172,0,0,0,0,0,0,0,2.733048123,0.255426101,0
27,226,9.694,40654.90194,2571678.358,0.008333,0,0,0.00247,0.014178,0,0,0,0,0,2.21025,0,2.733048123,0.255426101,0
27,226,9.694,40654.90194,2571678.358,0.091719,0,0,0,0,0,0,0,0,0,12.8901,0,2.733048123,0.255426101,0
27,226,9.694,40654.90194,2571678.358,0,0,0,0.0021738,0,0,0,0,0,0,0,0,2.733048123,0.255426101,0
27,226,9.694,40654.90194,2571678.358,0,0,0,0.0083909,0,0,0,0,0,0,0.273366,0,2.733048123,0.255426101,0
27,226,9.694,40654.90194,2571678.358,0,0,0,0,1.649,0,0,0,0,0,0,0,2.733048123,0.255426101,0
27,226,9.694,40654.90194,2571678.358,0.026827,0,0,2.1625,0,0,0,0,0,0,25.56,0,2.733048123,0.255426101,0
27,226,9.694,40654.90194,2571678.358,0,0,0,123.21,0.00524,0,0,0,0,0,11.1597,0,2.733048123,0.255426101,0
27,226,9.694,40654.90194,2571678.358,0,0,0,0.0043235,0,0.2468,52.387,0,0,0,0.280587,0,2.733048123,0.255426101,0
27,226,9.694,40654.90194,2571678.358,1.8379,0,0,4.5651,6.9699,0.38161,0,0,0,0,0.151728,0,2.733048123,0.255426101,0
27,226,9.694,40654.90194,2571678.358,0,0,0,0.01409,0,0,0,0,0,0,0.151728,0,2.733048123,0.255426101,0
27,226,9.694,40654.90194,2571678.358,14.661,0,0,0.000688,0,0,0,0,0,0,0,0,2.733048123,0.255426101,0
27,226,9.694,40654.90194,2571678.358,0.0066265,0,0,0,0,0,0,0,0,0,2.76954,0,2.733048123,0.255426101,0
27,226,9.694,40654.90194,2571678.358,0,0,0,0.012904,0,0,0,0,0,0,0.292407,0,2.733048123,0.255426101,0
27,226,9.694,40654.90194,2571678.358,0.00524,0,0,0.007214,0.014078,0,0.002308,0,0,0,4.8687,0,2.733048123,0.255426101,0
28,227,1,287537.5612,18188560,0,0,0,0,6.9699,0,0.13028,0,0,0,39.096,0.403800639,20.33732548,1.900692383,0
28,227,1,287537.5612,18188560,0,0,0,0.000739,0,0,0,0,0,0,0,0.090682319,20.33732548,1.900692383,0
28,227,1,287537.5612,18188560,0.008699,0,0,0.02762,0,0,0,0,0,0,2.6931,2.473634728,20.33732548,1.900692383,0
28,227,1,287537.5612,18188560,0,0,0,0,0,0,0,0,0,0,87.522,27.05073767,20.33732548,1.900692383,0
28,227,1,287537.5612,18188560,0,0,0,0,4.4409,0,52.387,0,0,0,0,5.721119019,20.33732548,1.900692383,0
28,227,1,287537.5612,18188560,0,0,0,0,0,0,0.13028,0,0,0,1.63956,3.50611189,20.33732548,1.900692383,0
28,227,1,287537.5612,18188560,0.0088108,0,0,0,0,0,0,0,0,0,0.151728,0.308645201,20.33732548,1.900692383,0
28,227,1,287537.5612,18188560,0.010364,0,0,0,1.3478,0,0,0,0,0,0.151728,1.437091095,20.33732548,1.900692383,0
28,227,1,287537.5612,18188560,0.013573,0,0,0,0.0082165,0,0,0,0,0,0.151728,4.791523591,20.33732548,1.900692383,0
28,227,1,287537.5612,18188560,0.87352,0,0,0,0,0,8.4952,0,0,0,4.6839,0.677067536,20.33732548,1.900692383,0
29,228,1,280428.116,17738842.86,0,0,0,0.002084,3.1339,0,0,0,0,0,0,6.495762651,21.20232013,1.981533334,0
29,228,1,280428.116,17738842.86,0.0098678,0,0,0,12.308,0,0,0,0,0,0.151728,22.79016382,21.20232013,1.981533334,0
29,228,1,280428.116,17738842.86,1.8154,0,0,0.0068531,0.008335,0,0,0,0,0,0.278703,11.33524931,21.20232013,1.981533334,0
29,228,1,280428.116,17738842.86,0.49815,0,0,0,0,0,0,0,0,0,3.9018,0.99739448,21.20232013,1.981533334,0
29,228,1,280428.116,17738842.86,0.008333,0,0,0,0,0,0,0,0,0,0,3.789481443,21.20232013,1.981533334,0
29,228,1,280428.116,17738842.86,0.20881,0,0,0.024145,0.00524,0,0,0,0,0,3.0075,6.472102045,21.20232013,1.981533334,0
29,228,1,280428.116,17738842.86,0,0,0,0,0,0,0,0,3.025,0,16.3047,0.085689464,21.20232013,1.981533334,0
30,229,1,316798.1945,20039479.17,0,0,0,0.007221,0.32888,0,0,0,0,0,0.151728,0,21.47561709,2.00707521,0
30,229,1,316798.1945,20039479.17,0.019305,0,0,0,4.5283,0,0.13028,0,0,0,0,0,21.47561709,2.00707521,0
30,229,1,316798.1945,20039479.17,0,0,0,0,0,0,0,0,0,0,3.9018,0,21.47561709,2.00707521,0
30,229,1,316798.1945,20039479.17,0,0,0,0.030964,0.001326,1.5527,0,0,0,0,1.70622,0,21.47561709,2.00707521,0
30,229,1,316798.1945,20039479.17,0,0,0,0,0.008953,0.77921,0,0,0,0,0.151728,0,21.47561709,2.00707521,0
30,229,1,316798.1945,20039479.17,14.875,0,0,0.001677,3.1339,0,0,0,0,0,0.181728,0,21.47561709,2.00707521,0
30,229,1,316798.1945,20039479.17,0.00524,0,0,0,0,0,0,0,0,0,28.1349,0,21.47561709,2.00707521,0
30,229,1,316798.1945,20039479.17,0.018596,0,0,0,0,0,0,0,0,0,0.42399,0,21.47561709,2.00707521,0
30,229,1,316798.1945,20039479.17,0,0,0,0,0.030662,0,0,0,0,0,0.151728,0,21.47561709,2.00707521,0
30,229,1,316798.1945,20039479.17,0.008333,0,0,0,52.779,0,0,0,0,0,0,0,21.47561709,2.00707521,0
30,229,1,316798.1945,20039479.17,0,0,0,0,0,0,0.13028,0,0,0,0,0,21.47561709,2.00707521,0
30,229,1,316798.1945,20039479.17,0.008333,0,0,0,20.056,0,0,0,0,0,0.278526,0,21.47561709,2.00707521,0
30,229,1,316798.1945,20039479.17,0,0,0,0.018148,0.035884,0,0,0,0,0,3.3057,0,21.47561709,2.00707521,0
30,229,1,316798.1945,20039479.17,3.6358,0,0,0,0.00524,0,0,0,0,0,14.5008,0,21.47561709,2.00707521,0
30,229,1,316798.1945,20039479.17,0.67038,0,0,4.8058,0.0062716,0,0,0,0,0,0,0,21.47561709,2.00707521,0
30,229,1,316798.1945,20039479.17,0,0,0,0,0.003538,0.77921,0,0,0,0,14.4696,0,21.47561709,2.00707521,0
30,229,1,316798.1945,20039479.17,0,0,0,0.00524,0.37101,0.00007,0.021726,0,0,0,8.3751,0,21.47561709,2.00707521,0
30,229,1,316798.1945,20039479.17,0.29343,0,0,0,0,0,0,0,0,0,0,0,21.47561709,2.00707521,0
30,229,1,316798.1945,20039479.17,0,0,0,0.015045,0,0,0,0,0,0,0.151728,0,21.47561709,2.00707521,0
30,229,1,316798.1945,20039479.17,0,0,0,0,0,0,0,0,0,0,2.10972,0,21.47561709,2.00707521,0
30,229,1,316798.1945,20039479.17,0,0,0,14.804,0,1.5684,0,0,0,0,1.52439,0,21.47561709,2.00707521,0
30,229,1,316798.1945,20039479.17,0.10527,0,0,0,3.0408,0,11.551,0,0,0,0,0,21.47561709,2.00707521,0
30,229,1,316798.1945,20039479.17,0.23451,0,9.5147,0,0.62723,0,0,0,0,0,2.06073,0,21.47561709,2.00707521,0
30,229,1,316798.1945,20039479.17,0,0,0.0054435,0,2.1344,0,0,0,0,0,0.151728,0,21.47561709,2.00707521,0
30,229,1,316798.1945,20039479.17,0.034521,0,0,0.1075,0,0.004625,0,0,0,0,0,0,21.47561709,2.00707521,0
30,229,1,316798.1945,20039479.17,0,0,0,0,9.3522,0,0,0,0,0,0.181728,0,21.47561709,2.00707521,0
30,229,1,316798.1945,20039479.17,0.007835,0,0,0,0,0,0,0,0,0,4.5897,0,21.47561709,2.00707521,0
30,229,1,316798.1945,20039479.17,0,0,2.5808,0,0,0,0,0,0,0,0.151728,0,21.47561709,2.00707521,0
30,229,1,316798.1945,20039479.17,6.2048,0,0,0.026977,0,0,0,0,0,0,6.5418,0,21.47561709,2.00707521,0
30,229,1,316798.1945,20039479.17,0,0,0.11236,6.2716,0,0,5.7012,0,0,0,0.48174,0,21.47561709,2.00707521,0
30,229,1,316798.1945,20039479.17,9.9965,0,0,0,0.000688,0.78029,0,0,0,0,0.54798,0,21.47561709,2.00707521,0
30,229,1,316798.1945,20039479.17,0.008333,0,0,8.1583,2.9298,0.002082,0,0.79321,0,0,0,0,21.47561709,2.00707521,0
30,229,1,316798.1945,20039479.17,0.008333,0,0,0,0.002741,0,0,0,0,0,34.872,0,21.47561709,2.00707521,0
30,229,1,316798.1945,20039479.17,0.00524,0,0,0,0.16189,0,0,0,0,0,0,0,21.47561709,2.00707521,0
30,229,1,316798.1945,20039479.17,0.026942,0,0,0.000172,0,0,0.60778,0,0,0,8.9418,0,21.47561709,2.00707521,0
30,229,1,316798.1945,20039479.17,0.024955,0,0,0,0,0,0,0,0,0,15.252,0,21.47561709,2.00707521,0
30,229,1,316798.1945,20039479.17,0,0,0,0,0.008333,0,1.9322,0,0,0,0,0,21.47561709,2.00707521,0
30,229,1,316798.1945,20039479.17,14.661,0,0,30.329,1.6868,0,0,0,0,0,3.9402,0,21.47561709,2.00707521,0
30,229,1,316798.1945,20039479.17,0.00524,0,0,0,0.001326,0,0,0,0,0,0.151728,0,21.47561709,2.00707521,0
30,229,1,316798.1945,20039479.17,12.994,0,0,4.648,2.0529,0,52.175,0,0,0,0.151728,0,21.47561709,2.00707521,0
30,229,1,316798.1945,20039479.17,0.080184,0,0,6.7865,0,0,0,0,0,0,15.252,0,21.47561709,2.00707521,0
30,229,1,316798.1945,20039479.17,189.16,0,0,0.030964,0,0,0,0,0,0,14.4696,0,21.47561709,2.00707521,0
30,229,1,316798.1945,20039479.17,14.661,0,0,0,0.13092,0.89381,0,0,0,0,12.0405,0,21.47561709,2.00707521,0
30,229,1,316798.1945,20039479.17,3.2852,0,13.803,0,0,13.442,38.932,0,0,0,5.6418,0,21.47561709,2.00707521,0
30,229,1,316798.1945,20039479.17,0.000172,0,0,47.493,0.13896,0,0.13028,0,0,0,0.44541,0,21.47561709,2.00707521,0
30,229,1,316798.1945,20039479.17,0.010521,0,0,0,0,0,0,0,0,0,0.151728,0,21.47561709,2.00707521,0
30,229,1,316798.1945,20039479.17,0,0,2.792,0.030964,0,0,0,0,0,0,50.673,0,21.47561709,2.00707521,0
30,229,1,316798.1945,20039479.17,0.003821,0,0,0,0,0,0,0,0,0,7.1259,0,21.47561709,2.00707521,0
30,229,1,316798.1945,20039479.17,0.0097975,0,0,0.11243,0.007148,0,0,0,0,0,0,0,21.47561709,2.00707521,0
30,229,1,316798.1945,20039479.17,0.019714,0,0,0,0,0.008332,0.67845,0,0,0,0.273324,0,21.47561709,2.00707521,0
30,229,1,316798.1945,20039479.17,0.60993,0,0,0.0060235,0.008333,0,0,0,0,0,0.280578,0,21.47561709,2.00707521,0
30,229,1,316798.1945,20039479.17,0.00524,0,0,0.012395,0,0,0,0,0,0,0.151728,0,21.47561709,2.00707521,0
30,229,1,316798.1945,20039479.17,0,0,0,5.2482,0.008333,0.79321,0,0,0,0,176.907,0,21.47561709,2.00707521,0
30,229,1,316798.1945,20039479.17,0,0,0,0.051994,0,0,0,0,0,0,0,0,21.47561709,2.00707521,0
30,229,1,316798.1945,20039479.17,0.0094528,0,0,0,0,0,0,0,0,0,0,0,21.47561709,2.00707521,0
30,229,1,316798.1945,20039479.17,0.14827,0,0,0,0,4.8967,0,0,1.9841,0,0.151728,0,21.47561709,2.00707521,0
30,229,1,316798.1945,20039479.17,6.2048,0,29.879,1.4947,0.008333,0,0,0,0,0,6.2754,0,21.47561709,2.00707521,0
30,229,1,316798.1945,20039479.17,0,0,0,0,2.0594,0,0.13028,0,0,0,1.97832,0,21.47561709,2.00707521,0
30,229,1,316798.1945,20039479.17,0.031802,0,0,0.42786,0.000063,0,0,0,0,0,7.3206,0,21.47561709,2.00707521,0
30,229,1,316798.1945,20039479.17,15.2,0,0,0,0,0,0,0,0,0,9.4467,0,21.47561709,2.00707521,0
30,229,1,316798.1945,20039479.17,0,0,0,0,0,0,0,0,0,0,0.273372,0,21.47561709,2.00707521,0
30,229,1,316798.1945,20039479.17,0.008333,0,0,0.15168,4.2216,0,0,0,0,0,0.151728,0,21.47561709,2.00707521,0
30,229,1,316798.1945,20039479.17,23.582,0,220.32,0,0.008335,0,0.67845,0,0,0,15.252,0,21.47561709,2.00707521,0
30,229,1,316798.1945,20039479.17,0,0,0,6.0441,0,0,0,0,0,0,2.52933,0,21.47561709,2.00707521,0
30,229,1,316798.1945,20039479.17,0.070781,0,0,0,0,0,0,0,0,0,0.151728,0,21.47561709,2.00707521,0
30,229,1,316798.1945,20039479.17,0,0,0,0,0,0,0,0,0,0,0.273324,0,21.47561709,2.00707521,0
30,229,1,316798.1945,20039479.17,4.9504,0,0,0,0.002741,0,0,0,0,0,0,0,21.47561709,2.00707521,0
30,229,1,316798.1945,20039479.17,253.52,0,0,0,0,0,0,0,0,0,0,0,21.47561709,2.00707521,0
30,229,1,316798.1945,20039479.17,0,0,0.006915,0,0,0,0,0,0,0,0.151728,0,21.47561709,2.00707521,0
30,229,1,316798.1945,20039479.17,0,0,0.00744,10.744,0,0,0,0,0,0,0,0,21.47561709,2.00707521,0
30,229,1,316798.1945,20039479.17,0.011527,0,0,0,0.001434,0.094623,0,0,0,0,0,0,21.47561709,2.00707521,0
30,229,1,316798.1945,20039479.17,0.00524,0,0,0.038288,0,0,0.86583,0,0,0,0.44541,0,21.47561709,2.00707521,0
31,230,1,9.61762406,608.3752381,0.0062479,0.009018,0,0,0,0,0,0,0,0,0.151728,0,0.000900743,8.41819E-05,0
31,230,1,9.61762406,608.3752381,0,0,0,4.1555,0,0,0,0,0,0,0.70503,0,0.000900743,8.41819E-05,0
31,230,1,9.61762406,608.3752381,1.3822,0,0,0,0,0,0.13028,0,0,0,0.151728,0,0.000900743,8.41819E-05,0
31,230,1,9.61762406,608.3752381,0,0,0,0,0,0,0,0,0,0,0.273324,0,0.000900743,8.41819E-05,0
31,230,1,9.61762406,608.3752381,0.26564,0,0,0,0,0,0,0,0,0,2.22174,0,0.000900743,8.41819E-05,0
31,230,1,9.61762406,608.3752381,0,0,0,0,0,0,0,0,0,0,0,0,0.000900743,8.41819E-05,0
31,230,1,9.61762406,608.3752381,0.22468,0,0,0,0,0,0,0,0,0,7.2168,0,0.000900743,8.41819E-05,0
31,230,1,9.61762406,608.3752381,0,0,0,0,0,0,0,0,0,0,0,0,0.000900743,8.41819E-05,0
31,230,1,9.61762406,608.3752381,0.15688,0,0,0,0,0,0,0,0,0,0,0,0.000900743,8.41819E-05,0
31,230,1,9.61762406,608.3752381,2.3036,0,0,0,0,0,0,0,0,0,5.4573,0,0.000900743,8.41819E-05,0
31,230,1,9.61762406,608.3752381,0.012001,0,0,0,0,0,0,0,0,0,4.0518,0,0.000900743,8.41819E-05,0
31,230,1,9.61762406,608.3752381,0,0,0,0,0,0,0,0,0,0,0.241728,0,0.000900743,8.41819E-05,0
31,230,1,9.61762406,608.3752381,0,0,0,0,0,0,0,0,0,0,0.151728,0,0.000900743,8.41819E-05,0
31,230,1,9.61762406,608.3752381,1.2569,0,0,0,0,0,0,0,0,0,0.34434,0,0.000900743,8.41819E-05,0
31,230,1,9.61762406,608.3752381,0,0,0,0,0,0,0,0,0,0,1.08798,0,0.000900743,8.41819E-05,0
31,230,1,9.61762406,608.3752381,0,0,0,0,0,0,0,0,0,0,0,0,0.000900743,8.41819E-05,0
31,230,1,9.61762406,608.3752381,0,0,0,0,0,0,0,0,0,0,0,0,0.000900743,8.41819E-05,0
31,230,1,9.61762406,608.3752381,0,3.8957,0,3.4019,0,0,0,0,0,0,0.151728,0,0.000900743,8.41819E-05,0
31,230,1,9.61762406,608.3752381,0.0062479,0,0,0,0,0,0,0,0,0,0.151728,0,0.000900743,8.41819E-05,0
31,230,1,9.61762406,608.3752381,0,0,0,0,0,0,0,0,0,0,0.151728,0,0.000900743,8.41819E-05,0
31,230,1,9.61762406,608.3752381,0,0,0,0,0,0,0,0,0,0,0.290082,0,0.000900743,8.41819E-05,0
31,230,1,9.61762406,608.3752381,0.36503,0,0,0,0,0,0,0,0,0,0,0,0.000900743,8.41819E-05,0
31,230,1,9.61762406,608.3752381,0,0,0,0,0,0,0,0,0,0,0.151728,0,0.000900743,8.41819E-05,0
31,230,1,9.61762406,608.3752381,0.022396,0,0,0,0,0,0,0,0,0,0.27711,0,0.000900743,8.41819E-05,0
31,230,1,9.61762406,608.3752381,1.1589,0,0,0,0,0,0,0,0,0,0.151728,0,0.000900743,8.41819E-05,0
31,230,1,9.61762406,608.3752381,0.000081,0,0,0,0,0,0,0,0,0,0.151728,0,0.000900743,8.41819E-05,0
31,230,1,9.61762406,608.3752381,0,0,0,0,0,0,0,0,0,0,0.151728,0,0.000900743,8.41819E-05,0
31,230,1,9.61762406,608.3752381,0.001493,0,0,0,0,0,0.008333,0,0,0,4.1943,0,0.000900743,8.41819E-05,0
31,230,1,9.61762406,608.3752381,0,0,0,0,0,0,0,0,0,0,0.151728,0,0.000900743,8.41819E-05,0
31,230,1,9.61762406,608.3752381,0.016666,0,0,0,0,0.79321,0,0,0,0,0,0,0.000900743,8.41819E-05,0
31,230,1,9.61762406,608.3752381,0,0,0,0,0,0.79321,0,0,0,0,0,0,0.000900743,8.41819E-05,0
31,230,1,9.61762406,608.3752381,0,0,0,0,0,0,0,0,0,0,0.151728,0,0.000900743,8.41819E-05,0
31,230,1,9.61762406,608.3752381,0,0,0,0,0,0,0,0,0,0,0,0,0.000900743,8.41819E-05,0
31,230,1,9.61762406,608.3752381,5.8949,0.001493,0,0.00524,0,0.79321,0,0,0,0,0.151728,0,0.000900743,8.41819E-05,0
31,230,1,9.61762406,608.3752381,0.052268,1.9901,0,0,0,0,0,0,0,0,0.151728,0,0.000900743,8.41819E-05,0
31,230,1,9.61762406,608.3752381,0,0,0,0,0,0.78239,0,0,0,0,0,0,0.000900743,8.41819E-05,0
31,230,1,9.61762406,608.3752381,0,0,0,0,0,0,0,0,0,0,0.151728,0,0.000900743,8.41819E-05,0
31,230,1,9.61762406,608.3752381,0,0,0,0,0,0,0,0,0,0,0,0,0.000900743,8.41819E-05,0
31,230,1,9.61762406,608.3752381,0,0,0,0,0,0,0,0,0,0,0.278526,0,0.000900743,8.41819E-05,0
31,230,1,9.61762406,608.3752381,0,0,0,0,0,0,0,0,0,0,0.151728,0,0.000900743,8.41819E-05,0
31,230,1,9.61762406,608.3752381,0,0,0,0,0,0,0,0,0,0,5.4765,0,0.000900743,8.41819E-05,0
31,230,1,9.61762406,608.3752381,0.016486,0,0,0,0,4.5469,0,0,0,0,2.37174,0,0.000900743,8.41819E-05,0
32,231,1,9.509202569,601.5168966,0,0,0,0,0,0,0,0,0,0,0.151728,0,0.000673534,6.29473E-05,0
32,231,1,9.509202569,601.5168966,0.0033855,0,0,0,0,0,0,0,0,0,0.151728,0,0.000673534,6.29473E-05,0
32,231,1,9.509202569,601.5168966,0,0,0,0,0,0,0,0,0,0,0,0,0.000673534,6.29473E-05,0
32,231,1,9.509202569,601.5168966,0,0,0,0,0,0,0,0,0,0,0.151728,0,0.000673534,6.29473E-05,0
32,231,1,9.509202569,601.5168966,0,0,0,0,0,0,0,0,0,0,4.6158,0,0.000673534,6.29473E-05,0
32,231,1,9.509202569,601.5168966,0,0,0,0,0,0,0,0,0,0,0,0,0.000673534,6.29473E-05,0
32,231,1,9.509202569,601.5168966,0,0,0,0.93253,0,0,2.7405,0,0,0,0,0,0.000673534,6.29473E-05,0
32,231,1,9.509202569,601.5168966,0,0,0,0,0,0,0,0,0,0,0.151728,0,0.000673534,6.29473E-05,0
32,231,1,9.509202569,601.5168966,0,0,0,0,0,0,0,0,0,0,0.151728,0,0.000673534,6.29473E-05,0
32,231,1,9.509202569,601.5168966,0,0,0,0,0,0,0,0,0,0,0.86343,0,0.000673534,6.29473E-05,0
32,231,1,9.509202569,601.5168966,0,0,0,0,0,0,0,0,0,0,7.2051,0,0.000673534,6.29473E-05,0
32,231,1,9.509202569,601.5168966,0,0,0,0,0,0,0,0,0,0,0,0,0.000673534,6.29473E-05,0
32,231,1,9.509202569,601.5168966,0,0,0,0,0,0,0,0,0,0,0.280578,0,0.000673534,6.29473E-05,0
32,231,1,9.509202569,601.5168966,0,0,0,0,0,0,0,0,0,0,0,0,0.000673534,6.29473E-05,0
32,231,1,9.509202569,601.5168966,0,0,0,0,0,0,0,0,0,0,0.151728,0,0.000673534,6.29473E-05,0
32,231,1,9.509202569,601.5168966,0,0.002031,0,0,0,0,0,0,0,0,0.31059,0,0.000673534,6.29473E-05,0
32,231,1,9.509202569,601.5168966,0.001267,0,0,0,0,0,0,0,0,0,0.151728,0,0.000673534,6.29473E-05,0
32,231,1,9.509202569,601.5168966,1.0383,0,0,0,0,0,0,0,0,0,0.151728,0,0.000673534,6.29473E-05,0
32,231,1,9.509202569,601.5168966,0,0,0,0.002068,0,3.584,0,0,0,0,0,0,0.000673534,6.29473E-05,0
32,231,1,9.509202569,601.5168966,0,0,0,0,0,0.1964,0,0,0,0,0,0,0.000673534,6.29473E-05,0
32,231,1,9.509202569,601.5168966,2.444,0,0,0,0,0,0,0,0,0,2.39871,0,0.000673534,6.29473E-05,0
32,231,1,9.509202569,601.5168966,0,0,0,0,0,0,0.059897,0,0,0,2.37174,0,0.000673534,6.29473E-05,0
32,231,1,9.509202569,601.5168966,0.31985,0,0,6.5095,0,0,0,0,0,0,2.37174,0,0.000673534,6.29473E-05,0
32,231,1,9.509202569,601.5168966,0.002784,0,0,0,0,0,0,0,0,0,0,0,0.000673534,6.29473E-05,0
32,231,1,9.509202569,601.5168966,0,0,0,0,0,0,3.7851,0,0,0,3.6918,0,0.000673534,6.29473E-05,0
32,231,1,9.509202569,601.5168966,0,0,0,0,0,0,9.2947,0,0,0,0,0,0.000673534,6.29473E-05,0
32,231,1,9.509202569,601.5168966,1.737,0,0,0,0,0,0,0,0,0,0,0,0.000673534,6.29473E-05,0
32,231,1,9.509202569,601.5168966,0,0,0,4.1555,0,0,0,0,0,0,0.151728,0,0.000673534,6.29473E-05,0
32,231,1,9.509202569,601.5168966,0,0,0,0.008575,0,0,0,0,0,0,0.151728,0,0.000673534,6.29473E-05,0
33,232,1,9.710101214,614.225,0,0,0,0,0,0,0,0.72261,0,0,0,0,0.000656425,6.13484E-05,0
33,232,1,9.710101214,614.225,0,0,0,0,0,0,0,0,0,0,0.70485,0,0.000656425,6.13484E-05,0
33,232,1,9.710101214,614.225,0.00014,0,0,0.65249,0,0,0,0,0,0,0.151728,0,0.000656425,6.13484E-05,0
33,232,1,9.710101214,614.225,0.063798,0,0,0,0,0,0,0,0,0,0.151728,0,0.000656425,6.13484E-05,0
33,232,1,9.710101214,614.225,0,0,0,0,0,0,0,0,0,0,0,0,0.000656425,6.13484E-05,0
33,232,1,9.710101214,614.225,0.18763,0,0,0.26453,0.12938,0,0,0,0,0,0,0,0.000656425,6.13484E-05,0
33,232,1,9.710101214,614.225,5.865,0,0,0,0.014178,0,0,0,0,0,0,0,0.000656425,6.13484E-05,0
33,232,1,9.710101214,614.225,0.49815,0,0.82183,0,0.05414,0,0,0,0,0,0.151728,0,0.000656425,6.13484E-05,0
33,232,1,9.710101214,614.225,0,0,8.4993,0,0.93395,0,0,0,0,0,0.151728,0,0.000656425,6.13484E-05,0
33,232,1,9.710101214,614.225,5.4818,0,0.000739,0.008336,0.011131,0,0.60778,0,0,0,0.151728,0,0.000656425,6.13484E-05,0
33,232,1,9.710101214,614.225,0,0,0,0,0,0,0,0,0,0,0.151728,0,0.000656425,6.13484E-05,0
33,232,1,9.710101214,614.225,1.7403,0,0,0,0,0,0,0,0,0,0,0,0.000656425,6.13484E-05,0
33,232,1,9.710101214,614.225,3.5296,0,0,0,0,0,0,0,0,0,4.6029,0,0.000656425,6.13484E-05,0
33,232,1,9.710101214,614.225,0.000752,0,0,0.086213,1.649,0,0,0,0,0,0,0,0.000656425,6.13484E-05,0
33,232,1,9.710101214,614.225,0,0,0,0.040274,0,0,0,0,0,0,1.62048,0,0.000656425,6.13484E-05,0
33,232,1,9.710101214,614.225,0.0019345,0,0,0,0,0,6.0057,0,0,0,0,0,0.000656425,6.13484E-05,0
33,232,1,9.710101214,614.225,0,0,0,0.013565,0.001434,0,0,0,0,0,0,0,0.000656425,6.13484E-05,0
33,232,1,9.710101214,614.225,0,0,0,0,0.008333,0.77921,0,0,0,0,8.5644,0,0.000656425,6.13484E-05,0
33,232,1,9.710101214,614.225,0,0,0,0.53462,0,0,0,0,0,0,0,0,0.000656425,6.13484E-05,0
33,232,1,9.710101214,614.225,0,0,0,0,0,0,0,0,0,0,0.151728,0,0.000656425,6.13484E-05,0
33,232,1,9.710101214,614.225,0,0,0,0,0.008333,0,0,0,0,0,1.26477,0,0.000656425,6.13484E-05,0
33,232,1,9.710101214,614.225,0.50457,0,0,0,0,0,0,0,0,0,5.787,0,0.000656425,6.13484E-05,0
33,232,1,9.710101214,614.225,1.8115,0,0,0.030966,0,0,0,0,0,0,6.105,0,0.000656425,6.13484E-05,0
33,232,1,9.710101214,614.225,0,0,0,0.008333,6.9699,0,0,0,0,0,0,0,0.000656425,6.13484E-05,0
33,232,1,9.710101214,614.225,0.00644,0,0,0.55992,0.002868,0,0,0.006972,0,0,0.50493,0,0.000656425,6.13484E-05,0
33,232,1,9.710101214,614.225,0,0,0,0,0,0.77921,0.13028,0,0,0,0.151728,0,0.000656425,6.13484E-05,0
33,232,1,9.710101214,614.225,0.005239,0,0,0.00524,0,0,0.13028,0,0,0,0.151728,0,0.000656425,6.13484E-05,0
33,232,1,9.710101214,614.225,0,0,0.81675,0,0,0,0.13028,0,0,0,1.05978,0,0.000656425,6.13484E-05,0
33,232,1,9.710101214,614.225,0,0,0.015729,0,0.73113,0,0,0,0,0,2.94174,0,0.000656425,6.13484E-05,0
33,232,1,9.710101214,614.225,0.030381,0,0,0.0084875,0.000688,0,0,0,0,0,0.204657,0,0.000656425,6.13484E-05,0
33,232,1,9.710101214,614.225,0,0,0,0,0.23723,0,0,0,0,0,0.9426,0,0.000656425,6.13484E-05,0
33,232,1,9.710101214,614.225,0,0,0,0,0.001669,0,0,0,0,0,0,0,0.000656425,6.13484E-05,0
33,232,1,9.710101214,614.225,0.039743,0,0,0,0.008763,0.78972,0,0,0,0,1.02366,0,0.000656425,6.13484E-05,0
33,232,1,9.710101214,614.225,0.00062,0,0,0.055562,0.008335,0,0,0,0,0,0,0,0.000656425,6.13484E-05,0
33,232,1,9.710101214,614.225,0.0088426,0,0,0,3.969,0,0,0,0,0,0.151728,0,0.000656425,6.13484E-05,0
33,232,1,9.710101214,614.225,0,0,0,0,0.0088426,0,0,0,0,0,0,0,0.000656425,6.13484E-05,0
33,232,1,9.710101214,614.225,0.008699,0,0,0,0.013036,0,0,0,0,0,0.151728,0,0.000656425,6.13484E-05,0
33,232,1,9.710101214,614.225,0.00524,0,0,0,0,0.41253,0,0,0,0,0,0,0.000656425,6.13484E-05,0
33,232,1,9.710101214,614.225,0,0,0,0,0,0,0,0,0,0,0,0,0.000656425,6.13484E-05,0
33,232,1,9.710101214,614.225,0.038936,0,0,0,0.008333,0,0,0,0,0,0,0,0.000656425,6.13484E-05,0
33,232,1,9.710101214,614.225,0,0,0,0.008333,0,3.1357,0,0,0,0,0.151728,0,0.000656425,6.13484E-05,0
33,232,1,9.710101214,614.225,0.10994,0,0,0,4.6346,0,0,0,0,0,0,0,0.000656425,6.13484E-05,0
33,232,1,9.710101214,614.225,0,0,0,0,0,0,0,0,0,0,1.67382,0,0.000656425,6.13484E-05,0
33,232,1,9.710101214,614.225,0.0088426,0,0,0,0,0,0,0,0,0,0,0,0.000656425,6.13484E-05,0
33,232,1,9.710101214,614.225,0.008333,0,0,0.23606,0,0,0,0,0,0,0.72174,0,0.000656425,6.13484E-05,0
33,232,1,9.710101214,614.225,0.008333,0,0,0,0.21732,0,0,0,0,0,0.151728,0,0.000656425,6.13484E-05,0
33,232,1,9.710101214,614.225,0.00322,0,0,0,2.0529,0,0,0,0,0,3.2364,0,0.000656425,6.13484E-05,0
33,232,1,9.710101214,614.225,0,0,0,0.008336,0,0,0,0,0,0,0,0,0.000656425,6.13484E-05,0
33,232,1,9.710101214,614.225,0.0031025,0,0,0.10557,0,0,0,0,0,0,0.151728,0,0.000656425,6.13484E-05,0
33,232,1,9.710101214,614.225,0,0,0,0.002868,2.1344,0,0,0,0,0,0.151728,0,0.000656425,6.13484E-05,0
33,232,1,9.710101214,614.225,0,0,0,0.008336,0,0,0,0,0,0,0.67983,0,0.000656425,6.13484E-05,0
33,232,1,9.710101214,614.225,0.003538,0,0,0,0,0,0,0,0,0,0,0,0.000656425,6.13484E-05,0
33,232,1,9.710101214,614.225,0,0,0,0,0.002741,0,0,0,0,0,0,0,0.000656425,6.13484E-05,0
33,232,1,9.710101214,614.225,0,0,0,0,0,0,0.13028,0,0,0,0.151728,0,0.000656425,6.13484E-05,0
33,232,1,9.710101214,614.225,0,0,0,0,0.00524,0,0,0,0,0,3.9018,0,0.000656425,6.13484E-05,0
33,232,1,9.710101214,614.225,0,0,0,0.00524,0,0,0,0,0,0,0.151728,0,0.000656425,6.13484E-05,0
33,232,1,9.710101214,614.225,0,0,0,0.0084875,0,0,0,0,0,0,6.102,0,0.000656425,6.13484E-05,0
33,232,1,9.710101214,614.225,0.043527,0,0,0,0,0,4.0851,0,0,0,0,0,0.000656425,6.13484E-05,0
33,232,1,9.710101214,614.225,0.74435,0,0,0,0,0,0,0,0,0,5.4381,0,0.000656425,6.13484E-05,0
33,232,1,9.710101214,614.225,0.046194,0,3.4223,0,0,0,0,0,0,0,0.181728,0,0.000656425,6.13484E-05,0
33,232,1,9.710101214,614.225,3.5699,0,0,0,0.000124,0,0,0,0,0,0,0,0.000656425,6.13484E-05,0
33,232,1,9.710101214,614.225,0.0056959,0,0,0,0.008333,0,0,0,0,0,0.204657,0,0.000656425,6.13484E-05,0
33,232,1,9.710101214,614.225,0,0,0,0,0,0,0,0,0,0,0,0,0.000656425,6.13484E-05,0
33,232,1,9.710101214,614.225,0,0,0,1.0692,0,0,0,0,0,0,0,0,0.000656425,6.13484E-05,0
33,232,1,9.710101214,614.225,0.002868,0,0,0,3.2358,0.77864,0,0,0,0,0,0,0.000656425,6.13484E-05,0
33,232,1,9.710101214,614.225,0.00524,0,0,0.015258,0.14829,0,0,0,0,0,0.2871,0,0.000656425,6.13484E-05,0
33,232,1,9.710101214,614.225,2.1218,0,0,5.7854,1.1676,0,0,0,0,0,0.181728,0,0.000656425,6.13484E-05,0
33,232,1,9.710101214,614.225,0.024955,0,0,0.011941,0,0,0,0,0,0,0.271728,0,0.000656425,6.13484E-05,0
33,232,1,9.710101214,614.225,0,0,0,0,0,0.022157,0,0,0,0,0.151728,0,0.000656425,6.13484E-05,0
33,232,1,9.710101214,614.225,4.119,0,0,0.012904,2.8821,0,0,0,0,0,0,0,0.000656425,6.13484E-05,0
33,232,1,9.710101214,614.225,0.080184,0,0,0.030965,0.63967,0,0,0,0,0,1.33728,0,0.000656425,6.13484E-05,0
33,232,1,9.710101214,614.225,0.7988,0,0,0.42984,0,0,0,0,0,0,0.77829,0,0.000656425,6.13484E-05,0
33,232,1,9.710101214,614.225,2.2256,0,0,0.00833,0,0.85321,0,0,0,0,1.08339,0,0.000656425,6.13484E-05,0
33,232,1,9.710101214,614.225,0,0,0,0,0.007102,0,0.008333,0,0,0,8.1576,0,0.000656425,6.13484E-05,0
33,232,1,9.710101214,614.225,0,0,0,0,8.0306,0.79321,0,0,0,0,0.151728,0,0.000656425,6.13484E-05,0
33,232,1,9.710101214,614.225,0.001669,0,0,1.8563,0,0.49503,0,0,0,0,0.151728,0,0.000656425,6.13484E-05,0
33,232,1,9.710101214,614.225,0.008333,0,0,0.002031,0.00644,0,0,0,0,0,0,0,0.000656425,6.13484E-05,0
33,232,1,9.710101214,614.225,0,0,0,0.01391,0,0,0,0,0,0,0.151728,0,0.000656425,6.13484E-05,0
33,232,1,9.710101214,614.225,0.5002,0,0,0,0,0.000886,0,0,0,0,0,0,0.000656425,6.13484E-05,0
33,232,1,9.710101214,614.225,0.39529,0,0,0,0,0,0,0,0,0,0.151728,0,0.000656425,6.13484E-05,0
33,232,1,9.710101214,614.225,0.00524,0,0,0.031407,0,0,0,0,0,0,0,0,0.000656425,6.13484E-05,0
33,232,1,9.710101214,614.225,0.003416,0,0,0,0,0,0,0,0,0,0.36174,0,0.000656425,6.13484E-05,0
33,232,1,9.710101214,614.225,0,0,0,0,0.4786,0,0,0,0,0,0,0,0.000656425,6.13484E-05,0
33,232,1,9.710101214,614.225,0.005239,0,0,1.3632,0,0.79321,0.13028,0,0,0,0.151728,0,0.000656425,6.13484E-05,0
33,232,1,9.710101214,614.225,0.15083,0,0,0,0.007221,0.7872,0,0.88978,0,0,0,0,0.000656425,6.13484E-05,0
33,232,1,9.710101214,614.225,0.98357,0,0,0,0.008333,0,0,0,0,0,0.151728,0,0.000656425,6.13484E-05,0
33,232,1,9.710101214,614.225,0,0,0,0.33242,0,0,0,0,0,0,0,0,0.000656425,6.13484E-05,0
33,232,1,9.710101214,614.225,0.00524,0,0,0.31537,0,0,0,0,0,0,0.151728,0,0.000656425,6.13484E-05,0
33,232,1,9.710101214,614.225,0,0,0,3.325,0,0,0,0,0,0,0,0,0.000656425,6.13484E-05,0
33,232,1,9.710101214,614.225,1.8379,0,0,0,0.1136,0,0,0,0,0,0.70764,0,0.000656425,6.13484E-05,0
33,232,1,9.710101214,614.225,0.5002,0,0,0.00524,0,0,0,0,0,0,0.44541,0,0.000656425,6.13484E-05,0
33,232,1,9.710101214,614.225,0.0094528,0,0,0,0,0,0,0,0,0,7.8042,0,0.000656425,6.13484E-05,0
33,232,1,9.710101214,614.225,0.008333,0,0,0,0,0,0.059897,0,0,0,0.151728,0,0.000656425,6.13484E-05,0
33,232,1,9.710101214,614.225,0.14297,0,0,0,1.0171,0,0,0,0,0,0.269961,0,0.000656425,6.13484E-05,0
33,232,1,9.710101214,614.225,0,0,0,0,0,0,0,0,0,0,0,0,0.000656425,6.13484E-05,0
33,232,1,9.710101214,614.225,0,0,0,0,0.00524,0,0,0,0,0,4.5198,0,0.000656425,6.13484E-05,0
33,232,1,9.710101214,614.225,0.003346,0,0,0.3794,0,0,0,0,0,0,1.96911,0,0.000656425,6.13484E-05,0
33,232,1,9.710101214,614.225,0,0,0,0,0.002156,0,0,0,0,0,8.7318,0,0.000656425,6.13484E-05,0
33,232,1,9.710101214,614.225,8.6108,0,0,0,0.00524,0,0.67053,0,0,0,0.151728,0,0.000656425,6.13484E-05,0
33,232,1,9.710101214,614.225,0,0,0,0,0,0.000209,0.40452,0,0,0,0.75903,0,0.000656425,6.13484E-05,0
33,232,1,9.710101214,614.225,0,0,0,0.10557,0,0,0,0,0,0,0.45174,0,0.000656425,6.13484E-05,0
33,232,1,9.710101214,614.225,0.008333,0,0,0.00524,0,0,0,0,0,0,0,0,0.000656425,6.13484E-05,0
33,232,1,9.710101214,614.225,0,0,0,0,0,0,0,0,0,0,0.151728,0,0.000656425,6.13484E-05,0
33,232,1,9.710101214,614.225,0,0,0,0.000124,0,0,0,0,0,0,0.151728,0,0.000656425,6.13484E-05,0
33,232,1,9.710101214,614.225,0,0,0.57901,0.01048,0,0,0,0,0,0,0.151728,0,0.000656425,6.13484E-05,0
33,232,1,9.710101214,614.225,0.008333,0,0,0.008333,0,0,0,0,0,0,0.28509,0,0.000656425,6.13484E-05,0
33,232,1,9.710101214,614.225,0,0,0,0.12252,0.023106,0,0,0,0,0,0.151728,0,0.000656425,6.13484E-05,0
33,232,1,9.710101214,614.225,0,0,0,0.010165,2.8091,0,0,0,0,0,0,0,0.000656425,6.13484E-05,0
33,232,1,9.710101214,614.225,0,0,0,0.055562,0.008333,1.5701,0,0,0,0,0.151728,0,0.000656425,6.13484E-05,0
33,232,1,9.710101214,614.225,0,0,0,0,0,0,0,0,0,0,0.151728,0,0.000656425,6.13484E-05,0
33,232,1,9.710101214,614.225,3.2038,0,0,0.030964,0.008333,0,0,0,0,0,0,0,0.000656425,6.13484E-05,0
33,232,1,9.710101214,614.225,0.00524,0,0,0,0,0,0.10863,0,0,0,0.276924,0,0.000656425,6.13484E-05,0
33,232,1,9.710101214,614.225,3.7455,0,0,0.005239,0.00524,0,0,0,0,0,0.151728,0,0.000656425,6.13484E-05,0
33,232,1,9.710101214,614.225,2.7267,0,0,0,0.33405,0,0,0,0,0,0,0,0.000656425,6.13484E-05,0
33,232,1,9.710101214,614.225,0,0,0,0,0,0,0,0,0,0,0.78174,0,0.000656425,6.13484E-05,0
33,232,1,9.710101214,614.225,0,0,0,0.01391,0,0.0000095,0,0,0,0,0,0,0.000656425,6.13484E-05,0
33,232,1,9.710101214,614.225,0.27365,0,0,0.03272,0.00524,0.77904,0,0,0,0,0,0,0.000656425,6.13484E-05,0
33,232,1,9.710101214,614.225,0,0,0,0.15275,0.005239,0,0.42744,0,0,0,1.08174,0,0.000656425,6.13484E-05,0
33,232,1,9.710101214,614.225,0.008004,0,0,2.853,0,0,0,0,0,0,0.286419,0,0.000656425,6.13484E-05,0
33,232,1,9.710101214,614.225,0.00524,0,0,0,0,0.78972,0,0,0,0,2.93637,0,0.000656425,6.13484E-05,0
33,232,1,9.710101214,614.225,0.042738,0,0,0,0,0,0,0,0,0,0,0,0.000656425,6.13484E-05,0
33,232,1,9.710101214,614.225,0.87352,0,0,0,0,0,0,0,0,0,0,0,0.000656425,6.13484E-05,0
33,232,1,9.710101214,614.225,0.00753,0,0,0,0,0.77921,0,0.79359,0,0,4.1406,0,0.000656425,6.13484E-05,0
33,232,1,9.710101214,614.225,1.2548,0,0,0,0.13592,0,0,0,0,0,0,0,0.000656425,6.13484E-05,0
33,232,1,9.710101214,614.225,0.0059107,0,3.4544,0.00524,0,0.79321,0,0,0,0,0.151728,0,0.000656425,6.13484E-05,0
33,232,1,9.710101214,614.225,0.007328,0,0,0.051994,0,0,0,0,0,0,2.39772,0,0.000656425,6.13484E-05,0
33,232,1,9.710101214,614.225,0,0,0.12387,0.001434,0,0,0,0,0,0,6.5418,0,0.000656425,6.13484E-05,0
33,232,1,9.710101214,614.225,6.8591,0,0,0,0.008333,0,0,0,0,0,0,0,0.000656425,6.13484E-05,0
33,232,1,9.710101214,614.225,0.011679,0,0,0,0,0,0,0,0,0,0.151728,0,0.000656425,6.13484E-05,0
33,232,1,9.710101214,614.225,0.080184,0,0,0,0,0,0,0,0,0,1.74174,0,0.000656425,6.13484E-05,0
33,232,1,9.710101214,614.225,0.18449,0,0,0,0.0078558,0,0,0,0,0,0,0,0.000656425,6.13484E-05,0
33,232,1,9.710101214,614.225,2.2987,0,0,6.1619,0,0,0,0,0,0,0,0,0.000656425,6.13484E-05,0
33,232,1,9.710101214,614.225,5.5802,0,0,0.010471,0.008333,0,0,0,0,0,0,0,0.000656425,6.13484E-05,0
33,232,1,9.710101214,614.225,0.37708,0,0,0,0,0,0,0,0,0,7.2111,0,0.000656425,6.13484E-05,0
33,232,1,9.710101214,614.225,0.008333,0,0,0,0,0,0,0,0,0,0.151728,0,0.000656425,6.13484E-05,0
33,232,1,9.710101214,614.225,8.933,0,0,0.000078,0,0,0,0,0,0,0,0,0.000656425,6.13484E-05,0
33,232,1,9.710101214,614.225,1.3203,0,0,0,0.00524,1.5527,0,0,0,0,0,0,0.000656425,6.13484E-05,0
33,232,1,9.710101214,614.225,0.016858,0,0,0.008333,0,0,0,0,0,0,0,0,0.000656425,6.13484E-05,0
33,232,1,9.710101214,614.225,0,0,0,0.00387,0.00062,0,0,0,0,0,0.280587,0,0.000656425,6.13484E-05,0
33,232,1,9.710101214,614.225,0,0,0,0.3488,0,0,0,0,0.00524,0,0,0,0.000656425,6.13484E-05,0
33,232,1,9.710101214,614.225,0,0,0,0.008333,0,0,0,0,0,0,0.151728,0,0.000656425,6.13484E-05,0
33,232,1,9.710101214,614.225,3.0116,0,0,0,0,0,0,0,0,0,0.151728,0,0.000656425,6.13484E-05,0
33,232,1,9.710101214,614.225,1.1394,0,0,0,0,0,0,0,0,0,6.561,0,0.000656425,6.13484E-05,0
33,232,1,9.710101214,614.225,0.00524,0,0,0,0,0,0,0,0,0,1.33368,0,0.000656425,6.13484E-05,0
33,232,1,9.710101214,614.225,0,0,0,0.0043235,1.6602,0.004625,0,0,0,0,0,0,0.000656425,6.13484E-05,0
33,232,1,9.710101214,614.225,0.00014,0,0,0.36044,0,0,0,0,0,0,8.9418,0,0.000656425,6.13484E-05,0
33,232,1,9.710101214,614.225,0.000376,0,0.9608,0,2.7215,0,0,0,0,0,0,0,0.000656425,6.13484E-05,0
33,232,1,9.710101214,614.225,0.0088108,0,0,0,0.001669,0,0,0,0,0,2.23266,0,0.000656425,6.13484E-05,0
33,232,1,9.710101214,614.225,0.50457,0,0,0,4.2216,0,0,0,0,0,0,0,0.000656425,6.13484E-05,0
33,232,1,9.710101214,614.225,0,0,0,0,0,0,0.13028,0,0,0,0.151728,0,0.000656425,6.13484E-05,0
33,232,1,9.710101214,614.225,0,0,0,0,0,0,0,0,0,0,0,0,0.000656425,6.13484E-05,0
33,232,1,9.710101214,614.225,0.011479,0,0,0,0.15682,0,0,0,0,0,0.151728,0,0.000656425,6.13484E-05,0
33,232,1,9.710101214,614.225,0,0,0.000172,0,0.046032,0,0.42744,0,0,0,1.47333,0,0.000656425,6.13484E-05,0
33,232,1,9.710101214,614.225,0.062194,0,0,0.36044,0.030964,0.78972,0,0,0,0,0,0,0.000656425,6.13484E-05,0
33,232,1,9.710101214,614.225,0,0,0,0,0,0,0,0,0,0,0.151728,0,0.000656425,6.13484E-05,0
33,232,1,9.710101214,614.225,0,0,0,0.17235,0,0.79321,0,0,0,0,0,0,0.000656425,6.13484E-05,0
33,232,1,9.710101214,614.225,0,0,0,0,0,0,0,0,0,0,0.151728,0,0.000656425,6.13484E-05,0
33,232,1,9.710101214,614.225,0,0,0,0,0.00062,0,0.002308,0,0,0,0.151728,0,0.000656425,6.13484E-05,0
33,232,1,9.710101214,614.225,0,0,0,0,0,0.79321,0.13028,0,0,0,0,0,0.000656425,6.13484E-05,0
33,232,1,9.710101214,614.225,6.5562,0,0,0.27226,0.14346,0,0,0,0,0,0,0,0.000656425,6.13484E-05,0
33,232,1,9.710101214,614.225,0.075337,0,0,0.0029965,0,0,0,0,0,0,0,0,0.000656425,6.13484E-05,0
33,232,1,9.710101214,614.225,0,0,0,0,0,0,0.13028,0,0,0,0.151728,0,0.000656425,6.13484E-05,0
33,232,1,9.710101214,614.225,0.0088426,0,0,0,5.4878,0,0,0,0,0,0,0,0.000656425,6.13484E-05,0
33,232,1,9.710101214,614.225,1.7403,0,0,0,0.008333,0,0,0,0,0,6.1116,0,0.000656425,6.13484E-05,0
33,232,1,9.710101214,614.225,0.0067817,0,0,0.008321,0,0.000668,0.60778,0,0,0,6.108,0,0.000656425,6.13484E-05,0
33,232,1,9.710101214,614.225,0,0,0,0,0,0.008333,0,0,0,0,0.279942,0,0.000656425,6.13484E-05,0
33,232,1,9.710101214,614.225,0.001309,0,0,0,0,0,0,0,0,0,0.241728,0,0.000656425,6.13484E-05,0
33,232,1,9.710101214,614.225,3.8421,0,0,0,0.01787,0,0,0,0,0,0,0,0.000656425,6.13484E-05,0
33,232,1,9.710101214,614.225,0.008333,0,0,0,3.2048,0,0,0,0,0,0.151728,0,0.000656425,6.13484E-05,0
33,232,1,9.710101214,614.225,0,0,0,0,0.069058,0,0,0,0,0,0,0,0.000656425,6.13484E-05,0
33,232,1,9.710101214,614.225,0.005239,0,0,0,0,0,0,0,0,0,0,0,0.000656425,6.13484E-05,0
33,232,1,9.710101214,614.225,1.6091,0,0,2.3519,0,0,0,0,0,0,1.02366,0,0.000656425,6.13484E-05,0
33,232,1,9.710101214,614.225,0,0,0,0.011201,0.014078,0,0,0,0,0,0.151728,0,0.000656425,6.13484E-05,0
33,232,1,9.710101214,614.225,0.008333,0,0,0,0,0,0,0,0,0,0.92517,0,0.000656425,6.13484E-05,0
33,232,1,9.710101214,614.225,1.2774,0,0,0,0,0,0,0,0,0,0,0,0.000656425,6.13484E-05,0
33,232,1,9.710101214,614.225,0.20881,0,0,0,0.68315,0,0,0,0,0,2.34429,0,0.000656425,6.13484E-05,0
33,232,1,9.710101214,614.225,0.020885,0,0,4.5651,0.001326,0,0,0,0,0,1.35936,0,0.000656425,6.13484E-05,0
33,232,1,9.710101214,614.225,0,0,0,0,0.021907,0,0,0,0,0,1.42239,0,0.000656425,6.13484E-05,0
33,232,1,9.710101214,614.225,0.026038,0,0,0,0,0,0,0,0,0,0.151728,0,0.000656425,6.13484E-05,0
33,232,1,9.710101214,614.225,0.00644,0,0,0,0.008333,0,0,0,0,0,4.9119,0,0.000656425,6.13484E-05,0
33,232,1,9.710101214,614.225,0,0,0,0.000124,0.035884,0,0,0,0,0,0,0,0.000656425,6.13484E-05,0
33,232,1,9.710101214,614.225,0,0,0,0,0.16189,0,0,0,0,0,3.6423,0,0.000656425,6.13484E-05,0
33,232,1,9.710101214,614.225,0.00524,0,0,0,0.049462,0.0899,0,0,0,0,0,0,0.000656425,6.13484E-05,0
33,232,1,9.710101214,614.225,0,0,0,0,0,0,0,0,0,0,0,0,0.000656425,6.13484E-05,0
33,232,1,9.710101214,614.225,0,0,0,0,0,0,0.74966,0,0,0,0.275769,0,0.000656425,6.13484E-05,0
33,232,1,9.710101214,614.225,0.00644,0,0,0.008336,1.6602,0,0,0,0,0,0.151728,0,0.000656425,6.13484E-05,0
33,232,1,9.710101214,614.225,0.0152,0,0,0,0.002156,0,0,0,0,0,0.278526,0,0.000656425,6.13484E-05,0
33,232,1,9.710101214,614.225,0,0,0,0,0,0,0,0.98594,0,0,0.27432,0,0.000656425,6.13484E-05,0
33,232,1,9.710101214,614.225,0,0,0,0.008333,0,0,0,0,0,0,0.151728,0,0.000656425,6.13484E-05,0
33,232,1,9.710101214,614.225,0.008333,0,0,0.0093259,0.25607,0,0.13028,0,0,0,0,0,0.000656425,6.13484E-05,0
33,232,1,9.710101214,614.225,0,0,0,0,0.035884,0,0,0,0,0,0.151728,0,0.000656425,6.13484E-05,0
33,232,1,9.710101214,614.225,5.865,0,0,0,0,0,0,0,0,0,0.151728,0,0.000656425,6.13484E-05,0
33,232,1,9.710101214,614.225,0,0,0,0.0306,0.84234,0,0,0,0,0,0,0,0.000656425,6.13484E-05,0
33,232,1,9.710101214,614.225,0,0,0,0,0,3.1357,0,0,0,0,2.6481,0,0.000656425,6.13484E-05,0
33,232,1,9.710101214,614.225,0,0,0,0,0,0,0,0,0,0,2.66157,0,0.000656425,6.13484E-05,0
33,232,1,9.710101214,614.225,0.00524,0,0,0,0,0.006508,0,0,0,0,1.17966,0,0.000656425,6.13484E-05,0
33,232,1,9.710101214,614.225,0.87352,0,0,0,7.8711,0,0,0,0,0,0,0,0.000656425,6.13484E-05,0
33,232,1,9.710101214,614.225,0,0,0,0,0,0,0,0,0,0,0.151728,0,0.000656425,6.13484E-05,0
33,232,1,9.710101214,614.225,0.020885,0,0,0.14108,0,0,0,0,0,0,0,0,0.000656425,6.13484E-05,0
33,232,1,9.710101214,614.225,0,0,0,0.001326,0.062887,0,0,0,0,0,6.5418,0,0.000656425,6.13484E-05,0
33,232,1,9.710101214,614.225,0.014773,0,0,0,0,0,2.5309,0,0,0,0,0,0.000656425,6.13484E-05,0
33,232,1,9.710101214,614.225,0.007697,0,0,0,1.1453,0,0,0,0,0,0,0,0.000656425,6.13484E-05,0
33,232,1,9.710101214,614.225,3.0031,0,0,0.006456,3.0408,0.77904,0,0,0,0,1.52439,0,0.000656425,6.13484E-05,0
33,232,1,9.710101214,614.225,0,0,0,0,0,0,0,0,0,0,0.151728,0,0.000656425,6.13484E-05,0
33,232,1,9.710101214,614.225,0.5002,0,0.15998,0.00247,0,0,0,0,0,0,0.151728,0,0.000656425,6.13484E-05,0
33,232,1,9.710101214,614.225,3.0031,0,0,0,0.32888,0,0,0,0,0,0,0,0.000656425,6.13484E-05,0
33,232,1,9.710101214,614.225,3.5699,0,0,0,2.3758,0,0,0,0,0,0,0,0.000656425,6.13484E-05,0
33,232,1,9.710101214,614.225,0,0,0,0,0,0,0,0,0,0,0.204657,0,0.000656425,6.13484E-05,0
33,232,1,9.710101214,614.225,0.063798,0,0,0,0.13092,0.79321,0,0,0,0,0,0,0.000656425,6.13484E-05,0
33,232,1,9.710101214,614.225,0.078253,0,0,0,0.014119,0,0,0,0,0,0.151728,0,0.000656425,6.13484E-05,0
33,232,1,9.710101214,614.225,0,0,0,0,0.005769,0,0,0,0,0,0,0,0.000656425,6.13484E-05,0
33,232,1,9.710101214,614.225,0,0,0,0,1.8144,0,0,0,0,0,0.151728,0,0.000656425,6.13484E-05,0
33,232,1,9.710101214,614.225,0.013575,0,0,0,3.5933,0,0,0,0,0,0.151728,0,0.000656425,6.13484E-05,0
33,232,1,9.710101214,614.225,0,0,0,7.0709,0.14105,0,0,0,0,0,0.151728,0,0.000656425,6.13484E-05,0
33,232,1,9.710101214,614.225,0,0,0,0.00524,0.030662,0.29716,0,0,0,0,0.151728,0,0.000656425,6.13484E-05,0
33,232,1,9.710101214,614.225,0,0,0,0,0.016012,0,0,0,0,0,0.151728,0,0.000656425,6.13484E-05,0
33,232,1,9.710101214,614.225,0,0,0,0,0,0,0,0,0,0,0,0,0.000656425,6.13484E-05,0
33,232,1,9.710101214,614.225,0,0,0,0,0.50221,0,0,0,0,0,0,0,0.000656425,6.13484E-05,0
33,232,1,9.710101214,614.225,0.00021,0,0,0,0,0,0,0,0,0,1.98174,0,0.000656425,6.13484E-05,0
33,232,1,9.710101214,614.225,0.043506,0,0,0.001326,0.73113,0,0.13028,0,0,0,5.0718,0,0.000656425,6.13484E-05,0
33,232,1,9.710101214,614.225,0.72108,0,0,0,0.001326,0,0,0,0,0,0.151728,0,0.000656425,6.13484E-05,0
33,232,1,9.710101214,614.225,0,0,0,0,0.008321,0,0,0,0,0,9.1953,0,0.000656425,6.13484E-05,0
33,232,1,9.710101214,614.225,0,0,0,0,0.008333,0,0,0,0,0,0.151728,0,0.000656425,6.13484E-05,0
33,232,1,9.710101214,614.225,0.00524,0,0,0,0,0,0,0,0,0,9.0018,0,0.000656425,6.13484E-05,0
33,232,1,9.710101214,614.225,0.008333,0,0,0,0,0,0,0,0,0,0.151728,0,0.000656425,6.13484E-05,0
33,232,1,9.710101214,614.225,0.17094,0,0,0,0.005769,0,0,0,0,0,0,0,0.000656425,6.13484E-05,0
33,232,1,9.710101214,614.225,0.075337,0,0,0,0,0,0,0,0,0,1.1697,0,0.000656425,6.13484E-05,0
33,232,1,9.710101214,614.225,0.008585,0,0,0,0,0,0,0,0,0,0.151728,0,0.000656425,6.13484E-05,0
33,232,1,9.710101214,614.225,0,0,0,0.077265,0.31016,0,0,0,0,0,0,0,0.000656425,6.13484E-05,0
33,232,1,9.710101214,614.225,0,0,0,0,0,0,0,0,0,0,0,0,0.000656425,6.13484E-05,0
33,232,1,9.710101214,614.225,0,0,0,0,0.000124,0,0,0,0,0,0.151728,0,0.000656425,6.13484E-05,0
33,232,1,9.710101214,614.225,0,0,0,0.40202,1.2208,0,0,0,0,0,7.0536,0,0.000656425,6.13484E-05,0
33,232,1,9.710101214,614.225,0.019714,0,0,0.008333,0,0,0,0,0,0,0.68376,0,0.000656425,6.13484E-05,0
33,232,1,9.710101214,614.225,0,0,0,0,0,0,0,0,0,0,6.5418,0,0.000656425,6.13484E-05,0
33,232,1,9.710101214,614.225,0,0,0,6.9518,0,0,0,0,0,0,0,0,0.000656425,6.13484E-05,0
33,232,1,9.710101214,614.225,0,0,0,0,0,0,0,0,0,0,0.273018,0,0.000656425,6.13484E-05,0
33,232,1,9.710101214,614.225,0,0,0,0,0.001434,0,0,0,0,0,0,0,0.000656425,6.13484E-05,0
33,232,1,9.710101214,614.225,0.067102,0,2.737,0,0.010107,0,0,0,0,0,2.34429,0,0.000656425,6.13484E-05,0
33,232,1,9.710101214,614.225,0.013575,0,0,8.2296,0,0,0.13028,0,0,0,0.151728,0,0.000656425,6.13484E-05,0
33,232,1,9.710101214,614.225,0,0,0,1.7556,0,0,0.67053,0,0,0,0,0,0.000656425,6.13484E-05,0
33,232,1,9.710101214,614.225,4.5748,0,0,0.12252,0,0,2.7921,0,0,0,0.151728,0,0.000656425,6.13484E-05,0
33,232,1,9.710101214,614.225,0.00833,0,0,0,0,0,0,0,0,0,0,0,0.000656425,6.13484E-05,0
33,232,1,9.710101214,614.225,0.00524,0,0,0,0,0,0,0,0,0,0.151728,0,0.000656425,6.13484E-05,0
33,232,1,9.710101214,614.225,0.018381,0,0,0,0,8.6074,0,0,0,0,0.151728,0,0.000656425,6.13484E-05,0
33,232,1,9.710101214,614.225,0.008333,0,0.00014,0,0,0.78144,0,0,0,0,0.151728,0,0.000656425,6.13484E-05,0
33,232,1,9.710101214,614.225,0.008004,0,0,0.003416,0.024251,0,0,0,0,0,3.3018,0,0.000656425,6.13484E-05,0
33,232,1,9.710101214,614.225,0,0,0,0,0,0.77921,0,0,0,0,0,0,0.000656425,6.13484E-05,0
33,232,1,9.710101214,614.225,0.01048,0,0,0,0.65463,0,0,0,0,0,4.521,0,0.000656425,6.13484E-05,0
33,232,1,9.710101214,614.225,1.7403,0,0,0,0,0,0,0,0,0,0.84174,0,0.000656425,6.13484E-05,0
33,232,1,9.710101214,614.225,0,0,0,0,0.0082165,0.77927,8.0913,0,0,0,0.67983,0,0.000656425,6.13484E-05,0
33,232,1,9.710101214,614.225,0.016699,0,0,0,1.3024,2.5002,0,0,0,0,0,0,0.000656425,6.13484E-05,0
33,232,1,9.710101214,614.225,2.5147,0,0,0.0097027,1.4315,0,0.13028,0,0,0,0,0,0.000656425,6.13484E-05,0
33,232,1,9.710101214,614.225,0,0,0,0,0,0,0,0,0,0,0,0,0.000656425,6.13484E-05,0
33,232,1,9.710101214,614.225,0,0,0,0.12252,0.18655,0,0,0,0,0,0.151728,0,0.000656425,6.13484E-05,0
33,232,1,9.710101214,614.225,0.08029,0,0,0,0.046926,0,3.4784,0,0,0,0,0,0.000656425,6.13484E-05,0
33,232,1,9.710101214,614.225,0.008333,0,0,0,0.0073964,0,0,0,0,0,0,0,0.000656425,6.13484E-05,0
33,232,1,9.710101214,614.225,0.0062156,0,0,0,0.000688,0,0,0,0,0,2.6481,0,0.000656425,6.13484E-05,0
33,232,1,9.710101214,614.225,0,0,0,0,0.00524,0,0,0,0,0,0,0,0.000656425,6.13484E-05,0
33,232,1,9.710101214,614.225,0.003539,0,0,0,4.2216,0,0,0,0,0,1.08174,0,0.000656425,6.13484E-05,0
33,232,1,9.710101214,614.225,0,0,0,0.00833,0,0,0,0,0,0,0.273357,0,0.000656425,6.13484E-05,0
33,232,1,9.710101214,614.225,0,0,0,0,0,0,0,0,0,0,0,0,0.000656425,6.13484E-05,0
33,232,1,9.710101214,614.225,0,0,0,0,0.1667,0,0,0,0,0,2.34429,0,0.000656425,6.13484E-05,0
33,232,1,9.710101214,614.225,2.2987,0,0,0,0.003346,0,0,0,0,0,0.151728,0,0.000656425,6.13484E-05,0
33,232,1,9.710101214,614.225,0,0,0,0.008333,0,0.781,0,0,0,0,0.6021,0,0.000656425,6.13484E-05,0
33,232,1,9.710101214,614.225,0.002031,0,0,0,4.4409,0,0,0,0,0,1.47252,0,0.000656425,6.13484E-05,0
33,232,1,9.710101214,614.225,0,0,0,0,0,0.97535,0.67845,0,0,0,2.66157,0,0.000656425,6.13484E-05,0
33,232,1,9.710101214,614.225,0,0,1.1754,0,0.00036,0,0,0,0,0,0,0,0.000656425,6.13484E-05,0
33,232,1,9.710101214,614.225,0.1613,0,0,0,0.0056,0,0,0,0,0,0.151728,0,0.000656425,6.13484E-05,0
33,232,1,9.710101214,614.225,0.021605,0,0,0,0,0,0.021726,0,0,0,0.151728,0,0.000656425,6.13484E-05,0
33,232,1,9.710101214,614.225,0.000688,0,0,0.13117,0,0,0,0,0,0,6.2754,0,0.000656425,6.13484E-05,0
33,232,1,9.710101214,614.225,0,0,0,0,3.2358,0,0.13028,0,0,0,0,0,0.000656425,6.13484E-05,0
33,232,1,9.710101214,614.225,0,0,0,0.00524,0.011131,0,0,0,0,0,1.47252,0,0.000656425,6.13484E-05,0
33,232,1,9.710101214,614.225,0,0,0,0.80704,0,0,0,0,0,0,0.151728,0,0.000656425,6.13484E-05,0
33,232,1,9.710101214,614.225,0.008333,0,0,0,0.72843,0,0,0,0,0,0,0,0.000656425,6.13484E-05,0
33,232,1,9.710101214,614.225,0.091719,0,0,1.3952,0,0.97535,0,0,0,0,0.75903,0,0.000656425,6.13484E-05,0
33,232,1,9.710101214,614.225,0,0,0,0.012904,0,0,0,0,0,0,5.1363,0,0.000656425,6.13484E-05,0
33,232,1,9.710101214,614.225,0.00524,0,0,0.44439,0,0,0,0,0,0,0.151728,0,0.000656425,6.13484E-05,0
33,232,1,9.710101214,614.225,0,0,0,0,0,0,0,0,0,0,0.151728,0,0.000656425,6.13484E-05,0
33,232,1,9.710101214,614.225,0.008004,0,0,0,0,0,0,0,0,0,4.1406,0,0.000656425,6.13484E-05,0
33,232,1,9.710101214,614.225,0.013573,0,0,0,0,0,0.10863,0,0,0,5.2239,0,0.000656425,6.13484E-05,0
33,232,1,9.710101214,614.225,0,0,0,0,0.007102,1.3382,0,0,0,0,7.8042,0,0.000656425,6.13484E-05,0
33,232,1,9.710101214,614.225,0,0,0,0.008335,1.0192,0,0,0,0,0,0.151728,0,0.000656425,6.13484E-05,0
33,232,1,9.710101214,614.225,0.008336,0,0,0.008335,0,0,0,0,0,0,0.151728,0,0.000656425,6.13484E-05,0
33,232,1,9.710101214,614.225,0.00524,0,0,0,0,0,0,0,0,0,0,0,0.000656425,6.13484E-05,0
33,232,1,9.710101214,614.225,0,0,0,0,0,0,0,0,0,0,7.5918,0,0.000656425,6.13484E-05,0
33,232,1,9.710101214,614.225,2.3556,0,0,0.011527,0.041022,0,0,0,0,0,3.9402,0,0.000656425,6.13484E-05,0
33,232,1,9.710101214,614.225,6.7661,0,0,0,0,0,0,0,0,0,2.28174,0,0.000656425,6.13484E-05,0
33,232,1,9.710101214,614.225,0.11399,0,0,0.013546,0.00062,0,0,0,0,0,0.273357,0,0.000656425,6.13484E-05,0
33,232,1,9.710101214,614.225,0.72108,0,0,0,0,0,0,0,0,0,2.41287,0,0.000656425,6.13484E-05,0
33,232,1,9.710101214,614.225,0.015764,0,0,0,0,0,0,0,0,0,0.151728,0,0.000656425,6.13484E-05,0
33,232,1,9.710101214,614.225,0.40788,0,0,0,0.01564,0.77921,0,0,0,0,0,0,0.000656425,6.13484E-05,0
33,232,1,9.710101214,614.225,0,0,0,0,0,0,0,0,0,0,0.151728,0,0.000656425,6.13484E-05,0
33,232,1,9.710101214,614.225,0.10527,0,0,0.011201,0.014719,0,0,0,0,0,0.280587,0,0.000656425,6.13484E-05,0
33,232,1,9.710101214,614.225,0.081094,0,0,0,0,0,0,0,0,0,0.278532,0,0.000656425,6.13484E-05,0
33,232,1,9.710101214,614.225,0.001669,0,0,0.003346,0,0,0,0,0,0,0,0,0.000656425,6.13484E-05,0
33,232,1,9.710101214,614.225,0.00824,0,0,0,2.5837,0,0,0,0,0,0.151728,0,0.000656425,6.13484E-05,0
33,232,1,9.710101214,614.225,0.015764,0,0,0.65591,0,0,0,0,0,0,0.151728,0,0.000656425,6.13484E-05,0
33,232,1,9.710101214,614.225,0.061886,0,0,0,0,0,0,0.10056,0,0,0.151728,0,0.000656425,6.13484E-05,0
33,232,1,9.710101214,614.225,0.29003,0,0.005239,0.44439,0,0.78099,0,0,0,0,0.151728,0,0.000656425,6.13484E-05,0
33,232,1,9.710101214,614.225,8.1913,0,0,0,0.008333,0,0,0,0,0,0,0,0.000656425,6.13484E-05,0
33,232,1,9.710101214,614.225,0,0,0,0,0.005239,0,0,0,0,0,1.08339,0,0.000656425,6.13484E-05,0
33,232,1,9.710101214,614.225,0,0,0,0,0.002868,0,0,0,0,0,0,0,0.000656425,6.13484E-05,0
33,232,1,9.710101214,614.225,0,0,0,0,0,0,0.13028,0,0,0,0.151728,0,0.000656425,6.13484E-05,0
33,232,1,9.710101214,614.225,0.008585,0,0,0,0,0,0,0,0,0,0,0,0.000656425,6.13484E-05,0
33,232,1,9.710101214,614.225,0.000376,0,0,0,0.00524,0,0,0,0,0,0,0,0.000656425,6.13484E-05,0
33,232,1,9.710101214,614.225,0.008333,0,0,0,0.046032,0,0,0,0,0,1.73121,0,0.000656425,6.13484E-05,0
33,232,1,9.710101214,614.225,0.0094528,0,0,1.2021,0,0.13286,0,0,0,0,0.151728,0,0.000656425,6.13484E-05,0
33,232,1,9.710101214,614.225,0,0,0,0,0.028193,1.5701,0,0,0,0,0,0,0.000656425,6.13484E-05,0
33,232,1,9.710101214,614.225,0.01367,0,0,2.3519,0,0,0,0,0,0,0.2871,0,0.000656425,6.13484E-05,0
33,232,1,9.710101214,614.225,0.0094073,0,0,0,0,0,0,0,0,0,0.279615,0,0.000656425,6.13484E-05,0
33,232,1,9.710101214,614.225,0,0,0,0,0,0.060187,0,0,0,0,0.151728,0,0.000656425,6.13484E-05,0
33,232,1,9.710101214,614.225,0,0,0,0.00524,0,0,0,0,0,0,0,0,0.000656425,6.13484E-05,0
33,232,1,9.710101214,614.225,0,0,0,0,0.44929,0,0,0,0,0,0.90174,0,0.000656425,6.13484E-05,0
33,232,1,9.710101214,614.225,0,0,0,2.5432,0,0,0,0,0,0,4.4313,0,0.000656425,6.13484E-05,0
33,232,1,9.710101214,614.225,0.005239,0,0,0,0,0,0,0,0,0,0,0,0.000656425,6.13484E-05,0
33,232,1,9.710101214,614.225,0.008333,0,0.001493,0,0,0,0,0,0,0,0.151728,0,0.000656425,6.13484E-05,0
33,232,1,9.710101214,614.225,0,0,0,0.46711,0,0.77921,0,0,0,0,2.60853,0,0.000656425,6.13484E-05,0
33,232,1,9.710101214,614.225,0.002784,0,0,0,3.0408,0,0,0,0,0,0.151728,0,0.000656425,6.13484E-05,0
33,232,1,9.710101214,614.225,1.2325,0,0,0,0,0,0,0,0,0,0.151728,0,0.000656425,6.13484E-05,0
33,232,1,9.710101214,614.225,0.29343,0,0,6.7865,0.13592,0,0,0,0,0,0,0,0.000656425,6.13484E-05,0
33,232,1,9.710101214,614.225,0.13074,0,0,0.001493,0.008333,0,0,0,0,0,1.03647,0,0.000656425,6.13484E-05,0
33,232,1,9.710101214,614.225,0,0,0,0.008333,0,0,0,0,0,0,0.151728,0,0.000656425,6.13484E-05,0
33,232,1,9.710101214,614.225,0.012568,0,0,0,0,0,0,0,0,0,0,0,0.000656425,6.13484E-05,0
33,232,1,9.710101214,614.225,0,0,0,0,0.027174,0.30776,0,0,0,0,1.1697,0,0.000656425,6.13484E-05,0
33,232,1,9.710101214,614.225,0.44516,0,0,7.7379,0.00062,0,0,0,0,0,0.93561,0,0.000656425,6.13484E-05,0
33,232,1,9.710101214,614.225,0,0,0,0.0088426,0,0,0,0,0,0,0.151728,0,0.000656425,6.13484E-05,0
33,232,1,9.710101214,614.225,0.40788,0,0,0,1.7912,0,0,0,0,0,0,0,0.000656425,6.13484E-05,0
33,232,1,9.710101214,614.225,0.0031025,0,0,3.325,0.008333,0,0,0,0,0,0.151728,0,0.000656425,6.13484E-05,0
33,232,1,9.710101214,614.225,3.9799,0,0,0.34605,0,0,0,0,0,0,0.151728,0,0.000656425,6.13484E-05,0
33,232,1,9.710101214,614.225,0.011203,0,0,0,0.008321,0,0,0,0,0,0.151728,0,0.000656425,6.13484E-05,0
34,233,1,47.39297696,2997.904,0,0,0,0,0.008335,0,0,0,0,0,34.746,8.563989377,0.003206425,0.000299667,0
34,233,1,47.39297696,2997.904,0.032101,0,0,0,0.0078558,0,0,0,0,0,2.28174,19.16080795,0.003206425,0.000299667,0
34,233,1,47.39297696,2997.904,0.006702,0,0,0,0,0,0.002308,0,0,0,0,0.308645201,0.003206425,0.000299667,0
34,233,1,47.39297696,2997.904,0.062194,0,0,0.008335,0,0,0,0,0,0,0.70764,2.282103912,0.003206425,0.000299667,0
34,233,1,47.39297696,2997.904,0,0,0,0.99417,2.1125,0,0,0,0,0,0.65616,3.370698383,0.003206425,0.000299667,0
34,233,1,47.39297696,2997.904,0.000376,0,0,0,0,0,0,0,0,0,0.181728,3.933904712,0.003206425,0.000299667,0
34,233,1,47.39297696,2997.904,1.4385,0,0,0,0,0,0,0,0,0,0,0.51278208,0.003206425,0.000299667,0
34,233,1,47.39297696,2997.904,0.008333,0,0,0,0,0,0,0,0,0,3.8946,3.370698383,0.003206425,0.000299667,0
34,233,1,47.39297696,2997.904,0,0,0,0.0027505,0,0,0,0,0,0,0,0.090682319,0.003206425,0.000299667,0
34,233,1,47.39297696,2997.904,0,0,0,0,0,0,0.40452,0,0,0,7.2111,19.16080795,0.003206425,0.000299667,0
34,233,1,47.39297696,2997.904,0,0,0,0.000124,0,0,0.13028,0,0,0,0,4.862686845,0.003206425,0.000299667,0
34,233,1,47.39297696,2997.904,0,0,0,0,0,0,0,1.6191,0,0,0.151728,0.533114438,0.003206425,0.000299667,0
34,233,1,47.39297696,2997.904,0,0,0,0,0.17103,0,0,0,0,0,0,1.788434249,0.003206425,0.000299667,0
34,233,1,47.39297696,2997.904,3.2852,0,0,0,0,0,1.8682,0,0,0,0.72228,7.61406159,0.003206425,0.000299667,0
34,233,1,47.39297696,2997.904,0,0,0,0,0.012187,0,0,0,0,0,0,3.37110503,0.003206425,0.000299667,0
34,233,1,47.39297696,2997.904,0.020418,0,0,0.010558,4.8466,0,0,0,0,0,0,1.611949377,0.003206425,0.000299667,0
34,233,1,47.39297696,2997.904,3.2038,0,0,0,0.007697,0,0,0,0,0,0,3.37110503,0.003206425,0.000299667,0
34,233,1,47.39297696,2997.904,0.014662,0,0,0.081032,2.529,0,0,0,0,0,0.151728,3.37110503,0.003206425,0.000299667,0
34,233,1,47.39297696,2997.904,0.005239,0,0,0,3.8185,0,0.13028,0,0,0,1.97832,0.496109546,0.003206425,0.000299667,0
34,233,1,47.39297696,2997.904,0.061886,0,0,0.48282,0,0,0,0,0,0,0.151728,34.6982593,0.003206425,0.000299667,0
34,233,1,47.39297696,2997.904,7.1711,0,0,0,8.3856,0,0,0,0,0,0.151728,8.643285575,0.003206425,0.000299667,0
34,233,1,47.39297696,2997.904,0.000251,0,0,1.2021,0.008333,0.008333,0,0,0,0,0,3.539348854,0.003206425,0.000299667,0
34,233,1,47.39297696,2997.904,0,0,0,0,0,0,0,0,0,0,0.151728,3.50611189,0.003206425,0.000299667,0
34,233,1,47.39297696,2997.904,0,0,0,0.014206,0,0,0,0,0,0,0,1.926287639,0.003206425,0.000299667,0
34,233,1,47.39297696,2997.904,0.4515,0,0,0,0.008333,0,0,0,0,0,2.34936,2.550491043,0.003206425,0.000299667,0
34,233,1,47.39297696,2997.904,0,0,0,0,6.2079,0,0,0,0,0,15.7923,4.286874454,0.003206425,0.000299667,0
34,233,1,47.39297696,2997.904,0,0,0,0,0,0,0,4.2206,0,0,0.273384,0.506275725,0.003206425,0.000299667,0
34,233,1,47.39297696,2997.904,1.2548,0,0,0,0,0,0,0,0,0,2.06073,3.933904712,0.003206425,0.000299667,0
34,233,1,47.39297696,2997.904,1.1189,0,0,0.47974,6.4838,0,0,0,0,0,0,1.953939646,0.003206425,0.000299667,0
34,233,1,47.39297696,2997.904,0,0,0,3.4764,0.0001405,0,0,0,0,0,8.3718,2.473634728,0.003206425,0.000299667,0
34,233,1,47.39297696,2997.904,0.008333,0,0,0,0.67362,0,0,0,0,0,0,6.85281809,0.003206425,0.000299667,0
34,233,1,47.39297696,2997.904,0,0,0,0,0,0,0,0,0,0,0.151728,1.082901411,0.003206425,0.000299667,0
34,233,1,47.39297696,2997.904,0,0,0,0,0.031711,0,0,0,0,0,30.123,0.163878809,0.003206425,0.000299667,0
34,233,1,47.39297696,2997.904,0,0,0,0,0,0,0,0,0,0,0.151728,3.933904712,0.003206425,0.000299667,0
34,233,1,47.39297696,2997.904,0,0,0,0.0088426,0,0,0,0,0,0,0.151728,9.094257285,0.003206425,0.000299667,0
34,233,1,47.39297696,2997.904,0.00644,0,0,0.011941,3.3385,0,0,0,0,0,0.151728,10.8444667,0.003206425,0.000299667,0
34,233,1,47.39297696,2997.904,0,0,0,0.007148,0,0,0,0,0,0,0,3.37110503,0.003206425,0.000299667,0
34,233,1,47.39297696,2997.904,0.013476,0,0,15.592,0,0,20.78,0,0,0,5.6418,3.370698383,0.003206425,0.000299667,0
34,233,1,47.39297696,2997.904,3.619,0,0,0,0.003538,0,0,0,0,0,0,1.082901411,0.003206425,0.000299667,0
34,233,1,47.39297696,2997.904,0,0,0,15.984,0,0,0,0,0,0,0.151728,4.044970118,0.003206425,0.000299667,0
34,233,1,47.39297696,2997.904,0.0059107,0,0,1.8616,0.40097,0,0.13028,0,0,0,0.280587,4.791523591,0.003206425,0.000299667,0
34,233,1,47.39297696,2997.904,0,0,0.39826,0,0,0.79321,0,0,0,0,9.5499,1.611949377,0.003206425,0.000299667,0
34,233,1,47.39297696,2997.904,0.43058,0,0,0,0.0068531,0,0,0,0,0,0,3.50611189,0.003206425,0.000299667,0
34,233,1,47.39297696,2997.904,0.0021738,0,0,0,0.001192,0,0,0,0,0,0,0.496109546,0.003206425,0.000299667,0
34,233,1,47.39297696,2997.904,22.449,0,0,0,0.00644,0,0,0,0,0,0.151728,1.480602342,0.003206425,0.000299667,0
34,233,1,47.39297696,2997.904,0,0,0,0,0.008333,0,0,0,0,0,0.151728,20.03672595,0.003206425,0.000299667,0
34,233,1,47.39297696,2997.904,0.46343,0,0.007332,0.097569,0,0,0,0,0,0,0,9.094257285,0.003206425,0.000299667,0
34,233,1,47.39297696,2997.904,0.18763,0,0,6.2716,0,0.63853,0,0,0,0,0.151728,3.294248715,0.003206425,0.000299667,0
34,233,1,47.39297696,2997.904,0.00524,0,0,0.0021738,0.016895,0,0,0,0,0,0.181728,9.094257285,0.003206425,0.000299667,0
34,233,1,47.39297696,2997.904,0,0,0,0,0,0,0,0,0,0,7.0536,7.432290306,0.003206425,0.000299667,0
34,233,1,47.39297696,2997.904,0.002031,0,0,5.2482,0,0,0.13028,0,0,0,1.17966,4.791523591,0.003206425,0.000299667,0
34,233,1,47.39297696,2997.904,0,0,0,0,6.9699,0,0.021726,0,0,0,0.2871,0.163878809,0.003206425,0.000299667,0
34,233,1,47.39297696,2997.904,0.005239,0,0,0,0,0,0,0,0,0,4.6839,1.082901411,0.003206425,0.000299667,0
34,233,1,47.39297696,2997.904,0.001326,0,0,0.65046,1.6602,0,0,0,0,0,0.151728,3.50611189,0.003206425,0.000299667,0
34,233,1,47.39297696,2997.904,3.8421,0,0,0,0,0.0083335,0,0,0,0,0.151728,0.496109546,0.003206425,0.000299667,0
34,233,1,47.39297696,2997.904,0,0,0,0,0,0,0,0,0,0,2.76954,1.480602342,0.003206425,0.000299667,0
34,233,1,47.39297696,2997.904,0,0,0,0,17.64,0,0,0,0,0,0.151728,2.473634728,0.003206425,0.000299667,0
34,233,1,47.39297696,2997.904,0,0,0,0.008333,0,0,0,0,0,0,0,20.03672595,0.003206425,0.000299667,0
34,233,1,47.39297696,2997.904,1.6989,0,0,0,0.47436,0,0,0,0,0,0,5.924849251,0.003206425,0.000299667,0
34,233,1,47.39297696,2997.904,0,0,0,0.005239,13.034,0.00097,0,0,0,0,0,0.506275725,0.003206425,0.000299667,0
34,233,1,47.39297696,2997.904,0,0,0,0,0,0,0,0,0,0,19.7118,4.791523591,0.003206425,0.000299667,0
34,233,1,47.39297696,2997.904,0,0,0,0,0,0,0,0,0,0,0.181728,1.082901411,0.003206425,0.000299667,0
34,233,1,47.39297696,2997.904,0,0,0,0,0,0,0,0,0,0,0,0.308645201,0.003206425,0.000299667,0
34,233,1,47.39297696,2997.904,0.0088426,0,0,15.197,0,0,0,0,0,0,0.151728,8.153142895,0.003206425,0.000299667,0
34,233,1,47.39297696,2997.904,0.007221,0,0,0.00524,0,0,0,0,0,0,0.275769,1.480602342,0.003206425,0.000299667,0
34,233,1,47.39297696,2997.904,0,0,0,6.6789,0.00524,0,0,0,0,0,3.4818,0.677067536,0.003206425,0.000299667,0
34,233,1,47.39297696,2997.904,0,0,0,0,0,1.5527,0,0,0,0,0.181728,20.03672595,0.003206425,0.000299667,0
34,233,1,47.39297696,2997.904,0,0,0,0,0.009056,0,0,0,0.008333,0,0,14.97902997,0.003206425,0.000299667,0
34,233,1,47.39297696,2997.904,0.005239,0,0,0.00524,0.053112,0,0.13028,0,0,0,0.278526,2.742428507,0.003206425,0.000299667,0
34,233,1,47.39297696,2997.904,0.010963,0,0,0,0,0,28.735,0,0,0,0,2.473634728,0.003206425,0.000299667,0
34,233,1,47.39297696,2997.904,0.71246,0,0,0.008335,0,0,0,0,0,0,0.151728,2.282103912,0.003206425,0.000299667,0
34,233,1,47.39297696,2997.904,0.007835,0,0,0,1.5099,0,0,0,0,0,0.151728,19.16080795,0.003206425,0.000299667,0
34,233,1,47.39297696,2997.904,5.8431,0,0,0,0,0.79321,0,0,0,0,6.258,2.626534064,0.003206425,0.000299667,0
34,233,1,47.39297696,2997.904,0.17903,0,0,0,0.002741,0,0,0,0,0,2.6481,38.6168241,0.003206425,0.000299667,0
34,233,1,47.39297696,2997.904,0.005239,0,0,0.016555,1.3821,0,0,0,0,0,6.8154,2.282103912,0.003206425,0.000299667,0
34,233,1,47.39297696,2997.904,10.582,0,0,0.008333,0,0,0,0,0,0,0.151728,0.757177028,0.003206425,0.000299667,0
34,233,1,47.39297696,2997.904,0.030003,0,0,0,11.73,0,0,0,0,0,18.1353,1.437091095,0.003206425,0.000299667,0
34,233,1,47.39297696,2997.904,0,0,0,0.0076281,0.000063,0,0,0,0,0,8.5644,0.308645201,0.003206425,0.000299667,0
34,233,1,47.39297696,2997.904,0.018322,0,0,0,0,0,0,0,0,0,0.37014,0.757177028,0.003206425,0.000299667,0
34,233,1,47.39297696,2997.904,0,0,0,16.558,0,0.069446,0,0,0,0,3.6159,0.163878809,0.003206425,0.000299667,0
34,233,1,47.39297696,2997.904,0.53043,0,0,0.0027505,0,0,0,0,0,0,3.4872,1.082901411,0.003206425,0.000299667,0
34,233,1,47.39297696,2997.904,0.00524,0,0,0.00524,4.8466,0,0,0,0,0,1.05978,4.791523591,0.003206425,0.000299667,0
34,233,1,47.39297696,2997.904,0.008333,0,0,0,0.010479,0,0,0,0,0,0,3.370698383,0.003206425,0.000299667,0
34,233,1,47.39297696,2997.904,0,0,0,0.011527,0.008321,0,0,0,0,0,0,3.27635624,0.003206425,0.000299667,0
34,233,1,47.39297696,2997.904,0.003538,0,0,0,14.692,7.2949,0,0,0,0,1.03647,1.740043236,0.003206425,0.000299667,0
34,233,1,47.39297696,2997.904,0,0,0,0,0.008333,0,0.13028,0,0,0,0,0.403800639,0.003206425,0.000299667,0
34,233,1,47.39297696,2997.904,0,0,0,0,0.005239,0,0,0,0,0,0,1.753869239,0.003206425,0.000299667,0
34,233,1,47.39297696,2997.904,1.5374,0,0,0,0,0,0,0,0,0,8.5434,8.563989377,0.003206425,0.000299667,0
34,233,1,47.39297696,2997.904,0.050392,0,0,0,6.5443,0,0,0,0,0,1.98174,2.282103912,0.003206425,0.000299667,0
34,233,1,47.39297696,2997.904,0.045123,0,0,0.88687,0,0,0,0,0,0,0.151728,1.480602342,0.003206425,0.000299667,0
34,233,1,47.39297696,2997.904,0.000172,0,0,0,1.1866,0,0,0,0,0,0.151728,10.8444667,0.003206425,0.000299667,0
34,233,1,47.39297696,2997.904,0.014901,0,0,0,0,0,0,0,0,0,3.0075,8.643285575,0.003206425,0.000299667,0
34,233,1,47.39297696,2997.904,0,0,0,0,0,0.77921,0,0,0,0,1.10577,1.437091095,0.003206425,0.000299667,0
34,233,1,47.39297696,2997.904,0,0,0,0.030966,0,0,0,0,0,0,0,1.082901411,0.003206425,0.000299667,0
34,233,1,47.39297696,2997.904,0.00524,0,0,10.118,0.001192,0,0,0,0,0,4.7865,1.082901411,0.003206425,0.000299667,0
34,233,1,47.39297696,2997.904,0,0,0,0,0,0.79321,0,0,0,0,1.42239,1.611949377,0.003206425,0.000299667,0
34,233,1,47.39297696,2997.904,0,0,0,0.00524,0.18217,0,0,0,0,0,2.6931,38.6168241,0.003206425,0.000299667,0
34,233,1,47.39297696,2997.904,0.000739,0,0,0,0,0,0,0,0,0,2.06073,38.6168241,0.003206425,0.000299667,0
34,233,1,47.39297696,2997.904,0,0,0,0,0.93679,0,0,0,0,0,1.88184,0.533114438,0.003206425,0.000299667,0
34,233,1,47.39297696,2997.904,0,0,0.00524,0,0,0,0,0,0,0,0.151728,3.933904712,0.003206425,0.000299667,0
34,233,1,47.39297696,2997.904,0,0,0,0,0,0,0.059897,0,0,0,2.41287,0.51278208,0.003206425,0.000299667,0
34,233,1,47.39297696,2997.904,0,0,0,0.20517,0,0,0,0,0,0,0.151728,2.550491043,0.003206425,0.000299667,0
34,233,1,47.39297696,2997.904,0,0,0,0.23606,0,5.6833,0,0,0,0,0.151728,0.506275725,0.003206425,0.000299667,0
34,233,1,47.39297696,2997.904,0.008333,0,0,0.20517,0,0,0,0,0,0,17.1858,3.933904712,0.003206425,0.000299667,0
34,233,1,47.39297696,2997.904,0.008333,0,0,0,0,0,0,0,0,0,2.10972,3.37110503,0.003206425,0.000299667,0
34,233,1,47.39297696,2997.904,0.11748,0,0,0,0,0,0,0,0,0,1.27794,0.506275725,0.003206425,0.000299667,0
34,233,1,47.39297696,2997.904,0,0,0,4.2796,0.14346,0,0,0,0,0,0.151728,6.85281809,0.003206425,0.000299667,0
34,233,1,47.39297696,2997.904,2.2256,0,0,1.2021,0.11608,0,0,0,0,0,0.37014,4.748825638,0.003206425,0.000299667,0
34,233,1,47.39297696,2997.904,0.91229,0,0,7.1341,0,0.54465,0,0,0,0,0,1.740043236,0.003206425,0.000299667,0
34,233,1,47.39297696,2997.904,0,0,0,0,0,0,0.76779,0,0.0046175,0,0,1.600969904,0.003206425,0.000299667,0
34,233,1,47.39297696,2997.904,0.72108,0,0,6.6789,14.569,0,0,0,0,0,1.17456,8.563989377,0.003206425,0.000299667,0
34,233,1,47.39297696,2997.904,0,0,0,0.005239,0,0,0,0,0,0,0,1.437091095,0.003206425,0.000299667,0
34,233,1,47.39297696,2997.904,0,0,0,0,2.529,12.855,0,0,0,0,0.33174,1.926287639,0.003206425,0.000299667,0
34,233,1,47.39297696,2997.904,0.030048,0,0,0.0088426,0,0,0,0,0,0,0,1.082901411,0.003206425,0.000299667,0
34,233,1,47.39297696,2997.904,0.052214,0,0,0,0,0,0,0,0,0,1.21974,4.748825638,0.003206425,0.000299667,0
34,233,1,47.39297696,2997.904,0,0,0,0.068295,0,0,0.002308,0,0,0,0.151728,1.480602342,0.003206425,0.000299667,0
34,233,1,47.39297696,2997.904,0.0088108,0,0,0,0,0,0,0,0,0,0.151728,1.480602342,0.003206425,0.000299667,0
34,233,1,47.39297696,2997.904,0.008333,0,0,0,0.00524,0,0,0,0,0,0,0.163878809,0.003206425,0.000299667,0
34,233,1,47.39297696,2997.904,0.18674,0,0.65701,0.007102,0,0,0,0,0,0,0.151728,0.090682319,0.003206425,0.000299667,0
34,233,1,47.39297696,2997.904,0.080184,0,0,0,0,0,0,0,0,0,0.286419,0.506275725,0.003206425,0.000299667,0
34,233,1,47.39297696,2997.904,0.032101,0,0,0,0,0,0,0,0,0,7.3206,1.788434249,0.003206425,0.000299667,0
34,233,1,47.39297696,2997.904,27.506,0,0,0.013455,0.40097,0,0,0,0,0,0,2.473634728,0.003206425,0.000299667,0
34,233,1,47.39297696,2997.904,0,0,0,0,0.002741,0,0,0,0,0,0.151728,0.533114438,0.003206425,0.000299667,0
34,233,1,47.39297696,2997.904,0,0,0,0.097569,0,0,0,0,0,0,0.151728,1.788434249,0.003206425,0.000299667,0
34,233,1,47.39297696,2997.904,0,0,0,0.50869,0,0,0,0,0,0,34.539,1.740043236,0.003206425,0.000299667,0
34,233,1,47.39297696,2997.904,1.7472,0,0,0,0.027174,0,0,0,0,0,0,1.753869239,0.003206425,0.000299667,0
34,233,1,47.39297696,2997.904,0.00524,0,0,0.068295,0,0,0,0,0,0,10.9077,1.953939646,0.003206425,0.000299667,0
34,233,1,47.39297696,2997.904,0.007221,0,0,0,0,0,0,0,0,0,0,19.16080795,0.003206425,0.000299667,0
34,233,1,47.39297696,2997.904,0.17094,0,0,0,0.0059348,3.2273,0,0,0,0,0.151728,0.163878809,0.003206425,0.000299667,0
34,233,1,47.39297696,2997.904,0,0,0,0,0,0,0,0,0,0,0,4.862686845,0.003206425,0.000299667,0
34,233,1,47.39297696,2997.904,0,0,0,0.27563,0,0,0,0,0,0,0.151728,5.751441887,0.003206425,0.000299667,0
34,233,1,47.39297696,2997.904,11.506,0,0,0.0088426,0,0,0,0,0,0,0.72228,9.094257285,0.003206425,0.000299667,0
34,233,1,47.39297696,2997.904,4.3384,0,0,0,0,0.011,0,0,0,0,0.37014,1.611949377,0.003206425,0.000299667,0
34,233,1,47.39297696,2997.904,0,0,0,0,0.353,0,0,0,0,0,1.26477,1.740043236,0.003206425,0.000299667,0
34,233,1,47.39297696,2997.904,0.007835,0,0,0,0.0306,0.34159,0,0,0,0,0.33174,6.509873784,0.003206425,0.000299667,0
34,233,1,47.39297696,2997.904,0.18674,0,0,0.030965,0.11608,0,0,0,0,0,0,3.27635624,0.003206425,0.000299667,0
34,233,1,47.39297696,2997.904,0,0,0.012389,0.008333,0,0,0,0,0,0,0.93561,1.082901411,0.003206425,0.000299667,0
34,233,1,47.39297696,2997.904,0,0,0.20937,0,0,0,0,0,0,0,1.65174,0.403800639,0.003206425,0.000299667,0
34,233,1,47.39297696,2997.904,3.8421,0,0,0.000251,0.018282,0,0,0,0,0,0.42399,14.97902997,0.003206425,0.000299667,0
34,233,1,47.39297696,2997.904,0,0,1.1754,0,0,0,0,0,0,0,0.45174,0.506275725,0.003206425,0.000299667,0
34,233,1,47.39297696,2997.904,0.00036,0,0,0.14897,0.016012,0.56312,0.008333,0,0,0,0,0.163878809,0.003206425,0.000299667,0
34,233,1,47.39297696,2997.904,0,0,0,0,2.0594,0,0,0,0,0,1.91388,1.611949377,0.003206425,0.000299667,0
34,233,1,47.39297696,2997.904,0.29003,0,0,4.1588,0,0,0,0,3.6172,0,0.151728,1.753869239,0.003206425,0.000299667,0
34,233,1,47.39297696,2997.904,0,0,0,1.8563,0,0,0,0,0,0,0.181728,8.563989377,0.003206425,0.000299667,0
34,233,1,47.39297696,2997.904,0.061886,0,0,0,0,0,0,0,0,0,0.151728,1.740043236,0.003206425,0.000299667,0
34,233,1,47.39297696,2997.904,0,0,0,0,0.081175,0.000886,0,0,0,0,0,3.370698383,0.003206425,0.000299667,0
34,233,1,47.39297696,2997.904,1.7741,0,0,4.4257,0,0,0,0,0,0,8.7918,9.094257285,0.003206425,0.000299667,0
34,233,1,47.39297696,2997.904,0,0,0,6.9518,0,0,0,0,0,0,0.30174,0.533114438,0.003206425,0.000299667,0
34,233,1,47.39297696,2997.904,0,0,0,0.011527,0,0,0,0,0,0,0,0.496109546,0.003206425,0.000299667,0
34,233,1,47.39297696,2997.904,0.062194,0,0,0,0,0,0,0,0,0,0.151728,2.742428507,0.003206425,0.000299667,0
34,233,1,47.39297696,2997.904,0.0031025,0,2.8636,0,0,0,0,0,0,0,1.65174,3.50611189,0.003206425,0.000299667,0
34,233,1,47.39297696,2997.904,0,0,0,0,0,0,0,0,0,0,0,38.6168241,0.003206425,0.000299667,0
34,233,1,47.39297696,2997.904,0.013575,0,0,0,0.008333,0,0,0,0,0,0.151728,19.16080795,0.003206425,0.000299667,0
34,233,1,47.39297696,2997.904,24.337,0,0,0.18118,0.006456,0,0,0,0,0,0.151728,4.286874454,0.003206425,0.000299667,0
34,233,1,47.39297696,2997.904,11.506,0,0,0,0,0,0.42744,0,0,0,0.151728,0.51278208,0.003206425,0.000299667,0
34,233,1,47.39297696,2997.904,0,0,0,0,0,0,0,0,0,0,3.4635,2.742428507,0.003206425,0.000299667,0
34,233,1,47.39297696,2997.904,3.0116,0,0,0,0,0,0,0,0,0,0,4.791523591,0.003206425,0.000299667,0
34,233,1,47.39297696,2997.904,16.8,0,0,0,0,0,0,0,0,0,0.70341,1.926287639,0.003206425,0.000299667,0
34,233,1,47.39297696,2997.904,0.00753,0,0,0,2.529,0,0,0,0,0,0.273384,8.563989377,0.003206425,0.000299667,0
34,233,1,47.39297696,2997.904,0.98357,0,0,0,1.5408,0,0,0,0,0,0,2.282103912,0.003206425,0.000299667,0
34,233,1,47.39297696,2997.904,0,0,0,0,1.0784,0,0,0,0,0,3.8946,13.58857149,0.003206425,0.000299667,0
34,233,1,47.39297696,2997.904,0,0,0,0.0043235,0,0,0,0,0,0,0.151728,1.480602342,0.003206425,0.000299667,0
34,233,1,47.39297696,2997.904,0,0,0,0,0,0,0,0,0,0,0.293307,4.791523591,0.003206425,0.000299667,0
34,233,1,47.39297696,2997.904,27.506,0,0,0,0.14172,0,4.0851,0,0,0,6.9018,3.539348854,0.003206425,0.000299667,0
34,233,1,47.39297696,2997.904,0,0,0,4.5651,4.2216,0,0,0,0,0,0.181728,3.332473549,0.003206425,0.000299667,0
34,233,1,47.39297696,2997.904,0,0,0,2.0817,0.78045,0,0,0,0,0,0,0.506275725,0.003206425,0.000299667,0
34,233,1,47.39297696,2997.904,0,0,0,6.376,0,0,0,0,0,0,0.279585,5.291902932,0.003206425,0.000299667,0
34,233,1,47.39297696,2997.904,0,0,2.1639,0.008333,0,0,0,0,0,0,0.151728,3.66575417,0.003206425,0.000299667,0
34,233,1,47.39297696,2997.904,0.3628,0,0,0.17658,0,0,0,0,0,0,0.151728,1.082901411,0.003206425,0.000299667,0
34,233,1,47.39297696,2997.904,0.00014,0,0,29.05,0.000063,0,0.74966,0,0,0,0,8.153142895,0.003206425,0.000299667,0
34,233,1,47.39297696,2997.904,0.003538,0,0,0.008333,0,0,0,0,0,0,0.280446,5.721119019,0.003206425,0.000299667,0
34,233,1,47.39297696,2997.904,0,0,0,3.4325,0.12938,0,0,0,0,0,0,19.71922933,0.003206425,0.000299667,0
34,233,1,47.39297696,2997.904,0.00524,0,0,0.0068531,0,0,0,0,0,0,0.279615,0.51278208,0.003206425,0.000299667,0
34,233,1,47.39297696,2997.904,0.00824,0,0,0,0.00524,0.99064,0,0,0,0,0.151728,4.791523591,0.003206425,0.000299667,0
34,233,1,47.39297696,2997.904,0.013573,0,0.17064,0.13825,0.008333,0,0,0,0,0,44.763,0.308645201,0.003206425,0.000299667,0
34,233,1,47.39297696,2997.904,0.007221,0,0,0.002031,0,0,0.13028,0,0,0,0,2.626534064,0.003206425,0.000299667,0
34,233,1,47.39297696,2997.904,0.036852,0,0,0,0,0,0,0,0,0,0.273357,2.742428507,0.003206425,0.000299667,0
34,233,1,47.39297696,2997.904,0,0,0,0.48873,0,0,0.13028,0,0,0,0,0.506275725,0.003206425,0.000299667,0
34,233,1,47.39297696,2997.904,0,0,0,0.007102,0,0,0,0,0.008938,0,0,1.629841853,0.003206425,0.000299667,0
34,233,1,47.39297696,2997.904,0,0,0,0,0.0085875,0,0,0,0,0,0.151728,1.926287639,0.003206425,0.000299667,0
34,233,1,47.39297696,2997.904,0,0,0,0,0,0,0,0,0,0,0,1.480602342,0.003206425,0.000299667,0
34,233,1,47.39297696,2997.904,0,0,0,0,0.002492,0,0,0,0,0,0.151728,4.791523591,0.003206425,0.000299667,0
34,233,1,47.39297696,2997.904,0,0,0,0.008333,0,0,0,0,0,0,0,4.791523591,0.003206425,0.000299667,0
34,233,1,47.39297696,2997.904,1.7403,0,0,0,0,0,0,0,0,0,0.151728,38.6168241,0.003206425,0.000299667,0
34,233,1,47.39297696,2997.904,0.39529,0,0,0,0.0022594,0,0,0,0,0,0,8.563989377,0.003206425,0.000299667,0
34,233,1,47.39297696,2997.904,0.005239,0,0,0,0,0,0,0,0,0,5.2239,5.721119019,0.003206425,0.000299667,0
34,233,1,47.39297696,2997.904,0.0064565,0,0,0.020575,0.000688,0,14.243,0,0,0,0.293307,1.740043236,0.003206425,0.000299667,0
34,233,1,47.39297696,2997.904,0,0,9.0569,0,0,0,0,0,0,0,1.62018,1.480602342,0.003206425,0.000299667,0
34,233,1,47.39297696,2997.904,0.088719,0,0,0,0,2.2708,0,0,0,0,0,1.912461635,0.003206425,0.000299667,0
34,233,1,47.39297696,2997.904,0.012423,0,0,0.014341,0.074576,0.2468,0,0,0,0,0.151728,6.438851272,0.003206425,0.000299667,0
34,233,1,47.39297696,2997.904,1.2548,0,0,0,1.0192,0,0,0,0,0,0,6.438851272,0.003206425,0.000299667,0
34,233,1,47.39297696,2997.904,0.005979,0,0,0,0.00524,0,0.10863,0,0,0,0,19.16080795,0.003206425,0.000299667,0
34,233,1,47.39297696,2997.904,0.19126,0,3.9436,0.55992,3.0251,0,0,0,0,0,0,1.753869239,0.003206425,0.000299667,0
34,233,1,47.39297696,2997.904,0.023222,0,0,0,0.008333,0,0,0,0,0,3.1278,6.438851272,0.003206425,0.000299667,0
34,233,1,47.39297696,2997.904,0,0,0,0,0,0,28.076,0,0,0,0,0.163878809,0.003206425,0.000299667,0
34,233,1,47.39297696,2997.904,0,0,0,0,0.005239,0,0,0,0,0,0.65616,4.748825638,0.003206425,0.000299667,0
34,233,1,47.39297696,2997.904,0,0,0,0.16809,4.5283,0,0,0,0,0,0.151728,10.8444667,0.003206425,0.000299667,0
34,233,1,47.39297696,2997.904,0.014901,0,0.000078,0,0,0,0,0,0,0,0,0.308645201,0.003206425,0.000299667,0
34,233,1,47.39297696,2997.904,0,0,0,0.008333,0,0,0,0,0,0,4.8507,3.933904712,0.003206425,0.000299667,0
34,233,1,47.39297696,2997.904,0.27365,0,0,1.0487,0,0,0,0,0,0,16.3047,2.473634728,0.003206425,0.000299667,0
34,233,1,47.39297696,2997.904,0.008333,0,0,0,0,0.0004275,0,0,0,0,0,1.082901411,0.003206425,0.000299667,0
34,233,1,47.39297696,2997.904,0.00644,0,0,0.017238,0.029406,0,0,0,0,0,0.84174,6.509873784,0.003206425,0.000299667,0
34,233,1,47.39297696,2997.904,0.012423,0,0,1.1831,0.008336,0,0,0,0,0,0.273018,1.740043236,0.003206425,0.000299667,0
34,233,1,47.39297696,2997.904,0,0,0,0.00062,0.086094,0,0,0,0,0,0,27.05073767,0.003206425,0.000299667,0
34,233,1,47.39297696,2997.904,0,0,0,0.2491,0,0.18042,0,0,0,0,0.151728,0.506275725,0.003206425,0.000299667,0
34,233,1,47.39297696,2997.904,0,0,0,32.687,0,0,0,0,0,0,0.151728,5.721119019,0.003206425,0.000299667,0
34,233,1,47.39297696,2997.904,3.7455,0,6.6835,0.15874,0.33405,2.0442,0,0,0,0,0.70503,0.308645201,0.003206425,0.000299667,0
34,233,1,47.39297696,2997.904,0,0,0,0,0.00014,0,0,0,0,0,35.547,5.751441887,0.003206425,0.000299667,0
34,233,1,47.39297696,2997.904,0.013573,0,0,7.1031,0,0.79678,0,0,0,0,10.4415,5.751441887,0.003206425,0.000299667,0
34,233,1,47.39297696,2997.904,0,0,0,0,0.008333,0,0,0,0,0,6.1116,1.926287639,0.003206425,0.000299667,0
34,233,1,47.39297696,2997.904,0,0,0,0.010471,0,0,0,0,0,0,0.151728,20.03672595,0.003206425,0.000299667,0
34,233,1,47.39297696,2997.904,0.3267,0,0,0.006674,0,0,0,0,0,0,1.62048,19.16080795,0.003206425,0.000299667,0
34,233,1,47.39297696,2997.904,15.105,0,0,0,0.007328,0,0,0,0,0,17.1858,0.090682319,0.003206425,0.000299667,0
34,233,1,47.39297696,2997.904,0,0,0,1.4572,0,0,0,0,0,0,0.151728,3.27635624,0.003206425,0.000299667,0
34,233,1,47.39297696,2997.904,0.00524,0,0.82183,0,0.79075,0,0,0,0.039718,0,0,13.58857149,0.003206425,0.000299667,0
34,233,1,47.39297696,2997.904,0,0,0,0,0.23723,0,0,0,0,0,0,3.933904712,0.003206425,0.000299667,0
34,233,1,47.39297696,2997.904,0,0,0,0,0.00328,0,0,0,0,0,0.151728,0.308645201,0.003206425,0.000299667,0
34,233,1,47.39297696,2997.904,0.58468,0,0,0,3.969,0,0,0,0,0,0,0.308645201,0.003206425,0.000299667,0
34,233,1,47.39297696,2997.904,0.63883,0,0,0,0,0,0.67845,0,0,0,18.9018,1.788434249,0.003206425,0.000299667,0
34,233,1,47.39297696,2997.904,14.115,0,0,0,0.002031,0,7.2385,0,0,0,0.151728,0.403800639,0.003206425,0.000299667,0
34,233,1,47.39297696,2997.904,8.3439,0,0,0,2.0529,0,0,0,0,0,0.151728,8.643285575,0.003206425,0.000299667,0
34,233,1,47.39297696,2997.904,0,0,0,0,5.4878,0.66655,0,0,0,0,0.285792,5.721119019,0.003206425,0.000299667,0
34,233,1,47.39297696,2997.904,0,0,0,0.0011005,0,0,0,0,0,0,0.279585,0.090682319,0.003206425,0.000299667,0
34,233,1,47.39297696,2997.904,0,0,0,0.00644,0.008332,0,0,0,0,0,0.151728,0.533114438,0.003206425,0.000299667,0
34,233,1,47.39297696,2997.904,0,0,0,0,0,0,0,0,0,0,0.151728,5.721119019,0.003206425,0.000299667,0
34,233,1,47.39297696,2997.904,0,0,0,1.2021,0,0,0,0,0,0,0.33174,1.753869239,0.003206425,0.000299667,0
34,233,1,47.39297696,2997.904,15.2,0,0,11.552,1.8824,0,0,0,0,0,0,2.684481285,0.003206425,0.000299667,0
34,233,1,47.39297696,2997.904,0.74435,0,0,0,0,0,0,0,0,0,0,0.677067536,0.003206425,0.000299667,0
34,233,1,47.39297696,2997.904,0.007697,0,0,0,0.00524,0,0,0,0,0,0,3.37110503,0.003206425,0.000299667,0
34,233,1,47.39297696,2997.904,5.865,0,0,0,0.84234,0,0,0,0,0,0.151728,0.403800639,0.003206425,0.000299667,0
34,233,1,47.39297696,2997.904,0.088719,0,2.0164,0.008333,0.038297,0,0,0,0,0,0,1.788434249,0.003206425,0.000299667,0
34,233,1,47.39297696,2997.904,0.018338,0,0,0,0,0,0,0,0,0,0,9.094257285,0.003206425,0.000299667,0
34,233,1,47.39297696,2997.904,0,0,5.5296,0,0.21192,0,0,0,0,0,0.204657,0.403800639,0.003206425,0.000299667,0
34,233,1,47.39297696,2997.904,24.337,0,0,0,0,0,0,0,0,0,0,10.8444667,0.003206425,0.000299667,0
34,233,1,47.39297696,2997.904,19.622,0,0,0,0,0,0,0,0,0,0,1.753869239,0.003206425,0.000299667,0
34,233,1,47.39297696,2997.904,0.007148,0,0,0.37527,17.934,0,0,0,0,0,0.151728,1.437091095,0.003206425,0.000299667,0
34,233,1,47.39297696,2997.904,0.0055384,0,0,7.0709,0.007697,0,0,0,0,0,0.151728,3.933904712,0.003206425,0.000299667,0
34,233,1,47.39297696,2997.904,0,0,0.8007,0,0,0,0.13028,0,0,0,1.03647,5.721119019,0.003206425,0.000299667,0
34,233,1,47.39297696,2997.904,0.002868,0,0,0,0,0,0,0,0,0,0,19.16080795,0.003206425,0.000299667,0
34,233,1,47.39297696,2997.904,2.1571,0,0,0,0,0,0,0,0,0,8.3928,1.600969904,0.003206425,0.000299667,0
34,233,1,47.39297696,2997.904,0,0,0,0,0.21192,0,0.60778,0,0,0,0,13.20935554,0.003206425,0.000299667,0
34,233,1,47.39297696,2997.904,0.16397,0,0,11.552,0,0,0,0,0,0,0,20.03672595,0.003206425,0.000299667,0
34,233,1,47.39297696,2997.904,0.3067,0,0,0,0,0,0,0,0,0,0.151728,0.757177028,0.003206425,0.000299667,0
34,233,1,47.39297696,2997.904,0.008333,0,0,0,1.2072,0,0,0,0,0,0.278529,1.437091095,0.003206425,0.000299667,0
34,233,1,47.39297696,2997.904,0.11399,0,0,0.068295,0.008333,0,0,0,0,0,8.6688,1.480602342,0.003206425,0.000299667,0
34,233,1,47.39297696,2997.904,0.00524,0,0,0.15168,0,0,0,0,0,0,0.151728,1.926287639,0.003206425,0.000299667,0
34,233,1,47.39297696,2997.904,1.4385,0,0,0,0,0,0,0,0,0,0.151728,7.432290306,0.003206425,0.000299667,0
34,233,1,47.39297696,2997.904,0,0,0,0,0,0.069446,0,0,0,0,4.1406,20.03672595,0.003206425,0.000299667,0
34,233,1,47.39297696,2997.904,7.5139,0,0,0,0,0.77921,0,0,0,0,0,0.496109546,0.003206425,0.000299667,0
34,233,1,47.39297696,2997.904,0.10284,0,0,7.1341,0,0,0,0,0,0,0.151728,2.626534064,0.003206425,0.000299667,0
34,233,1,47.39297696,2997.904,0.18674,0,0,0,0,0,12.641,0,0,0,0.151728,3.37110503,0.003206425,0.000299667,0
34,233,1,47.39297696,2997.904,0,0,0,35.501,0.000739,0,0,0.084033,0,0,0.151728,4.748825638,0.003206425,0.000299667,0
34,233,1,47.39297696,2997.904,0,0,0,0,0,0.97535,0,0,0,0,0.53757,2.282103912,0.003206425,0.000299667,0
34,233,1,47.39297696,2997.904,0.0068531,0,0,0,6.2079,0,0,0,0,0,0,5.721119019,0.003206425,0.000299667,0
34,233,1,47.39297696,2997.904,0,0,0,0,0,0,0,0,0,0,0.273324,4.286874454,0.003206425,0.000299667,0
34,233,1,47.39297696,2997.904,0,0,0,0,0,0,0,0,0,0,0,5.721119019,0.003206425,0.000299667,0
34,233,1,47.39297696,2997.904,1.5561,0,0,0.0076281,0,0,0,0,0,0,0,7.61406159,0.003206425,0.000299667,0
34,233,1,47.39297696,2997.904,0,0,0,0.6175,1.0171,0,0,0,0,0,0.9426,3.933904712,0.003206425,0.000299667,0
34,233,1,47.39297696,2997.904,0,0,0,0.005239,0,0,0,0,0,0,6.5418,0.533114438,0.003206425,0.000299667,0
34,233,1,47.39297696,2997.904,0.0068531,0,0,0,0.007328,0,0,0,0,0,0.151728,2.282103912,0.003206425,0.000299667,0
34,233,1,47.39297696,2997.904,0.00524,0,0,0.002508,0,13.442,0.13028,0,0,0,0.151728,0.506275725,0.003206425,0.000299667,0
34,233,1,47.39297696,2997.904,0.70554,0,0,0.80704,0.008333,0,0,0,0,0,0.151728,3.332473549,0.003206425,0.000299667,0
34,233,1,47.39297696,2997.904,0.00062,0,0,0,0,0,21.198,0,0,0,0,0.677067536,0.003206425,0.000299667,0
34,233,1,47.39297696,2997.904,0,0,0,0,0,0,0,0,0,0,1.03647,8.643285575,0.003206425,0.000299667,0
34,233,1,47.39297696,2997.904,5.0534,0,0,0,0,0,0,0,0,0,0,19.16080795,0.003206425,0.000299667,0
34,233,1,47.39297696,2997.904,0.002031,0,1.4067,0,0,2.9165,12.641,0,0,0,1.27794,1.953939646,0.003206425,0.000299667,0
34,233,1,47.39297696,2997.904,0.025372,0,0,0,0,0.044975,0,0,0,0,4.4313,2.473634728,0.003206425,0.000299667,0
34,233,1,47.39297696,2997.904,0.01367,0,0,0,0.26036,0.78238,0,0,0,0,0.151728,20.03672595,0.003206425,0.000299667,0
34,233,1,47.39297696,2997.904,0,0,0,0,0.000739,0,0,0,0,0,0,3.933904712,0.003206425,0.000299667,0
34,233,1,47.39297696,2997.904,0.00524,0,0,0,0,0,17.486,0,0,0,0,1.480602342,0.003206425,0.000299667,0
34,233,1,47.39297696,2997.904,0,0,0,0.0025559,0,0,0,0,0,0,0.151728,17.06991896,0.003206425,0.000299667,0
34,233,1,47.39297696,2997.904,0.00524,0,0,0.00524,0.001493,0,0,0,0,0,0,20.03672595,0.003206425,0.000299667,0
34,233,1,47.39297696,2997.904,0.00524,0,0,0,0,0,0,0,0,0,0.151728,8.643285575,0.003206425,0.000299667,0
34,233,1,47.39297696,2997.904,4.282,0,0,0,0,0,0.75031,0,0,0,6.8079,4.286874454,0.003206425,0.000299667,0
34,233,1,47.39297696,2997.904,0.68217,0,0,0.21079,1.2208,0,0,0,0,0,0,0.403800639,0.003206425,0.000299667,0
34,233,1,47.39297696,2997.904,0.071675,0,0,0.007148,0,0.7125,0,0,0,0,0.151728,9.094257285,0.003206425,0.000299667,0
34,233,1,47.39297696,2997.904,0.0088426,0,0,0,0.003538,0.012727,0,0,0,0,0,3.370698383,0.003206425,0.000299667,0
34,233,1,47.39297696,2997.904,0.00524,0,0,2.8607,0,0,0,0,0,0,1.57107,2.282103912,0.003206425,0.000299667,0
34,233,1,47.39297696,2997.904,0,0,0,0,0.007697,0,0.13028,0,0,0,0,2.626534064,0.003206425,0.000299667,0
34,233,1,47.39297696,2997.904,0.0094073,0,0,0.013421,0,0,0,0,0,0,0.75903,4.044970118,0.003206425,0.000299667,0
34,233,1,47.39297696,2997.904,0,0,0,0,0.021907,0,0.42744,0,0,0,0.151728,4.791523591,0.003206425,0.000299667,0
34,233,1,47.39297696,2997.904,0,0,0,0,0.007102,0,0,0,0,0,14.4696,19.16080795,0.003206425,0.000299667,0
34,233,1,47.39297696,2997.904,0.091719,0,0,0,26.765,0,0,0,0,0,6.5418,2.550491043,0.003206425,0.000299667,0
34,233,1,47.39297696,2997.904,0,0,0,0.044269,0.029406,0,0,0,0,0,0,3.294248715,0.003206425,0.000299667,0
34,233,1,47.39297696,2997.904,0.0152,0,0,0,0.005239,0.78033,0,0,0,0,7.4118,9.094257285,0.003206425,0.000299667,0
34,233,1,47.39297696,2997.904,0,0,0,0,3.3385,0,23.156,0,0,0,0,9.094257285,0.003206425,0.000299667,0
34,233,1,47.39297696,2997.904,0,0,0,0.1075,0,0,0,0,0,0,3.1572,13.58857149,0.003206425,0.000299667,0
34,233,1,47.39297696,2997.904,0.007221,0,0,2.9167,0.78045,0,0,0,0,0,10.3692,27.05073767,0.003206425,0.000299667,0
34,233,1,47.39297696,2997.904,0,0,0,0,0,0,0,0,0,0,1.88184,4.286874454,0.003206425,0.000299667,0
34,233,1,47.39297696,2997.904,27.506,0,0,0,0.005239,0,0,0,0,0,6.8079,0.496109546,0.003206425,0.000299667,0
34,233,1,47.39297696,2997.904,0,0,0,1.1486,0.008333,0,0,0,0,0,1.1697,27.05073767,0.003206425,0.000299667,0
34,233,1,47.39297696,2997.904,0.005239,0,0,0,0,0,0,0,0,0,2.76468,2.550491043,0.003206425,0.000299667,0
34,233,1,47.39297696,2997.904,0,0,0.040094,0,0.002031,0,0,0,0,0,0.36594,5.721119019,0.003206425,0.000299667,0
34,233,1,47.39297696,2997.904,0,0,0,0,0.4381,4.4694,0,0,0,0,0,1.600969904,0.003206425,0.000299667,0
34,233,1,47.39297696,2997.904,0.008333,0,0,0.65591,0.1136,0,0,0,0,0,1.97832,20.03672595,0.003206425,0.000299667,0
34,233,1,47.39297696,2997.904,0.00524,0,0,0,8.1439,0.78033,0,0,2.1267,0,0.151728,1.611949377,0.003206425,0.000299667,0
34,233,1,47.39297696,2997.904,0.00524,0,0,0,3.7624,0,0,0,0,0,7.0518,14.97902997,0.003206425,0.000299667,0
34,233,1,47.39297696,2997.904,0,0,0,0,0.14172,0.781,0,0,0,0,0,1.629841853,0.003206425,0.000299667,0
34,233,1,47.39297696,2997.904,0,0,0,0,0,0,0,0.79408,0,0,0,1.953939646,0.003206425,0.000299667,0
34,233,1,47.39297696,2997.904,0,0,0,0,0,0,0,0,0,0,0.151728,4.748825638,0.003206425,0.000299667,0
35,234,1,47.34851825,2995.091707,0.25336,0,0,0,0.68784,0,0,0,0,0,0,0.301225485,0.003295403,0.000307983,0
35,234,1,47.34851825,2995.091707,0.022591,0,0,0,0.88295,0,0,0,0,0,0,6.472102045,0.003295403,0.000307983,0
35,234,1,47.34851825,2995.091707,3.4031,0,0,1.6824,0,0,0,0,0,0,0.151728,0.301225485,0.003295403,0.000307983,0
35,234,1,47.34851825,2995.091707,1.0702,0,0,6.0441,0,0,0,0,0,0,0.181728,4.278895437,0.003295403,0.000307983,0
35,234,1,47.34851825,2995.091707,7.2682,0,0,0,0.67362,0,0,0,0,0,0.151728,2.474804353,0.003295403,0.000307983,0
35,234,1,47.34851825,2995.091707,0.043527,0,0,0,0.012187,0.10693,0,0,0.001326,0,0.151728,0.301225485,0.003295403,0.000307983,0
35,234,1,47.34851825,2995.091707,0.21588,0,0,0,0,2.1773,0,0,0,0,4.9119,2.474804353,0.003295403,0.000307983,0
35,234,1,47.34851825,2995.091707,0.23451,0,0,0,1.3478,0,0,0,0,0,8.7318,1.651413523,0.003295403,0.000307983,0
35,234,1,47.34851825,2995.091707,0.001309,0,0,0,1.2446,0.0003,1.7925,0,0,0,0.151728,0.541773565,0.003295403,0.000307983,0
35,234,1,47.34851825,2995.091707,0.028169,0,0,0,0,0,0,0,0,0,12.8022,11.33524931,0.003295403,0.000307983,0
35,234,1,47.34851825,2995.091707,0.032537,0,0.10074,0,0,0.62172,0,0,0,0,0.151728,13.06734301,0.003295403,0.000307983,0
35,234,1,47.34851825,2995.091707,0,0,0,0,0,0,0,0,0,0,0.73911,1.651413523,0.003295403,0.000307983,0
35,234,1,47.34851825,2995.091707,0,0,0,0.008333,0.008333,0,0,0,0,0,0.279615,0.219704697,0.003295403,0.000307983,0
35,234,1,47.34851825,2995.091707,6.87,0,0,0,0,0,0,0,0,0,0.151728,0.085689464,0.003295403,0.000307983,0
35,234,1,47.34851825,2995.091707,7.1711,0,0,0,0.93679,0,0.13028,0,0,0,0.151728,15.12102526,0.003295403,0.000307983,0
35,234,1,47.34851825,2995.091707,0,0,0,7.8979,0,13.442,0,0,0,0,10.8618,0.541773565,0.003295403,0.000307983,0
35,234,1,47.34851825,2995.091707,0,0,0,0,0,0,0.13028,0,0,0,0,3.789481443,0.003295403,0.000307983,0
35,234,1,47.34851825,2995.091707,0.58468,0,0,0,0,0,19.544,0,0,0,12.3399,1.035375756,0.003295403,0.000307983,0
35,234,1,47.34851825,2995.091707,0,0,0,0,0,0.77802,0,0,0.11287,0,28.1349,15.12102526,0.003295403,0.000307983,0
35,234,1,47.34851825,2995.091707,0.075337,0,0,0,0,0,0,0,0,0,0.151728,0.99739448,0.003295403,0.000307983,0
35,234,1,47.34851825,2995.091707,0,0,0,0,0,0,0,0,0,0,24.5118,0.085689464,0.003295403,0.000307983,0
35,234,1,47.34851825,2995.091707,0.48229,0,0,0.049787,0.00524,0,0,0,0,0,1.86174,0.219704697,0.003295403,0.000307983,0
35,234,1,47.34851825,2995.091707,12.994,0,0,0,6.0919,0,0,0,0,0,0.151728,1.035375756,0.003295403,0.000307983,0
35,234,1,47.34851825,2995.091707,0.011015,0,0,0,0.000739,0,0,0,0,0,2.39871,1.035375756,0.003295403,0.000307983,0
35,234,1,47.34851825,2995.091707,3.2038,0,0,0,0,0,0,0,0,0,0,3.789481443,0.003295403,0.000307983,0
35,234,1,47.34851825,2995.091707,0.008333,0,0,0.005239,0.038932,0,0,0,0,0,0.290478,0.301225485,0.003295403,0.000307983,0
35,234,1,47.34851825,2995.091707,0.00524,0,0,0,0,0,0,0,0,0,0,0.219704697,0.003295403,0.000307983,0
35,234,1,47.34851825,2995.091707,0.22208,0,0,0,0,0,0,0,0,0,0.273366,0.541773565,0.003295403,0.000307983,0
35,234,1,47.34851825,2995.091707,0,0,0,0,0.002741,0,0,0,0,0,1.19187,0.541773565,0.003295403,0.000307983,0
35,234,1,47.34851825,2995.091707,0,0,0,0.001326,7.8711,0.77806,0,0,0,0,8.3751,0.423815456,0.003295403,0.000307983,0
35,234,1,47.34851825,2995.091707,0,0,0,0,0.038297,0,0,0,0,0,0.273018,3.237208988,0.003295403,0.000307983,0
35,234,1,47.34851825,2995.091707,0.0031025,0,0,2.7097,0,0,0.059897,0,0,0,0.151728,3.789481443,0.003295403,0.000307983,0
35,234,1,47.34851825,2995.091707,0.39529,0,0,0,0.005239,0,23.156,0,0,0,0.181728,0.99739448,0.003295403,0.000307983,0
35,234,1,47.34851825,2995.091707,0.08383,0,0,4.6787,11.928,0,0,0,0,0,2.23266,15.12102526,0.003295403,0.000307983,0
35,234,1,47.34851825,2995.091707,0,0,0,0.005239,0,0,14.079,0,0,0,0.280446,0.99739448,0.003295403,0.000307983,0
35,234,1,47.34851825,2995.091707,0.21588,0,0.00524,0,0,0.0006805,0,0,0,0,0.57,0.085689464,0.003295403,0.000307983,0
35,234,1,47.34851825,2995.091707,0,0,0,0.033648,0.00036,0,0,0,0,0,0.292407,0.301225485,0.003295403,0.000307983,0
35,234,1,47.34851825,2995.091707,7.049,0,0,2.7308,0,0,0,0,0,0,0.151728,3.789481443,0.003295403,0.000307983,0
35,234,1,47.34851825,2995.091707,0,0,0,0.008333,0,0.80146,0,0,0,0,0.151728,3.789481443,0.003295403,0.000307983,0
35,234,1,47.34851825,2995.091707,0,0,0,0,0,0,0,0,0,0,0,4.278895437,0.003295403,0.000307983,0
35,234,1,47.34851825,2995.091707,0.50457,0,0,0.001669,0.23723,0,0,0,0,0,4.5105,1.651413523,0.003295403,0.000307983,0
35,234,1,47.34851825,2995.091707,0,0,0,0,0,0,0,0,0,0,8.3751,0.085689464,0.003295403,0.000307983,0
35,234,1,47.34851825,2995.091707,0.008333,0,0,0,0,0,0,0,0,0,0,6.495762651,0.003295403,0.000307983,0
35,234,1,47.34851825,2995.091707,0,0,0,0,4.8466,0.77921,0,0,0,0,0,11.33524931,0.003295403,0.000307983,0
35,234,1,47.34851825,2995.091707,9.5606,0,0,0.002084,0.73688,0,0,0,0,0,0.276924,3.237208988,0.003295403,0.000307983,0
35,234,1,47.34851825,2995.091707,0.00524,0,0,0,0.00524,16.163,0,0.79033,0,0,0,11.68233493,0.003295403,0.000307983,0
35,234,1,47.34851825,2995.091707,0.0067502,0,0,0,0.005239,0,0,0,0,0,0,3.237208988,0.003295403,0.000307983,0
35,234,1,47.34851825,2995.091707,0.013575,0,0,2.7308,0.059735,0.90378,0,0,0,0,0.151728,3.237208988,0.003295403,0.000307983,0
35,234,1,47.34851825,2995.091707,0,0,0,0,0,0,0,0,0,0,0.151728,0.219704697,0.003295403,0.000307983,0
35,234,1,47.34851825,2995.091707,0,0,0,0,0.030662,0,0,0,0,0,0,0.99739448,0.003295403,0.000307983,0
35,234,1,47.34851825,2995.091707,0,0,0,0,0.008333,0,28.471,0,0,0,3.9018,3.789481443,0.003295403,0.000307983,0
35,234,1,47.34851825,2995.091707,0.070781,0,0,0,0.47436,0,0,0,0,0,12.6336,11.33524931,0.003295403,0.000307983,0
35,234,1,47.34851825,2995.091707,0,0,0,0,0,0.002082,0,0,0,0,1.10577,11.68233493,0.003295403,0.000307983,0
35,234,1,47.34851825,2995.091707,0,0,0,0.002139,0.0084565,0,0,0,0,0,20.2284,3.237208988,0.003295403,0.000307983,0
35,234,1,47.34851825,2995.091707,0,0,0,0.11243,0,0.40336,0.002308,0,0,0,2.6931,0.301225485,0.003295403,0.000307983,0
35,234,1,47.34851825,2995.091707,0.01061,0,0,0,0,0,0,0,0,0,0,10.04744876,0.003295403,0.000307983,0
35,234,1,47.34851825,2995.091707,0.16397,0,0,0,0.00524,0,0,0.40084,0,0,0.293307,0.99739448,0.003295403,0.000307983,0
35,234,1,47.34851825,2995.091707,0.01048,0,3.8199,0.011941,0,0,0,0,0.00524,0,7.2111,2.474804353,0.003295403,0.000307983,0
35,234,1,47.34851825,2995.091707,0.019714,0,0,0.008333,0.010507,0,0,0,0,0,0,2.474804353,0.003295403,0.000307983,0
35,234,1,47.34851825,2995.091707,0,0,0,0,0,0,0,0,0,0,0.151728,11.33524931,0.003295403,0.000307983,0
35,234,1,47.34851825,2995.091707,0,0,0,0,0,0,0,0,0,0,0,6.472102045,0.003295403,0.000307983,0
35,234,1,47.34851825,2995.091707,8.2504,0,0,0.001434,0,0,0,0,0,0,0.28509,17.60572724,0.003295403,0.000307983,0
35,234,1,47.34851825,2995.091707,0.4515,0,0,0,0.19458,0,0,0,0,0,10.4865,15.12102526,0.003295403,0.000307983,0
35,234,1,47.34851825,2995.091707,0,0,0,0,0,0,0,0,0,0,2.06073,0.541773565,0.003295403,0.000307983,0
35,234,1,47.34851825,2995.091707,0.0068531,0,0.097597,0,0,0,0,0,0,0,8.3751,2.474804353,0.003295403,0.000307983,0
35,234,1,47.34851825,2995.091707,0.53043,0,0,0,3.7624,0,0,0,0,0,0.151728,15.12102526,0.003295403,0.000307983,0
35,234,1,47.34851825,2995.091707,0.043527,0,0,0,5.1226,0,0,0,0,0,0,25.71929039,0.003295403,0.000307983,0
35,234,1,47.34851825,2995.091707,8.933,0,0,0,0,0.084836,0,0,0,0,0,2.474804353,0.003295403,0.000307983,0
35,234,1,47.34851825,2995.091707,0.1613,0,0,0,0.15682,0,0,0,0,0,0.273384,2.474804353,0.003295403,0.000307983,0
35,234,1,47.34851825,2995.091707,0,0,0,0.077265,0,0,35.433,0,0,0,0.151728,11.33524931,0.003295403,0.000307983,0
35,234,1,47.34851825,2995.091707,0,0,0.067267,12.69,0,0,0,0,0,0,0,10.04744876,0.003295403,0.000307983,0
35,234,1,47.34851825,2995.091707,0,0,0,0,1.1676,0,0,0,0,0,0.151728,0.219704697,0.003295403,0.000307983,0
35,234,1,47.34851825,2995.091707,0.00524,0,0,0.008333,0,0,0,0,0,0,25.2354,3.789481443,0.003295403,0.000307983,0
35,234,1,47.34851825,2995.091707,0.40788,0,0,0.13117,0,0,0,0,0,0,0,11.33524931,0.003295403,0.000307983,0
35,234,1,47.34851825,2995.091707,0,0,0,0.007328,0.041022,0.79321,0,0,0,0,1.04805,15.12102526,0.003295403,0.000307983,0
35,234,1,47.34851825,2995.091707,0,0,0,0,0,0,0,0,0,0,1.86174,3.237208988,0.003295403,0.000307983,0
35,234,1,47.34851825,2995.091707,0,0,0,0.055562,0.000739,0,0,0,0,0,32.442,2.124635517,0.003295403,0.000307983,0
35,234,1,47.34851825,2995.091707,0,0,0,0,0,0,0,0,0,0,11.0184,1.035375756,0.003295403,0.000307983,0
35,234,1,47.34851825,2995.091707,0.003538,0,0,0.00014,3.7158,0,0,0,0,0,0,0.541773565,0.003295403,0.000307983,0
35,234,1,47.34851825,2995.091707,1.5202,0,0,0,0,0,0,0,0,0,9.5499,0.99739448,0.003295403,0.000307983,0
35,234,1,47.34851825,2995.091707,0.5002,0,0,0,0,0,0,0,0,0,0.151728,0.219704697,0.003295403,0.000307983,0
35,234,1,47.34851825,2995.091707,0,0,0,0,0,0,0,0,0,0,0.151728,15.12102526,0.003295403,0.000307983,0
35,234,1,47.34851825,2995.091707,0,0,0,0,0,0.77921,0,0,0,0,0,0.541773565,0.003295403,0.000307983,0
35,234,1,47.34851825,2995.091707,0,0,0,0.83912,0.18655,0,0,0,0,0,0,0.219704697,0.003295403,0.000307983,0
35,234,1,47.34851825,2995.091707,0,0,0,0,0,0,0,0,0,0,0,3.789481443,0.003295403,0.000307983,0
35,234,1,47.34851825,2995.091707,0.0055799,0,0,0.15605,0,0,0,0,0,0,0.151728,15.12102526,0.003295403,0.000307983,0
35,234,1,47.34851825,2995.091707,0,0,0,0,0,0,0,0,0,0,0,6.472102045,0.003295403,0.000307983,0
35,234,1,47.34851825,2995.091707,0.00524,0,0,0,0.008333,0,0,0,0,0,0.151728,3.237208988,0.003295403,0.000307983,0
35,234,1,47.34851825,2995.091707,0.40788,0,0,0.077265,0,0,0,0,0,0,30.885,1.035375756,0.003295403,0.000307983,0
35,234,1,47.34851825,2995.091707,0.002031,0,0.0052445,0,0.0033865,0,0,0,0,0,0.151728,6.472102045,0.003295403,0.000307983,0
35,234,1,47.34851825,2995.091707,3.0939,0,0,0,0.0088426,0,0.13028,0,0,0,0,0.219704697,0.003295403,0.000307983,0
35,234,1,47.34851825,2995.091707,0,0,0,0,20.653,0,0,0,0,0,5.1363,11.33524931,0.003295403,0.000307983,0
35,234,1,47.34851825,2995.091707,0,0,0,0.65046,0,0,0,0,0,0,0,0.301225485,0.003295403,0.000307983,0
35,234,1,47.34851825,2995.091707,0.067102,0,0,0.008333,0.012187,0,0,0,0,0,0.151728,1.035375756,0.003295403,0.000307983,0
35,234,1,47.34851825,2995.091707,0,0,0,0,0.00524,0,0,0,0,0,1.95174,0.085689464,0.003295403,0.000307983,0
35,234,1,47.34851825,2995.091707,0,0,0,0.008333,22.461,0,0,0,0,0,4.5897,3.789481443,0.003295403,0.000307983,0
35,234,1,47.34851825,2995.091707,8.6108,0,0,0,0,0,0.10863,0,0,0,0,11.68233493,0.003295403,0.000307983,0
35,234,1,47.34851825,2995.091707,7.1589,0,0,9.0645,0,0,0,0,0,0,0,6.472102045,0.003295403,0.000307983,0
35,234,1,47.34851825,2995.091707,0.008333,0,0,0,0,0,0,0,0,0,29.2218,3.789481443,0.003295403,0.000307983,0
35,234,1,47.34851825,2995.091707,0.49815,0,0,0,0,0,0,0,0,0,2.76468,0.085689464,0.003295403,0.000307983,0
35,234,1,47.34851825,2995.091707,0.20435,0,0,0,0,0.34845,0,0,0,0,0.271728,0.541773565,0.003295403,0.000307983,0
35,234,1,47.34851825,2995.091707,0.008333,0,0,0,0.00524,0,4.8562,0,0,0,0.151728,0.423815456,0.003295403,0.000307983,0
35,234,1,47.34851825,2995.091707,0.1613,0,0,0,0.78045,0,0,0,0,0,0.151728,0.541773565,0.003295403,0.000307983,0
35,234,1,47.34851825,2995.091707,5.5802,0,0,0,0,0,0,0,0,0,8.7318,15.12102526,0.003295403,0.000307983,0
35,234,1,47.34851825,2995.091707,0.022279,0,0,2.6259,0,0,0,0,0,0,30.885,10.04744876,0.003295403,0.000307983,0
35,234,1,47.34851825,2995.091707,0.22048,0,0,0,0.008333,0,0,0,0,0,0.151728,0.085689464,0.003295403,0.000307983,0
35,234,1,47.34851825,2995.091707,0,0,0,0,0,0,0,0,0.079547,0,28.113,2.474804353,0.003295403,0.000307983,0
35,234,1,47.34851825,2995.091707,0,0,0,2.1101,0,0,0,0,0,0,10.6335,0.423815456,0.003295403,0.000307983,0
35,234,1,47.34851825,2995.091707,0.2494,0,0,0,12.308,0,0,0,0,0,0.280446,2.474804353,0.003295403,0.000307983,0
35,234,1,47.34851825,2995.091707,0.002382,0,0,0,0.21081,0,0,0,0,0,1.09647,0.423815456,0.003295403,0.000307983,0
35,234,1,47.34851825,2995.091707,0,0,0,0.15874,0,0,0,0.033143,0,0,0,0.541773565,0.003295403,0.000307983,0
35,234,1,47.34851825,2995.091707,2.5794,0,0,30.329,0.23265,0,0,0,0,0,1.17432,11.33524931,0.003295403,0.000307983,0
35,234,1,47.34851825,2995.091707,0,0,0,0,0,0,0,0,0,0,4.4103,3.237208988,0.003295403,0.000307983,0
35,234,1,47.34851825,2995.091707,0,0,0,0,0,2.9165,0,0,0,0,0.151728,2.474804353,0.003295403,0.000307983,0
35,234,1,47.34851825,2995.091707,0.016058,0,0,0.008335,0.002741,0.78189,0,0,0,0,10.3692,3.789481443,0.003295403,0.000307983,0
35,234,1,47.34851825,2995.091707,0.002508,0,0,0.007328,0.014941,0.49503,0,0,0,0,0.27948,6.472102045,0.003295403,0.000307983,0
35,234,1,47.34851825,2995.091707,3.5296,0,0,0.0055291,0,0,5.7012,0,0,0,0.151728,13.06734301,0.003295403,0.000307983,0
35,234,1,47.34851825,2995.091707,0.005239,0,0,0.00014,0.00524,0,0,0,0,0,0.151728,13.06734301,0.003295403,0.000307983,0
35,234,1,47.34851825,2995.091707,0.00524,0,0,0.027172,0,0,0,0,0,0,43.863,2.474804353,0.003295403,0.000307983,0
35,234,1,47.34851825,2995.091707,0,0,0,0,0.00043,0,0,0,0,0,0,0.423815456,0.003295403,0.000307983,0
35,234,1,47.34851825,2995.091707,0,0,0,0.48282,0,0,0,0,0,0,0,0.423815456,0.003295403,0.000307983,0
35,234,1,47.34851825,2995.091707,0,0,0,0,1.2446,0,0,0,0,0,0.72228,0.301225485,0.003295403,0.000307983,0
35,234,1,47.34851825,2995.091707,0.019152,0,0,0.71875,0,0,0,0,0,0,0,0.219704697,0.003295403,0.000307983,0
35,234,1,47.34851825,2995.091707,0.047912,0,0,0,3.7158,0,0,0,0,0,0,2.474804353,0.003295403,0.000307983,0
35,234,1,47.34851825,2995.091707,0.018381,0,0,5.5669,0,0,0,0,0,0,0.151728,0.301225485,0.003295403,0.000307983,0
35,234,1,47.34851825,2995.091707,0,0,0.19195,0.008333,0,0,0,0,0,0,0,0.085689464,0.003295403,0.000307983,0
35,234,1,47.34851825,2995.091707,0.10527,0,0,0.0306,0.008335,0,0,0,0,0,0,0.541773565,0.003295403,0.000307983,0
35,234,1,47.34851825,2995.091707,0.00524,0,0,0,0,0,0,0,0,0,0.151728,0.423815456,0.003295403,0.000307983,0
35,234,1,47.34851825,2995.091707,0.008335,0,0,0.008333,1.7509,0,0,0,0,0,0.151728,0.423815456,0.003295403,0.000307983,0
35,234,1,47.34851825,2995.091707,0.70554,0,0,0.27312,0,0.78972,0,0,0,0,0,0.085689464,0.003295403,0.000307983,0
35,234,1,47.34851825,2995.091707,0,0,0,0.010479,0,0,0,0,0,0,0.151728,0.541773565,0.003295403,0.000307983,0
35,234,1,47.34851825,2995.091707,0,0,0,0,1.0363,0,0,0,0,0,0.151728,0.085689464,0.003295403,0.000307983,0
35,234,1,47.34851825,2995.091707,0.001326,0,0,13.805,0,0,0,0,0,0,3.1278,0.423815456,0.003295403,0.000307983,0
35,234,1,47.34851825,2995.091707,0.005239,0,0,0,0,0,0,0,0,0,0,15.12102526,0.003295403,0.000307983,0
35,234,1,47.34851825,2995.091707,0.003822,0,0,0,0,0,0,0,0,0,0,2.007567612,0.003295403,0.000307983,0
35,234,1,47.34851825,2995.091707,0,0,0,0.006674,0.00524,0,0,0,0,0,1.42239,1.035375756,0.003295403,0.000307983,0
35,234,1,47.34851825,2995.091707,0,0,0,0.007148,0,0,0,0,0,0,0,25.71929039,0.003295403,0.000307983,0
35,234,1,47.34851825,2995.091707,0.18449,0,0,0,0,0,0,0,0,0,2.73105,17.60572724,0.003295403,0.000307983,0
35,234,1,47.34851825,2995.091707,27.506,0,0,0.008333,0.008321,0,0,0,0,0,0,15.12102526,0.003295403,0.000307983,0
35,234,1,47.34851825,2995.091707,0,0,0,0,15.439,0,0,0,0,0,0.276939,0.423815456,0.003295403,0.000307983,0
35,234,1,47.34851825,2995.091707,0.44516,0,0,0.007251,0,0,0,0,0,0,0,3.237208988,0.003295403,0.000307983,0
35,234,1,47.34851825,2995.091707,0,0,0,0.17235,0,0,0,0,0,0,0.151728,1.651413523,0.003295403,0.000307983,0
35,234,1,47.34851825,2995.091707,0,0,0,7.8979,0,0,0,0,0,0,18.3318,0.219704697,0.003295403,0.000307983,0
35,234,1,47.34851825,2995.091707,0,0,0,0.013546,0.008333,0,0,0,0,0,0,0.219704697,0.003295403,0.000307983,0
35,234,1,47.34851825,2995.091707,0,0,0,0,0.21081,0,0,0,0,0,0,0.99739448,0.003295403,0.000307983,0
35,234,1,47.34851825,2995.091707,0,0,0,0,2.557,0,0,0,0,0,0.275259,2.474804353,0.003295403,0.000307983,0
35,234,1,47.34851825,2995.091707,0,0,0,0,0,0,0,0,0,0,8.6688,6.495762651,0.003295403,0.000307983,0
35,234,1,47.34851825,2995.091707,7.1711,0,0,0,0,0,0,0,0.019817,0,0.151728,0.219704697,0.003295403,0.000307983,0
35,234,1,47.34851825,2995.091707,0.008333,0,0,0,1.2072,0,0,0,0,0,0,3.789481443,0.003295403,0.000307983,0
35,234,1,47.34851825,2995.091707,0.72108,0,0,0,0,0,0,0,0,0,3.3018,0.99739448,0.003295403,0.000307983,0
35,234,1,47.34851825,2995.091707,0,0,0,0,0,0.008333,0.67053,0,0,0,0.151728,0.219704697,0.003295403,0.000307983,0
35,234,1,47.34851825,2995.091707,0.55531,0,0,0,0.000739,0,0.13028,0,0,0,0.151728,3.237208988,0.003295403,0.000307983,0
35,234,1,47.34851825,2995.091707,0.00524,0,0,0,0,0,0,0,0,0,3.4872,15.12102526,0.003295403,0.000307983,0
35,234,1,47.34851825,2995.091707,0,0,0.00524,0.65591,0,0,0,0,0,0,5.787,0.301225485,0.003295403,0.000307983,0
35,234,1,47.34851825,2995.091707,0.00524,0,0,0,0,0,0,0,0,0,0,2.007567612,0.003295403,0.000307983,0
35,234,1,47.34851825,2995.091707,0,0,0,0.003538,1.5408,0,0,0,0,0,9.0018,2.474804353,0.003295403,0.000307983,0
35,234,1,47.34851825,2995.091707,0,0,0,0.008333,0.009056,0,0,0,0,0,0,0.085689464,0.003295403,0.000307983,0
35,234,1,47.34851825,2995.091707,0.008333,0,0,0.022218,0,0,0,0,0,0,1.10577,0.423815456,0.003295403,0.000307983,0
35,234,1,47.34851825,2995.091707,0.22048,0,0,0,0,0.78033,0,0,0,0,0.151728,1.035375756,0.003295403,0.000307983,0
35,234,1,47.34851825,2995.091707,0,0,0,0,0,0,0,0,0,0,0.31098,3.789481443,0.003295403,0.000307983,0
35,234,1,47.34851825,2995.091707,0.003355,0,0,0,0,0,0,0,0,0,3.0075,1.651413523,0.003295403,0.000307983,0
35,234,1,47.34851825,2995.091707,0,0,0,0,0,0,0,0,0,0,0,2.474804353,0.003295403,0.000307983,0
35,234,1,47.34851825,2995.091707,0,0,0,0,0,0,0,0,0,0,0,22.79016382,0.003295403,0.000307983,0
35,234,1,47.34851825,2995.091707,0.016858,0,0,0,0,0,0,0.097617,0,0,2.68779,3.237208988,0.003295403,0.000307983,0
35,234,1,47.34851825,2995.091707,0,0,0.42531,0,0,0,0,0,0,0,0.286419,6.472102045,0.003295403,0.000307983,0
35,234,1,47.34851825,2995.091707,0.67499,0,0,0.00524,14.269,0,0,0,0,0,0,2.474804353,0.003295403,0.000307983,0
35,234,1,47.34851825,2995.091707,1.7472,0,0,0.71875,0.42442,0,0,0,0,0,15.7923,0.219704697,0.003295403,0.000307983,0
35,234,1,47.34851825,2995.091707,0.00524,0,0,23.551,4.6346,0,0,0,0,0,4.9119,0.219704697,0.003295403,0.000307983,0
35,234,1,47.34851825,2995.091707,23.064,0,0,0.008333,0,0,0,0,0,0,0,10.04744876,0.003295403,0.000307983,0
35,234,1,47.34851825,2995.091707,0.061767,0,1.1811,0,0,0,0.13028,0,0,0,30.123,0.085689464,0.003295403,0.000307983,0
35,234,1,47.34851825,2995.091707,0,0,0,5.4764,0,0,0,0,0,0,1.38174,2.007567612,0.003295403,0.000307983,0
35,234,1,47.34851825,2995.091707,0.047389,0,0,0,8.688,0,0,0,0,0,0,10.04744876,0.003295403,0.000307983,0
35,234,1,47.34851825,2995.091707,0.0083909,0,0,0,0,0,0,0,0,0,0,0.423815456,0.003295403,0.000307983,0
35,234,1,47.34851825,2995.091707,0,0,0,0.001669,0,0,0,0,0,0,0.151728,3.237208988,0.003295403,0.000307983,0
35,234,1,47.34851825,2995.091707,0.008321,0,0,0,0.0096305,0,0,0,0,0,0,25.71929039,0.003295403,0.000307983,0
35,234,1,47.34851825,2995.091707,0,0,0,8.389,0,0,0,0,0,0,0,3.237208988,0.003295403,0.000307983,0
35,234,1,47.34851825,2995.091707,0.00524,0,1.5044,1.9259,0,0,0,0,0,0,4.6158,0.99739448,0.003295403,0.000307983,0
35,234,1,47.34851825,2995.091707,0.51774,0,0,0,0,0,9.1898,0,0,0,0,22.79016382,0.003295403,0.000307983,0
35,234,1,47.34851825,2995.091707,36.159,0,3.9436,0,0,0,0.42744,0,0,0,0,0.99739448,0.003295403,0.000307983,0
35,234,1,47.34851825,2995.091707,0.012671,0,7.1966,10.898,1.5099,0,0,0,0,0,0.279585,0.423815456,0.003295403,0.000307983,0
35,234,1,47.34851825,2995.091707,0.005239,0,0,0,0,0,0.67053,0,0,0,0.287505,0.085689464,0.003295403,0.000307983,0
35,234,1,47.34851825,2995.091707,0,0,0,0,0,0,0,0,0,0,0.151728,6.472102045,0.003295403,0.000307983,0
35,234,1,47.34851825,2995.091707,1.1394,0,0,0,0,0,0,0,0,0,0.151728,1.651413523,0.003295403,0.000307983,0
35,234,1,47.34851825,2995.091707,0.005239,0,0,0.088496,0,0,0,0,0,0,1.38174,2.124635517,0.003295403,0.000307983,0
35,234,1,47.34851825,2995.091707,0.001326,0,3.4544,6.4627,0,5.0956,0.13028,0,0,0,1.97832,0.99739448,0.003295403,0.000307983,0
35,234,1,47.34851825,2995.091707,0,0,0,0.14395,0,0,0,0,0,0,0,11.33524931,0.003295403,0.000307983,0
35,234,1,47.34851825,2995.091707,0.00524,0,0,0,0,0,2.7921,0,0,0,34.872,0.423815456,0.003295403,0.000307983,0
35,234,1,47.34851825,2995.091707,0.00524,0,0,0,0,0,0,0,0,0,0.151728,2.474804353,0.003295403,0.000307983,0
35,234,1,47.34851825,2995.091707,0.005239,0,0,0,0,0,27.706,0,0,0,0.9426,0.541773565,0.003295403,0.000307983,0
35,234,1,47.34851825,2995.091707,0.004864,0,0,0,0.019681,0.41195,0,0,0,0,0,3.789481443,0.003295403,0.000307983,0
35,234,1,47.34851825,2995.091707,0.00524,0,0,0.047701,0,0,0,0,0,0,0.151728,11.33524931,0.003295403,0.000307983,0
35,234,1,47.34851825,2995.091707,0.012568,0,0,0,0.028193,0,0,0,0,0,1.27794,2.124635517,0.003295403,0.000307983,0
35,234,1,47.34851825,2995.091707,1.5561,0,0,0.29765,0,0,15.504,0,0,0,0.181728,1.651413523,0.003295403,0.000307983,0
35,234,1,47.34851825,2995.091707,0.0068531,0,0,0,22.461,0,0,0,0,0,0.151728,0.219704697,0.003295403,0.000307983,0
35,234,1,47.34851825,2995.091707,0,0,0,0.0021738,11.167,0,0,0,0,0,1.52439,0.085689464,0.003295403,0.000307983,0
35,234,1,47.34851825,2995.091707,0.08029,0,0,0,8.688,0,0,0,0,0,0.51381,2.474804353,0.003295403,0.000307983,0
35,234,1,47.34851825,2995.091707,0,0,0,0,0,0,0,0,0,0,0.151728,0.423815456,0.003295403,0.000307983,0
35,234,1,47.34851825,2995.091707,1.8709,0,0,0.007214,0.007697,8.1854,0,0,0,0,4.4358,15.12102526,0.003295403,0.000307983,0
35,234,1,47.34851825,2995.091707,0,0,8.3189,0,0,1.3521,0,0,0,0,0.73911,0.085689464,0.003295403,0.000307983,0
35,234,1,47.34851825,2995.091707,0.00644,0,0,0,0,0,0,0,0,0,0.151728,2.124635517,0.003295403,0.000307983,0
35,234,1,47.34851825,2995.091707,0.012423,0,0,0,0,0,0,0,0,0,0.151728,0.219704697,0.003295403,0.000307983,0
35,234,1,47.34851825,2995.091707,0.000752,0,0,0.008333,0,0,0,0,0,0,36.924,0.085689464,0.003295403,0.000307983,0
35,234,1,47.34851825,2995.091707,0.01367,0,0,0,0.014719,0,0,0,0,0,0,25.71929039,0.003295403,0.000307983,0
35,234,1,47.34851825,2995.091707,5.8431,0,0,1.244,0.25503,0,0,0,0,0,0,6.472102045,0.003295403,0.000307983,0
35,234,1,47.34851825,2995.091707,0.000376,0,0,0,0,0,0,0,0,0,4.1406,2.474804353,0.003295403,0.000307983,0
36,235,4.752,47.46892724,3002.708333,0,0,0,0,0,0,0,0,0,0,0,0,0.003542985,0.000331121,0
36,235,4.752,47.46892724,3002.708333,0.075337,0,0,0.0062753,0.00524,0,0,0,0,0,0.151728,0,0.003542985,0.000331121,0
36,235,4.752,47.46892724,3002.708333,0.71313,0,0.24323,0,0.027306,0.78033,0,0,0,0,0,0,0.003542985,0.000331121,0
36,235,4.752,47.46892724,3002.708333,0,0,0,3.0666,0,0,5.0969,0.17161,0,0,0.151728,0,0.003542985,0.000331121,0
36,235,4.752,47.46892724,3002.708333,0.13074,0,0,0.00036,2.8291,0,0,0,0.27037,0,0,0,0.003542985,0.000331121,0
36,235,4.752,47.46892724,3002.708333,0,0,0,0,0,1.1965,0,0,0,0,0,0,0.003542985,0.000331121,0
36,235,4.752,47.46892724,3002.708333,0,0,0,0.00524,1.0171,0,0,0,0,0,0,0,0.003542985,0.000331121,0
36,235,4.752,47.46892724,3002.708333,11.344,0,0,0.007697,7.8711,0,0,0,0,0,0,0,0.003542985,0.000331121,0
36,235,4.752,47.46892724,3002.708333,0,0,0,0.011652,0.00833,0,0.40452,0,0,0,0,0,0.003542985,0.000331121,0
36,235,4.752,47.46892724,3002.708333,0,0,0,0,0.13092,0,0,0,0,0,9.4383,0,0.003542985,0.000331121,0
36,235,4.752,47.46892724,3002.708333,14.661,0,0,0.005239,0,0,0,0,0,0,28.113,0,0.003542985,0.000331121,0
36,235,4.752,47.46892724,3002.708333,0,0,0,0,1.7912,0,0,0,0,0,0.151728,0,0.003542985,0.000331121,0
36,235,4.752,47.46892724,3002.708333,0.00524,0,0,0.29765,0.003538,0,0,0,0,0,0,0,0.003542985,0.000331121,0
36,235,4.752,47.46892724,3002.708333,0,0,0,0.030965,0,0,0,0,0,0,0.276939,0,0.003542985,0.000331121,0
36,235,4.752,47.46892724,3002.708333,0.85316,0,0,0,0,0,0,0,0,0,0,0,0.003542985,0.000331121,0
36,235,4.752,47.46892724,3002.708333,6.8104,0,0,0.003821,0,0,35.433,0,0,0,2.93637,0,0.003542985,0.000331121,0
36,235,4.752,47.46892724,3002.708333,0.00644,0,0,0.097569,0,0,0,0,0,0,3.2364,0,0.003542985,0.000331121,0
36,235,4.752,47.46892724,3002.708333,0.0021738,0,0,1.6635,0.32888,0,0,0,0,0,0,0,0.003542985,0.000331121,0
36,235,4.752,47.46892724,3002.708333,0,0,0,0,0,0,0,0,0,0,6.2754,0,0.003542985,0.000331121,0
36,235,4.752,47.46892724,3002.708333,0.026827,0,0,0,0.008335,0,0,0,0,0,0.151728,0,0.003542985,0.000331121,0
36,235,4.752,47.46892724,3002.708333,0.22208,0,0,0,3.3777,0,0,0,0,0,11.7102,0,0.003542985,0.000331121,0
36,235,4.752,47.46892724,3002.708333,0,0,0,0.008335,0,2.879,0,0,0,0,3.3018,0,0.003542985,0.000331121,0
36,235,4.752,47.46892724,3002.708333,0,0,7.5877,0,0,0,0,0,0,0,0.271728,0,0.003542985,0.000331121,0
36,235,4.752,47.46892724,3002.708333,0.011679,0,0,0.1455,4.5283,0,0,0,0,0,7.4118,0,0.003542985,0.000331121,0
36,235,4.752,47.46892724,3002.708333,0.001326,0,0,0.21079,0.005239,0,0,0,0,0,1.47333,0,0.003542985,0.000331121,0
36,235,4.752,47.46892724,3002.708333,0,0,0,0,0,0,0,0,0,0,0,0,0.003542985,0.000331121,0
36,235,4.752,47.46892724,3002.708333,0,0,22.389,0,0,0,0,0,0,0,7.431,0,0.003542985,0.000331121,0
36,235,4.752,47.46892724,3002.708333,0,0,0,0.008333,0,0,0,0,0,0,9.5499,0,0.003542985,0.000331121,0
36,235,4.752,47.46892724,3002.708333,0,0,0,17.164,0,0,0,0,0,0,0.151728,0,0.003542985,0.000331121,0
36,235,4.752,47.46892724,3002.708333,0,0,4.1558,7.5633,0,0,0,0,0,0,24.5118,0,0.003542985,0.000331121,0
36,235,4.752,47.46892724,3002.708333,7.9784,0,0,0,0,0,0,0,0,0,0,0,0.003542985,0.000331121,0
36,235,4.752,47.46892724,3002.708333,0.0066265,0,0,0.6175,0.000739,0,0,0.011889,0,0,0,0,0.003542985,0.000331121,0
36,235,4.752,47.46892724,3002.708333,0,0,0,0,0.070777,0,0,0.84877,0,0,0.151728,0,0.003542985,0.000331121,0
36,235,4.752,47.46892724,3002.708333,0,0,0,0.0083909,0.008333,0,0,0,0,0,8.3718,0,0.003542985,0.000331121,0
36,235,4.752,47.46892724,3002.708333,0.00524,0,0,0,1.8824,0,0,0,0,0,15.7923,0,0.003542985,0.000331121,0
36,235,4.752,47.46892724,3002.708333,0.63883,0,0,0,0.26036,0,0,0,0,0,8.7318,0,0.003542985,0.000331121,0
36,235,4.752,47.46892724,3002.708333,0.39529,0,0,0,21.429,19.534,0,0,0,0,0.151728,0,0.003542985,0.000331121,0
36,235,4.752,47.46892724,3002.708333,0,0,0,0,5.6507,0,0,0,0,0,0,0,0.003542985,0.000331121,0
36,235,4.752,47.46892724,3002.708333,0.075337,0,0,0.001436,0,0,0,0,0,0,0.151728,0,0.003542985,0.000331121,0
36,235,4.752,47.46892724,3002.708333,0.01048,0,0,0.27312,0,0,0,0,0,0,0.151728,0,0.003542985,0.000331121,0
36,235,4.752,47.46892724,3002.708333,0.010364,0,0.19195,0.008333,0.003538,0,0,0,0,0,0.151728,0,0.003542985,0.000331121,0
36,235,4.752,47.46892724,3002.708333,0.0088426,0,0,0,0,0,0,0,0,0,1.84839,0,0.003542985,0.000331121,0
36,235,4.752,47.46892724,3002.708333,0.026038,0,0,0,3.5933,0,0,1.2753,0,0,0.211728,0,0.003542985,0.000331121,0
36,235,4.752,47.46892724,3002.708333,1.4262,0,0,0,3.0408,0,0,0,0,0,0.151728,0,0.003542985,0.000331121,0
36,235,4.752,47.46892724,3002.708333,0.070781,0,0,0,0,0.26686,0,0,0,0,0.151728,0,0.003542985,0.000331121,0
36,235,4.752,47.46892724,3002.708333,0,0,0,0,0,0,0,0,0,0,0.276924,0,0.003542985,0.000331121,0
36,235,4.752,47.46892724,3002.708333,0.053886,0,0,0,0,0,0,0,0,0,0.151728,0,0.003542985,0.000331121,0
36,235,4.752,47.46892724,3002.708333,0.0152,0,0,1.7274,0,0,0.75031,0.80064,0,0,0.151728,0,0.003542985,0.000331121,0
36,235,4.752,47.46892724,3002.708333,1.898,0,0,0.71875,0,0,0,0,0,0,13.3746,0,0.003542985,0.000331121,0
36,235,4.752,47.46892724,3002.708333,5.0534,0,0,0,0,0.0016135,0,0,0,0,0,0,0.003542985,0.000331121,0
36,235,4.752,47.46892724,3002.708333,0,0,0,0.008333,0,0,0.13028,0,0,0,0.151728,0,0.003542985,0.000331121,0
36,235,4.752,47.46892724,3002.708333,0,0,0,5.8999,0,0,0,0,0,0,0.151728,0,0.003542985,0.000331121,0
36,235,4.752,47.46892724,3002.708333,0,0,0,4.8058,0,0,0,0,0,0,0,0,0.003542985,0.000331121,0
36,235,4.752,47.46892724,3002.708333,0,0,0,0,0,0,0,0,0,0,0,0,0.003542985,0.000331121,0
36,235,4.752,47.46892724,3002.708333,0,0,0,0,0,7.545,0,0,0,0,0.151728,0,0.003542985,0.000331121,0
36,235,4.752,47.46892724,3002.708333,0,0,0,0,0.0084565,0,0,0,0,0,0,0,0.003542985,0.000331121,0
36,235,4.752,47.46892724,3002.708333,2.4135,0,0,0,0,0.82806,0,0,0,0,17.1858,0,0.003542985,0.000331121,0
36,235,4.752,47.46892724,3002.708333,3.9799,0,0,0,0,0,0,0,0,0,0.273372,0,0.003542985,0.000331121,0
36,235,4.752,47.46892724,3002.708333,0,0,0,0.008333,0,0,0,0,0,0,0.151728,0,0.003542985,0.000331121,0
36,235,4.752,47.46892724,3002.708333,1.8154,0,0,0,0.000739,0,0,0,0,0,3.1278,0,0.003542985,0.000331121,0
36,235,4.752,47.46892724,3002.708333,9.5606,0,0,0.007148,0.003538,0,0,0,0,0,0.70341,0,0.003542985,0.000331121,0
36,235,4.752,47.46892724,3002.708333,0.3628,0,0,0,0,0,0,0,0,0,25.3818,0,0.003542985,0.000331121,0
36,235,4.752,47.46892724,3002.708333,5.2762,0,0,5.0428,0.0021738,0,0,0,0,0,0.78174,0,0.003542985,0.000331121,0
36,235,4.752,47.46892724,3002.708333,0,0,0,0,0,0,0.10863,0,0,0,0.75903,0,0.003542985,0.000331121,0
36,235,4.752,47.46892724,3002.708333,0.58468,0,0,1.5394,0.000739,0,0,0,0,0,1.08174,0,0.003542985,0.000331121,0
36,235,4.752,47.46892724,3002.708333,0.000251,0,0,0,0,0,0,0,0,0,0,0,0.003542985,0.000331121,0
36,235,4.752,47.46892724,3002.708333,0.27066,0,0,0,43.956,0,0,0,0,0,0,0,0.003542985,0.000331121,0
36,235,4.752,47.46892724,3002.708333,4.5748,0,0,0,0,0,0,0,0,0,0.48174,0,0.003542985,0.000331121,0
36,235,4.752,47.46892724,3002.708333,0,0,0,0,0,0,0,0,0,0,0,0,0.003542985,0.000331121,0
36,235,4.752,47.46892724,3002.708333,0.00524,0,0,0,0,0,0.13028,0,0,0,1.86174,0,0.003542985,0.000331121,0
36,235,4.752,47.46892724,3002.708333,0,0,0,0,0,0,1.5219,0,0,0,12.8901,0,0.003542985,0.000331121,0
36,235,4.752,47.46892724,3002.708333,0,0,0,0,0,0,0.059897,0,0,0,22.8018,0,0.003542985,0.000331121,0
36,235,4.752,47.46892724,3002.708333,0.0067502,0,0.003346,0.02191,0,0,0,0,0,0,0,0,0.003542985,0.000331121,0
36,235,4.752,47.46892724,3002.708333,0,0,0,0,0,4.6961,0,0,0,0,0.151728,0,0.003542985,0.000331121,0
36,235,4.752,47.46892724,3002.708333,25.205,0,0,16.48,0,0,0,0,0,0,0.90174,0,0.003542985,0.000331121,0
36,235,4.752,47.46892724,3002.708333,0,0,17.757,0,0,0,0,0,0,0,14.5008,0,0.003542985,0.000331121,0
36,235,4.752,47.46892724,3002.708333,0,0,0,0,0,0,0,0,0,0,0,0,0.003542985,0.000331121,0
36,235,4.752,47.46892724,3002.708333,0.022279,0,0,0,0.002031,0,0,0,0,0,0,0,0.003542985,0.000331121,0
36,235,4.752,47.46892724,3002.708333,0.1789,0,0.0063895,0,0,0,0,0,0,0,3.8946,0,0.003542985,0.000331121,0
36,235,4.752,47.46892724,3002.708333,0,0,0,0,0,0,0,0,0,0,12.8901,0,0.003542985,0.000331121,0
36,235,4.752,47.46892724,3002.708333,0.73427,0,0,0,0,0,0,0,0,0,8.172,0,0.003542985,0.000331121,0
36,235,4.752,47.46892724,3002.708333,0.0724,0,1.0798,0,0,0,0,0,0,0,0.151728,0,0.003542985,0.000331121,0
36,235,4.752,47.46892724,3002.708333,0.070781,0,0,0,0.025169,0,0,0,0,0,28.113,0,0.003542985,0.000331121,0
36,235,4.752,47.46892724,3002.708333,0,0,0,0.016337,0,0,0,0,0,0,0,0,0.003542985,0.000331121,0
36,235,4.752,47.46892724,3002.708333,0.71246,0,0,0.69261,1.2446,0,0,0,0,0,0.33174,0,0.003542985,0.000331121,0
36,235,4.752,47.46892724,3002.708333,0.013573,0,0,0,0.008333,0,15.249,0,0,0,0.151728,0,0.003542985,0.000331121,0
36,235,4.752,47.46892724,3002.708333,0,0,0,0,0,0,0,0,0,0,0.151728,0,0.003542985,0.000331121,0
36,235,4.752,47.46892724,3002.708333,0,0,0,0.030964,0.00524,0,0,0,0,0,0.151728,0,0.003542985,0.000331121,0
36,235,4.752,47.46892724,3002.708333,0.008333,0,0,0.008333,0.13896,0,0.40452,0,0,0,3.9402,0,0.003542985,0.000331121,0
36,235,4.752,47.46892724,3002.708333,0.026827,0,0,0,0.001434,0,0,0,0,0,6.5418,0,0.003542985,0.000331121,0
36,235,4.752,47.46892724,3002.708333,0,0,0,0,0,0.77921,0,0,0,0,0,0,0.003542985,0.000331121,0
36,235,4.752,47.46892724,3002.708333,0.00014,0,0,0,1.1039,0.00524,0,0,0,0,0,0,0.003542985,0.000331121,0
36,235,4.752,47.46892724,3002.708333,7.1711,0,0,0.44439,0,0,0,0,0.00644,0,0,0,0.003542985,0.000331121,0
36,235,4.752,47.46892724,3002.708333,7.9784,0,0,0.18602,0,0,0,0,0,0,12.3399,0,0.003542985,0.000331121,0
36,235,4.752,47.46892724,3002.708333,0.007697,0,0,0,0,20.64,0,0,0,0,0.278526,0,0.003542985,0.000331121,0
36,235,4.752,47.46892724,3002.708333,0,0,0,0,0,0,0,0,0,0,3.6159,0,0.003542985,0.000331121,0
36,235,4.752,47.46892724,3002.708333,0,0,0,0,0,0,0.13028,0.018439,0,0,0,0,0.003542985,0.000331121,0
36,235,4.752,47.46892724,3002.708333,0.002031,0,0,0.20517,0,0,0,0,0,0,0,0,0.003542985,0.000331121,0
36,235,4.752,47.46892724,3002.708333,0.000251,0,0,0,0,0,0,0,0,0,0.151728,0,0.003542985,0.000331121,0
36,235,4.752,47.46892724,3002.708333,0,0,0,0,0,0,0,0,0,0,0.151728,0,0.003542985,0.000331121,0
36,235,4.752,47.46892724,3002.708333,0,0,0,0,0,0,0,0,0,0,2.93637,0,0.003542985,0.000331121,0
36,235,4.752,47.46892724,3002.708333,0,0,0.41975,0,0,0,0,0,0,0,7.2051,0,0.003542985,0.000331121,0
36,235,4.752,47.46892724,3002.708333,0,0,0,0.042858,16,0,0,0,0,0,6.4536,0,0.003542985,0.000331121,0
36,235,4.752,47.46892724,3002.708333,0.008333,0,0,0.0306,0.013476,0,0,0,0,0,0,0,0.003542985,0.000331121,0
36,235,4.752,47.46892724,3002.708333,0,0,0,0.1451,0,0,0,0,0,0,0.67983,0,0.003542985,0.000331121,0
36,235,4.752,47.46892724,3002.708333,0,0,0.015636,0,0.047685,0,0,0,0,0,17.3325,0,0.003542985,0.000331121,0
36,235,4.752,47.46892724,3002.708333,4.6688,0,0,0.008333,0,0,0,0,0,0,9.0018,0,0.003542985,0.000331121,0
36,235,4.752,47.46892724,3002.708333,0.002031,0,0,0,0,0,0,0,0,0,2.94174,0,0.003542985,0.000331121,0
36,235,4.752,47.46892724,3002.708333,6.8272,0,0.00524,0,0,0,0.60778,0,0,0,19.6818,0,0.003542985,0.000331121,0
36,235,4.752,47.46892724,3002.708333,0,0,0,0,0.008333,0,0,0,0,0,0.151728,0,0.003542985,0.000331121,0
36,235,4.752,47.46892724,3002.708333,0,0,0,0,0,0,0,0,0,0,0.151728,0,0.003542985,0.000331121,0
36,235,4.752,47.46892724,3002.708333,0,0,0,0.003539,14.084,0,0,0,0,0,0.151728,0,0.003542985,0.000331121,0
36,235,4.752,47.46892724,3002.708333,0,0,0,0,0,0,0,0,0,0,0.151728,0,0.003542985,0.000331121,0
36,235,4.752,47.46892724,3002.708333,0.76883,0,0,1.231,0,0,0,0,0,0,0.151728,0,0.003542985,0.000331121,0
36,235,4.752,47.46892724,3002.708333,0,0,0.000251,0,0,0,0,0,4.4377,0,2.94174,0,0.003542985,0.000331121,0
36,235,4.752,47.46892724,3002.708333,11.135,0,0,0,0,0,0,0,0,0,4.5198,0,0.003542985,0.000331121,0
36,235,4.752,47.46892724,3002.708333,1.8905,0,0,1.8616,0,0,0,0,0,0,16.6719,0,0.003542985,0.000331121,0
36,235,4.752,47.46892724,3002.708333,0,0,0,1.244,0,0,0,0,0,0,0.151728,0,0.003542985,0.000331121,0
36,235,4.752,47.46892724,3002.708333,0,0,0,0.013606,0.0070165,0,0,0,0,0,0,0,0.003542985,0.000331121,0
36,235,4.752,47.46892724,3002.708333,6.87,0,0,0,0.00524,0,14.079,0,0,0,3.8823,0,0.003542985,0.000331121,0
36,235,4.752,47.46892724,3002.708333,0.000688,0,0,0.008335,0,0,0,0,0,0,0.151728,0,0.003542985,0.000331121,0
36,235,4.752,47.46892724,3002.708333,0.053886,0,0,0.000063,0.00062,0,0,0,0,0,0,0,0.003542985,0.000331121,0
36,235,4.752,47.46892724,3002.708333,0.007148,0,0,0.008336,0.008333,0,0,0,0,0,0.65616,0,0.003542985,0.000331121,0
36,235,4.752,47.46892724,3002.708333,0.001478,0,0.00062,0,2.8821,0,0,0,0,0,0,0,0.003542985,0.000331121,0
36,235,4.752,47.46892724,3002.708333,6.2048,0,0,0.79273,0.002156,0,0,0,0,0,1.17456,0,0.003542985,0.000331121,0
36,235,4.752,47.46892724,3002.708333,0,0,0,0,0,0,0,0,0,0,0,0,0.003542985,0.000331121,0
36,235,4.752,47.46892724,3002.708333,43.218,0,0,0.15605,0,0,0,0,0,0,0.151728,0,0.003542985,0.000331121,0
36,235,4.752,47.46892724,3002.708333,0,0,0,0,0,0,0.13028,0,0,0,0,0,0.003542985,0.000331121,0
36,235,4.752,47.46892724,3002.708333,0.008489,0,0,0,0,0,0,0,0,0,0,0,0.003542985,0.000331121,0
36,235,4.752,47.46892724,3002.708333,0,0,0,0,5.6507,0,0,0,0,0,0,0,0.003542985,0.000331121,0
36,235,4.752,47.46892724,3002.708333,0.005239,0,0,0.006674,0,0,0,0,0,0,0,0,0.003542985,0.000331121,0
36,235,4.752,47.46892724,3002.708333,0,0,0,0,0.23265,5.0308,0,0,0,0,0.273018,0,0.003542985,0.000331121,0
36,235,4.752,47.46892724,3002.708333,3.2852,0,0,0,0.008333,0,0,0,0,0,0,0,0.003542985,0.000331121,0
36,235,4.752,47.46892724,3002.708333,0,0,0,0.062249,2.3758,0.13226,0,0,0,0,0,0,0.003542985,0.000331121,0
36,235,4.752,47.46892724,3002.708333,0.51774,0,0,0,0,0,0,0,0,0,0.33174,0,0.003542985,0.000331121,0
36,235,4.752,47.46892724,3002.708333,0.015487,0,5.5296,0,0.008333,0,0,0,0,0,0.151728,0,0.003542985,0.000331121,0
36,235,4.752,47.46892724,3002.708333,0,0,0,5.8999,0,0,0,0,0,0,0,0,0.003542985,0.000331121,0
36,235,4.752,47.46892724,3002.708333,0,0,0,0.0088426,0,0,0.13028,0,0,0,0,0,0.003542985,0.000331121,0
36,235,4.752,47.46892724,3002.708333,0,0,0,0,0.002868,0,0,0,0,0,2.37174,0,0.003542985,0.000331121,0
36,235,4.752,47.46892724,3002.708333,0,0,0,4.3923,0,0.19707,0,0,0,0,0,0,0.003542985,0.000331121,0
36,235,4.752,47.46892724,3002.708333,6.0303,0,0,0,0,0,0.021726,0,0,0,0,0,0.003542985,0.000331121,0
36,235,4.752,47.46892724,3002.708333,0.18244,0,0,0,0,0,0,0,0,0,0.151728,0,0.003542985,0.000331121,0
36,235,4.752,47.46892724,3002.708333,7.9784,0,0,0,0.000063,0,0,0,0,0,23.3337,0,0.003542985,0.000331121,0
36,235,4.752,47.46892724,3002.708333,0.042136,0,0,0,2.006,0,0,0,0,0,16.0194,0,0.003542985,0.000331121,0
36,235,4.752,47.46892724,3002.708333,0.024492,0,0,0.008333,0,0,0,0,0,0,0,0,0.003542985,0.000331121,0
36,235,4.752,47.46892724,3002.708333,0.008333,0,0,0,0.007221,0,0,0,0,0,0.93561,0,0.003542985,0.000331121,0
36,235,4.752,47.46892724,3002.708333,0.50457,0,0,0,0,0,0,0,0,0,0,0,0.003542985,0.000331121,0
36,235,4.752,47.46892724,3002.708333,0.0062156,0,0,0,0,0,0,0,0,0,0.151728,0,0.003542985,0.000331121,0
36,235,4.752,47.46892724,3002.708333,0.008333,0,0,0,0,0,0,0,0,0,0.151728,0,0.003542985,0.000331121,0
36,235,4.752,47.46892724,3002.708333,0.008333,0,10.506,0,0,0,0,0,0,0,0.151728,0,0.003542985,0.000331121,0
36,235,4.752,47.46892724,3002.708333,0.001009,0,0,0,0,0,0,0,0,0,0.151728,0,0.003542985,0.000331121,0
36,235,4.752,47.46892724,3002.708333,0.00644,0,0,0,0,0,0,0,0,0,0.151728,0,0.003542985,0.000331121,0
36,235,4.752,47.46892724,3002.708333,0.019714,0,0,0,0,0.79321,0,0,0,0,0.151728,0,0.003542985,0.000331121,0
36,235,4.752,47.46892724,3002.708333,0,0,0,0,0,0,21.198,0,0,0,0.151728,0,0.003542985,0.000331121,0
36,235,4.752,47.46892724,3002.708333,0,0,0.81358,0,0,0.78642,0,0,0.002868,0,15.7923,0,0.003542985,0.000331121,0
36,235,4.752,47.46892724,3002.708333,0.030048,0,0,0,0,0,0,0,0,0,8.9418,0,0.003542985,0.000331121,0
36,235,4.752,47.46892724,3002.708333,0,0,0,0,3.1339,0,0,0,0,0,7.4118,0,0.003542985,0.000331121,0
36,235,4.752,47.46892724,3002.708333,0,0,0,0.0021738,0.42442,0,0,0,0,0,10.4865,0,0.003542985,0.000331121,0
36,235,4.752,47.46892724,3002.708333,9.7427,0,0,3.325,0,0,0,0,0,0,6.8079,0,0.003542985,0.000331121,0
36,235,4.752,47.46892724,3002.708333,3.6358,0,0,0,0,0,0,0,0,0,0,0,0.003542985,0.000331121,0
36,235,4.752,47.46892724,3002.708333,0,0,0,1.0487,2.4885,0,0.59876,0,0,0,0.151728,0,0.003542985,0.000331121,0
36,235,4.752,47.46892724,3002.708333,0.00524,0,0,0,0,0,0.74966,0,0,0,0,0,0.003542985,0.000331121,0
36,235,4.752,47.46892724,3002.708333,0,0,0,0.007251,0,0,0,0,0,0,0.151728,0,0.003542985,0.000331121,0
36,235,4.752,47.46892724,3002.708333,0,0,0,0,0,0.15887,0,0,0,0,0,0,0.003542985,0.000331121,0
36,235,4.752,47.46892724,3002.708333,0.002031,0,0,0,0.011532,0,0.13028,0,0,0,0.181728,0,0.003542985,0.000331121,0
36,235,4.752,47.46892724,3002.708333,0,0,0,0,4.2931,0,0,0,0,0,0,0,0.003542985,0.000331121,0
36,235,4.752,47.46892724,3002.708333,0,0,0,0.008333,0,0,0,0,0,0,0,0,0.003542985,0.000331121,0
36,235,4.752,47.46892724,3002.708333,0.72108,0,0,0,0,0,20.673,0,0,0,0,0,0.003542985,0.000331121,0
36,235,4.752,47.46892724,3002.708333,0.027357,0,0,0.008333,3.7158,0.020647,0,0,0,0,2.05122,0,0.003542985,0.000331121,0
36,235,4.752,47.46892724,3002.708333,0.3628,0,0,0.013415,0,0,0,0,0,0,0,0,0.003542985,0.000331121,0
36,235,4.752,47.46892724,3002.708333,0,0,0,0,0,0,0,0,0,0,28.8018,0,0.003542985,0.000331121,0
36,235,4.752,47.46892724,3002.708333,0.3628,0,0,0.48873,0.008333,0,0,0,0,0,0,0,0.003542985,0.000331121,0
36,235,4.752,47.46892724,3002.708333,0.051828,0,0,0.011941,0,0,0,0,0.096447,0,9.0018,0,0.003542985,0.000331121,0
36,235,4.752,47.46892724,3002.708333,0,0,0,0,0.003821,0,0,0,0,0,0.2871,0,0.003542985,0.000331121,0
36,235,4.752,47.46892724,3002.708333,0,0,0,0,0,0,18.313,0,0,0,0.211728,0,0.003542985,0.000331121,0
36,235,4.752,47.46892724,3002.708333,0.00753,0,0,0,0,0.79321,0.13028,0,0,0,0,0,0.003542985,0.000331121,0
36,235,4.752,47.46892724,3002.708333,0.047389,0,0,0.46711,0.008333,0.63853,0,0,0,0,2.64756,0,0.003542985,0.000331121,0
36,235,4.752,47.46892724,3002.708333,9.9965,0,0,7.4028,0.008333,0,0,0,0,0,1.63956,0,0.003542985,0.000331121,0
36,235,4.752,47.46892724,3002.708333,0.00524,0,0,20.576,0,0,0,0,0,0,0,0,0.003542985,0.000331121,0
36,235,4.752,47.46892724,3002.708333,14.661,0,0,0.007697,0.008333,0,0,0,0,0,5.2875,0,0.003542985,0.000331121,0
36,235,4.752,47.46892724,3002.708333,0,0,0,0,0,0,0,0,0,0,42.996,0,0.003542985,0.000331121,0
36,235,4.752,47.46892724,3002.708333,0.00524,0,0,0,5.2021,0,0,0.79268,0,0,5.0757,0,0.003542985,0.000331121,0
36,235,4.752,47.46892724,3002.708333,0,0,0,0,0.010122,0,0,0,0,0,0.271728,0,0.003542985,0.000331121,0
36,235,4.752,47.46892724,3002.708333,43.582,0,0,0.00524,0.008332,0,0,0,0,0,0,0,0.003542985,0.000331121,0
36,235,4.752,47.46892724,3002.708333,0.008335,0,0,0,14.269,0,0,0,0,0,0.77829,0,0.003542985,0.000331121,0
36,235,4.752,47.46892724,3002.708333,0,0,0,7.5633,0,0,0,0,0,0,8.9418,0,0.003542985,0.000331121,0
36,235,4.752,47.46892724,3002.708333,0,0,0,0.008336,2.6315,0,0,0,0,0,0.293307,0,0.003542985,0.000331121,0
36,235,4.752,47.46892724,3002.708333,0.1613,0,0,0.00524,0,0,0,0,0,0,12.3399,0,0.003542985,0.000331121,0
36,235,4.752,47.46892724,3002.708333,0.93731,0,0,0.12252,0,0,0,0,0,0,2.10972,0,0.003542985,0.000331121,0
36,235,4.752,47.46892724,3002.708333,0.008335,0,0.016493,0,12.308,0,0,0,0,0,0,0,0.003542985,0.000331121,0
36,235,4.752,47.46892724,3002.708333,0.003346,0,0,0,0.10502,0,0,0,0,0,0.293307,0,0.003542985,0.000331121,0
36,235,4.752,47.46892724,3002.708333,0.008333,0,0,0.0088426,10.444,0,0,0,0,0,0.278526,0,0.003542985,0.000331121,0
36,235,4.752,47.46892724,3002.708333,0.18674,0,0,0,0,0,0,0,0,0,2.96682,0,0.003542985,0.000331121,0
36,235,4.752,47.46892724,3002.708333,27.506,0,0,0,0,0,0,0,0,0,0,0,0.003542985,0.000331121,0
36,235,4.752,47.46892724,3002.708333,0.008321,0,0,0.0083909,0.003346,0,0,0,0,0,5.0757,0,0.003542985,0.000331121,0
36,235,4.752,47.46892724,3002.708333,0,0,0,0,0,0,0,0,0,0,1.17966,0,0.003542985,0.000331121,0
36,235,4.752,47.46892724,3002.708333,0,0,0,0,0.31016,0,0,0,0,0,0.151728,0,0.003542985,0.000331121,0
36,235,4.752,47.46892724,3002.708333,0,0,0,0,0,0,0,0,0,0,0.273384,0,0.003542985,0.000331121,0
36,235,4.752,47.46892724,3002.708333,0.17481,0,0,0,0.008333,1.9376,0,0,0,0,0,0,0.003542985,0.000331121,0
36,235,4.752,47.46892724,3002.708333,0,0,0,0.37666,0.25503,0,0,0,0,0,0.151728,0,0.003542985,0.000331121,0
36,235,4.752,47.46892724,3002.708333,0.035255,0,0,0.011527,0.00524,0,0,0,0,0,43.602,0,0.003542985,0.000331121,0
36,235,4.752,47.46892724,3002.708333,0,0,0,0,0,0.000024,0,0,0,0,0.151728,0,0.003542985,0.000331121,0
36,235,4.752,47.46892724,3002.708333,0.17481,0,0,0,4.1692,0,0.059897,0,0,0,0,0,0.003542985,0.000331121,0
36,235,4.752,47.46892724,3002.708333,8.933,0,0,0,0,0,0,0,0,0,0,0,0.003542985,0.000331121,0
36,235,4.752,47.46892724,3002.708333,0.00524,0,0,3.7171,0,0,0,0,0,0,0,0,0.003542985,0.000331121,0
36,235,4.752,47.46892724,3002.708333,1.8379,0,0,0.002011,0,0,0,0,0,0,1.88184,0,0.003542985,0.000331121,0
36,235,4.752,47.46892724,3002.708333,0,0,0,0,4.8466,0,0,0,0,0,19.4277,0,0.003542985,0.000331121,0
36,235,4.752,47.46892724,3002.708333,0.000251,0,0,0.001493,0.003144,0,0,0,0,0,0,0,0.003542985,0.000331121,0
36,235,4.752,47.46892724,3002.708333,0,0,0,0.013546,0,0,0,0,0,0,1.67382,0,0.003542985,0.000331121,0
36,235,4.752,47.46892724,3002.708333,0.008333,0,0,0,0,0,21.569,0,0,0,8.6688,0,0.003542985,0.000331121,0
36,235,4.752,47.46892724,3002.708333,0,0,0,0,23.272,0,0,0,0,0,0,0,0.003542985,0.000331121,0
36,235,4.752,47.46892724,3002.708333,0,0,0,1.6824,0,0,0,0,0,0,0,0,0.003542985,0.000331121,0
36,235,4.752,47.46892724,3002.708333,0.023275,0,0.68452,0.005769,0,0,0,0,0,0,0.151728,0,0.003542985,0.000331121,0
36,235,4.752,47.46892724,3002.708333,0.40788,0,0,0.025929,0.0041885,0,0,0,0,0,0,0,0.003542985,0.000331121,0
36,235,4.752,47.46892724,3002.708333,25.205,0,0,0.0088426,0,0,0,0,0,0,0,0,0.003542985,0.000331121,0
36,235,4.752,47.46892724,3002.708333,0,0,0,0.00524,0.44929,0,0,0,0,0,2.22174,0,0.003542985,0.000331121,0
36,235,4.752,47.46892724,3002.708333,0.047912,0,0,0,0,0,0,0,0,0,3.4635,0,0.003542985,0.000331121,0
36,235,4.752,47.46892724,3002.708333,0,0,0,0.015045,0.68315,0,0,0,0,0,0,0,0.003542985,0.000331121,0
36,235,4.752,47.46892724,3002.708333,2.1821,0,0,0,0,0,0,0,0,0,0,0,0.003542985,0.000331121,0
36,235,4.752,47.46892724,3002.708333,0.00524,0,0,0,0.353,3.738,0,0,0,0,2.13174,0,0.003542985,0.000331121,0
36,235,4.752,47.46892724,3002.708333,0.003416,0,0,0.00524,0.01564,0,0,0,0,0,0.151728,0,0.003542985,0.000331121,0
36,235,4.752,47.46892724,3002.708333,0,0,0,0,0.13592,0.80155,0,0,0,0,0.181728,0,0.003542985,0.000331121,0
36,235,4.752,47.46892724,3002.708333,0.00524,0,0,0.00524,0.0062156,0,0,0,0,0,0,0,0.003542985,0.000331121,0
36,235,4.752,47.46892724,3002.708333,0.032101,0,0.81046,0,23.272,0,0,0,0,0,0.151728,0,0.003542985,0.000331121,0
36,235,4.752,47.46892724,3002.708333,0,0,0,0.0055919,0,2.0371,0,0,0,0,0.31059,0,0.003542985,0.000331121,0
36,235,4.752,47.46892724,3002.708333,0,0,0,0.005769,0.0214,0,0.67053,0,0,0,0,0,0.003542985,0.000331121,0
36,235,4.752,47.46892724,3002.708333,0,0,0,0,0,0,0.13028,0,0,0,4.8687,0,0.003542985,0.000331121,0
36,235,4.752,47.46892724,3002.708333,0.012568,0,0,0,0,0,0.67845,0,0,0,42.996,0,0.003542985,0.000331121,0
36,235,4.752,47.46892724,3002.708333,0.67499,0,0,0,0,0,0,0,0,0,5.4765,0,0.003542985,0.000331121,0
36,235,4.752,47.46892724,3002.708333,0.022279,0,0,0,0.0068531,0,0,0,0,0,0,0,0.003542985,0.000331121,0
36,235,4.752,47.46892724,3002.708333,0,0,0,0.005769,10.361,0,0,0,0,0,1.33728,0,0.003542985,0.000331121,0
36,235,4.752,47.46892724,3002.708333,0.003346,0,0,0.03272,0,0,0,0,0,0,2.68779,0,0.003542985,0.000331121,0
36,235,4.752,47.46892724,3002.708333,0,0,0,0.27563,0.022119,0,0,0,0,0,0,0,0.003542985,0.000331121,0
36,235,4.752,47.46892724,3002.708333,0.29343,0,0,0,0,0.003334,0,0,0,0,1.09155,0,0.003542985,0.000331121,0
36,235,4.752,47.46892724,3002.708333,0.018381,0,0,0,0,1.944,0,0,0,0,0.151728,0,0.003542985,0.000331121,0
36,235,4.752,47.46892724,3002.708333,0.00036,0,0,0.008335,0.00524,0,0,0,0,0,1.08174,0,0.003542985,0.000331121,0
36,235,4.752,47.46892724,3002.708333,0.00644,0,0,0.002868,0.008333,0,0,0,0,0,6.102,0,0.003542985,0.000331121,0
36,235,4.752,47.46892724,3002.708333,0,0,0,0,0.005239,0,0,0,0,0,0.151728,0,0.003542985,0.000331121,0
36,235,4.752,47.46892724,3002.708333,0.008333,0,0.001669,0.1451,0.11608,0,0.10863,0,0,0,2.64756,0,0.003542985,0.000331121,0
36,235,4.752,47.46892724,3002.708333,0,0,0,0,0.00062,0,0,0,0,0,0,0,0.003542985,0.000331121,0
36,235,4.752,47.46892724,3002.708333,0,0,0,17.373,0,0,0,0,0,0,0,0,0.003542985,0.000331121,0
36,235,4.752,47.46892724,3002.708333,1.5202,0,0,0,0.14346,2.4162,0,0,0.62958,0,0,0,0.003542985,0.000331121,0
36,235,4.752,47.46892724,3002.708333,0.075337,0,0,0.15275,12.686,0,0.60778,0,0,0,3.6423,0,0.003542985,0.000331121,0
36,235,4.752,47.46892724,3002.708333,0,0,0,1.3952,0.029406,0,0,0,0,0,0.151728,0,0.003542985,0.000331121,0
36,235,4.752,47.46892724,3002.708333,0,0,0,0,0.00524,0,0,0,0,0,9.4467,0,0.003542985,0.000331121,0
36,235,4.752,47.46892724,3002.708333,0.01061,0,0,0,0,0,0,0,0,0,0.278532,0,0.003542985,0.000331121,0
36,235,4.752,47.46892724,3002.708333,1.2325,0,0,0,4.0421,0,0,0,0,0,15.0018,0,0.003542985,0.000331121,0
36,235,4.752,47.46892724,3002.708333,13.81,0,0,0.008333,0,0.25468,0,0,0,0,0.278526,0,0.003542985,0.000331121,0
36,235,4.752,47.46892724,3002.708333,0,0,0,0,0.008333,0,0,0,0,0,0.151728,0,0.003542985,0.000331121,0
36,235,4.752,47.46892724,3002.708333,0.35231,0,0,0,0,0,0,0,0,0,8.7318,0,0.003542985,0.000331121,0
36,235,4.752,47.46892724,3002.708333,0,0,0,0.19366,0,0,0,0,0,0,0,0,0.003542985,0.000331121,0
36,235,4.752,47.46892724,3002.708333,0,0,0,0,0,0,0.67053,0,0,0,1.38174,0,0.003542985,0.000331121,0
36,235,4.752,47.46892724,3002.708333,0.7988,0,0,0,0.010373,0,0.13028,0,0,0,0.151728,0,0.003542985,0.000331121,0
36,235,4.752,47.46892724,3002.708333,0.013404,0,1.5044,0,0,0,0.13028,0,0,0,0.151728,0,0.003542985,0.000331121,0
36,235,4.752,47.46892724,3002.708333,0,0,0,0.0060235,0.090777,0,0,1.2957,0,0,3.9402,0,0.003542985,0.000331121,0
36,235,4.752,47.46892724,3002.708333,0,0,0,0.0076281,12.686,0,0,0,0,0,0.151728,0,0.003542985,0.000331121,0
36,235,4.752,47.46892724,3002.708333,0.002031,0,0,0,0,0,0,0,0,0,4.1943,0,0.003542985,0.000331121,0
36,235,4.752,47.46892724,3002.708333,0,0,0,4.7441,0,0,0,0,0,0,0.30174,0,0.003542985,0.000331121,0
36,235,4.752,47.46892724,3002.708333,1.5374,0,0,0,0,8.9216,0,0,0,0,3.6918,0,0.003542985,0.000331121,0
36,235,4.752,47.46892724,3002.708333,0.3267,0,0,0,4.5941,0,2.7921,0,0,0,0.151728,0,0.003542985,0.000331121,0
36,235,4.752,47.46892724,3002.708333,0,0,0,0,0.013036,0,0.13028,0,0,0,0.31059,0,0.003542985,0.000331121,0
36,235,4.752,47.46892724,3002.708333,0,0,0,1.5394,26.765,0,0,0,0,0,0,0,0.003542985,0.000331121,0
36,235,4.752,47.46892724,3002.708333,0.010338,0,0,0,0,0,0,0,0,0,22.617,0,0.003542985,0.000331121,0
36,235,4.752,47.46892724,3002.708333,36.159,0,0,0,0,0,0,0,0,0,8.9418,0,0.003542985,0.000331121,0
36,235,4.752,47.46892724,3002.708333,0.047389,0,0,0.02891,0.0094073,0,18.58,0,0,0,6.102,0,0.003542985,0.000331121,0
36,235,4.752,47.46892724,3002.708333,1.1394,0,0,0,0.030073,0,12.2,0,0,0,0,0,0.003542985,0.000331121,0
36,235,4.752,47.46892724,3002.708333,2.2602,0,0,0,0.000739,0,0,0,0,0,4.5198,0,0.003542985,0.000331121,0
36,235,4.752,47.46892724,3002.708333,13.595,0,0,0,0.001478,0,0,0,0,0,0,0,0.003542985,0.000331121,0
36,235,4.752,47.46892724,3002.708333,0.012568,0,0.22384,0.008333,0,0,0,0,0,0,6.105,0,0.003542985,0.000331121,0
36,235,4.752,47.46892724,3002.708333,0,0,0,0.0065058,0,0,0,0,0,0,0,0,0.003542985,0.000331121,0
36,235,4.752,47.46892724,3002.708333,0,0,0,0.18811,0,0,0,0,0,0,1.96911,0,0.003542985,0.000331121,0
36,235,4.752,47.46892724,3002.708333,0.00036,0,0,0,0,0,0.42744,0,0,0,0.151728,0,0.003542985,0.000331121,0
36,235,4.752,47.46892724,3002.708333,0,0,0,0,0.008321,0,0,0,0.2003,0,0,0,0.003542985,0.000331121,0
36,235,4.752,47.46892724,3002.708333,0.001267,0,0,0,0.3855,0.014727,0,0,0,0,1.62018,0,0.003542985,0.000331121,0
36,235,4.752,47.46892724,3002.708333,0,0,0,0,0.008333,0,38.932,0,0,0,0,0,0.003542985,0.000331121,0
36,235,4.752,47.46892724,3002.708333,0,0,0,0,0,0,0,0,0,0,1.62048,0,0.003542985,0.000331121,0
36,235,4.752,47.46892724,3002.708333,0.015667,0,0,0.80704,0.008333,0,0,0,0,0,0,0,0.003542985,0.000331121,0
36,235,4.752,47.46892724,3002.708333,0.0066265,0,0.003821,0,0.00644,0,0,0,0,0,0.45174,0,0.003542985,0.000331121,0
36,235,4.752,47.46892724,3002.708333,0,0,0,0,0,0,0,0,0,0,0,0,0.003542985,0.000331121,0
36,235,4.752,47.46892724,3002.708333,0.00014,0,0,0,2.006,0,0,0,0,0,43.863,0,0.003542985,0.000331121,0
36,235,4.752,47.46892724,3002.708333,2.6701,0,0,0.0089655,0.00524,0,0.008333,0,0,0,7.8042,0,0.003542985,0.000331121,0
36,235,4.752,47.46892724,3002.708333,0,0,0,0,0.005239,0,0,0,0,0,6.2754,0,0.003542985,0.000331121,0
36,235,4.752,47.46892724,3002.708333,0.0066265,0,0,0,0,0,0,0,0,0,1.91388,0,0.003542985,0.000331121,0
36,235,4.752,47.46892724,3002.708333,0,0,0.7988,0,10.115,0.45857,0,0,0,0,7.2051,0,0.003542985,0.000331121,0
36,235,4.752,47.46892724,3002.708333,0.061886,0,0,0,0,0,0,0,0,0,0.151728,0,0.003542985,0.000331121,0
36,235,4.752,47.46892724,3002.708333,9.146,0,0.012342,0.84472,0,0,0,0,0,0,0,0,0.003542985,0.000331121,0
36,235,4.752,47.46892724,3002.708333,0.01332,0,0,0.014602,0.059735,0,0,0,0,0,1.04805,0,0.003542985,0.000331121,0
36,235,4.752,47.46892724,3002.708333,0.00524,0,0,0,0,0,0.10863,0,0,0,15.252,0,0.003542985,0.000331121,0
36,235,4.752,47.46892724,3002.708333,2.2494,0,0,0,0,0,0,0,0,0,0.151728,0,0.003542985,0.000331121,0
36,235,4.752,47.46892724,3002.708333,0,0,0,0,0,0,0.13028,0,0,0,8.6688,0,0.003542985,0.000331121,0
36,235,4.752,47.46892724,3002.708333,0.012671,0,0,0,0,0,0,0,0,0,1.08174,0,0.003542985,0.000331121,0
36,235,4.752,47.46892724,3002.708333,0,0,0,0,0.076792,0,0,0,0,0,1.62048,0,0.003542985,0.000331121,0
36,235,4.752,47.46892724,3002.708333,0.002139,0,0,0,0,0,0,0,0,0,2.61366,0,0.003542985,0.000331121,0
36,235,4.752,47.46892724,3002.708333,0,0,0,0,0,0,0,0,0,0,0,0,0.003542985,0.000331121,0
36,235,4.752,47.46892724,3002.708333,0,0,0,0,0.062887,0,0,0,0,0,4.6029,0,0.003542985,0.000331121,0
36,235,4.752,47.46892724,3002.708333,0.0056,0,0,0.02891,0,0,0,0,0,0,0,0,0.003542985,0.000331121,0
36,235,4.752,47.46892724,3002.708333,0.000376,0,0,4.648,0,0,0,0,0,0,0.151728,0,0.003542985,0.000331121,0
36,235,4.752,47.46892724,3002.708333,2.8708,0,0,0,0,0,0,0.52615,0,0,3.8823,0,0.003542985,0.000331121,0
36,235,4.752,47.46892724,3002.708333,16.603,0,0,1.3084,2.0529,0,0,0,0,0,0.151728,0,0.003542985,0.000331121,0
36,235,4.752,47.46892724,3002.708333,0.29343,0,0,0,0,0,0,0,0,0,0,0,0.003542985,0.000331121,0
36,235,4.752,47.46892724,3002.708333,0,0,0,0.030964,0.008321,0,0,0,0,0,0.34593,0,0.003542985,0.000331121,0
36,235,4.752,47.46892724,3002.708333,0,0,4.3247,0,0.008333,0,0,0,0,0,0,0,0.003542985,0.000331121,0
36,235,4.752,47.46892724,3002.708333,0.015667,0,0,0,0,0,0,0,0,0,8.9118,0,0.003542985,0.000331121,0
36,235,4.752,47.46892724,3002.708333,0.002096,0,0,0,0,0,0,0,0,0,0.151728,0,0.003542985,0.000331121,0
36,235,4.752,47.46892724,3002.708333,0,0,0,13.409,0,0,0,0,0,0,0.151728,0,0.003542985,0.000331121,0
36,235,4.752,47.46892724,3002.708333,1.385,0,0,0.82457,17.934,0,0,1.5781,0,0,0.151728,0,0.003542985,0.000331121,0
36,235,4.752,47.46892724,3002.708333,0,0,0,0.011527,0.005239,0,0.13028,0,0,0,41.715,0,0.003542985,0.000331121,0
36,235,4.752,47.46892724,3002.708333,0.008333,0,0,0.00524,2.0298,0,0,0,0,0,12.3399,0,0.003542985,0.000331121,0
36,235,4.752,47.46892724,3002.708333,0.010122,0,0,1.7274,0.005239,0.0899,0,0.90889,0,0,1.64742,0,0.003542985,0.000331121,0
36,235,4.752,47.46892724,3002.708333,0.002508,0,0,0,0.003346,0,0,0,0,0,0.34434,0,0.003542985,0.000331121,0
36,235,4.752,47.46892724,3002.708333,0,0,0,0,0.027077,0,0,0,0,0,0.151728,0,0.003542985,0.000331121,0
36,235,4.752,47.46892724,3002.708333,0,0,0,0.12252,0.005239,0,0,0,0,0,0.280587,0,0.003542985,0.000331121,0
36,235,4.752,47.46892724,3002.708333,0.00524,0,0,0.14108,0,0,0,0,0,0,0,0,0.003542985,0.000331121,0
36,235,4.752,47.46892724,3002.708333,0,0,0,0,0,0,0,0,0,0,0,0,0.003542985,0.000331121,0
36,235,4.752,47.46892724,3002.708333,1.8905,0,0,0.37527,0.4381,0,0,0,0,0,23.3337,0,0.003542985,0.000331121,0
36,235,4.752,47.46892724,3002.708333,0.0094528,0,0,0,0,0,0,0,0,0,7.5918,0,0.003542985,0.000331121,0
36,235,4.752,47.46892724,3002.708333,0,0,0,0.097569,0.19458,0.03757,0,0,0,0,1.17966,0,0.003542985,0.000331121,0
36,235,4.752,47.46892724,3002.708333,0,0,0,0.0055919,0.007221,0,0,0,0,0,0.65616,0,0.003542985,0.000331121,0
36,235,4.752,47.46892724,3002.708333,0.0088426,0,0,2.1757,0.000376,0,0,0,0,0,0.151728,0,0.003542985,0.000331121,0
36,235,4.752,47.46892724,3002.708333,4.4514,0,0,0.011652,4.4409,0,0,0,0,0,0,0,0.003542985,0.000331121,0
36,235,4.752,47.46892724,3002.708333,0,0,0,0,1.4612,0,0,0,0,0,0.151728,0,0.003542985,0.000331121,0
36,235,4.752,47.46892724,3002.708333,0.40788,0,0.81841,0,8.3856,0,0.13028,0,0,0,0.273384,0,0.003542985,0.000331121,0
36,235,4.752,47.46892724,3002.708333,0.0083909,0,0.81835,0.040507,0,5.0956,0,0,0,0,0,0,0.003542985,0.000331121,0
36,235,4.752,47.46892724,3002.708333,0,0,0,0,0,0,0,0,0,0,0,0,0.003542985,0.000331121,0
36,235,4.752,47.46892724,3002.708333,0,0,0,0,0.98255,0,0,0,0,0,0.278703,0,0.003542985,0.000331121,0
36,235,4.752,47.46892724,3002.708333,0.008333,0,0,0,0,0,0,0,0,0,0,0,0.003542985,0.000331121,0
36,235,4.752,47.46892724,3002.708333,3.8952,0,0,0,0,0,0,0,0,0,3.6918,0,0.003542985,0.000331121,0
36,235,4.752,47.46892724,3002.708333,0.41786,0,0,0.82457,0,0,0,0,0,0,34.872,0,0.003542985,0.000331121,0
36,235,4.752,47.46892724,3002.708333,0,0,8.1304,1.231,0,0,0,0,0,0,3.4818,0,0.003542985,0.000331121,0
36,235,4.752,47.46892724,3002.708333,0.00524,0,0,0,0.00524,0,0,12.428,0,0,0,0,0.003542985,0.000331121,0
36,235,4.752,47.46892724,3002.708333,0.011957,0,0,0,0.046926,0,0,0,0,0,39.096,0,0.003542985,0.000331121,0
36,235,4.752,47.46892724,3002.708333,0,0,0,0.15168,0,0,0,0,0,0,0,0,0.003542985,0.000331121,0
36,235,4.752,47.46892724,3002.708333,0.008333,0,0.60303,0.00036,0,0,0,0,0,0,3.3018,0,0.003542985,0.000331121,0
36,235,4.752,47.46892724,3002.708333,1.0344,0,0,0.0306,0.007148,0,0,0,0,0,5.787,0,0.003542985,0.000331121,0
36,235,4.752,47.46892724,3002.708333,0,0,0,0.008333,6.2437,0,0,0,0,0,0,0,0.003542985,0.000331121,0
36,235,4.752,47.46892724,3002.708333,0.001669,0,0,0,0,0,0,0,0,0,18.7944,0,0.003542985,0.000331121,0
36,235,4.752,47.46892724,3002.708333,0.0088426,0,0,0,2.439,0,0,0,0,0,0.151728,0,0.003542985,0.000331121,0
36,235,4.752,47.46892724,3002.708333,0,0,0,0,0,0,0,0,0,0,6.5418,0,0.003542985,0.000331121,0
36,235,4.752,47.46892724,3002.708333,0.67038,0,0,0,5.1226,0,6.0057,0,0,0,0,0,0.003542985,0.000331121,0
36,235,4.752,47.46892724,3002.708333,0.004864,0,0,0,0,0.79321,0,0,0,0,0,0,0.003542985,0.000331121,0
36,235,4.752,47.46892724,3002.708333,0,0,0,0.00387,0,0,0,0,0,0,0.273324,0,0.003542985,0.000331121,0
36,235,4.752,47.46892724,3002.708333,0,0,0,0.011527,0,0,0,0,0,0,0,0,0.003542985,0.000331121,0
36,235,4.752,47.46892724,3002.708333,0.013476,0,0,0.80704,0.046926,0,0.67845,0,0,0,0.70764,0,0.003542985,0.000331121,0
36,235,4.752,47.46892724,3002.708333,0.003538,0,0,0,0,0,0.76779,0,0,0,17.3325,0,0.003542985,0.000331121,0
36,235,4.752,47.46892724,3002.708333,0,0,0,0,0,0.29716,0,0,0,0,0.275769,0,0.003542985,0.000331121,0
36,235,4.752,47.46892724,3002.708333,0.008333,0,0,0.2491,0,0.79321,0,0,0,0,0.151728,0,0.003542985,0.000331121,0
36,235,4.752,47.46892724,3002.708333,0,0,0,0.041028,0.0099455,0,0,0,0,0,0.151728,0,0.003542985,0.000331121,0
36,235,4.752,47.46892724,3002.708333,0,0,0,1.6824,0,0,0,0,0,0,1.02351,0,0.003542985,0.000331121,0
36,235,4.752,47.46892724,3002.708333,0,0,0,0.013606,0,0,0,0,0,0,0.151728,0,0.003542985,0.000331121,0
36,235,4.752,47.46892724,3002.708333,0.0097027,0,0,0,0,0,0,0,0,0,0,0,0.003542985,0.000331121,0
36,235,4.752,47.46892724,3002.708333,8.933,0,0,1.6824,0,0,0,0,0,0,0.151728,0,0.003542985,0.000331121,0
36,235,4.752,47.46892724,3002.708333,0.00524,0,0,0.008333,0,0,0,0,0,0,0.151728,0,0.003542985,0.000331121,0
36,235,4.752,47.46892724,3002.708333,0,0,0.066337,0,0,0,0,0,0,0,0.151728,0,0.003542985,0.000331121,0
36,235,4.752,47.46892724,3002.708333,0.004864,0,0,0,0.008336,0.79321,0,0,0,0,8.5434,0,0.003542985,0.000331121,0
36,235,4.752,47.46892724,3002.708333,0.000251,0,0,0,0,0,0,0,0,0,0.273384,0,0.003542985,0.000331121,0
36,235,4.752,47.46892724,3002.708333,0,0,0,0,4.2216,0,0,0,0,0,1.86174,0,0.003542985,0.000331121,0
36,235,4.752,47.46892724,3002.708333,0.005979,0,0,0,0.053112,0,0,0,0,0,0,0,0.003542985,0.000331121,0
36,235,4.752,47.46892724,3002.708333,0.00062,0,0.0053495,0.84472,0,0,0,0,0,0,0.151728,0,0.003542985,0.000331121,0
36,235,4.752,47.46892724,3002.708333,0.009261,0,0,9.2817,0.007148,0,0,0,0,0,0,0,0.003542985,0.000331121,0
36,235,4.752,47.46892724,3002.708333,2.1571,0,0,0,2.8091,0,0,0,0,0,6.1116,0,0.003542985,0.000331121,0
36,235,4.752,47.46892724,3002.708333,0.03314,0,0,0,0,0,0,0,0,0,18.9018,0,0.003542985,0.000331121,0
36,235,4.752,47.46892724,3002.708333,0.000251,0,0,0,0,0,0,0,0,0,0.151728,0,0.003542985,0.000331121,0
36,235,4.752,47.46892724,3002.708333,2.2987,0,0,0,1.1453,0,0,0,0,0,17.3325,0,0.003542985,0.000331121,0
36,235,4.752,47.46892724,3002.708333,0,0,0,0,0.014119,0,0,0,0,0,0.151728,0,0.003542985,0.000331121,0
36,235,4.752,47.46892724,3002.708333,0,0,0,0.011652,0,0,0,0,0,0,2.41287,0,0.003542985,0.000331121,0
36,235,4.752,47.46892724,3002.708333,0,0,0,4.2796,0,0,0,0,0,0,0.151728,0,0.003542985,0.000331121,0
36,235,4.752,47.46892724,3002.708333,0,0,0,6.2716,0,0.000491,0,0,0,0,0.151728,0,0.003542985,0.000331121,0
36,235,4.752,47.46892724,3002.708333,28.979,0,0,0,0,0,0,0,0,0,0.151728,0,0.003542985,0.000331121,0
36,235,4.752,47.46892724,3002.708333,0.1789,0,0,0.008333,0,0,0,0,0,0,0.151728,0,0.003542985,0.000331121,0
36,235,4.752,47.46892724,3002.708333,0,0,0,13.409,0,0,0,0,0,0,14.1318,0,0.003542985,0.000331121,0
36,235,4.752,47.46892724,3002.708333,0.0088108,0,0,0,6.2437,0,0,0,0,0,0,0,0.003542985,0.000331121,0
36,235,4.752,47.46892724,3002.708333,0,0,0.29259,0.000376,0.62723,0,0,0,0,0,37.836,0,0.003542985,0.000331121,0
36,235,4.752,47.46892724,3002.708333,0.93731,0,0,0.008335,0.007102,0,0,0,0,0,14.8218,0,0.003542985,0.000331121,0
36,235,4.752,47.46892724,3002.708333,0,0,0,0.062249,0,10.284,12.641,0,0,0,0.273324,0,0.003542985,0.000331121,0
36,235,4.752,47.46892724,3002.708333,0.046194,0,0,0.53462,0,0,0,0,0,0,1.62018,0,0.003542985,0.000331121,0
36,235,4.752,47.46892724,3002.708333,0.013573,0,0,0,0,0,0,0,0,0,0,0,0.003542985,0.000331121,0
36,235,4.752,47.46892724,3002.708333,0,0,0,0,0,0,0,0,0,0,35.547,0,0.003542985,0.000331121,0
36,235,4.752,47.46892724,3002.708333,0,0,0,0.008335,0,0,0,0,0,0,0.3897,0,0.003542985,0.000331121,0
36,235,4.752,47.46892724,3002.708333,0,0,0,0,3.7158,0,29.961,0,0,0,1.27794,0,0.003542985,0.000331121,0
36,235,4.752,47.46892724,3002.708333,0,0,0,0.015258,0,0,0,0,0,0,2.96682,0,0.003542985,0.000331121,0
36,235,4.752,47.46892724,3002.708333,0.00524,0,0,0.011406,0,0,0,0,0,0,0,0,0.003542985,0.000331121,0
36,235,4.752,47.46892724,3002.708333,0,0,0,0.008333,8.1751,0.77921,0,0,0,0,0.151728,0,0.003542985,0.000331121,0
36,235,4.752,47.46892724,3002.708333,0,0,0,14.532,0,0,0,0,0,0,0.151728,0,0.003542985,0.000331121,0
36,235,4.752,47.46892724,3002.708333,0.013012,0,0,0,2.7215,0,0,0,0,0,0,0,0.003542985,0.000331121,0
36,235,4.752,47.46892724,3002.708333,25.205,0,0,0.0086135,0,0,0,0,0,0,0.273357,0,0.003542985,0.000331121,0
36,235,4.752,47.46892724,3002.708333,0.037775,0,0,0,0,0,0,0,0,0,4.5198,0,0.003542985,0.000331121,0
36,235,4.752,47.46892724,3002.708333,0.001326,0,0,0,0,1.3939,0,0,0,0,1.09647,0,0.003542985,0.000331121,0
36,235,4.752,47.46892724,3002.708333,0.0068531,0,0,0.008333,0,0,0,0,0,0,0,0,0.003542985,0.000331121,0
36,235,4.752,47.46892724,3002.708333,1.5374,0,0,0.70621,0,0,0,0,0,0,0,0,0.003542985,0.000331121,0
36,235,4.752,47.46892724,3002.708333,0,0,0,0,0,0,0,0,0,0,0.70485,0,0.003542985,0.000331121,0
36,235,4.752,47.46892724,3002.708333,0.001669,0,0,0.009056,0,0,0,0,0,0,0,0,0.003542985,0.000331121,0
36,235,4.752,47.46892724,3002.708333,0.0152,0,12.976,0,0,0,0,0,0,0,0.151728,0,0.003542985,0.000331121,0
36,235,4.752,47.46892724,3002.708333,0.043527,0,0,0,2.3758,0,0,0,0,0,0,0,0.003542985,0.000331121,0
36,235,4.752,47.46892724,3002.708333,0.029004,0,0,0,0,0,0,0,0,0,0.151728,0,0.003542985,0.000331121,0
36,235,4.752,47.46892724,3002.708333,2.6701,0,0,0,0,0,0,0,0,0,0,0,0.003542985,0.000331121,0
36,235,4.752,47.46892724,3002.708333,4.5748,0,0,0,0,0,0,0,0,0,0.70485,0,0.003542985,0.000331121,0
36,235,4.752,47.46892724,3002.708333,0,0,0,0,0,0,0,0,0,0,12.8022,0,0.003542985,0.000331121,0
36,235,4.752,47.46892724,3002.708333,0,0,0,7.1031,0,0.79321,0,0,0,0,0.151728,0,0.003542985,0.000331121,0
36,235,4.752,47.46892724,3002.708333,11.135,0,0,0,4.6346,0,0,0,0,0,0.34593,0,0.003542985,0.000331121,0
36,235,4.752,47.46892724,3002.708333,0.19126,0,0,2.0817,0,0.0000095,0,0,0,0,12.8901,0,0.003542985,0.000331121,0
36,235,4.752,47.46892724,3002.708333,0,0,0,12.981,0,0,0,0,0,0,19.5987,0,0.003542985,0.000331121,0
36,235,4.752,47.46892724,3002.708333,0.00524,0,0,0,0,0,0,0,0,0,0.151728,0,0.003542985,0.000331121,0
36,235,4.752,47.46892724,3002.708333,0,0,0,0,0,0,0.67845,0,0,0,25.56,0,0.003542985,0.000331121,0
36,235,4.752,47.46892724,3002.708333,0,0,0,0,0.008333,0,0,0,0,0,4.9119,0,0.003542985,0.000331121,0
36,235,4.752,47.46892724,3002.708333,0,0,0,5.5669,8.8857,0,0,0,0,0,3.9402,0,0.003542985,0.000331121,0
36,235,4.752,47.46892724,3002.708333,0.00524,0,0,0,0.049462,0,0.67845,0,0,0,0,0,0.003542985,0.000331121,0
36,235,4.752,47.46892724,3002.708333,0.00524,0,0,0,0,0,0,0,0,0,1.47252,0,0.003542985,0.000331121,0
36,235,4.752,47.46892724,3002.708333,8.3439,0,0,3.0666,0,0.62172,0,0,0,0,15.7923,0,0.003542985,0.000331121,0
36,235,4.752,47.46892724,3002.708333,0,0,0,0.013546,0.19458,0.77927,12.553,0,0,0,25.56,0,0.003542985,0.000331121,0
36,235,4.752,47.46892724,3002.708333,0.5002,0,0,0.008333,0,0,24.967,0,0,0,0.151728,0,0.003542985,0.000331121,0
36,235,4.752,47.46892724,3002.708333,10.309,0,0,0,0.0022594,0.78092,0,0,0,0,0,0,0.003542985,0.000331121,0
36,235,4.752,47.46892724,3002.708333,0.14827,0,0,0.019748,0.0062156,0,0,0,0,0,0.151728,0,0.003542985,0.000331121,0
36,235,4.752,47.46892724,3002.708333,0.03314,0,0,0.007148,9.8934,0.005828,0,0,0,0,0.151728,0,0.003542985,0.000331121,0
36,235,4.752,47.46892724,3002.708333,0.005239,0,0,0,0.31656,0,0,0,0,0,0,0,0.003542985,0.000331121,0
36,235,4.752,47.46892724,3002.708333,0,0,0,0,0.008333,0,0,3.0031,0,0,0,0,0.003542985,0.000331121,0
36,235,4.752,47.46892724,3002.708333,0,0,0,0.29765,0,0,0,0,0,0,0,0,0.003542985,0.000331121,0
36,235,4.752,47.46892724,3002.708333,0.00524,0,0,0.007251,0.86472,0,0,0,0,0,0.151728,0,0.003542985,0.000331121,0
36,235,4.752,47.46892724,3002.708333,0,0,0,0,0.008333,0,0,0,0,0,0,0,0.003542985,0.000331121,0
36,235,4.752,47.46892724,3002.708333,0,0,0,0,0,0,0,0,0,0,3.7518,0,0.003542985,0.000331121,0
36,235,4.752,47.46892724,3002.708333,1.7403,0,0,0,0,0.002082,0,0,0,0,19.2864,0,0.003542985,0.000331121,0
36,235,4.752,47.46892724,3002.708333,0,0,0,0,0.007148,0.026145,0,0,0,0,0.151728,0,0.003542985,0.000331121,0
36,235,4.752,47.46892724,3002.708333,0.008333,0,0,0,0.014119,0,0,0,0,0,0,0,0.003542985,0.000331121,0
36,235,4.752,47.46892724,3002.708333,0.01061,0,0,0,0.007148,0,0,0,0,0,24.9618,0,0.003542985,0.000331121,0
36,235,4.752,47.46892724,3002.708333,2.4135,0,0,0,0,0,0,0,0,0,0.278526,0,0.003542985,0.000331121,0
36,235,4.752,47.46892724,3002.708333,0.002096,0,0,0,0.00524,0,1.7925,0,0,0,0.151728,0,0.003542985,0.000331121,0
36,235,4.752,47.46892724,3002.708333,0,0,5.3893,0.008333,0.003822,0,0,0,0,0,0.151728,0,0.003542985,0.000331121,0
36,235,4.752,47.46892724,3002.708333,0,0,0,0.0088426,0,0.90378,0,0,0,0,0,0,0.003542985,0.000331121,0
36,235,4.752,47.46892724,3002.708333,0.008333,0,0,0,1.7509,0,0.002308,0,0,0,7.1259,0,0.003542985,0.000331121,0
36,235,4.752,47.46892724,3002.708333,0,0,0,0,0,0,25.207,0,0,0,0.273384,0,0.003542985,0.000331121,0
36,235,4.752,47.46892724,3002.708333,0,0,0.21206,0.0306,0.0033865,0,0,0,0,0,0,0,0.003542985,0.000331121,0
36,235,4.752,47.46892724,3002.708333,0,0,0,0,0.000739,0,0,0,0,0,1.08339,0,0.003542985,0.000331121,0
36,235,4.752,47.46892724,3002.708333,0.98357,0,0,0,1.1676,0,0,0,0,0,0.151728,0,0.003542985,0.000331121,0
36,235,4.752,47.46892724,3002.708333,0.00524,0,0,0,0,0,0,0,0,0,0,0,0.003542985,0.000331121,0
36,235,4.752,47.46892724,3002.708333,0.005239,0,0,0,0,0,0,0,0,0,15.3204,0,0.003542985,0.000331121,0
36,235,4.752,47.46892724,3002.708333,0,0,0,1.1486,0,0,0.002308,0,0,0,8.3928,0,0.003542985,0.000331121,0
36,235,4.752,47.46892724,3002.708333,0.013408,0,0,0.00524,0,0,0,0,0,0,19.7118,0,0.003542985,0.000331121,0
36,235,4.752,47.46892724,3002.708333,0.22048,0,0,0.62945,7.7396,0,0,0,5.5439,0,5.2875,0,0.003542985,0.000331121,0
36,235,4.752,47.46892724,3002.708333,0.061886,0,0,4.2796,2.557,0,0,0,0,0,12.3399,0,0.003542985,0.000331121,0
36,235,4.752,47.46892724,3002.708333,0.002598,0,0,0.36044,0.44929,0,0.74966,0,0,0,2.93637,0,0.003542985,0.000331121,0
36,235,4.752,47.46892724,3002.708333,0.038936,0,0.067267,0.17658,0.00524,0,0,0,0,0,19.5987,0,0.003542985,0.000331121,0
36,235,4.752,47.46892724,3002.708333,2.1473,0,0,0,0,0,0,0,0,0,9.6318,0,0.003542985,0.000331121,0
36,235,4.752,47.46892724,3002.708333,0.018338,0,0,0,0,0,0,0,0,0,0.151728,0,0.003542985,0.000331121,0
36,235,4.752,47.46892724,3002.708333,0.10994,0,0.015232,0.002031,11.167,0,0,0,0,0,2.22174,0,0.003542985,0.000331121,0
36,235,4.752,47.46892724,3002.708333,10.582,0,0,0.11621,0.18655,0,0,0,0,0,11.6058,0,0.003542985,0.000331121,0
36,235,4.752,47.46892724,3002.708333,0.063798,0,0,0.008321,0,0.057823,0,0,0,0,0.151728,0,0.003542985,0.000331121,0
36,235,4.752,47.46892724,3002.708333,0.030381,0,0,0.00644,0,0,0,0,0,0,4.4103,0,0.003542985,0.000331121,0
36,235,4.752,47.46892724,3002.708333,8.933,0,0,0,0.0067709,2.6999,0,0,0,0,6.3561,0,0.003542985,0.000331121,0
36,235,4.752,47.46892724,3002.708333,0.01061,0,0,0.22391,0.00524,0,0,0,0,0,23.3337,0,0.003542985,0.000331121,0
36,235,4.752,47.46892724,3002.708333,0.000172,0,0,0.00524,0,0,0,0,0,0,9.0018,0,0.003542985,0.000331121,0
36,235,4.752,47.46892724,3002.708333,0,0,0,0,0.00062,0,0,0,0,0,0,0,0.003542985,0.000331121,0
36,235,4.752,47.46892724,3002.708333,0,0,0,0,0.008333,0,6.9504,0,0,0,0.151728,0,0.003542985,0.000331121,0
36,235,4.752,47.46892724,3002.708333,0.016699,0,0,0.00524,0.010996,0,0,0,0,0,0,0,0.003542985,0.000331121,0
36,235,4.752,47.46892724,3002.708333,0.010364,0,0,5.7854,16,0,0,0,0,0,0.151728,0,0.003542985,0.000331121,0
36,235,4.752,47.46892724,3002.708333,0,0,0,0.2491,0,0,0,0,0,0,14.5008,0,0.003542985,0.000331121,0
36,235,4.752,47.46892724,3002.708333,0.021605,0,0,0.00524,0.73688,0,0,0,0,0,1.08798,0,0.003542985,0.000331121,0
36,235,4.752,47.46892724,3002.708333,0,0,0,0,0.01048,0,0,0,0,0,3.6486,0,0.003542985,0.000331121,0
36,235,4.752,47.46892724,3002.708333,0.0088426,0,0,0,0.00062,0,0,0,0,0,0.288579,0,0.003542985,0.000331121,0
36,235,4.752,47.46892724,3002.708333,0,0,0,0,0,0,0,0,0,0,0.269961,0,0.003542985,0.000331121,0
36,235,4.752,47.46892724,3002.708333,0.030003,0,0.1414,0,0,0,0,0,0,0,0,0,0.003542985,0.000331121,0
36,235,4.752,47.46892724,3002.708333,0,0,0,0,0.031711,0,0,0,0,0,10.9077,0,0.003542985,0.000331121,0
36,235,4.752,47.46892724,3002.708333,0.098565,0,0,1.3084,0,0,0.002308,0,0,0,8.3928,0,0.003542985,0.000331121,0
36,235,4.752,47.46892724,3002.708333,3.2038,0,0,0,0,1.112,0.13028,0,0,0,0,0,0.003542985,0.000331121,0
36,235,4.752,47.46892724,3002.708333,0,0,0,0,0,0,0,0,0,0,0,0,0.003542985,0.000331121,0
36,235,4.752,47.46892724,3002.708333,1.8115,0,0,0,0,0,0.008333,0,0,0,0.151728,0,0.003542985,0.000331121,0
36,235,4.752,47.46892724,3002.708333,0.17094,0,0,0,0,3.4808,0,0,0,0,0,0,0.003542985,0.000331121,0
36,235,4.752,47.46892724,3002.708333,22.449,0,0,0.00524,0,0,0,0,0,0,0,0,0.003542985,0.000331121,0
36,235,4.752,47.46892724,3002.708333,12.084,0,0,0.48282,0.90312,0,0,0,0,0,0.37014,0,0.003542985,0.000331121,0
36,235,4.752,47.46892724,3002.708333,0,0,0,0,0,0,0,0,0,0,0.151728,0,0.003542985,0.000331121,0
36,235,4.752,47.46892724,3002.708333,0,0,0,0,0,0,0,0,0,0,4.6839,0,0.003542985,0.000331121,0
36,235,4.752,47.46892724,3002.708333,0,0,0,0,0.03958,0,0,0,0,0,0,0,0.003542985,0.000331121,0
36,235,4.752,47.46892724,3002.708333,0.000063,0,0,0,0,0,0,0,0,0,2.61366,0,0.003542985,0.000331121,0
36,235,4.752,47.46892724,3002.708333,0.27066,0,0,0,0.011131,0,0,0,0,0,12.8454,0,0.003542985,0.000331121,0
36,235,4.752,47.46892724,3002.708333,0.023705,0,0,0,0.4786,0,0.13028,0,0,0,0,0,0.003542985,0.000331121,0
36,235,4.752,47.46892724,3002.708333,0.0152,0,0,0,0.00524,0,0,0,0,0,0,0,0.003542985,0.000331121,0
36,235,4.752,47.46892724,3002.708333,0,0,0,0,0,0,0,0,0,0,0.151728,0,0.003542985,0.000331121,0
36,235,4.752,47.46892724,3002.708333,0,0,0,0.094899,0.013973,0,0,0,0,0,0.151728,0,0.003542985,0.000331121,0
36,235,4.752,47.46892724,3002.708333,0.098565,0,0,0,21.064,0,0,0,0,0,0.28509,0,0.003542985,0.000331121,0
36,235,4.752,47.46892724,3002.708333,5.4818,0,0,0.011527,0.1136,0,0,0,0,0,6.8154,0,0.003542985,0.000331121,0
36,235,4.752,47.46892724,3002.708333,0.014662,0,0,0.0088426,0,0,0,0,0,0,3.8946,0,0.003542985,0.000331121,0
36,235,4.752,47.46892724,3002.708333,0.18674,0,0,0,0,0,0,0,0,0,0.151728,0,0.003542985,0.000331121,0
36,235,4.752,47.46892724,3002.708333,1.366,0,0,0,0.00524,0,0,0,0,0,0,0,0.003542985,0.000331121,0
36,235,4.752,47.46892724,3002.708333,0.00524,0,0,0,0,0,0,0,0,0,2.60853,0,0.003542985,0.000331121,0
36,235,4.752,47.46892724,3002.708333,0.00524,0,0,0.008333,0.005239,0,0,0,0,0,0,0,0.003542985,0.000331121,0
36,235,4.752,47.46892724,3002.708333,0,0,0,0,0,0,0,0,0,0,0,0,0.003542985,0.000331121,0
36,235,4.752,47.46892724,3002.708333,0,0,0,0,0,0,27.06,0,0,0,0,0,0.003542985,0.000331121,0
36,235,4.752,47.46892724,3002.708333,25.253,0,0,0.071721,0,0,0,0,0,0,0,0,0.003542985,0.000331121,0
36,235,4.752,47.46892724,3002.708333,2.1165,0,0,0.030966,0,0,0,0,0,0,11.0268,0,0.003542985,0.000331121,0
36,235,4.752,47.46892724,3002.708333,0.005239,0,0,0,0,0,0,0,0,0,1.17966,0,0.003542985,0.000331121,0
36,235,4.752,47.46892724,3002.708333,0,0,0,0,0,0.79678,0,0,0,0,6.108,0,0.003542985,0.000331121,0
36,235,4.752,47.46892724,3002.708333,5.7412,0,0,0,0,0,0,0,0,0,0,0,0.003542985,0.000331121,0
36,235,4.752,47.46892724,3002.708333,0,0,0,0.50869,0,0,0,0,0,0,0,0,0.003542985,0.000331121,0
36,235,4.752,47.46892724,3002.708333,0,0,0,0,43.956,0,0,0,0,0,0,0,0.003542985,0.000331121,0
36,235,4.752,47.46892724,3002.708333,0,0,0,21.209,0,2.0442,0.13028,0,0,0,18.0318,0,0.003542985,0.000331121,0
36,235,4.752,47.46892724,3002.708333,0,0,0,0,0,0,0,0,0,0,8.1576,0,0.003542985,0.000331121,0
36,235,4.752,47.46892724,3002.708333,0.018322,0,0,0,0.007102,0,0,0,0,0,0.151728,0,0.003542985,0.000331121,0
36,235,4.752,47.46892724,3002.708333,0.000251,0,0,0,0,0,0,0,0,0,0.151728,0,0.003542985,0.000331121,0
36,235,4.752,47.46892724,3002.708333,0.43058,0,0,0.009064,0,0,0,0,0,0,24.9618,0,0.003542985,0.000331121,0
36,235,4.752,47.46892724,3002.708333,0.0067502,0,0,0,0,0,0,0,0,0,8.9418,0,0.003542985,0.000331121,0
36,235,4.752,47.46892724,3002.708333,7.1711,0,0,0,0,0.008333,0,0,0,0,0,0,0.003542985,0.000331121,0
36,235,4.752,47.46892724,3002.708333,0,0,0,0,0,0,0,0,0,0,34.746,0,0.003542985,0.000331121,0
37,236,1,119.0946191,7533.484029,0,0,0,0,0.020274,0,0,0,0,0,0.268926,2.742428507,0.009147607,0.00085492,0
37,236,1,119.0946191,7533.484029,0,0,0,0,0,0,0,0,0,0,2.28174,8.643285575,0.009147607,0.00085492,0
37,236,1,119.0946191,7533.484029,5.7412,0,0,0.1455,0,0,28.076,3.1563,0,0,0,6.438851272,0.009147607,0.00085492,0
37,236,1,119.0946191,7533.484029,0,0,0,0,29.422,0,0.13028,0,0,0,0.151728,0.308645201,0.009147607,0.00085492,0
37,236,1,119.0946191,7533.484029,0,0,0,0.040507,0,0,0,0,0,0,0,0.506275725,0.009147607,0.00085492,0
37,236,1,119.0946191,7533.484029,0.020885,0,0,0,0,0,0,0,0,0,13.1718,2.742428507,0.009147607,0.00085492,0
37,236,1,119.0946191,7533.484029,0.000251,0,0,0.008333,0,0,0,0,0,0,0.151728,1.788434249,0.009147607,0.00085492,0
37,236,1,119.0946191,7533.484029,0,0,0,0,0,0,0,0,0,0,0,3.37110503,0.009147607,0.00085492,0
37,236,1,119.0946191,7533.484029,0.011015,0,0,0,0,0,0,0,0,0,0.42399,0.308645201,0.009147607,0.00085492,0
37,236,1,119.0946191,7533.484029,0,0,0,0,0.00062,0.7828,0,0,0,0,0,0.51278208,0.009147607,0.00085492,0
37,236,1,119.0946191,7533.484029,0.98086,0,0,0.0021738,0.00036,0,0,0,0,0,0.283572,0.403800639,0.009147607,0.00085492,0
37,236,1,119.0946191,7533.484029,0.013012,0,0,7.1031,0,0,0,0,0,0,2.3544,3.370698383,0.009147607,0.00085492,0
37,236,1,119.0946191,7533.484029,6.0303,0,0,0,0.070777,12.855,0,0,0,0,0,1.437091095,0.009147607,0.00085492,0
37,236,1,119.0946191,7533.484029,0.008333,0,0,0,0.007697,10.661,0,0,0,0,2.34936,2.473634728,0.009147607,0.00085492,0
37,236,1,119.0946191,7533.484029,0.034133,0,78.116,0,0,0,0,0,0,0,1.08798,20.03672595,0.009147607,0.00085492,0
37,236,1,119.0946191,7533.484029,0.00322,0,0,0,0,0,0.60778,0,0,0,47.883,1.740043236,0.009147607,0.00085492,0
37,236,1,119.0946191,7533.484029,1.1394,0,0,0.79273,0,0,0,0,0,0,0,4.862686845,0.009147607,0.00085492,0
37,236,1,119.0946191,7533.484029,0.00524,0,0,0,0,0,61.211,0,0,0,7.3206,5.924849251,0.009147607,0.00085492,0
37,236,1,119.0946191,7533.484029,0.011203,0,0,0,0.001669,22.837,0,0,0,0,0.280587,6.438851272,0.009147607,0.00085492,0
37,236,1,119.0946191,7533.484029,0,0,0,0.002508,0,0,0,0,0,0,5.2239,1.926287639,0.009147607,0.00085492,0
37,236,1,119.0946191,7533.484029,46.878,0,0,0.073717,0,0,0,0,0,0,10.3692,4.862686845,0.009147607,0.00085492,0
37,236,1,119.0946191,7533.484029,0.007353,0,0,0.008333,0,0,0,0,0,0,0,1.629841853,0.009147607,0.00085492,0
37,236,1,119.0946191,7533.484029,0.7988,0,0,0.008333,0,0,0.42744,0,0,0,0.151728,0.757177028,0.009147607,0.00085492,0
37,236,1,119.0946191,7533.484029,3.9799,0,0,0,0,0,0.60778,0,0,0,3.1572,8.153142895,0.009147607,0.00085492,0
37,236,1,119.0946191,7533.484029,0.00014,0,0,9.2817,0,0,0,0,0,0,2.13174,6.438851272,0.009147607,0.00085492,0
37,236,1,119.0946191,7533.484029,0,0,0,8.5618,0,0,0,0,0,0,41.715,4.286874454,0.009147607,0.00085492,0
37,236,1,119.0946191,7533.484029,0.031802,0,0,0,0,0,0,0,0,0,1.21974,19.71922933,0.009147607,0.00085492,0
37,236,1,119.0946191,7533.484029,2.6701,0,0,0.008333,0.008321,0,0.13028,0,0,0,0.151728,7.61406159,0.009147607,0.00085492,0
37,236,1,119.0946191,7533.484029,0.009056,0,0,0,0,0,0,0,0,0,44.073,3.27635624,0.009147607,0.00085492,0
37,236,1,119.0946191,7533.484029,0,0,0,0.008333,0.00062,0,0,0,0,0,1.19187,2.473634728,0.009147607,0.00085492,0
37,236,1,119.0946191,7533.484029,0.001493,0,0,0,0,0,0,0,0,0,0.280587,107.1285055,0.009147607,0.00085492,0
37,236,1,119.0946191,7533.484029,0,0,0,0,0,0,0,0,0,0,0,4.165922286,0.009147607,0.00085492,0
37,236,1,119.0946191,7533.484029,0.015764,0,0,0,0.01787,0.85321,0,0,0,0,0.151728,34.6982593,0.009147607,0.00085492,0
37,236,1,119.0946191,7533.484029,8.3092,0,0,0.46711,0,0,0,0,0,0,30.123,0.163878809,0.009147607,0.00085492,0
37,236,1,119.0946191,7533.484029,0,0,0,0,0,0,0,0,0,0,4.1568,0.496109546,0.009147607,0.00085492,0
37,236,1,119.0946191,7533.484029,0,0,0,0,0,0,0,0,0,0,0,0.308645201,0.009147607,0.00085492,0
37,236,1,119.0946191,7533.484029,0.008333,0,0,0,0.008333,0,0,0,0,0,0.151728,8.643285575,0.009147607,0.00085492,0
37,236,1,119.0946191,7533.484029,0.013476,0,0,0,0,0.781,0,0,0,0,44.073,4.862686845,0.009147607,0.00085492,0
37,236,1,119.0946191,7533.484029,0,0,0,0,0.038297,0,0.59876,0,0,0,0,3.294248715,0.009147607,0.00085492,0
37,236,1,119.0946191,7533.484029,0,0,54.61,0,0.007148,0.80154,0,0,0,0,39.096,0.163878809,0.009147607,0.00085492,0
37,236,1,119.0946191,7533.484029,0,0,0,0,0,0,0,0.018812,0,0,0.151728,2.626534064,0.009147607,0.00085492,0
37,236,1,119.0946191,7533.484029,47.536,0,0,0.007102,0,0,0,0,0,0,0,4.286874454,0.009147607,0.00085492,0
37,236,1,119.0946191,7533.484029,49.011,0,0,1.0905,0,0,0,0,0,0,0.65616,1.753869239,0.009147607,0.00085492,0
37,236,1,119.0946191,7533.484029,1.1984,0,0,0,0.047685,0,0,0,0,0,0,62.76023949,0.009147607,0.00085492,0
37,236,1,119.0946191,7533.484029,0,0,0,0,8.5334,0,0,0,0,0,0,2.742428507,0.009147607,0.00085492,0
37,236,1,119.0946191,7533.484029,27.506,0,0,0,0,0,0,0,0,0,0,2.473634728,0.009147607,0.00085492,0
37,236,1,119.0946191,7533.484029,0.014773,0,0,0.015258,0.008333,0,51.57,0,0,0,0,1.788434249,0.009147607,0.00085492,0
37,236,1,119.0946191,7533.484029,0.01061,0,0,0.15874,0.090777,0,0,0,0,0,35.547,0.308645201,0.009147607,0.00085492,0
37,236,1,119.0946191,7533.484029,0.001434,0,0,0.014206,0,0,0,0,0,0,0,1.740043236,0.009147607,0.00085492,0
37,236,1,119.0946191,7533.484029,0,0,0,0,0.008333,0,0,0,0,0,8.8155,1.600969904,0.009147607,0.00085492,0
37,236,1,119.0946191,7533.484029,0.008332,0,49.464,0,0.002868,0,0,0,0,0,19.4277,2.626534064,0.009147607,0.00085492,0
37,236,1,119.0946191,7533.484029,0.00524,0,0,0,0,0,0,0,0,0,0,0.090682319,0.009147607,0.00085492,0
37,236,1,119.0946191,7533.484029,0,0,2.4044,0.19366,0,0,0,0,0,0,0.276924,3.370698383,0.009147607,0.00085492,0
37,236,1,119.0946191,7533.484029,0,0,0,0.69261,9.8934,0,0,0,0,0,0,1.912461635,0.009147607,0.00085492,0
37,236,1,119.0946191,7533.484029,0,0,0,0,0,0,0,0,0,0,0.280446,8.643285575,0.009147607,0.00085492,0
37,236,1,119.0946191,7533.484029,0.098565,0,0,0.010986,0,0,0,0,0,0,0,4.044970118,0.009147607,0.00085492,0
37,236,1,119.0946191,7533.484029,0,0,0,0,0,0,0,0,0,0,0,8.643285575,0.009147607,0.00085492,0
37,236,1,119.0946191,7533.484029,0.2494,0,0,0.021906,68.77,0,0.13028,0,0,0,0.78999,0.533114438,0.009147607,0.00085492,0
37,236,1,119.0946191,7533.484029,0.035255,0,0,0,5.1226,0,0,0,0,0,0,2.626534064,0.009147607,0.00085492,0
37,236,1,119.0946191,7533.484029,0,0,0,0,0.000124,0,0,0,0,0,0,19.16080795,0.009147607,0.00085492,0
37,236,1,119.0946191,7533.484029,0.080184,0,0,0,17.934,0,0,0,0,0,0,1.082901411,0.009147607,0.00085492,0
37,236,1,119.0946191,7533.484029,0.00524,0,0,0,0,0,0,0,0,0,0,9.094257285,0.009147607,0.00085492,0
37,236,1,119.0946191,7533.484029,0.008333,0,0,62.543,0,0,0,0,4.1169,0,6.4536,1.606459641,0.009147607,0.00085492,0
37,236,1,119.0946191,7533.484029,13.595,0,0,0.008333,0.000251,0,0,0,0,0,0.151728,0.403800639,0.009147607,0.00085492,0
37,236,1,119.0946191,7533.484029,6.8272,0,0,0.0097027,0,0,0,0,0.010463,0,22.617,0.496109546,0.009147607,0.00085492,0
37,236,1,119.0946191,7533.484029,3.0031,0,0,0,0.13896,0,0,0,0,0,0.151728,19.71922933,0.009147607,0.00085492,0
37,236,1,119.0946191,7533.484029,5.5802,0,0,0,0,0,0,0,0,0,0,0.677067536,0.009147607,0.00085492,0
37,236,1,119.0946191,7533.484029,0.045123,0,0,0,0,0,0,0,0,0,18.723,3.933904712,0.009147607,0.00085492,0
37,236,1,119.0946191,7533.484029,0,0,0,0,0.000063,0,0.60778,0,0,0,0.70485,7.61406159,0.009147607,0.00085492,0
37,236,1,119.0946191,7533.484029,0,0,0,0,0,0,0,0,0,0,97.974,2.473634728,0.009147607,0.00085492,0
37,236,1,119.0946191,7533.484029,1.366,0,0,0.0088426,0,0,0,0,0,0,95.283,3.27635624,0.009147607,0.00085492,0
37,236,1,119.0946191,7533.484029,0.98357,0,0,0.15605,0.0041885,0,0,0,0,0,0.151728,20.03672595,0.009147607,0.00085492,0
37,236,1,119.0946191,7533.484029,7.1711,0,0,0,0,0,0,0,0,0,0,10.8444667,0.009147607,0.00085492,0
37,236,1,119.0946191,7533.484029,0.050392,0,0,0,0,0,0,0,0,0,0.151728,3.933904712,0.009147607,0.00085492,0
37,236,1,119.0946191,7533.484029,0,0,0,0.00524,0,0,0,0,0,0,0,9.094257285,0.009147607,0.00085492,0
37,236,1,119.0946191,7533.484029,0.01332,0,0,0,0.018282,0,0,0,0,0,0.151728,1.788434249,0.009147607,0.00085492,0
37,236,1,119.0946191,7533.484029,0,0,0,0,0,0,0,0,0,0,73.308,5.924849251,0.009147607,0.00085492,0
37,236,1,119.0946191,7533.484029,0.00524,0,0.1054,0.02762,0,0,0,0,0,0,4.4403,7.432290306,0.009147607,0.00085492,0
37,236,1,119.0946191,7533.484029,0.004864,0,15.487,0.000063,68.77,0,0,0,0,0,0.88596,4.791523591,0.009147607,0.00085492,0
37,236,1,119.0946191,7533.484029,0.042136,0,0.08263,0,0,0,0,0,0,0,1.42239,3.27635624,0.009147607,0.00085492,0
37,236,1,119.0946191,7533.484029,0.007697,0,0,0,0,0.79321,0,0,0,0,25.9959,4.862686845,0.009147607,0.00085492,0
37,236,1,119.0946191,7533.484029,0.009021,0,0,0,0,0,0,0,0,0,0,1.926287639,0.009147607,0.00085492,0
37,236,1,119.0946191,7533.484029,0.58468,0,0,44.381,30.954,0.069446,0,0,0,0,0.151728,0.163878809,0.009147607,0.00085492,0
37,236,1,119.0946191,7533.484029,0,0,0,0,13.034,0,0,0,0,0,45.663,4.862686845,0.009147607,0.00085492,0
37,236,1,119.0946191,7533.484029,0,0,0,23.088,0.18655,0,0,0,0,0,0.151728,7.432290306,0.009147607,0.00085492,0
37,236,1,119.0946191,7533.484029,0.08029,0,0,0,0.14172,0,0,0,0,0,2.66157,3.933904712,0.009147607,0.00085492,0
37,236,1,119.0946191,7533.484029,0,0,0,0,0.0062716,0,0,0,0,0,0.151728,14.97902997,0.009147607,0.00085492,0
37,236,1,119.0946191,7533.484029,0.0072895,0,0,0,0.007328,0,0,0,0,0,0.151728,1.912461635,0.009147607,0.00085492,0
37,236,1,119.0946191,7533.484029,15.105,0,0,0,0,0,0,0,0,0,0.57,1.912461635,0.009147607,0.00085492,0
37,236,1,119.0946191,7533.484029,47.536,0,0,0.014043,3.0251,4.2572,15.593,0,0,0,8.5644,1.753869239,0.009147607,0.00085492,0
37,236,1,119.0946191,7533.484029,0.67499,0,0,0,0.00524,0,0,0,0,0,0.151728,3.933904712,0.009147607,0.00085492,0
37,236,1,119.0946191,7533.484029,0.0068531,0,0,0,0,0,0,0,0,0,9.1953,0.090682319,0.009147607,0.00085492,0
37,236,1,119.0946191,7533.484029,0.008321,0,0,0,0,0,0,0,0,0,5.1363,1.629841853,0.009147607,0.00085492,0
37,236,1,119.0946191,7533.484029,0.016858,0,0,1.6824,0.49136,0,0,0,0,0,0,4.286874454,0.009147607,0.00085492,0
37,236,1,119.0946191,7533.484029,0,0,0,0,21.064,0,0.76779,0,0,0,0,2.550491043,0.009147607,0.00085492,0
37,236,1,119.0946191,7533.484029,0.018322,0,0,0,0.0096305,0,0,0,0,0,0.278526,1.082901411,0.009147607,0.00085492,0
37,236,1,119.0946191,7533.484029,15.2,0,0,0.038288,0,0.011,0,0,0,0,2.61366,1.788434249,0.009147607,0.00085492,0
37,236,1,119.0946191,7533.484029,0,0,0,0,0,0,0,0,0,0,0.151728,0.090682319,0.009147607,0.00085492,0
37,236,1,119.0946191,7533.484029,0.011527,0,0,0,0,0.00158,0,0,0,0,4.4358,6.509873784,0.009147607,0.00085492,0
37,236,1,119.0946191,7533.484029,0.046194,0,0,0,0.031711,0,0,0,0,0,0,0.677067536,0.009147607,0.00085492,0
37,236,1,119.0946191,7533.484029,0,0,0,0,0.0014495,0,0,0,0,0,0.273357,1.437091095,0.009147607,0.00085492,0
37,236,1,119.0946191,7533.484029,0.011776,0,0,0,0,0,0,0,0,0,0,0.163878809,0.009147607,0.00085492,0
37,236,1,119.0946191,7533.484029,0.00644,0,0,0.003821,0,0,0,0,0,0,0.151728,1.600969904,0.009147607,0.00085492,0
37,236,1,119.0946191,7533.484029,0.000172,0,0,6.9518,0,0,0.76779,0,0,0,0,14.97902997,0.009147607,0.00085492,0
37,236,1,119.0946191,7533.484029,0,0,0.017841,0,0,0,0,0,0,0,9.6318,3.933904712,0.009147607,0.00085492,0
37,236,1,119.0946191,7533.484029,0,0,0,0,1.3024,0,0,0,0,0,16.0194,8.563989377,0.009147607,0.00085492,0
37,236,1,119.0946191,7533.484029,0,0,0,0,0,0.77921,0,0,0,0,4.6839,1.926287639,0.009147607,0.00085492,0
37,236,1,119.0946191,7533.484029,0.008333,0,0,0,0.008333,0,0,0,0,0,0,4.862686845,0.009147607,0.00085492,0
37,236,1,119.0946191,7533.484029,0,0,0,8.389,0,0,0,0,0,0,4.1568,1.912461635,0.009147607,0.00085492,0
37,236,1,119.0946191,7533.484029,0,0,0,0,0.013973,0.77921,0,0,0,0,9.6318,5.721119019,0.009147607,0.00085492,0
37,236,1,119.0946191,7533.484029,0.014662,0,0,0,0,0,76.126,0,0,0,0,34.6982593,0.009147607,0.00085492,0
37,236,1,119.0946191,7533.484029,2.1821,0,0.023102,55.04,0,0,0,0,0,0,0.151728,5.751441887,0.009147607,0.00085492,0
37,236,1,119.0946191,7533.484029,0,0,0,0.03272,0,0,0,0,0,0,0,1.437091095,0.009147607,0.00085492,0
37,236,1,119.0946191,7533.484029,0.003346,0,0.54712,0,0.007221,0,0,0,0,0,17.3325,6.438851272,0.009147607,0.00085492,0
37,236,1,119.0946191,7533.484029,0,0,0.043767,0.0089655,0.000063,0,0,0,0,0,0,10.8444667,0.009147607,0.00085492,0
37,236,1,119.0946191,7533.484029,0.051828,0,0,0,0,0,0,0,0,0,63.09,3.370698383,0.009147607,0.00085492,0
37,236,1,119.0946191,7533.484029,1.8154,0,10.597,0,0,0,0,0,0,0,0,3.539348854,0.009147607,0.00085492,0
37,236,1,119.0946191,7533.484029,0.00524,0,0,0.006456,2.3758,0,0.13028,0,0,0,14.0655,1.606459641,0.009147607,0.00085492,0
37,236,1,119.0946191,7533.484029,0.008333,0,0,0,0,0,0,0,0,0,0.151728,8.563989377,0.009147607,0.00085492,0
37,236,1,119.0946191,7533.484029,4.3384,0,0,0,0,0,76.126,0,0,0,14.8218,19.16080795,0.009147607,0.00085492,0
37,236,1,119.0946191,7533.484029,0.008004,0,0,0,0,0,0,0,0,0,0.151728,1.437091095,0.009147607,0.00085492,0
37,236,1,119.0946191,7533.484029,0.00644,0,0,0,0.0068531,0.29716,0.13028,0,0,0,25.3818,7.61406159,0.009147607,0.00085492,0
37,236,1,119.0946191,7533.484029,0.14297,0,0,0,0,0,0,0,0,0,0.151728,4.748825638,0.009147607,0.00085492,0
37,236,1,119.0946191,7533.484029,0.040702,0,0,43.946,0,12.891,0,0,0,0,0,8.643285575,0.009147607,0.00085492,0
37,236,1,119.0946191,7533.484029,0,0,0,0,0,0,0,0,0,0,12.0081,0.51278208,0.009147607,0.00085492,0
37,236,1,119.0946191,7533.484029,0,0,0,0.16809,0,0,0,0,0,0,0,2.626534064,0.009147607,0.00085492,0
37,236,1,119.0946191,7533.484029,0.03314,0,0,0,0.0306,0,0,0,0,0,0,0.090682319,0.009147607,0.00085492,0
37,236,1,119.0946191,7533.484029,0,0,0.58705,0,0,0,0,0,0,0,0,6.509873784,0.009147607,0.00085492,0
37,236,1,119.0946191,7533.484029,0.010364,0,0,0,0.008333,0,0,0,0,0,0.151728,0.506275725,0.009147607,0.00085492,0
37,236,1,119.0946191,7533.484029,0.011203,0,0,0,0,0,0,0,0,0,7.2312,3.370698383,0.009147607,0.00085492,0
37,236,1,119.0946191,7533.484029,0.013404,0,0,0.088496,0,0,0,0,0,0,4.4103,62.76023949,0.009147607,0.00085492,0
37,236,1,119.0946191,7533.484029,0,0,0,0,0,0,0,0,0,0,6.4536,1.629841853,0.009147607,0.00085492,0
37,236,1,119.0946191,7533.484029,0.67499,0,0,0.42786,26.494,0.77921,0,0,0,0,23.3337,19.16080795,0.009147607,0.00085492,0
37,236,1,119.0946191,7533.484029,0,0,0,7.1031,0,0,0,0,0,0,12.3399,1.437091095,0.009147607,0.00085492,0
37,236,1,119.0946191,7533.484029,0.008333,0,0,3.0666,0,0,0,0,0,0,0,0.533114438,0.009147607,0.00085492,0
37,236,1,119.0946191,7533.484029,37.409,0,0,0,0.00524,0,0,0,0,0,0.151728,3.37110503,0.009147607,0.00085492,0
37,236,1,119.0946191,7533.484029,0.002868,0,0,0,0,0,0,0,0,0,0,5.721119019,0.009147607,0.00085492,0
37,236,1,119.0946191,7533.484029,0.005372,0,0,0,0,0,0,0,0,0,0.151728,3.370698383,0.009147607,0.00085492,0
37,236,1,119.0946191,7533.484029,0.00524,0,0,0,0.008321,0,0,0,0,0,0.151728,4.791523591,0.009147607,0.00085492,0
37,236,1,119.0946191,7533.484029,0.001493,0,63.617,0.003538,3.5933,0,8.1826,0,0,0,0.151728,13.20935554,0.009147607,0.00085492,0
37,236,1,119.0946191,7533.484029,0,0,0,0,0,0,0,0,0,0,0.151728,1.629841853,0.009147607,0.00085492,0
37,236,1,119.0946191,7533.484029,0,0,0,0,0,0,0,0,0,0,4.1943,0.163878809,0.009147607,0.00085492,0
37,236,1,119.0946191,7533.484029,0,0,0,0,0.00524,0,0,0,0,0,0.151728,1.600969904,0.009147607,0.00085492,0
37,236,1,119.0946191,7533.484029,0.013575,0,0,0,0,0,0,0,0,0,0,0.090682319,0.009147607,0.00085492,0
37,236,1,119.0946191,7533.484029,0.0066265,0,5.1144,0.022218,0.069058,0,0,0,0,0,8.6688,57.83043216,0.009147607,0.00085492,0
37,236,1,119.0946191,7533.484029,0,0,0,0,0.003821,0,0,0,0,0,0.45174,14.97902997,0.009147607,0.00085492,0
37,236,1,119.0946191,7533.484029,5.2762,0,1.1591,0,0,0,0,0,0,0,56.145,0.757177028,0.009147607,0.00085492,0
37,236,1,119.0946191,7533.484029,0.001192,0,0.00191,51.422,0,0,0,0,0,0,42.996,20.03672595,0.009147607,0.00085492,0
37,236,1,119.0946191,7533.484029,0.008004,0,0,0,0,0,0,0,0,0,0.78174,4.862686845,0.009147607,0.00085492,0
37,236,1,119.0946191,7533.484029,0.005239,0,0,0,0,0,0,0,0,0,3.6159,20.03672595,0.009147607,0.00085492,0
37,236,1,119.0946191,7533.484029,0,0,0,0.008333,0.00524,0,0,0,0,0,0.99864,1.753869239,0.009147607,0.00085492,0
37,236,1,119.0946191,7533.484029,0,0,0,0,0,12.855,0,0,0,0,0,8.643285575,0.009147607,0.00085492,0
37,236,1,119.0946191,7533.484029,0,0,0,0.021906,0,0,0,0,0,0,0.37014,19.16080795,0.009147607,0.00085492,0
37,236,1,119.0946191,7533.484029,3.9799,0,0,0,0.00062,0,5.1885,0,0,0,2.34936,1.788434249,0.009147607,0.00085492,0
37,236,1,119.0946191,7533.484029,0,0,0,0.022218,0.030965,0,0,0,0,0,0.151728,4.286874454,0.009147607,0.00085492,0
37,236,1,119.0946191,7533.484029,0.00524,0,0,0,0,0,0,0,0,0,7.3257,20.03672595,0.009147607,0.00085492,0
37,236,1,119.0946191,7533.484029,22.323,0,0,0,0,0,0,0,0,0,10.7733,7.61406159,0.009147607,0.00085492,0
37,236,1,119.0946191,7533.484029,0.013572,0,0,0,0,0,0,0,0,0,1.5003,4.286874454,0.009147607,0.00085492,0
37,236,1,119.0946191,7533.484029,0,0,0,0,0.37101,0,0,42.689,0,0,4.5105,2.626534064,0.009147607,0.00085492,0
37,236,1,119.0946191,7533.484029,0.011015,0,0.015661,0.013565,0,0,51.57,0,0,0,3.7518,62.76023949,0.009147607,0.00085492,0
37,236,1,119.0946191,7533.484029,0.008335,0,0,0,0,0,0,0,0,0,0.151728,1.926287639,0.009147607,0.00085492,0
37,236,1,119.0946191,7533.484029,0.027357,0,0,0,6.5443,0,0,0,0,0,3.6159,0.757177028,0.009147607,0.00085492,0
37,236,1,119.0946191,7533.484029,0.005769,0,0,0.018806,2.1344,0,0,0,0,0,8.6688,1.953939646,0.009147607,0.00085492,0
37,236,1,119.0946191,7533.484029,0.17094,0,0,0,0,0,0,0,0,0,0,1.629841853,0.009147607,0.00085492,0
37,236,1,119.0946191,7533.484029,0.73427,0,0,0.00524,0.000124,0,0,0,0,0,1.10577,0.090682319,0.009147607,0.00085492,0
37,236,1,119.0946191,7533.484029,0.002598,0,0,0,0,0,0,0,0,0,0,1.788434249,0.009147607,0.00085492,0
37,236,1,119.0946191,7533.484029,0,0,0,0,0,0,0.13028,0,0,0,0,1.953939646,0.009147607,0.00085492,0
37,236,1,119.0946191,7533.484029,0,0,0,0,6.4522,0,0,0,0,0,0.279489,2.282103912,0.009147607,0.00085492,0
37,236,1,119.0946191,7533.484029,9.5606,0,0,0.00524,0,0,0,0,0,0,0,19.16080795,0.009147607,0.00085492,0
37,236,1,119.0946191,7533.484029,0.007697,0,0,0.0088426,0,0,0.021726,0,0,0,0,7.61406159,0.009147607,0.00085492,0
37,236,1,119.0946191,7533.484029,0.74435,0,0,0,0,0,0,0,0,0,0.290478,4.044970118,0.009147607,0.00085492,0
37,236,1,119.0946191,7533.484029,0.016858,0,0,0.008333,7.8711,0,0.42744,0,0,0,44.763,2.742428507,0.009147607,0.00085492,0
37,236,1,119.0946191,7533.484029,0,0,0,0,12.308,0,0,0,0,0,0.151728,7.61406159,0.009147607,0.00085492,0
37,236,1,119.0946191,7533.484029,0,0,0,0.008332,0,0,0,0,0,0,81.042,8.563989377,0.009147607,0.00085492,0
37,236,1,119.0946191,7533.484029,0.17962,0,0,0,0.009056,0,0,0,0,0,16.6719,8.563989377,0.009147607,0.00085492,0
37,236,1,119.0946191,7533.484029,2.7267,0,0,0,0,0,0,0,0,0,0,3.294248715,0.009147607,0.00085492,0
37,236,1,119.0946191,7533.484029,0.000376,0,0,29.05,0.001326,0,0,0,0,0,0.151728,0.403800639,0.009147607,0.00085492,0
37,236,1,119.0946191,7533.484029,0,0,0,1.2164,0.000688,0,0,0,0,0,0.286419,1.611949377,0.009147607,0.00085492,0
37,236,1,119.0946191,7533.484029,0,0,0,0.86967,0,0,0.002308,0,0,0,0.286419,1.611949377,0.009147607,0.00085492,0
37,236,1,119.0946191,7533.484029,0.034133,0,0,0.00315,0,0,0.13028,0,0,0,5.1444,8.643285575,0.009147607,0.00085492,0
37,236,1,119.0946191,7533.484029,8.3439,0,0,0,0,0,0,0,0,0,0.204657,3.294248715,0.009147607,0.00085492,0
37,236,1,119.0946191,7533.484029,0.002598,0,0,0,0,0,0,0,0,0,9.1953,1.629841853,0.009147607,0.00085492,0
37,236,1,119.0946191,7533.484029,0.00524,0,0,0.018806,0,0,0,0,0,0,12.6336,8.563989377,0.009147607,0.00085492,0
37,236,1,119.0946191,7533.484029,0,0,0,73.41,0,0,0,0,0,0,6.5418,27.05073767,0.009147607,0.00085492,0
37,236,1,119.0946191,7533.484029,0,0,0,1.6824,0,0.003334,0,5.9224,0,0,0,2.742428507,0.009147607,0.00085492,0
37,236,1,119.0946191,7533.484029,0,0,0,0,0,0.008333,0,0,0,0,12.8022,7.432290306,0.009147607,0.00085492,0
37,236,1,119.0946191,7533.484029,0.052214,0,0,0.0059107,0,0,0,0,0,0,4.6158,1.480602342,0.009147607,0.00085492,0
37,236,1,119.0946191,7533.484029,0.10994,0,0,0,0,0,0,0,0,0,19.2864,0.506275725,0.009147607,0.00085492,0
37,236,1,119.0946191,7533.484029,0.000688,0,0,0,8.0698,0,0,0,0,0,9.1953,0.496109546,0.009147607,0.00085492,0
37,236,1,119.0946191,7533.484029,0.034521,0,0,0,0.041022,0.77921,0,0,0,0,5.7318,1.788434249,0.009147607,0.00085492,0
37,236,1,119.0946191,7533.484029,0.005239,0,0,0,0.24663,0,0,0,0,0,0.151728,96.95287753,0.009147607,0.00085492,0
37,236,1,119.0946191,7533.484029,0.008333,0,0,0,0.008335,0,0,0,0,0,0.151728,0.51278208,0.009147607,0.00085492,0
37,236,1,119.0946191,7533.484029,0.042738,0,0,6.6309,0.00524,0,0,0,0,0,0.151728,0.677067536,0.009147607,0.00085492,0
37,236,1,119.0946191,7533.484029,0,0,0,0.11621,0,0,0,0,0,0,0.151728,9.094257285,0.009147607,0.00085492,0
37,236,1,119.0946191,7533.484029,6.4349,0,0,0,0,0,0,0,0,0,0.151728,5.721119019,0.009147607,0.00085492,0
37,236,1,119.0946191,7533.484029,0.002784,0,0,0.027172,0,0,0,0,0,0,41.715,3.294248715,0.009147607,0.00085492,0
37,236,1,119.0946191,7533.484029,0,0,0.81626,0.15275,0,0,1.9322,0,0,0,0.28509,2.626534064,0.009147607,0.00085492,0
37,236,1,119.0946191,7533.484029,0,0,0,0,0,0,0,0,0,0,0,5.924849251,0.009147607,0.00085492,0
37,236,1,119.0946191,7533.484029,0,0,0,0,0.013518,0.77921,0,0,0,0,0.151728,0.308645201,0.009147607,0.00085492,0
37,236,1,119.0946191,7533.484029,0.1789,0,0,0,0,0,0,0,0,0,0,8.153142895,0.009147607,0.00085492,0
37,236,1,119.0946191,7533.484029,0,0,0,0.002868,0,0.77921,0,0,0,0,0.286086,3.27635624,0.009147607,0.00085492,0
37,236,1,119.0946191,7533.484029,0.002139,0,0,0,14.692,0,0,0,0,0,0,62.76023949,0.009147607,0.00085492,0
37,236,1,119.0946191,7533.484029,0.000251,0,0,0,4.2931,0,0,0,0,0,0.279822,2.550491043,0.009147607,0.00085492,0
37,236,1,119.0946191,7533.484029,0,0,0,0.00644,0,0,20.673,0,0,0,0.151728,5.924849251,0.009147607,0.00085492,0
37,236,1,119.0946191,7533.484029,0.0064565,0,0,0,0,0,0,0,0,0,0.278532,1.912461635,0.009147607,0.00085492,0
37,236,1,119.0946191,7533.484029,0.0056959,0,0,0.016837,5.4878,0,14.188,0,0,0,0.151728,1.788434249,0.009147607,0.00085492,0
37,236,1,119.0946191,7533.484029,1.3203,0,0,0,0.008333,0,0,0,0,0,0.151728,12.02691112,0.009147607,0.00085492,0
37,236,1,119.0946191,7533.484029,0,0,0,0.02191,0,0,0,0,0,0,0,4.748825638,0.009147607,0.00085492,0
37,236,1,119.0946191,7533.484029,0,0,0,0,0,0,0,0,0,0,0,10.8444667,0.009147607,0.00085492,0
37,236,1,119.0946191,7533.484029,0.008335,0,0,0,0,0,0,0,0,0,0.151728,0.496109546,0.009147607,0.00085492,0
37,236,1,119.0946191,7533.484029,28.979,0,0,0,0,0,0,0,0,0,0,3.27635624,0.009147607,0.00085492,0
37,236,1,119.0946191,7533.484029,0.000251,0,0,0,0,0,0,0,0,0,0.84174,7.61406159,0.009147607,0.00085492,0
37,236,1,119.0946191,7533.484029,0.016858,0,0,0,0.008336,0,0,0,0,0,0,6.85281809,0.009147607,0.00085492,0
37,236,1,119.0946191,7533.484029,2.6701,0,0,0,0,0,0,0,0,0,0.151728,19.16080795,0.009147607,0.00085492,0
37,236,1,119.0946191,7533.484029,0,0,0,55.04,0,1.2883,0.13028,0,0,0,0.151728,5.924849251,0.009147607,0.00085492,0
37,236,1,119.0946191,7533.484029,0,0,0,0,0.0099455,0,0,0,0,0,8.7918,0.506275725,0.009147607,0.00085492,0
37,236,1,119.0946191,7533.484029,0,0,0,0,0.000063,0,0,0,0,0,1.52439,5.924849251,0.009147607,0.00085492,0
37,236,1,119.0946191,7533.484029,1.1189,0,0,0,0,0,0,0,0,0,0,9.094257285,0.009147607,0.00085492,0
37,236,1,119.0946191,7533.484029,0.005239,0,0,0.011527,0.15682,0,0,5.5306,0,0,0,1.753869239,0.009147607,0.00085492,0
37,236,1,119.0946191,7533.484029,0,0,0,0.3488,0.008333,0.78238,0,0,0,0,0.151728,6.438851272,0.009147607,0.00085492,0
37,236,1,119.0946191,7533.484029,7.2682,0,0,44.381,4.6708,0,0.021726,0,0,0,0,4.044970118,0.009147607,0.00085492,0
37,236,1,119.0946191,7533.484029,0,0,0,0,0,0.77921,0,0,0,0,0.151728,1.600969904,0.009147607,0.00085492,0
37,236,1,119.0946191,7533.484029,0.00036,0,0,0.02762,0.00524,0.78099,0.13028,0,0,0,29.7048,4.862686845,0.009147607,0.00085492,0
37,236,1,119.0946191,7533.484029,0,0,0,0.024145,0,0,0,0,0,0,9.0018,3.539348854,0.009147607,0.00085492,0
37,236,1,119.0946191,7533.484029,0.68217,0,0,4.3923,0,0,0,0,0,0,0.151728,19.16080795,0.009147607,0.00085492,0
37,236,1,119.0946191,7533.484029,0,0,0,0,0,0,0,0,0,0,22.6218,1.480602342,0.009147607,0.00085492,0
37,236,1,119.0946191,7533.484029,0.22639,0,0.00062,0,0,0,0,0,0,0,0.151728,0.090682319,0.009147607,0.00085492,0
37,236,1,119.0946191,7533.484029,0.19687,0,0,0.00524,0.021906,75.3,0,0,0,0,0,7.432290306,0.009147607,0.00085492,0
37,236,1,119.0946191,7533.484029,0.024492,0,0,0.008333,0,0,0,0,0,0,0.75903,4.748825638,0.009147607,0.00085492,0
37,236,1,119.0946191,7533.484029,0,0,0,0,0,0,0,0,0,0,0.151728,62.76023949,0.009147607,0.00085492,0
37,236,1,119.0946191,7533.484029,0,0,0.005246,0,0.069058,0,0,0,0,0,0.151728,0.677067536,0.009147607,0.00085492,0
37,236,1,119.0946191,7533.484029,0,0,0.08975,0.0002525,0,0,0,0,0,0,6.8154,6.85281809,0.009147607,0.00085492,0
37,236,1,119.0946191,7533.484029,0,0,0,27.797,0.00524,0,0,0,0,0,27.6384,5.924849251,0.009147607,0.00085492,0
37,236,1,119.0946191,7533.484029,0.01367,0,0,0.042858,0,0.79321,0,0,0,0,0,0.757177028,0.009147607,0.00085492,0
37,236,1,119.0946191,7533.484029,0,0,0,3.0666,0,5.9264,19.544,0,0,0,0.151728,4.791523591,0.009147607,0.00085492,0
37,236,1,119.0946191,7533.484029,14.115,0,0,0.1075,0,0,0.13028,0,0.002068,0,16.4517,1.926287639,0.009147607,0.00085492,0
37,236,1,119.0946191,7533.484029,0,0,0,11.552,0,0,0,0,0,0,0.151728,3.539348854,0.009147607,0.00085492,0
37,236,1,119.0946191,7533.484029,0,0,0,0.011527,0,0.29716,0.13028,0,0,0,19.7118,1.912461635,0.009147607,0.00085492,0
37,236,1,119.0946191,7533.484029,0,0,0.00524,0.0055291,12.686,0,0,0,0,0,0,8.563989377,0.009147607,0.00085492,0
37,236,1,119.0946191,7533.484029,0.1613,0,0,0,9.3772,0,0,0,0,0,5.0757,81.9106449,0.009147607,0.00085492,0
37,236,1,119.0946191,7533.484029,0,0,0,0.0076281,0,1.1637,0,0,0,0,0,19.16080795,0.009147607,0.00085492,0
37,236,1,119.0946191,7533.484029,0.007697,0,41.404,4.4257,4.2216,0.03757,0,0,0,0,0.151728,2.282103912,0.009147607,0.00085492,0
37,236,1,119.0946191,7533.484029,0.25336,0,0,0.0002525,1.5099,0,0,0,0,0,7.8042,3.933904712,0.009147607,0.00085492,0
37,236,1,119.0946191,7533.484029,2.1473,0,0,0,0,0.77806,0,0,0,0,11.0268,5.721119019,0.009147607,0.00085492,0
37,236,1,119.0946191,7533.484029,0.98357,0,0,0,0,0,0,0,0,0,0,1.480602342,0.009147607,0.00085492,0
37,236,1,119.0946191,7533.484029,0,0,0,0.003416,0,0,0.13028,0,0,0,0.151728,0.533114438,0.009147607,0.00085492,0
37,236,1,119.0946191,7533.484029,0,0,0,0.010558,0,0,0,0,0,0,0,6.438851272,0.009147607,0.00085492,0
37,236,1,119.0946191,7533.484029,7.1711,0,0,0.002741,0.000063,0,0.008333,0,0,0,0.151728,2.550491043,0.009147607,0.00085492,0
37,236,1,119.0946191,7533.484029,0.0067817,0,0,8.1583,0.007148,0,0,0,0,0,0.273384,0.757177028,0.009147607,0.00085492,0
37,236,1,119.0946191,7533.484029,0,0,0,0.008333,0.010507,0,0,0,0,0,13.3746,0.757177028,0.009147607,0.00085492,0
37,236,1,119.0946191,7533.484029,0.018596,0,0,2.0984,0,0,0,0,0,0,10.8618,57.7672295,0.009147607,0.00085492,0
37,236,1,119.0946191,7533.484029,0.0083909,0,0,3.5574,4.6708,0,0,0,0,0,0,5.721119019,0.009147607,0.00085492,0
37,236,1,119.0946191,7533.484029,0,0,0,0.00315,0,0,0,0,0.4279,0,0.151728,0.533114438,0.009147607,0.00085492,0
37,236,1,119.0946191,7533.484029,0,0,0,0,0,0,12.2,0,0,0,0.65616,13.58857149,0.009147607,0.00085492,0
37,236,1,119.0946191,7533.484029,0,0,0,0,0.00524,0,0,0,0.008405,0,1.86174,1.082901411,0.009147607,0.00085492,0
37,236,1,119.0946191,7533.484029,0.29343,0,0,9.0645,0.008333,0,5.3904,0,0,0,18.819,5.924849251,0.009147607,0.00085492,0
37,236,1,119.0946191,7533.484029,0,0,0,0.000688,0,0,0,0,0,0,0,0.51278208,0.009147607,0.00085492,0
37,236,1,119.0946191,7533.484029,0.00524,0,0,0,0.50221,0,0,0,0,0,5.1363,2.473634728,0.009147607,0.00085492,0
37,236,1,119.0946191,7533.484029,0.011479,0,0,0.002139,0.002139,0.16347,6.9551,0,0,0,0.151728,14.97902997,0.009147607,0.00085492,0
37,236,1,119.0946191,7533.484029,0.002139,0,0,1.8563,3.7624,0.026763,0,0,0,0,1.38174,4.791523591,0.009147607,0.00085492,0
37,236,1,119.0946191,7533.484029,0,0,0,0,0,0,0,0,0,0,0.181728,0.163878809,0.009147607,0.00085492,0
37,236,1,119.0946191,7533.484029,0,0,4.5301,0.014206,0,0,0,0,0,0,5.2239,4.862686845,0.009147607,0.00085492,0
37,236,1,119.0946191,7533.484029,0.023222,0,0,0,0,0,0,0,0,0,11.0184,38.6168241,0.009147607,0.00085492,0
37,236,1,119.0946191,7533.484029,0.032101,0,0,0,0.016895,0,0,0,0,0,0.279489,0.533114438,0.009147607,0.00085492,0
37,236,1,119.0946191,7533.484029,0.0152,0,0,0.3794,0,0,0,0,0,0,0,1.611949377,0.009147607,0.00085492,0
37,236,1,119.0946191,7533.484029,0.011479,0,0,0.020093,0,0,0,0,0,0,17.3325,4.748825638,0.009147607,0.00085492,0
37,236,1,119.0946191,7533.484029,0.008333,0,0,0,0.007148,0.39637,0,0,0,0,3.1572,3.294248715,0.009147607,0.00085492,0
37,236,1,119.0946191,7533.484029,2.2602,0,0,21.886,0,9.7428,0,0,0,0,0.151728,1.629841853,0.009147607,0.00085492,0
37,236,1,119.0946191,7533.484029,0,0,0,0.012395,0.008333,1.3521,0,0,0,0,0,10.8444667,0.009147607,0.00085492,0
37,236,1,119.0946191,7533.484029,0,0,0.00524,0,0,0,0,0,0,0,5.7318,2.550491043,0.009147607,0.00085492,0
37,236,1,119.0946191,7533.484029,0.007148,0,0,5.0428,0,0,0,0,0,0,0,8.153142895,0.009147607,0.00085492,0
37,236,1,119.0946191,7533.484029,0.001434,0,0,0,1.8824,0,0,0,0,0,1.86174,1.600969904,0.009147607,0.00085492,0
37,236,1,119.0946191,7533.484029,0.1789,0,0,0,0.001192,0,0,0,0,0,0,0.757177028,0.009147607,0.00085492,0
37,236,1,119.0946191,7533.484029,0,0,0.79947,15.984,0.011526,0.78033,0,0,0,0,15.9147,4.044970118,0.009147607,0.00085492,0
37,236,1,119.0946191,7533.484029,0.060379,0,0,0.030966,3.8185,0.026763,0,0,0,0,2.41287,4.165922286,0.009147607,0.00085492,0
37,236,1,119.0946191,7533.484029,0.002031,0,0,2.5863,1.1866,0.000024,0,0,0,0,2.96682,1.753869239,0.009147607,0.00085492,0
37,236,1,119.0946191,7533.484029,0.009021,0,0,0,0,0.003718,0,0,0,0,2.76468,2.742428507,0.009147607,0.00085492,0
37,236,1,119.0946191,7533.484029,0.008489,0,0,0,0.008333,0,0,0,0,0,0.36174,1.926287639,0.009147607,0.00085492,0
37,236,1,119.0946191,7533.484029,0.01367,0,0,0,15.439,3.1357,0,0,0,0,6.3561,5.924849251,0.009147607,0.00085492,0
37,236,1,119.0946191,7533.484029,1.7472,0,0,55.04,0,0,0,0,0,0,10.1169,2.742428507,0.009147607,0.00085492,0
37,236,1,119.0946191,7533.484029,0.019305,0,0,0,0.27367,0,0,0,0,0,0,3.27635624,0.009147607,0.00085492,0
37,236,1,119.0946191,7533.484029,0,0,0,2.8607,0.011131,0,0,0,0,0,0.75903,1.912461635,0.009147607,0.00085492,0
37,236,1,119.0946191,7533.484029,0,0,0,0,0.010107,0,0,0,0,0,0,8.563989377,0.009147607,0.00085492,0
37,236,1,119.0946191,7533.484029,2.6701,0,0,0.001436,0,0,0,0,0,0,18.1353,7.61406159,0.009147607,0.00085492,0
37,236,1,119.0946191,7533.484029,4.5748,0,0,0,0.33405,0,0,0,0,0,1.62018,2.742428507,0.009147607,0.00085492,0
37,236,1,119.0946191,7533.484029,1.2325,0,0,0.40202,6.4838,0,28.735,0,0,0,0,1.600969904,0.009147607,0.00085492,0
37,236,1,119.0946191,7533.484029,0,0,0,0,0.0059348,0,0,0,0,0,0.151728,0.506275725,0.009147607,0.00085492,0
37,236,1,119.0946191,7533.484029,0.27365,0,0,0.011201,0,0,0,0,0,0,0.151728,1.912461635,0.009147607,0.00085492,0
37,236,1,119.0946191,7533.484029,0,0,0,0,30.954,0,0,0,0,0,0.78999,0.506275725,0.009147607,0.00085492,0
37,236,1,119.0946191,7533.484029,6.8272,0,0.00524,10.118,0,0,0,0,0,0,0,5.924849251,0.009147607,0.00085492,0
37,236,1,119.0946191,7533.484029,0.002096,0,0,0,0.52251,0,0,0,0,0,7.4118,5.721119019,0.009147607,0.00085492,0
37,236,1,119.0946191,7533.484029,0.4515,0,1.444,0,0,0.026505,0,0,0,0,0.151728,4.791523591,0.009147607,0.00085492,0
37,236,1,119.0946191,7533.484029,0.01048,0,0,12.69,0,0,0.13028,0,0,0,0,19.16080795,0.009147607,0.00085492,0
37,236,1,119.0946191,7533.484029,0,0,0,2.9167,0,0,0,0,0,0,0,3.37110503,0.009147607,0.00085492,0
37,236,1,119.0946191,7533.484029,0,0,0,0,0,0,0,0,0,0,0,1.926287639,0.009147607,0.00085492,0
37,236,1,119.0946191,7533.484029,3.5699,0,0,0,0,0,0,0,0.72167,0,0.151728,2.742428507,0.009147607,0.00085492,0
37,236,1,119.0946191,7533.484029,0.023275,0,0,0.007102,0.007148,0,0,0,0,0,1.62048,62.76023949,0.009147607,0.00085492,0
37,236,1,119.0946191,7533.484029,0,0,0,0,2.1767,0,0,0,0,0,0,3.370698383,0.009147607,0.00085492,0
37,236,1,119.0946191,7533.484029,0.050392,0,0,0.003416,4.3986,0,0,0,0,0,65.781,4.748825638,0.009147607,0.00085492,0
37,236,1,119.0946191,7533.484029,0.39409,0,0,0,0,0,0,0,0,0,5.4765,107.1285055,0.009147607,0.00085492,0
37,236,1,119.0946191,7533.484029,0.0097027,0,0,0.011201,0,0.59584,0,0,0,0,8.3751,8.643285575,0.009147607,0.00085492,0
37,236,1,119.0946191,7533.484029,0.031098,0,0.005239,0,0,0,0,0,0,0,0.278526,2.550491043,0.009147607,0.00085492,0
37,236,1,119.0946191,7533.484029,0,0,0,0.001677,0.014941,0,0,0,0,0,0,1.437091095,0.009147607,0.00085492,0
37,236,1,119.0946191,7533.484029,0.91229,0,0,0.00524,0,0,0,0,0,0,0,3.539348854,0.009147607,0.00085492,0
37,236,1,119.0946191,7533.484029,0,0,0,0,0,0,0,0,0,0,0.151728,3.50611189,0.009147607,0.00085492,0
37,236,1,119.0946191,7533.484029,0.0094528,0,0,0.11797,0.002055,0,0.67845,0,0,0,4.4103,2.684481285,0.009147607,0.00085492,0
37,236,1,119.0946191,7533.484029,0.00524,0,0,0,0.003821,0,0,0,0,0,0.151728,41.65055169,0.009147607,0.00085492,0
37,236,1,119.0946191,7533.484029,0,0,0,0,0,0,0,0,0,0,0.293307,1.926287639,0.009147607,0.00085492,0
37,236,1,119.0946191,7533.484029,0.002139,0,0,0.0074133,0,0,0.40452,0,0,0,1.91388,2.550491043,0.009147607,0.00085492,0
37,236,1,119.0946191,7533.484029,0.17962,0,0.003346,0.68671,0.008333,0,0.13028,0,0,0,15.8232,6.438851272,0.009147607,0.00085492,0
37,236,1,119.0946191,7533.484029,0.010054,0,0,1.0487,0,0,0,0,0,0,0,1.740043236,0.009147607,0.00085492,0
37,236,1,119.0946191,7533.484029,0,0,0,0,0.63967,0,0,0,0,0,0.151728,1.953939646,0.009147607,0.00085492,0
37,236,1,119.0946191,7533.484029,0,0,0,0.00524,0,0,0,0,0,0,0,4.791523591,0.009147607,0.00085492,0
37,236,1,119.0946191,7533.484029,0.001493,0,0,0,0.00524,0,0,0,0,0,0.151728,9.094257285,0.009147607,0.00085492,0
37,236,1,119.0946191,7533.484029,0.003485,0,0,0,0.007102,0,0,0,0,0,7.4118,4.286874454,0.009147607,0.00085492,0
37,236,1,119.0946191,7533.484029,0,0,0,0,0,0,0,0,0,0,0,0.677067536,0.009147607,0.00085492,0
37,236,1,119.0946191,7533.484029,0,0,0,0,0.0072705,0,0,0,0,0,0.151728,4.791523591,0.009147607,0.00085492,0
37,236,1,119.0946191,7533.484029,0,0,0,0,0,0,0.13028,0,0,0,0,0.51278208,0.009147607,0.00085492,0
37,236,1,119.0946191,7533.484029,0.010364,0,0,0,0,0,0,0,0,0,1.65174,1.753869239,0.009147607,0.00085492,0
37,236,1,119.0946191,7533.484029,0.075337,0,0,0,0,0,0.74966,0,0,0,0.276939,1.788434249,0.009147607,0.00085492,0
37,236,1,119.0946191,7533.484029,0,0,0,0,0,0,0,0,0,0,0.151728,2.742428507,0.009147607,0.00085492,0
37,236,1,119.0946191,7533.484029,0.001669,0,0,0,0,0,0,0,0,0,0.151728,4.862686845,0.009147607,0.00085492,0
37,236,1,119.0946191,7533.484029,0,0,0,0.005239,0.007328,0,0,0,0,0,0,4.791523591,0.009147607,0.00085492,0
37,236,1,119.0946191,7533.484029,43.582,0,0,14.804,0,0,0.13028,0,0,0,4.5198,0.757177028,0.009147607,0.00085492,0
37,236,1,119.0946191,7533.484029,0,0,0,0.00524,29.422,0,0,0,0,0,10.2414,10.8444667,0.009147607,0.00085492,0
37,236,1,119.0946191,7533.484029,1.1984,0,0,0.007697,24.77,0.008333,0,0,0,0,0,1.740043236,0.009147607,0.00085492,0
37,236,1,119.0946191,7533.484029,36.945,0,0,31.038,0,0,0,0,0,0,1.09647,2.550491043,0.009147607,0.00085492,0
37,236,1,119.0946191,7533.484029,0.15083,0,0,0,0,0,0,0.98594,0,0,0.151728,0.403800639,0.009147607,0.00085492,0
37,236,1,119.0946191,7533.484029,0,0,0,0,0,0,0,0,0,0,1.57404,6.438851272,0.009147607,0.00085492,0
37,236,1,119.0946191,7533.484029,8.2504,0,0,0,0,0,0,0,0,0,0.151728,1.788434249,0.009147607,0.00085492,0
37,236,1,119.0946191,7533.484029,0,0,0,0.00043,0.005239,0,0,0,0,0,0.151728,1.926287639,0.009147607,0.00085492,0
37,236,1,119.0946191,7533.484029,0,0,0,7.8979,0.50221,1.6287,0,0,0,0,0,3.294248715,0.009147607,0.00085492,0
37,236,1,119.0946191,7533.484029,0.22639,0,0,0.67703,0,0,0,0,0,0,0,3.37110503,0.009147607,0.00085492,0
37,236,1,119.0946191,7533.484029,0,0,0,0.65249,0,0,0,0,0,0,0.151728,1.437091095,0.009147607,0.00085492,0
37,236,1,119.0946191,7533.484029,0.042136,0,0,0,0,0,0,0,0,0,0.151728,0.533114438,0.009147607,0.00085492,0
37,236,1,119.0946191,7533.484029,0.14297,0,0,24.36,0.21732,0,0,0,0,0,22.6218,8.153142895,0.009147607,0.00085492,0
37,236,1,119.0946191,7533.484029,6.3539,0,2.3505,0,0.005239,0,0,0,0,0,0,8.563989377,0.009147607,0.00085492,0
37,236,1,119.0946191,7533.484029,1.2325,0,0,0,4.3986,0,0,0,0,0,0,4.748825638,0.009147607,0.00085492,0
37,236,1,119.0946191,7533.484029,0.010364,0,0,0,0,0,0,0,0,0,18.849,4.791523591,0.009147607,0.00085492,0
37,236,1,119.0946191,7533.484029,0.013012,0,0,3.2487,0,0,0,0,0,0,0,0.163878809,0.009147607,0.00085492,0
37,236,1,119.0946191,7533.484029,0,0,0,0.001493,0.007148,0,0,0.30851,0,0,0.151728,41.65055169,0.009147607,0.00085492,0
37,236,1,119.0946191,7533.484029,0.014662,0,0,0,0,0.82806,0,0,0,0,0.151728,4.044970118,0.009147607,0.00085492,0
37,236,1,119.0946191,7533.484029,0,0,0,0,0,0.781,0,0,0,0,0,0.757177028,0.009147607,0.00085492,0
37,236,1,119.0946191,7533.484029,0.002382,0,0,0,0,0,0,0,0,0,0.151728,3.27635624,0.009147607,0.00085492,0
37,236,1,119.0946191,7533.484029,0,0,0,0,0,0,0,0,0,0,0,1.629841853,0.009147607,0.00085492,0
37,236,1,119.0946191,7533.484029,9.9965,0,0,0,0,0,0,0,0,0,0,14.97902997,0.009147607,0.00085492,0
37,236,1,119.0946191,7533.484029,0,0,0,0,0.005239,0.77921,0,0,0,0,11.6058,4.791523591,0.009147607,0.00085492,0
37,236,1,119.0946191,7533.484029,0.21588,0,0,0.00524,0,0.2468,0.13028,0,0,0,11.0184,3.37110503,0.009147607,0.00085492,0
37,236,1,119.0946191,7533.484029,0.001434,0,0,0,0,0,0,0,0,0,8.172,1.600969904,0.009147607,0.00085492,0
37,236,1,119.0946191,7533.484029,7.9784,0,0,0,0,0,0,0,0,0,0.151728,1.480602342,0.009147607,0.00085492,0
37,236,1,119.0946191,7533.484029,0,0,0,0,0,0,0,0,0,0,0.151728,8.563989377,0.009147607,0.00085492,0
37,236,1,119.0946191,7533.484029,0,0,0,0,0.011526,0,0,0,0,0,0.151728,8.563989377,0.009147607,0.00085492,0
37,236,1,119.0946191,7533.484029,0.042136,0,0,0,0,49.181,0,0,0,0,1.97832,3.37110503,0.009147607,0.00085492,0
37,236,1,119.0946191,7533.484029,10.309,0,0,0,0,0,0,0,0,0,0.151728,0.533114438,0.009147607,0.00085492,0
37,236,1,119.0946191,7533.484029,1.2548,0,0,0,0,0.89381,0,0,0,0,3.1572,81.9106449,0.009147607,0.00085492,0
37,236,1,119.0946191,7533.484029,57.072,0,0,0.02647,0.00524,0,0,0,0,0,1.08339,2.626534064,0.009147607,0.00085492,0
37,236,1,119.0946191,7533.484029,0.03314,0,0.015661,0,0.069058,0,0,0,0,0,0.151728,0.51278208,0.009147607,0.00085492,0
37,236,1,119.0946191,7533.484029,0,0,0,0.0088426,0,0,0,0,0,0,0.151728,1.629841853,0.009147607,0.00085492,0
37,236,1,119.0946191,7533.484029,0.020885,0,0,0.70621,0,0,0,0,0,0,9.4467,5.721119019,0.009147607,0.00085492,0
37,236,1,119.0946191,7533.484029,0,0,0,0,0.007221,0,0,0,0,0,0.151728,0.51278208,0.009147607,0.00085492,0
37,236,1,119.0946191,7533.484029,0,0,0,0,0,0,0,0,0,0,0.151728,6.85281809,0.009147607,0.00085492,0
37,236,1,119.0946191,7533.484029,0,0,0,0,0,0,0,0,0,0,0.292407,6.509873784,0.009147607,0.00085492,0
37,236,1,119.0946191,7533.484029,0.002139,0,0,0,0,0.34845,0,0,0,0,3.6423,7.432290306,0.009147607,0.00085492,0
37,236,1,119.0946191,7533.484029,0.72108,0,0,0,0.008333,0.78754,0,0,0,0,19.6818,8.563989377,0.009147607,0.00085492,0
37,236,1,119.0946191,7533.484029,0.00524,0,0,0,0.005395,0,0,0,0,0,0,7.61406159,0.009147607,0.00085492,0
37,236,1,119.0946191,7533.484029,0.057403,0,0.040524,0.68671,0,0,0.008333,0,0,0,1.62018,7.432290306,0.009147607,0.00085492,0
37,236,1,119.0946191,7533.484029,0.98357,0,0,0.007328,0.52251,0,0,0,0,0,1.35936,0.506275725,0.009147607,0.00085492,0
37,236,1,119.0946191,7533.484029,0.51774,0,0,0,0.0084565,0,0,0,0,0,19.6818,2.282103912,0.009147607,0.00085492,0
37,236,1,119.0946191,7533.484029,0.39529,0,0,0,0,0,0,0,0,0,0.51381,3.50611189,0.009147607,0.00085492,0
37,236,1,119.0946191,7533.484029,0.019152,0,0,0.008333,0.008133,0,0,0,0,0,0,0.506275725,0.009147607,0.00085492,0
37,236,1,119.0946191,7533.484029,0,0,0,0.00014,0.046926,0,0,0,0,0,0.151728,4.862686845,0.009147607,0.00085492,0
37,236,1,119.0946191,7533.484029,0,0,0,0,0,0,0,0,0,0,1.05978,1.788434249,0.009147607,0.00085492,0
37,236,1,119.0946191,7533.484029,0.23451,0,0,0,0,0,0,0,0,0,0,20.03672595,0.009147607,0.00085492,0
37,236,1,119.0946191,7533.484029,0.078253,0,0,0,0,0.79321,0,0,0,0,0.151728,1.953939646,0.009147607,0.00085492,0
37,236,1,119.0946191,7533.484029,0.008489,0,0,0,0,0,0,0,0,0,9.8421,20.03672595,0.009147607,0.00085492,0
37,236,1,119.0946191,7533.484029,0.3067,0,0,5.0428,0,1.1312,0,0,0,0,27.6384,1.082901411,0.009147607,0.00085492,0
37,236,1,119.0946191,7533.484029,0,0,0,0,0,0,26.325,0,0,0,19.4277,3.27635624,0.009147607,0.00085492,0
37,236,1,119.0946191,7533.484029,0.011957,0,0,0.001434,0,0,0,0,0,0,17.1858,20.03672595,0.009147607,0.00085492,0
37,236,1,119.0946191,7533.484029,40.517,0,0,0.0088426,0.026162,0,0,0,0,0,0,1.912461635,0.009147607,0.00085492,0
37,236,1,119.0946191,7533.484029,0,0,0,0,0,0,0,0,0,0,0,1.953939646,0.009147607,0.00085492,0
37,236,1,119.0946191,7533.484029,0,0,0,0,0.001669,0,0,0,0,0,1.02351,2.282103912,0.009147607,0.00085492,0
37,236,1,119.0946191,7533.484029,0.67499,0,0,0.008333,0,0,0,0,0,0,0.30174,0.506275725,0.009147607,0.00085492,0
37,236,1,119.0946191,7533.484029,0,0,0,0.001436,0,0,0,0,0,0,0.151728,9.094257285,0.009147607,0.00085492,0
37,236,1,119.0946191,7533.484029,4.9504,0,0,0.071721,0,0,0,0,0,0,3.1572,19.16080795,0.009147607,0.00085492,0
37,236,1,119.0946191,7533.484029,0.68217,0,0,0,0,0,0,0,0,0,0,7.61406159,0.009147607,0.00085492,0
37,236,1,119.0946191,7533.484029,0,0,0,0,0.001326,0,0,0,0.1055,0,5.2875,0.163878809,0.009147607,0.00085492,0
37,236,1,119.0946191,7533.484029,0.76883,0,0,7.2355,0,0,0,0,0,0,38.517,3.294248715,0.009147607,0.00085492,0
37,236,1,119.0946191,7533.484029,0.052214,0,0,0,0.011841,0,0,0,0,0,5.0406,1.437091095,0.009147607,0.00085492,0
37,236,1,119.0946191,7533.484029,0,0,0,0,0,0,0,0,0,0,0.280578,57.83043216,0.009147607,0.00085492,0
37,236,1,119.0946191,7533.484029,0.12208,0,3.9852,4.5651,0.23265,3.3641,0,0,0,0,3.7518,6.85281809,0.009147607,0.00085492,0
37,236,1,119.0946191,7533.484029,8.1913,0,0,8.1583,0,0,0,0,0,0,0.151728,4.862686845,0.009147607,0.00085492,0
37,236,1,119.0946191,7533.484029,0.006702,0,0,0,0,0,0,0,0,0,0.151728,2.742428507,0.009147607,0.00085492,0
37,236,1,119.0946191,7533.484029,0.98357,0,0,0,0.12938,0,0,0,0,0,58.353,0.163878809,0.009147607,0.00085492,0
37,236,1,119.0946191,7533.484029,0.008333,0,0,0,0.00524,0,0,0,0,0,0.151728,5.924849251,0.009147607,0.00085492,0
37,236,1,119.0946191,7533.484029,0,0,0,0.17658,0,0,0.67053,0,0,0,0.273018,3.50611189,0.009147607,0.00085492,0
37,236,1,119.0946191,7533.484029,0,0,1.129,0,0,0,0,0,0,0,0,1.926287639,0.009147607,0.00085492,0
37,236,1,119.0946191,7533.484029,0,0,0,1.2164,0,0,0,0,0,0,0.151728,19.16080795,0.009147607,0.00085492,0
37,236,1,119.0946191,7533.484029,0,0,0,0,0,0,0,0,0,0,0.151728,3.933904712,0.009147607,0.00085492,0
37,236,1,119.0946191,7533.484029,40.517,0,0.001669,1.2021,0,8.0819,0,0,0,0,1.08798,2.626534064,0.009147607,0.00085492,0
37,236,1,119.0946191,7533.484029,0.0067817,0,0,0,0,0.77921,0,0,0,0,0.151728,27.05073767,0.009147607,0.00085492,0
37,236,1,119.0946191,7533.484029,4.1811,0,0,0.008333,0,6.3468,0,0,0,0,0.278526,81.9106449,0.009147607,0.00085492,0
37,236,1,119.0946191,7533.484029,0.18763,0,0,0,10.721,0,0,0,0,0,14.0655,4.748825638,0.009147607,0.00085492,0
37,236,1,119.0946191,7533.484029,0.008333,0,0,0,0,0,0,0,0,0,1.52439,1.788434249,0.009147607,0.00085492,0
37,236,1,119.0946191,7533.484029,0.43058,0,0,0,0,0,0,0,0,0,0.151728,7.432290306,0.009147607,0.00085492,0
37,236,1,119.0946191,7533.484029,0.00524,0,0,0,0.008333,0,0,0,0,0,0.151728,13.20935554,0.009147607,0.00085492,0
37,236,1,119.0946191,7533.484029,21.068,0,0,0,0,0,0,0,0,0,0.151728,1.788434249,0.009147607,0.00085492,0
37,236,1,119.0946191,7533.484029,0.018322,0,0,0,0,0.77921,0,0,0,0,1.09647,8.563989377,0.009147607,0.00085492,0
38,237,1,119.032831,7529.57554,0,0,1.3121,0,0,0,0,0,0,0,1.41975,0.423815456,0.008216966,0.000767944,0
38,237,1,119.032831,7529.57554,0,0,0,0,0,0.026763,0,0,0.008333,0,0,0.219704697,0.008216966,0.000767944,0
38,237,1,119.032831,7529.57554,0.00524,0,0,0,0.000688,0,0,0,0,0,5.6418,1.651413523,0.008216966,0.000767944,0
38,237,1,119.032831,7529.57554,0.008335,0,0,0,0.14346,0,0,0,0,0,0.151728,25.71929039,0.008216966,0.000767944,0
38,237,1,119.032831,7529.57554,0,0,0,0,0.008335,0,0,0,0,0,0.280578,0.423815456,0.008216966,0.000767944,0
38,237,1,119.032831,7529.57554,0.011679,0,0,0.14311,0,0,0,0,0,0,16.4517,0.99739448,0.008216966,0.000767944,0
38,237,1,119.032831,7529.57554,8.1913,0,0,0,0,0,0,0,0,0,8.7918,15.12102526,0.008216966,0.000767944,0
38,237,1,119.032831,7529.57554,1.8379,0,0,0,0,0,0,0,0,0,1.65174,15.12102526,0.008216966,0.000767944,0
38,237,1,119.032831,7529.57554,0,0,0,0,0.0056,0,0,0,0,0,2.06073,3.237208988,0.008216966,0.000767944,0
38,237,1,119.032831,7529.57554,0,0,0,0.008333,0,0,0,0,0,0,0.151728,6.472102045,0.008216966,0.000767944,0
38,237,1,119.032831,7529.57554,0,0,0,0.000172,35.29,0,8.1826,0,0,0,0,0.085689464,0.008216966,0.000767944,0
38,237,1,119.032831,7529.57554,0.00644,0,0,0,2.6315,0,0,0,0,0,0.273018,2.474804353,0.008216966,0.000767944,0
38,237,1,119.032831,7529.57554,36.945,0,0,0,0.000739,0,0,0,0,0,0.151728,15.12102526,0.008216966,0.000767944,0
38,237,1,119.032831,7529.57554,40.517,0,0,0.03272,8.8857,0,0,0,0,0,0.151728,13.06734301,0.008216966,0.000767944,0
38,237,1,119.032831,7529.57554,0.00524,0,0,0,0,0,0.67053,0,0,0,6.9018,1.035375756,0.008216966,0.000767944,0
38,237,1,119.032831,7529.57554,13.595,0,0,0,4.2931,0,0,0,0,0,0,11.33524931,0.008216966,0.000767944,0
38,237,1,119.032831,7529.57554,0,0,0,0,0.008333,0,0,0,0,0,15.0018,2.124635517,0.008216966,0.000767944,0
38,237,1,119.032831,7529.57554,1.8115,0,0,0,0,0.79321,0,0,0,0,19.6818,2.474804353,0.008216966,0.000767944,0
38,237,1,119.032831,7529.57554,0.003295,0,0,0,0.000251,0.77921,0,0,0,0,0.44541,3.789481443,0.008216966,0.000767944,0
38,237,1,119.032831,7529.57554,0,0,0,0.0062753,0,0,0,0,0,0,8.7918,0.301225485,0.008216966,0.000767944,0
38,237,1,119.032831,7529.57554,0.013573,0,0,0,0,0,0,0,0,0,1.74174,0.085689464,0.008216966,0.000767944,0
38,237,1,119.032831,7529.57554,0.18244,0,0,0,2.1767,0,8.872,0,0,0,0,3.789481443,0.008216966,0.000767944,0
38,237,1,119.032831,7529.57554,0.00524,0,0,0,1.5099,0,0,0,0,0,12.3399,6.472102045,0.008216966,0.000767944,0
38,237,1,119.032831,7529.57554,0.0088426,0,0,0,0,0,0,0,0,0,8.5644,2.474804353,0.008216966,0.000767944,0
38,237,1,119.032831,7529.57554,0.019714,0,0,0,0.00524,0,0,0,0,0,0,2.124635517,0.008216966,0.000767944,0
38,237,1,119.032831,7529.57554,0,0,0,0,0,0,45.746,0,0,0,0.6021,25.71929039,0.008216966,0.000767944,0
38,237,1,119.032831,7529.57554,22.323,0,0,0,0.047685,1.5701,0,0,0,0,0.292407,0.085689464,0.008216966,0.000767944,0
38,237,1,119.032831,7529.57554,0,0,0,0.05917,0,0,0,0,0,0,0.151728,2.474804353,0.008216966,0.000767944,0
38,237,1,119.032831,7529.57554,0.015667,0,0,0,0,0,0,0,0,0,0.151728,11.33524931,0.008216966,0.000767944,0
38,237,1,119.032831,7529.57554,0.051828,0,0,2.1101,0,0,0,0,0,0,22.7118,0.219704697,0.008216966,0.000767944,0
38,237,1,119.032831,7529.57554,0.008333,0,0,0,0.21192,0,0,0,0,0,0.72228,1.651413523,0.008216966,0.000767944,0
38,237,1,119.032831,7529.57554,0.01357,0,0,0.002868,0.13896,0,0,0,0,0,0.151728,2.124635517,0.008216966,0.000767944,0
38,237,1,119.032831,7529.57554,0,0,0,0,0,0,0,0,0,0,0.151728,3.789481443,0.008216966,0.000767944,0
38,237,1,119.032831,7529.57554,0,0,0,0,0,0,0,0,0,0,1.02351,0.085689464,0.008216966,0.000767944,0
38,237,1,119.032831,7529.57554,2.9666,0,0,0,0,0,91.335,0,0,0,0,2.124635517,0.008216966,0.000767944,0
38,237,1,119.032831,7529.57554,0.0056959,0,0,0,0,0,0,0,0,0,0,0.423815456,0.008216966,0.000767944,0
38,237,1,119.032831,7529.57554,0.005239,0,0,0,0,0,0.13028,0,0,0,0,1.651413523,0.008216966,0.000767944,0
38,237,1,119.032831,7529.57554,0,0,0,0,0.022119,0,0,0,0,0,1.17432,3.789481443,0.008216966,0.000767944,0
38,237,1,119.032831,7529.57554,0,0,0,0,0,0,0,0,0,0,0,2.124635517,0.008216966,0.000767944,0
38,237,1,119.032831,7529.57554,0.000081,0,0,0,0,0,0,0,0,0,22.8018,3.237208988,0.008216966,0.000767944,0
38,237,1,119.032831,7529.57554,23.582,0,0,0,1.1453,0,0,0,0,0,7.0536,6.472102045,0.008216966,0.000767944,0
38,237,1,119.032831,7529.57554,0.0055799,0,0,0,0,0,0,0,0,0,11.7102,0.085689464,0.008216966,0.000767944,0
38,237,1,119.032831,7529.57554,0.0094073,0,0,0,0,0.90378,0,0,0,0,0,0.541773565,0.008216966,0.000767944,0
38,237,1,119.032831,7529.57554,0,0,0,0.000078,0,0,0,0,0,0,1.02366,2.124635517,0.008216966,0.000767944,0
38,237,1,119.032831,7529.57554,25.205,0,0.82178,0,0,0,0,0,0,0,0.151728,1.035375756,0.008216966,0.000767944,0
38,237,1,119.032831,7529.57554,0.057403,0,0,0,0,0,0,0,0,0,0.151728,0.423815456,0.008216966,0.000767944,0
38,237,1,119.032831,7529.57554,0,0,0,0,0,0,0,0,0,0,34.539,0.219704697,0.008216966,0.000767944,0
38,237,1,119.032831,7529.57554,0.40788,0,0,0,0,0,0,0,0,0,0,15.12102526,0.008216966,0.000767944,0
38,237,1,119.032831,7529.57554,0,0,0,0,0,0,0,0,0,0,2.73105,107.6982002,0.008216966,0.000767944,0
38,237,1,119.032831,7529.57554,0.00644,0,0.005578,1.788,0,0,0,0,0,0,0.151728,0.423815456,0.008216966,0.000767944,0
38,237,1,119.032831,7529.57554,0,0,0,0,0,0,0,0,0,0,0.75903,2.124635517,0.008216966,0.000767944,0
38,237,1,119.032831,7529.57554,0.51613,0,0,0,0,0,0,0,0,0,6.3561,3.789481443,0.008216966,0.000767944,0
38,237,1,119.032831,7529.57554,0.002784,0,0.57901,0,0,0,0.67053,0,0,0,0,3.789481443,0.008216966,0.000767944,0
38,237,1,119.032831,7529.57554,0.008699,0,0,0,3.3777,2.6216,0,0,0,0,0,11.33524931,0.008216966,0.000767944,0
38,237,1,119.032831,7529.57554,0,0,0,0,0,0,0,0,0,0,19.7118,3.237208988,0.008216966,0.000767944,0
38,237,1,119.032831,7529.57554,0.00062,0,0,0,29.422,0,0,0,0,0,0,11.33524931,0.008216966,0.000767944,0
38,237,1,119.032831,7529.57554,0.007148,0,0,0.001493,0,0,0,0,0,0,0,0.99739448,0.008216966,0.000767944,0
38,237,1,119.032831,7529.57554,0,0,0,25.355,0,0,0,0,0,0,0,11.33524931,0.008216966,0.000767944,0
38,237,1,119.032831,7529.57554,0.00644,0,0,0.0067015,0,0,0,0,0,0,0.151728,1.651413523,0.008216966,0.000767944,0
38,237,1,119.032831,7529.57554,0.011679,0,0,0.033648,0,0,0,0,0,0,11.0268,0.085689464,0.008216966,0.000767944,0
38,237,1,119.032831,7529.57554,0,0,0,0.10557,0.18217,0,0.13028,0,0,0,0,11.33524931,0.008216966,0.000767944,0
38,237,1,119.032831,7529.57554,0.000078,0,0,0,0,0,0,0,0,0,0,2.124635517,0.008216966,0.000767944,0
38,237,1,119.032831,7529.57554,0.032101,0,0,0,0,0,0,0,0,0,0,3.789481443,0.008216966,0.000767944,0
38,237,1,119.032831,7529.57554,0,0,0,0.012904,0,0,14.188,0,0,0,3.8946,3.789481443,0.008216966,0.000767944,0
38,237,1,119.032831,7529.57554,0,0,0,0.10345,3.2048,0,0,0,0,0,34.746,0.301225485,0.008216966,0.000767944,0
38,237,1,119.032831,7529.57554,0,0,0,0.005239,0,0,0,0,0,0,16.3047,3.789481443,0.008216966,0.000767944,0
38,237,1,119.032831,7529.57554,0.001478,0,0,0,2.3147,0,0,0,0,0,8.7318,0.99739448,0.008216966,0.000767944,0
38,237,1,119.032831,7529.57554,14.875,0,0,1.8563,0,0,0,0,0,0,2.7027,3.789481443,0.008216966,0.000767944,0
38,237,1,119.032831,7529.57554,1.5561,0,0,0,0,0,0.13028,0,0,0,0.151728,0.423815456,0.008216966,0.000767944,0
38,237,1,119.032831,7529.57554,1.1189,0,0,0,0.52975,0,0,4.133,0,0,13.5936,4.278895437,0.008216966,0.000767944,0
38,237,1,119.032831,7529.57554,0.73427,0,0,0,0.14993,0,0,0,0,0,0.151728,0.219704697,0.008216966,0.000767944,0
38,237,1,119.032831,7529.57554,0.023786,0,0,0,0,0,0,0,0,0,0.151728,13.06734301,0.008216966,0.000767944,0
38,237,1,119.032831,7529.57554,0.7988,0,0,5.8999,0,0,0,0,0,0,37.836,10.04744876,0.008216966,0.000767944,0
38,237,1,119.032831,7529.57554,0,0,0,0,0.0062156,0,0,0,0,0,0.286419,0.219704697,0.008216966,0.000767944,0
38,237,1,119.032831,7529.57554,0,0,0,0.007102,0.008333,0,0.13028,0,0,0,8.6688,0.541773565,0.008216966,0.000767944,0
38,237,1,119.032831,7529.57554,23.064,0,0,0,0.010122,0,24.186,0,0,0,0,2.474804353,0.008216966,0.000767944,0
38,237,1,119.032831,7529.57554,0.008333,0,0,0.00644,0,0,0,0,0,0,19.6818,0.219704697,0.008216966,0.000767944,0
38,237,1,119.032831,7529.57554,0,0,0,0.02762,0,0,0,0,0,0,0.151728,6.472102045,0.008216966,0.000767944,0
38,237,1,119.032831,7529.57554,0,0,0,0,8.1439,0,0,0,0,0,0,0.99739448,0.008216966,0.000767944,0
38,237,1,119.032831,7529.57554,0.023786,0,0,0.0025559,0,0.39637,0,0,0,0,6.8079,0.085689464,0.008216966,0.000767944,0
38,237,1,119.032831,7529.57554,0.000124,0,0,0,0.013973,0,0,0,0,0,20.8818,0.541773565,0.008216966,0.000767944,0
38,237,1,119.032831,7529.57554,0.00036,0,0,0.15275,0,0,0,0,0,0,9.0018,0.541773565,0.008216966,0.000767944,0
38,237,1,119.032831,7529.57554,0,0,0,0.030965,0,0,0,0,0,0,3.3018,0.99739448,0.008216966,0.000767944,0
38,237,1,119.032831,7529.57554,0.008321,0,0,0,20.056,0,0,0,0,0,0.288579,0.219704697,0.008216966,0.000767944,0
38,237,1,119.032831,7529.57554,0.057403,0,0,0,0,0,0.093171,0,0,0,0,2.007567612,0.008216966,0.000767944,0
38,237,1,119.032831,7529.57554,0,0,0,0,0,0.25468,0,0,0,0,1.97832,1.651413523,0.008216966,0.000767944,0
38,237,1,119.032831,7529.57554,0.00524,0,0,0,0,0,0,0,0,0,0,3.237208988,0.008216966,0.000767944,0
38,237,1,119.032831,7529.57554,0.013573,0,0,15.984,0,0,0.13028,0,0,0,11.9625,22.79016382,0.008216966,0.000767944,0
38,237,1,119.032831,7529.57554,0.015487,0,0,0.081032,0,0,0,0,0,0,9.5499,3.789481443,0.008216966,0.000767944,0
38,237,1,119.032831,7529.57554,0,0,0,0,0.000739,0,0,0,0,0,0,0.219704697,0.008216966,0.000767944,0
38,237,1,119.032831,7529.57554,0.00524,0,0,0.016837,0,0,0,0,0,0,0,6.472102045,0.008216966,0.000767944,0
38,237,1,119.032831,7529.57554,0.002011,0,0.005578,0.008333,1.7249,0,0,0,0,0,1.27794,3.237208988,0.008216966,0.000767944,0
38,237,1,119.032831,7529.57554,5.8431,0,0,0,0,0,0.13028,0,0,0,0,0.423815456,0.008216966,0.000767944,0
38,237,1,119.032831,7529.57554,0,0,0,0,0,0,0,0,0,0,0.75903,22.79016382,0.008216966,0.000767944,0
38,237,1,119.032831,7529.57554,0,0,0,0,0.00524,0,0,0,0,0,0,0.99739448,0.008216966,0.000767944,0
38,237,1,119.032831,7529.57554,0,0,0,0.000739,0,0,0,0,0,0,0,11.68233493,0.008216966,0.000767944,0
38,237,1,119.032831,7529.57554,0.17713,0,0,0.007102,0,0,0,0,0,0,1.62048,0.085689464,0.008216966,0.000767944,0
38,237,1,119.032831,7529.57554,0.00524,0,0,0,0.021909,4.8967,0,0,0,0,0,0.99739448,0.008216966,0.000767944,0
38,237,1,119.032831,7529.57554,0.008321,0,0,0.049787,3.0408,0,0,0,0,0,0.279942,0.99739448,0.008216966,0.000767944,0
38,237,1,119.032831,7529.57554,0.016058,0,0,0.25593,0,0,0,0,0,0,0.42399,0.301225485,0.008216966,0.000767944,0
38,237,1,119.032831,7529.57554,0.023705,0,0,7.1031,0,0,0,0,0,0,17.2929,0.085689464,0.008216966,0.000767944,0
38,237,1,119.032831,7529.57554,0.000376,0,0,0,0.010507,0,0,0,0,0,8.6688,11.33524931,0.008216966,0.000767944,0
38,237,1,119.032831,7529.57554,0.032101,0,0,0.1964,0,0,10.349,0,0,0,0,11.33524931,0.008216966,0.000767944,0
38,237,1,119.032831,7529.57554,0,0,0,0.049787,1.2072,0,0,0,0,0,0.151728,0.219704697,0.008216966,0.000767944,0
38,237,1,119.032831,7529.57554,0.010963,0,0,0,0,0,0,0,0,0,0.151728,0.541773565,0.008216966,0.000767944,0
38,237,1,119.032831,7529.57554,0,0,0,1.6824,0.67362,0,0,0,0,0,0.279822,3.789481443,0.008216966,0.000767944,0
38,237,1,119.032831,7529.57554,0.76883,0,0,0,0,0,0.13028,0,0,0,1.97832,15.12102526,0.008216966,0.000767944,0
38,237,1,119.032831,7529.57554,0.005372,0,0,20.04,0,0,0,0,0,0,0.151728,15.12102526,0.008216966,0.000767944,0
38,237,1,119.032831,7529.57554,0.00524,0,0,0,0,0,0,0,0,0,46.293,0.085689464,0.008216966,0.000767944,0
38,237,1,119.032831,7529.57554,0,0,0,0.015045,12.308,0,0,0,0,0,0.151728,0.99739448,0.008216966,0.000767944,0
38,237,1,119.032831,7529.57554,0.00524,0,0,0.91042,0.00524,0,0,0,0,0,17.3325,6.472102045,0.008216966,0.000767944,0
38,237,1,119.032831,7529.57554,0.85316,0,0,7.1341,0,0.10235,0,0,0,0,1.35936,15.12102526,0.008216966,0.000767944,0
38,237,1,119.032831,7529.57554,0.013573,0,0,0.22843,0,0,0,0,0,0,0.93561,25.71929039,0.008216966,0.000767944,0
38,237,1,119.032831,7529.57554,0,0,0,0.65591,0.012187,0,0,0,0,0,25.9959,1.651413523,0.008216966,0.000767944,0
38,237,1,119.032831,7529.57554,0,0,0,0.0021738,0.00524,0,11.179,0,0,0,0.290478,1.651413523,0.008216966,0.000767944,0
38,237,1,119.032831,7529.57554,0,0,0,0.008321,0,0,0,0,0,0,0,0.301225485,0.008216966,0.000767944,0
38,237,1,119.032831,7529.57554,4.282,0,0,0.027172,0,0,0,0,0,0,15.252,0.99739448,0.008216966,0.000767944,0
38,237,1,119.032831,7529.57554,0,0,0,0,0.006456,0,0,0,0,0,0.276939,15.12102526,0.008216966,0.000767944,0
38,237,1,119.032831,7529.57554,0.005239,0,0,0,0.000124,0,0,0,0,0,14.5008,2.124635517,0.008216966,0.000767944,0
38,237,1,119.032831,7529.57554,0.11399,0,0,0,2.5837,0,0,0,0,0,1.1697,0.301225485,0.008216966,0.000767944,0
38,237,1,119.032831,7529.57554,0,0,0,0,1.6868,0,0,0,0,0,0,0.541773565,0.008216966,0.000767944,0
38,237,1,119.032831,7529.57554,0,0,0,4.3923,6.4838,0,0.67845,0,0,0,0.34593,15.12102526,0.008216966,0.000767944,0
38,237,1,119.032831,7529.57554,0.061767,0,0,6.9518,0,5.6833,0,0,0,0,8.9718,6.472102045,0.008216966,0.000767944,0
38,237,1,119.032831,7529.57554,0.00644,0,0,0.3794,0.003538,0,0,0,0,0,0,0.99739448,0.008216966,0.000767944,0
38,237,1,119.032831,7529.57554,0,0,0,0.011406,0.005239,0.0003,0,0,0,0,0.151728,0.085689464,0.008216966,0.000767944,0
38,237,1,119.032831,7529.57554,0,0,0,0,0,0,0,0,0,0,0.151728,11.33524931,0.008216966,0.000767944,0
38,237,1,119.032831,7529.57554,1.4262,0,0.01084,0,3.3385,0,0,0,0,0,0,2.124635517,0.008216966,0.000767944,0
38,237,1,119.032831,7529.57554,0,0,0,17.76,0,12.816,0,0,0,0,0,2.474804353,0.008216966,0.000767944,0
38,237,1,119.032831,7529.57554,0,0,0,10.418,0.030964,0,0,0,0,0,19.5987,0.423815456,0.008216966,0.000767944,0
38,237,1,119.032831,7529.57554,0.032101,0,0,0,0,0,0,0,0,0,8.9118,2.474804353,0.008216966,0.000767944,0
38,237,1,119.032831,7529.57554,0.20881,0,0,0,0,0,0,0,0,0,0.65616,11.33524931,0.008216966,0.000767944,0
38,237,1,119.032831,7529.57554,0.013573,0,0,29.05,0,0,0,0,0,0,0,0.99739448,0.008216966,0.000767944,0
38,237,1,119.032831,7529.57554,0.002508,0,0,0.008333,0,32.552,0.74966,0,0,0,0.33174,0.219704697,0.008216966,0.000767944,0
38,237,1,119.032831,7529.57554,0,0,0.022515,0,0.00062,0,0,0,0,0,1.10577,11.33524931,0.008216966,0.000767944,0
38,237,1,119.032831,7529.57554,0,0,0,0,0,0,0,0,0,0,7.2168,0.085689464,0.008216966,0.000767944,0
38,237,1,119.032831,7529.57554,5.0534,0,0,0.008333,0,4.1439,0,0,0,0,0,0.301225485,0.008216966,0.000767944,0
38,237,1,119.032831,7529.57554,0,0,0,0.0068531,4.753,0,0,0,0,0,0.151728,6.472102045,0.008216966,0.000767944,0
38,237,1,119.032831,7529.57554,0.011569,0,0,0,0,0,0,0,0,0,7.0518,3.789481443,0.008216966,0.000767944,0
38,237,1,119.032831,7529.57554,0,0,0,0.16809,1.649,0,0,0,0,0,0.151728,0.423815456,0.008216966,0.000767944,0
38,237,1,119.032831,7529.57554,0.15204,0,0,0,0,0,0,0,0,0,0.78174,2.474804353,0.008216966,0.000767944,0
38,237,1,119.032831,7529.57554,0.008335,0,0,0,0,0,0,0,0,0,0.151728,2.124635517,0.008216966,0.000767944,0
38,237,1,119.032831,7529.57554,0,0,0,0.002741,24.77,0,0,0,0,0,0.151728,11.33524931,0.008216966,0.000767944,0
38,237,1,119.032831,7529.57554,0.001326,0,0,20.576,0,0,0,0,0,0,0,1.035375756,0.008216966,0.000767944,0
38,237,1,119.032831,7529.57554,25.205,0,0,0,0,0,0,0,0,0,0.151728,1.651413523,0.008216966,0.000767944,0
38,237,1,119.032831,7529.57554,0.000545,0,0,0,0,0,0,0,0,0,0.151728,0.99739448,0.008216966,0.000767944,0
38,237,1,119.032831,7529.57554,0,0,0,0,0,0,0,0,0,0,0.151728,0.99739448,0.008216966,0.000767944,0
38,237,1,119.032831,7529.57554,0,0,0,0,0,0.29431,0,0,0,0,0.280587,0.301225485,0.008216966,0.000767944,0
38,237,1,119.032831,7529.57554,1.0702,0,0,0,0,0.87289,0,0,0,0,0.151728,6.472102045,0.008216966,0.000767944,0
38,237,1,119.032831,7529.57554,4.5748,0,0,0.00524,0,0,0,0,0,0,0.151728,15.12102526,0.008216966,0.000767944,0
38,237,1,119.032831,7529.57554,0.014662,0,0,0.008332,0,0,30.977,0,0,0,0,0.085689464,0.008216966,0.000767944,0
38,237,1,119.032831,7529.57554,0,0,0,0,0.14172,0,0,0,0,0,9.5499,1.035375756,0.008216966,0.000767944,0
38,237,1,119.032831,7529.57554,0.001326,0,0,0,0,0,0,0,0,0,3.2364,1.035375756,0.008216966,0.000767944,0
38,237,1,119.032831,7529.57554,0,0,0,0,0.00043,0.7814,0,0,0,0,5.5146,0.423815456,0.008216966,0.000767944,0
38,237,1,119.032831,7529.57554,0,0,0,0.03272,0.008335,0,0,0,0,0,0.279615,0.541773565,0.008216966,0.000767944,0
38,237,1,119.032831,7529.57554,0.008333,0,0,2.4911,0,0,0,0,0,0,0,4.278895437,0.008216966,0.000767944,0
38,237,1,119.032831,7529.57554,0,0,0,0,0,0,0.75031,0,0,0,0,63.91433386,0.008216966,0.000767944,0
38,237,1,119.032831,7529.57554,0,0,0,0,1.2446,0,0,0,0,0,18.9018,6.495762651,0.008216966,0.000767944,0
38,237,1,119.032831,7529.57554,0.3067,0,0,0,0,0,0,0,0,0,3.4818,2.124635517,0.008216966,0.000767944,0
38,237,1,119.032831,7529.57554,0,0,1.5397,0,0.0094528,0,0,0,0,0,0,15.12102526,0.008216966,0.000767944,0
38,237,1,119.032831,7529.57554,0.061886,0,0,0.29765,17.64,0,0,0,0,0,0,4.278895437,0.008216966,0.000767944,0
38,237,1,119.032831,7529.57554,0,0,0,0.000063,0,0,0.42744,0,0,0,0,0.541773565,0.008216966,0.000767944,0
38,237,1,119.032831,7529.57554,0.0068619,0,0,0.12252,44.94,0,0,0,0,0,15.0003,2.007567612,0.008216966,0.000767944,0
38,237,1,119.032831,7529.57554,0,0,0,0,0,1.1637,0,0,0,0,2.3544,10.04744876,0.008216966,0.000767944,0
38,237,1,119.032831,7529.57554,0,0,1.7155,0.75591,0.00524,0,0,0,0,0,0,2.474804353,0.008216966,0.000767944,0
38,237,1,119.032831,7529.57554,0.042738,0,0,2.2778,2.6315,0.78754,0,0,0,0,1.03647,1.651413523,0.008216966,0.000767944,0
38,237,1,119.032831,7529.57554,0.00524,0,0,0,0,0.79321,0,0,0,0,0,3.237208988,0.008216966,0.000767944,0
38,237,1,119.032831,7529.57554,0.011015,0,0,0,0.65463,0.10003,0,0,0,0,0,0.301225485,0.008216966,0.000767944,0
38,237,1,119.032831,7529.57554,0.13074,0,0,0,0,0,0,0,0,0,0.151728,22.79016382,0.008216966,0.000767944,0
38,237,1,119.032831,7529.57554,0.042136,0,0,3.1662,0,0,0,0,0,0,0,2.474804353,0.008216966,0.000767944,0
38,237,1,119.032831,7529.57554,0,0,0,0,0,0,0,0,0,0,17.2929,2.124635517,0.008216966,0.000767944,0
38,237,1,119.032831,7529.57554,0,0,0,0.02762,0.008333,0,0.13028,0,0,0,0,0.423815456,0.008216966,0.000767944,0
38,237,1,119.032831,7529.57554,8.2504,0,0,0,0,0,9.6768,0,0,0,0.278694,22.79016382,0.008216966,0.000767944,0
38,237,1,119.032831,7529.57554,0,0,0,0,0.016012,0,0,36.178,0,0,4.3869,1.651413523,0.008216966,0.000767944,0
38,237,1,119.032831,7529.57554,49.011,0,0,1.7274,1.6602,0,0,0,0,0,0,0.99739448,0.008216966,0.000767944,0
38,237,1,119.032831,7529.57554,0,0,0,19.222,0,0,0,0,0,0,0.151728,0.423815456,0.008216966,0.000767944,0
38,237,1,119.032831,7529.57554,0.00524,0,0,0.024145,0,0,0,0,0,0,0,2.124635517,0.008216966,0.000767944,0
38,237,1,119.032831,7529.57554,3.5296,0,0,0.29765,0,0,0,0,0,0,11.7102,0.085689464,0.008216966,0.000767944,0
38,237,1,119.032831,7529.57554,0,0,0,0,0,0,0,0,0,0,0,2.474804353,0.008216966,0.000767944,0
38,237,1,119.032831,7529.57554,6.2048,0,0,0,0,0,0,0,0,0,0.151728,0.99739448,0.008216966,0.000767944,0
38,237,1,119.032831,7529.57554,0.01048,0,0,0,0,0,0,0,0,0,0.151728,15.12102526,0.008216966,0.000767944,0
38,237,1,119.032831,7529.57554,0,0,0,0.00524,0,0,0,0,0,0,0.151728,11.33524931,0.008216966,0.000767944,0
38,237,1,119.032831,7529.57554,0,0,0.002139,0.00524,0.11608,0,0,0,0,0,0.151728,2.124635517,0.008216966,0.000767944,0
38,237,1,119.032831,7529.57554,0,0,0,0,0.001267,0,28.852,0,0,0,0,2.124635517,0.008216966,0.000767944,0
38,237,1,119.032831,7529.57554,0.003821,0,0,0,4.1692,0,0,0,0,0,0.151728,4.278895437,0.008216966,0.000767944,0
38,237,1,119.032831,7529.57554,0.00524,0,0,0,7.8711,0,0,0,0,0,0,39.57625232,0.008216966,0.000767944,0
38,237,1,119.032831,7529.57554,0.027357,0,0,0,1.5099,0.77921,0.10863,0,0,0,1.02366,0.423815456,0.008216966,0.000767944,0
38,237,1,119.032831,7529.57554,0.00036,0,0,0.006674,7.2444,0,0,0,0,0,6.8154,0.301225485,0.008216966,0.000767944,0
38,237,1,119.032831,7529.57554,0,0,0,0,0,0,0,0,0,0,0,0.085689464,0.008216966,0.000767944,0
38,237,1,119.032831,7529.57554,0.000376,0,0,0.027172,0,0,0,0,0,0,0.151728,2.124635517,0.008216966,0.000767944,0
38,237,1,119.032831,7529.57554,0.045123,0,0,0.073717,0,0,29.229,0,0,0,0,0.085689464,0.008216966,0.000767944,0
38,237,1,119.032831,7529.57554,0,0,0,0,0,0,0,0,0,0,0.151728,0.423815456,0.008216966,0.000767944,0
38,237,1,119.032831,7529.57554,0.000376,0,0,0,0,0,0,0,0,0,0.151728,0.423815456,0.008216966,0.000767944,0
38,237,1,119.032831,7529.57554,0,0,0,0,0.002508,0,0,0,0,0,4.8507,11.33524931,0.008216966,0.000767944,0
38,237,1,119.032831,7529.57554,0,0,0,0,0.008333,3.2273,0,0,0,0,0,0.423815456,0.008216966,0.000767944,0
38,237,1,119.032831,7529.57554,8.3092,0,0,0,0,0,0,0,0,0,11.7102,2.124635517,0.008216966,0.000767944,0
38,237,1,119.032831,7529.57554,0.001669,0,0.81675,0,0,0,0,0.8422,0,0,0,0.541773565,0.008216966,0.000767944,0
38,237,1,119.032831,7529.57554,45.509,0,0,0,0.12099,0,0,0,0.048203,0,0,2.124635517,0.008216966,0.000767944,0
38,237,1,119.032831,7529.57554,0.015667,0,0,0,0.14829,0,0,0,0,0,7.4118,3.237208988,0.008216966,0.000767944,0
38,237,1,119.032831,7529.57554,0,0,0,0,0,0,0.13028,0,0,0,3.1572,0.085689464,0.008216966,0.000767944,0
38,237,1,119.032831,7529.57554,0.013573,0,0,0,6.9699,0,0,0,0,0,0,1.651413523,0.008216966,0.000767944,0
38,237,1,119.032831,7529.57554,0.00524,0,0,17.949,0.37101,0,0,0,0,0,1.1697,15.12102526,0.008216966,0.000767944,0
38,237,1,119.032831,7529.57554,0.0088108,0,0,0.11797,0,0,0,0,0,0,6.258,0.219704697,0.008216966,0.000767944,0
38,237,1,119.032831,7529.57554,0.011297,0,0,0.1455,0,0,0,0,0,0,1.08798,1.651413523,0.008216966,0.000767944,0
38,237,1,119.032831,7529.57554,0,0,0,5.8999,0,0,0,0,0,0,1.10577,6.472102045,0.008216966,0.000767944,0
38,237,1,119.032831,7529.57554,0,0,0.78602,0,0.23723,0,0,0,0,0,0,17.60572724,0.008216966,0.000767944,0
38,237,1,119.032831,7529.57554,0,0,0,0.017468,0,0,0,0,0,0,4.4787,15.12102526,0.008216966,0.000767944,0
38,237,1,119.032831,7529.57554,0.74435,0,0,0,1.8144,0,0,0,0,0,0.151728,0.423815456,0.008216966,0.000767944,0
38,237,1,119.032831,7529.57554,0,0,0,0.0093259,0,0,0,0,0,0,0,0.541773565,0.008216966,0.000767944,0
38,237,1,119.032831,7529.57554,1.7741,0,0,0,0,0,0,0,0,0,1.17456,1.651413523,0.008216966,0.000767944,0
38,237,1,119.032831,7529.57554,3.6358,0,0,0,0.007102,0.78092,0,0,0,0,0,13.06734301,0.008216966,0.000767944,0
38,237,1,119.032831,7529.57554,0.018235,0,0,0,0,0,0,0,0,0,0.293307,6.472102045,0.008216966,0.000767944,0
38,237,1,119.032831,7529.57554,0.032537,0,0.00524,0,0,0.79321,0,0,0,0,0.279585,3.789481443,0.008216966,0.000767944,0
38,237,1,119.032831,7529.57554,0.018338,0,0,0,0.010373,0,0,0,0,0,0.151728,15.12102526,0.008216966,0.000767944,0
38,237,1,119.032831,7529.57554,14.875,0,0,0.18811,2.4885,37.958,0,0,0,0,9.1953,6.495762651,0.008216966,0.000767944,0
38,237,1,119.032831,7529.57554,0,0,0,0,0.001669,6.0658,0,0,0,0,0.151728,0.301225485,0.008216966,0.000767944,0
38,237,1,119.032831,7529.57554,0,0,0,0,0,0.18827,0,0,0,0,0,3.237208988,0.008216966,0.000767944,0
38,237,1,119.032831,7529.57554,0,0,0,0,0,0,0,0,0,0,2.06073,2.124635517,0.008216966,0.000767944,0
38,237,1,119.032831,7529.57554,0.008333,0,0,0,0,0,0,0,0,0,4.4358,2.124635517,0.008216966,0.000767944,0
38,237,1,119.032831,7529.57554,0,0,0,0.018148,0,0,0,0,0,0,0,6.472102045,0.008216966,0.000767944,0
38,237,1,119.032831,7529.57554,0.016058,0,0,0,0.008475,0,0,0,0,0,0,0.541773565,0.008216966,0.000767944,0
38,237,1,119.032831,7529.57554,0.067102,0,0,0,0,0,0,0,0,0,43.863,6.472102045,0.008216966,0.000767944,0
38,237,1,119.032831,7529.57554,53.36,0,0,0.007221,0,0.781,0,0,0,0,0,0.301225485,0.008216966,0.000767944,0
38,237,1,119.032831,7529.57554,0.002784,0,0,1.5394,0,0,0,0,0,0,8.7918,3.237208988,0.008216966,0.000767944,0
38,237,1,119.032831,7529.57554,0.013476,0,0,0,0.00524,0,0,0,0,0,8.9718,15.12102526,0.008216966,0.000767944,0
38,237,1,119.032831,7529.57554,0.034521,0,0,0.10557,0,0,0,0,0,0,2.73105,3.789481443,0.008216966,0.000767944,0
38,237,1,119.032831,7529.57554,0.032101,0,0,0,0.79075,0,0,0,0,0,15.8232,4.278895437,0.008216966,0.000767944,0
38,237,1,119.032831,7529.57554,0.012671,0,0,0,14.269,0,0.13028,0,0,0,0,15.12102526,0.008216966,0.000767944,0
38,237,1,119.032831,7529.57554,0.00524,0,0,0,0.000739,0,0,0,0,0,1.52439,3.237208988,0.008216966,0.000767944,0
38,237,1,119.032831,7529.57554,0.015379,0,0,0,0.011841,0,0,0,0,0,1.65174,2.124635517,0.008216966,0.000767944,0
38,237,1,119.032831,7529.57554,0.008333,0,0,20.576,0,0,0,0,0,0,7.3638,4.278895437,0.008216966,0.000767944,0
38,237,1,119.032831,7529.57554,7.5139,0,0,0,0.18655,0,0,0,0,0,0,1.035375756,0.008216966,0.000767944,0
38,237,1,119.032831,7529.57554,0.43058,0,0,16.558,0,0,0,0,0,0,0,3.237208988,0.008216966,0.000767944,0
38,237,1,119.032831,7529.57554,0,0,0,0,0.008333,0,0,0,0,0,1.97832,11.33524931,0.008216966,0.000767944,0
38,237,1,119.032831,7529.57554,3.8952,0,0,0,0,0,0,0,0,0,0.151728,2.124635517,0.008216966,0.000767944,0
38,237,1,119.032831,7529.57554,0,0,0,0.008265,0,0,0,0,0,0,0,3.237208988,0.008216966,0.000767944,0
38,237,1,119.032831,7529.57554,0.0097975,0,0,10.612,0,0,0,0,0,0,0.280578,17.60572724,0.008216966,0.000767944,0
38,237,1,119.032831,7529.57554,0,0,0,0,0,0.004625,0,0,0,0,0.151728,3.789481443,0.008216966,0.000767944,0
38,237,1,119.032831,7529.57554,0.00021,0,0,0,0,1.9116,0,0,0,0,0.151728,0.085689464,0.008216966,0.000767944,0
38,237,1,119.032831,7529.57554,10.582,0,0,0,0,0,15.481,0,0,0,2.60853,0.301225485,0.008216966,0.000767944,0
38,237,1,119.032831,7529.57554,0,0,0,0.0055291,0.002868,0,0.13028,0,0,0,34.872,2.474804353,0.008216966,0.000767944,0
38,237,1,119.032831,7529.57554,0.008333,0,0,0,0,0,0,0,0,0,0,2.474804353,0.008216966,0.000767944,0
38,237,1,119.032831,7529.57554,0,0,0,0,0,0.13286,0,0,0,0,2.10972,6.495762651,0.008216966,0.000767944,0
38,237,1,119.032831,7529.57554,47.536,0,0,0.0089655,0,0,0,0,0,0,0.151728,1.035375756,0.008216966,0.000767944,0
38,237,1,119.032831,7529.57554,0.93731,0,0,0,0,0,0,0,0,0,0.151728,0.541773565,0.008216966,0.000767944,0
38,237,1,119.032831,7529.57554,0.012568,0,0,0,0,0,0,0,0,0,0.44541,3.237208988,0.008216966,0.000767944,0
38,237,1,119.032831,7529.57554,1.5374,0,0,0,9.0733,0,0,0,0,0,0,6.495762651,0.008216966,0.000767944,0
38,237,1,119.032831,7529.57554,0.0059398,0,0,0,0,4.0839,0,0,0,0,4.4787,3.237208988,0.008216966,0.000767944,0
38,237,1,119.032831,7529.57554,0,0,6.2072,0,0.00524,0,0,0,0,0,0,0.541773565,0.008216966,0.000767944,0
38,237,1,119.032831,7529.57554,0,0,0,0,0.013573,12.855,0,0,0,0,0,15.12102526,0.008216966,0.000767944,0
38,237,1,119.032831,7529.57554,0,0,0,0.00524,0.00524,0,71.892,0,0,0,0,6.472102045,0.008216966,0.000767944,0
38,237,1,119.032831,7529.57554,0,0,0.8003,0.008333,0,0.008332,24.967,0,0,0,0,17.60572724,0.008216966,0.000767944,0
38,237,1,119.032831,7529.57554,0,0,0,0.012904,0,0,0,0,0,0,34.746,0.541773565,0.008216966,0.000767944,0
38,237,1,119.032831,7529.57554,0.019714,0,0,0,1.5895,0,0,0,0,0,37.836,0.219704697,0.008216966,0.000767944,0
38,237,1,119.032831,7529.57554,3.5699,0,0,0,0,0,0,0,0,0,0.151728,2.474804353,0.008216966,0.000767944,0
38,237,1,119.032831,7529.57554,0,0,0,0.000376,0.002031,0,0,0,0,0,0.151728,0.541773565,0.008216966,0.000767944,0
38,237,1,119.032831,7529.57554,0,0,0.02306,0.00524,1.5895,4.1439,0,0,0,0,0,0.085689464,0.008216966,0.000767944,0
38,237,1,119.032831,7529.57554,0.011569,0,0,0,0,0,0,0,0,0,0.70764,0.423815456,0.008216966,0.000767944,0
38,237,1,119.032831,7529.57554,0,0,0,0,0.028193,0,0,0,0,0,0,25.71929039,0.008216966,0.000767944,0
38,237,1,119.032831,7529.57554,0,0,0,0,0,0,0,5.2489,0,0,0,0.541773565,0.008216966,0.000767944,0
38,237,1,119.032831,7529.57554,5.15,0,0,0,4.753,0,0,0,0,0,0,0.99739448,0.008216966,0.000767944,0
38,237,1,119.032831,7529.57554,8.933,0,0,0,0.008333,0,0,0,0,0,0.151728,6.472102045,0.008216966,0.000767944,0
38,237,1,119.032831,7529.57554,0.012671,0,0,0.081032,0.62723,0,0,0,0,0,4.1406,1.651413523,0.008216966,0.000767944,0
38,237,1,119.032831,7529.57554,0,0,0,0,0,0,0,0,0,0,0,0.99739448,0.008216966,0.000767944,0
38,237,1,119.032831,7529.57554,0.0724,0,0,0,0.021907,0,0,0,0,0,0,3.789481443,0.008216966,0.000767944,0
38,237,1,119.032831,7529.57554,0.5002,0,0,0,1.6602,0,0,0,0,0,12.0405,17.60572724,0.008216966,0.000767944,0
38,237,1,119.032831,7529.57554,0.001326,0,0,0,0.010373,0,0,0,0,0,0.151728,6.472102045,0.008216966,0.000767944,0
38,237,1,119.032831,7529.57554,0,0,0,0.14897,0.008321,0,0,0,0,0,0,6.472102045,0.008216966,0.000767944,0
38,237,1,119.032831,7529.57554,0,0,0,3.325,0.008335,0,0,0,0,0,1.02366,1.035375756,0.008216966,0.000767944,0
38,237,1,119.032831,7529.57554,0,0,0.000124,2.2294,0,0,0,0,0,0,7.1259,0.301225485,0.008216966,0.000767944,0
38,237,1,119.032831,7529.57554,0.010479,0,0,2.7308,0,0,0,0,0,0,0.151728,2.474804353,0.008216966,0.000767944,0
38,237,1,119.032831,7529.57554,0,0,0,0,0,0,0,0,0,0,3.4818,0.301225485,0.008216966,0.000767944,0
38,237,1,119.032831,7529.57554,4.4514,0,0,0,0,0,0,0,0,0,0,0.541773565,0.008216966,0.000767944,0
38,237,1,119.032831,7529.57554,0.027357,0,0,1.1486,0.002868,0,0,0,0,0,0.78174,0.99739448,0.008216966,0.000767944,0
38,237,1,119.032831,7529.57554,0,0,0,5.8999,0.008333,0.012727,0,0,0,0,0.3897,3.789481443,0.008216966,0.000767944,0
38,237,1,119.032831,7529.57554,0.032101,0,0,0.00062,0,0,0,0,0,0,0.93561,2.474804353,0.008216966,0.000767944,0
38,237,1,119.032831,7529.57554,0.00524,0,0,0,1.4315,0,0,0,0,0,1.52439,6.495762651,0.008216966,0.000767944,0
38,237,1,119.032831,7529.57554,0,0,0,0,0,0,0,0,0,0,0.151728,15.12102526,0.008216966,0.000767944,0
38,237,1,119.032831,7529.57554,0.016638,0,0,0,0,0.040918,0,0,0,0,1.63956,3.237208988,0.008216966,0.000767944,0
39,238,6.448,119.2647563,7544.246278,0.37708,0,6.4551,0.16809,0.008321,3.3641,0,0,0,0,12.8901,0,0.00889337,0.00083116,0
39,238,6.448,119.2647563,7544.246278,0.00644,0,0,0.1455,0,0,0,0,0,0,0.151728,0,0.00889337,0.00083116,0
39,238,6.448,119.2647563,7544.246278,0.49815,0,0,0,0.00833,2.5002,0,0,0,0,63.09,0,0.00889337,0.00083116,0
39,238,6.448,119.2647563,7544.246278,0,0,0,0.008333,0,0,0,0,0,0,0,0,0.00889337,0.00083116,0
39,238,6.448,119.2647563,7544.246278,0.008333,0,0,0,5.4878,0,0,0,0,0,0,0,0.00889337,0.00083116,0
39,238,6.448,119.2647563,7544.246278,0,0,0,0.021603,0,0.069446,0,0,0,0,0.151728,0,0.00889337,0.00083116,0
39,238,6.448,119.2647563,7544.246278,0.005239,0,0,0,0.00524,0,0,0,0.61685,0,8.5644,0,0.00889337,0.00083116,0
39,238,6.448,119.2647563,7544.246278,0.034521,0,0,0.013415,0,0,0,0,0,0,2.23266,0,0.00889337,0.00083116,0
39,238,6.448,119.2647563,7544.246278,0,0,0,0,26.494,0,0,0,0,0,0,0,0.00889337,0.00083116,0
39,238,6.448,119.2647563,7544.246278,0,0,0,0.014602,0,0,0,0,0,0,0.288579,0,0.00889337,0.00083116,0
39,238,6.448,119.2647563,7544.246278,0,0,0,0,0,0,0,0,0,0,0.51381,0,0.00889337,0.00083116,0
39,238,6.448,119.2647563,7544.246278,0.001493,0,0.82593,0,0.353,0,0,0,0,0,0.70485,0,0.00889337,0.00083116,0
39,238,6.448,119.2647563,7544.246278,0,0,0,0,1.1676,0,0,0,0,0,12.3399,0,0.00889337,0.00083116,0
39,238,6.448,119.2647563,7544.246278,1.7741,0,0.0079316,0.003821,0.67362,0,0.13028,0,0,0,3.2364,0,0.00889337,0.00083116,0
39,238,6.448,119.2647563,7544.246278,0,0,0,0,0,0,0,0,0,0,0.181728,0,0.00889337,0.00083116,0
39,238,6.448,119.2647563,7544.246278,0.19687,0,0,15.592,0,0,0,0,0,0,0.276939,0,0.00889337,0.00083116,0
39,238,6.448,119.2647563,7544.246278,0,0,0,0.007148,0.008321,29.991,0,0,0,0,0,0,0.00889337,0.00083116,0
39,238,6.448,119.2647563,7544.246278,1.8154,0,0.1423,4.3923,0.00833,0,0,0,0,0,34.872,0,0.00889337,0.00083116,0
39,238,6.448,119.2647563,7544.246278,6.0739,0,0,0.003538,5.7051,0,0,0,0,0,0,0,0.00889337,0.00083116,0
39,238,6.448,119.2647563,7544.246278,0.000376,0,0,0,0.016895,0.78209,0,0,0,0,0.78999,0,0.00889337,0.00083116,0
39,238,6.448,119.2647563,7544.246278,0,0,0,0,0.003821,0,0,0,0,0,0,0,0.00889337,0.00083116,0
39,238,6.448,119.2647563,7544.246278,0.00644,0,0,0.00524,0,0,0,0,0,0,0.151728,0,0.00889337,0.00083116,0
39,238,6.448,119.2647563,7544.246278,0,0,0,0,0.00524,0.023853,0.13028,0,0,0,0.151728,0,0.00889337,0.00083116,0
39,238,6.448,119.2647563,7544.246278,1.6989,0,0,0,0,0,0,0,0,0,0.151728,0,0.00889337,0.00083116,0
39,238,6.448,119.2647563,7544.246278,0,0,0,0,0,0,0,0,0,0,9.6318,0,0.00889337,0.00083116,0
39,238,6.448,119.2647563,7544.246278,0,0,0,0.82457,0,0,65.662,0,0,0,0.151728,0,0.00889337,0.00083116,0
39,238,6.448,119.2647563,7544.246278,0.00524,0,0,0,0.18217,0,0,0,0,0,0.151728,0,0.00889337,0.00083116,0
39,238,6.448,119.2647563,7544.246278,0.18763,0,0,0.009056,0,0,0,0,0,0,0.151728,0,0.00889337,0.00083116,0
39,238,6.448,119.2647563,7544.246278,0.08029,0,0,0,0.01359,0,0,0,0,0,5.0718,0,0.00889337,0.00083116,0
39,238,6.448,119.2647563,7544.246278,0.022279,0,0,0.80704,0,0,0,0,0,0,34.746,0,0.00889337,0.00083116,0
39,238,6.448,119.2647563,7544.246278,0,0,0,0,0,0,0,0,0,0,4.3869,0,0.00889337,0.00083116,0
39,238,6.448,119.2647563,7544.246278,1.1394,0,1.018,0,0.000124,0,0,0,0,0,0.151728,0,0.00889337,0.00083116,0
39,238,6.448,119.2647563,7544.246278,0,0,0,0,0.0021738,0.1176,0,0,0,0,0.151728,0,0.00889337,0.00083116,0
39,238,6.448,119.2647563,7544.246278,0.0068531,0,0,0,0,0.79321,0,0,0,0,0.151728,0,0.00889337,0.00083116,0
39,238,6.448,119.2647563,7544.246278,0.017603,0,0,0.013565,0,0,0,0,0,0,0.72228,0,0.00889337,0.00083116,0
39,238,6.448,119.2647563,7544.246278,0.038936,0,6.6835,0.73108,0,0,0,0,0,0,2.93637,0,0.00889337,0.00083116,0
39,238,6.448,119.2647563,7544.246278,9.3106,0,3.6624,1.4572,0,0,0,0,0,0,0.37014,0,0.00889337,0.00083116,0
39,238,6.448,119.2647563,7544.246278,0,0,0,0,0,0,0,0,0,0,0,0,0.00889337,0.00083116,0
39,238,6.448,119.2647563,7544.246278,0.17481,0,0,0,0.008333,0,0,0,0,0,0.9426,0,0.00889337,0.00083116,0
39,238,6.448,119.2647563,7544.246278,0,0,0,0,0.000739,0,0,0,0,0,8.3718,0,0.00889337,0.00083116,0
39,238,6.448,119.2647563,7544.246278,0.008489,0,0,0.69261,0,0,0,0,0,0,2.22174,0,0.00889337,0.00083116,0
39,238,6.448,119.2647563,7544.246278,7.5139,0,0.20937,6.6309,0,0,0,0,0,0,1.35936,0,0.00889337,0.00083116,0
39,238,6.448,119.2647563,7544.246278,0,0,0,0.007214,0.008332,0,0.40452,0,0,0,0,0,0.00889337,0.00083116,0
39,238,6.448,119.2647563,7544.246278,0,0,0,7.0709,0.00524,0,0,0,0,0,39.096,0,0.00889337,0.00083116,0
39,238,6.448,119.2647563,7544.246278,0,0,0,0,3.0408,0,0,0,0,0,16.0194,0,0.00889337,0.00083116,0
39,238,6.448,119.2647563,7544.246278,1.1189,0,0,0,0,0,0,0,0,0,10.3692,0,0.00889337,0.00083116,0
39,238,6.448,119.2647563,7544.246278,0,0,0,0,0.00524,0,0,0,0,0,18.723,0,0.00889337,0.00083116,0
39,238,6.448,119.2647563,7544.246278,3.619,0,0,0,0.030662,0.026145,13.175,0,0,0,0,0,0.00889337,0.00083116,0
39,238,6.448,119.2647563,7544.246278,0.003822,0,0,0,0,0,0,0,0,0,22.7118,0,0.00889337,0.00083116,0
39,238,6.448,119.2647563,7544.246278,0,0,0,0,43.562,0,0,0,0,0,0,0,0.00889337,0.00083116,0
39,238,6.448,119.2647563,7544.246278,0,0,0,0,0,0,0.40452,0,0,0,0,0,0.00889337,0.00083116,0
39,238,6.448,119.2647563,7544.246278,0.58468,0,0,0,0.3855,0,0.13028,0,0,0,0.151728,0,0.00889337,0.00083116,0
39,238,6.448,119.2647563,7544.246278,0.031098,0,1.5397,0,9.5619,0,0,0,0,0,0.151728,0,0.00889337,0.00083116,0
39,238,6.448,119.2647563,7544.246278,0,0,0,0,0,0,0,0,0,0,0.151728,0,0.00889337,0.00083116,0
39,238,6.448,119.2647563,7544.246278,2.2494,0,0,0,0.050892,0,0,0,0,0,60.207,0,0.00889337,0.00083116,0
39,238,6.448,119.2647563,7544.246278,0.013575,0,0.0021738,0,0,0,0,0,0,0,0.33174,0,0.00889337,0.00083116,0
39,238,6.448,119.2647563,7544.246278,25.253,0,0,0,0,0,0,0,0,0,0,0,0.00889337,0.00083116,0
39,238,6.448,119.2647563,7544.246278,0.010521,0,0,7.0709,0.008321,0,0,0,0,0,34.746,0,0.00889337,0.00083116,0
39,238,6.448,119.2647563,7544.246278,9.7427,0,0,0.1075,0,0,0,0,0,0,0.151728,0,0.00889337,0.00083116,0
39,238,6.448,119.2647563,7544.246278,0.00524,0,0,0,0,0,0,0,0,0,0.151728,0,0.00889337,0.00083116,0
39,238,6.448,119.2647563,7544.246278,0,0,0,0,0,0,0,0,0,0,0.75903,0,0.00889337,0.00083116,0
39,238,6.448,119.2647563,7544.246278,0.08383,0,0,0,0.008321,0,0,0,0,0,0.151728,0,0.00889337,0.00083116,0
39,238,6.448,119.2647563,7544.246278,0,0,0,0,0.003144,0.051019,0,0,0,0,43.863,0,0.00889337,0.00083116,0
39,238,6.448,119.2647563,7544.246278,0,0,0,0.008333,0,0,0,0,0,0,0.151728,0,0.00889337,0.00083116,0
39,238,6.448,119.2647563,7544.246278,0,0,0,0.054581,0,0.89381,0,0,0,0,13.5936,0,0.00889337,0.00083116,0
39,238,6.448,119.2647563,7544.246278,0.008333,0,0,0.002868,0,0.79321,0,0,0,0,0,0,0.00889337,0.00083116,0
39,238,6.448,119.2647563,7544.246278,0.010521,0,0,0,0.15682,0,0,0,0,0,0.151728,0,0.00889337,0.00083116,0
39,238,6.448,119.2647563,7544.246278,0,0,0,0,0,0,20.673,0,0,0,0.151728,0,0.00889337,0.00083116,0
39,238,6.448,119.2647563,7544.246278,0,0,0,0,0,0,0,0,0,0,0.151728,0,0.00889337,0.00083116,0
39,238,6.448,119.2647563,7544.246278,0.014402,0,0,0.018806,0,0,0,0,0,0,0.151728,0,0.00889337,0.00083116,0
39,238,6.448,119.2647563,7544.246278,0,0,0,0.55992,0.002156,6.5672,0,0,0,0,7.2111,0,0.00889337,0.00083116,0
39,238,6.448,119.2647563,7544.246278,0,0,0,0,0.008333,0,0,0,0,0,0.151728,0,0.00889337,0.00083116,0
39,238,6.448,119.2647563,7544.246278,0.00833,0,0,0,0,0.077537,0.60778,0,0,0,0.151728,0,0.00889337,0.00083116,0
39,238,6.448,119.2647563,7544.246278,0.008333,0,0,0.33242,0.097858,0,0,0,0,0,0.35643,0,0.00889337,0.00083116,0
39,238,6.448,119.2647563,7544.246278,6.0303,0,0,0,5.2863,0,0,0,0,0,0,0,0.00889337,0.00083116,0
39,238,6.448,119.2647563,7544.246278,0.030381,0,0,0,0,0,0,0,0,0,13.3746,0,0.00889337,0.00083116,0
39,238,6.448,119.2647563,7544.246278,0,0,0,0,0,0,0,0,0,0,2.39871,0,0.00889337,0.00083116,0
39,238,6.448,119.2647563,7544.246278,49.592,0,0,0.21079,0.008333,2.5906,0,0,0,0,0.268926,0,0.00889337,0.00083116,0
39,238,6.448,119.2647563,7544.246278,0.1613,0,0,0,0,0,0,0,0,0,0,0,0.00889337,0.00083116,0
39,238,6.448,119.2647563,7544.246278,2.1571,0,0,0,0.000739,0,0.67053,0,0,0,0,0,0.00889337,0.00083116,0
39,238,6.448,119.2647563,7544.246278,0,0,0,0,0,0,0,0,0,0,1.08174,0,0.00889337,0.00083116,0
39,238,6.448,119.2647563,7544.246278,0,0,0,0,0.014719,0,0,0,0.29685,0,18.1353,0,0.00889337,0.00083116,0
39,238,6.448,119.2647563,7544.246278,0,0,0,0,13.549,0,0,0,0,0,0.151728,0,0.00889337,0.00083116,0
39,238,6.448,119.2647563,7544.246278,2.7267,0,0,0,0,0,0,0,0,0,0.151728,0,0.00889337,0.00083116,0
39,238,6.448,119.2647563,7544.246278,0.15204,0,0,0,0.002772,0,0,0,0,0,0.78174,0,0.00889337,0.00083116,0
39,238,6.448,119.2647563,7544.246278,6.87,0,0,0,0.008133,0,0,0,0,0,0.151728,0,0.00889337,0.00083116,0
39,238,6.448,119.2647563,7544.246278,0.029004,0,0,0.000124,0,0,0,0,0,0,12.0405,0,0.00889337,0.00083116,0
39,238,6.448,119.2647563,7544.246278,0.008333,0,0,1.2164,0,0,0,0,0,0,0.3897,0,0.00889337,0.00083116,0
39,238,6.448,119.2647563,7544.246278,0,0,0,0.011527,0,0,0,0,0,0,34.746,0,0.00889337,0.00083116,0
39,238,6.448,119.2647563,7544.246278,0,0,0,0,0,0,0,0,0,0,0,0,0.00889337,0.00083116,0
39,238,6.448,119.2647563,7544.246278,0,0,0,0.0021738,0.013746,0,0,0,0,0,0.151728,0,0.00889337,0.00083116,0
39,238,6.448,119.2647563,7544.246278,0,0,0,0,0,0,0,0,0,0,22.8018,0,0.00889337,0.00083116,0
39,238,6.448,119.2647563,7544.246278,0.005239,0,0,0.00315,0,0,0,0,0,0,0.151728,0,0.00889337,0.00083116,0
39,238,6.448,119.2647563,7544.246278,0.011297,0,0,0,1.0171,0,0,0,0,0,1.98174,0,0.00889337,0.00083116,0
39,238,6.448,119.2647563,7544.246278,7.9784,0,0,0,0,0,0,0,0,0,0,0,0.00889337,0.00083116,0
39,238,6.448,119.2647563,7544.246278,3.2227,0,0,0.011652,0.1098,0,0,0,0,0,0.151728,0,0.00889337,0.00083116,0
39,238,6.448,119.2647563,7544.246278,0.00062,0,9.5147,0,0.47436,0,0,0,0,0,0,0,0.00889337,0.00083116,0
39,238,6.448,119.2647563,7544.246278,2.7267,0,0,0,0.008321,0,0,0,0,0,0.151728,0,0.00889337,0.00083116,0
39,238,6.448,119.2647563,7544.246278,0,0,0,0,0.40097,0,0,0,0,0,13.1718,0,0.00889337,0.00083116,0
39,238,6.448,119.2647563,7544.246278,0,0,0,0.005239,0,0,0,0,0,0,0.75903,0,0.00889337,0.00083116,0
39,238,6.448,119.2647563,7544.246278,1.8115,0,0,0,0,0,0,0,0,0,0.151728,0,0.00889337,0.00083116,0
39,238,6.448,119.2647563,7544.246278,0,0,0,0,6.2079,0,0,0,0,0,18.1353,0,0.00889337,0.00083116,0
39,238,6.448,119.2647563,7544.246278,13.81,0,4.5301,0,16,19.534,0,0,0,0,18.723,0,0.00889337,0.00083116,0
39,238,6.448,119.2647563,7544.246278,0.023705,0,0,0,0,0,0,0,0,0,0.151728,0,0.00889337,0.00083116,0
39,238,6.448,119.2647563,7544.246278,12.994,0,0,0.00524,0,0,0,0,0,0,10.6086,0,0.00889337,0.00083116,0
39,238,6.448,119.2647563,7544.246278,0,0,0,0,0.00833,0.022157,0,0,0,0,0,0,0.00889337,0.00083116,0
39,238,6.448,119.2647563,7544.246278,0,0,0,0,0.000124,0.34159,0,0,0,0,0.151728,0,0.00889337,0.00083116,0
39,238,6.448,119.2647563,7544.246278,0,0,0.57901,0,0,0,0,0,0.93359,0,0,0,0.00889337,0.00083116,0
39,238,6.448,119.2647563,7544.246278,0.0045845,0,0,1.4153,0.020274,0,0,0,0,0,28.1349,0,0.00889337,0.00083116,0
39,238,6.448,119.2647563,7544.246278,63.495,0,0,0,0,0.57086,0,0,0,0,0.279822,0,0.00889337,0.00083116,0
39,238,6.448,119.2647563,7544.246278,1.5374,0,0,0,7.2444,0,0,0,0,0,10.4415,0,0.00889337,0.00083116,0
39,238,6.448,119.2647563,7544.246278,0.005769,0,0,0,6.2079,0,0,0,0,0,0,0,0.00889337,0.00083116,0
39,238,6.448,119.2647563,7544.246278,0,0,0,0.0088426,0.00524,0,0,0,0,0,0,0,0.00889337,0.00083116,0
39,238,6.448,119.2647563,7544.246278,0.91229,0,0,0.019748,0,0,0,0,0,0,2.01174,0,0.00889337,0.00083116,0
39,238,6.448,119.2647563,7544.246278,0.002096,0,44.977,0,0.67961,0,0,0,0,0,0,0,0.00889337,0.00083116,0
39,238,6.448,119.2647563,7544.246278,0.015487,0,0,0,0.0094528,0,0,0,0,0,0.50493,0,0.00889337,0.00083116,0
39,238,6.448,119.2647563,7544.246278,0,0,0,0,0.001326,0,0,0,0,0,0.151728,0,0.00889337,0.00083116,0
39,238,6.448,119.2647563,7544.246278,0.013573,0,0,4.7441,3.7158,0,0,0,0,0,0.151728,0,0.00889337,0.00083116,0
39,238,6.448,119.2647563,7544.246278,0,0,0,0,0.008333,3.8342,0,0,0,0,0.151728,0,0.00889337,0.00083116,0
39,238,6.448,119.2647563,7544.246278,0.001669,0,0,0,0,0,0,0,0,0,17.1858,0,0.00889337,0.00083116,0
39,238,6.448,119.2647563,7544.246278,0,0,0,6.6789,0,0.77921,0,0.18705,0,0,0,0,0.00889337,0.00083116,0
39,238,6.448,119.2647563,7544.246278,0.00524,0,0,0,0.14346,1.2403,0,0,0,0,0.99864,0,0.00889337,0.00083116,0
39,238,6.448,119.2647563,7544.246278,0,0,0,0.030965,0,0,12.2,0,0,0,0.151728,0,0.00889337,0.00083116,0
39,238,6.448,119.2647563,7544.246278,0,0,0,0.011527,0.008335,0,0,0,0,0,7.0518,0,0.00889337,0.00083116,0
39,238,6.448,119.2647563,7544.246278,0.000376,0,0,0,0,0,0,0,0,0,2.34936,0,0.00889337,0.00083116,0
39,238,6.448,119.2647563,7544.246278,0,0,0,0.041531,0.00524,4.6961,0,0,3.025,0,0.151728,0,0.00889337,0.00083116,0
39,238,6.448,119.2647563,7544.246278,0,0,0,0.012904,0,0,0,0,0,0,2.94174,0,0.00889337,0.00083116,0
39,238,6.448,119.2647563,7544.246278,0.031802,0,0,0,0,7.8317,0,0,0,0,0,0,0.00889337,0.00083116,0
39,238,6.448,119.2647563,7544.246278,0,0,0,0,3.6586,0,0,0,0,0,69.483,0,0.00889337,0.00083116,0
39,238,6.448,119.2647563,7544.246278,1.0702,0,0,0,0,0,0,0,0,0,0.151728,0,0.00889337,0.00083116,0
39,238,6.448,119.2647563,7544.246278,0.003416,0,0,0,0.005239,0,0,0,0,0,0.151728,0,0.00889337,0.00083116,0
39,238,6.448,119.2647563,7544.246278,9.9965,0,0,0.00062,0,0,0,0,0,0,11.0268,0,0.00889337,0.00083116,0
39,238,6.448,119.2647563,7544.246278,0,0,0,0.00524,0.012452,0,0,0,0,0,3.9402,0,0.00889337,0.00083116,0
39,238,6.448,119.2647563,7544.246278,0.17962,0,0,0.002031,0.0068531,0,0,0,0,0,28.1349,0,0.00889337,0.00083116,0
39,238,6.448,119.2647563,7544.246278,0,0,0,0,0,0,0,0,0,0,3.8823,0,0.00889337,0.00083116,0
39,238,6.448,119.2647563,7544.246278,0.020885,0,0,0,0,0,0,0,0,0,35.547,0,0.00889337,0.00083116,0
39,238,6.448,119.2647563,7544.246278,0,0,0,0,0,0,0,0,0,0,0.279489,0,0.00889337,0.00083116,0
39,238,6.448,119.2647563,7544.246278,0.015764,0,0,0,0,0,0,0,0,0,1.86174,0,0.00889337,0.00083116,0
39,238,6.448,119.2647563,7544.246278,0.022591,0,0,0,0,0,0.13028,0,0,0,46.293,0,0.00889337,0.00083116,0
39,238,6.448,119.2647563,7544.246278,0.46343,0,0,0,0,0,0,0,0,0,5.0406,0,0.00889337,0.00083116,0
39,238,6.448,119.2647563,7544.246278,0,0,0,0,0.000251,0,0,0,0,0,9.4383,0,0.00889337,0.00083116,0
39,238,6.448,119.2647563,7544.246278,0,0,0,0,0,0,0,0,0.008321,0,0.54798,0,0.00889337,0.00083116,0
39,238,6.448,119.2647563,7544.246278,0,0,0.20937,0.0011005,0,0,20.673,0.054134,0,0,0,0,0.00889337,0.00083116,0
39,238,6.448,119.2647563,7544.246278,0.90611,0,0,0.70621,0,0,0,0,0,0,0,0,0.00889337,0.00083116,0
39,238,6.448,119.2647563,7544.246278,0,0,0,0.0098389,0,0,0,0,0,0,5.2875,0,0.00889337,0.00083116,0
39,238,6.448,119.2647563,7544.246278,1.0702,0,0,0.02762,0.002492,0,0,0,0,0,0,0,0.00889337,0.00083116,0
39,238,6.448,119.2647563,7544.246278,0.000688,0,0,0,0.014581,0,0,0,0,0,0.151728,0,0.00889337,0.00083116,0
39,238,6.448,119.2647563,7544.246278,0.003539,0,0,0,0,0,0,0,0,0,2.06073,0,0.00889337,0.00083116,0
39,238,6.448,119.2647563,7544.246278,0,0,0.15998,2.5432,0.11919,0,0,0,0,0,0.54798,0,0.00889337,0.00083116,0
39,238,6.448,119.2647563,7544.246278,0,0,0.053861,0,0,0,0,0,0,0,0.151728,0,0.00889337,0.00083116,0
39,238,6.448,119.2647563,7544.246278,0,0,0,0.00524,3.5933,0.008332,0,0,0,0,0,0,0.00889337,0.00083116,0
39,238,6.448,119.2647563,7544.246278,0,0,0,0,0,0,0,0,0,0,0.151728,0,0.00889337,0.00083116,0
39,238,6.448,119.2647563,7544.246278,5.865,0,0,0,17.934,0,0,0,0,0,4.4403,0,0.00889337,0.00083116,0
39,238,6.448,119.2647563,7544.246278,0,0,0,0,0,0,0,0,0,0,3.4872,0,0.00889337,0.00083116,0
39,238,6.448,119.2647563,7544.246278,0.16397,0,0,7.1031,0.00524,0,0,5.3946,0,0,19.2864,0,0.00889337,0.00083116,0
39,238,6.448,119.2647563,7544.246278,0,0,0,0,0.11919,0,0,0,0,0,0.181728,0,0.00889337,0.00083116,0
39,238,6.448,119.2647563,7544.246278,0,0,0,0,0,0,0.13028,0,0,0,1.08339,0,0.00889337,0.00083116,0
39,238,6.448,119.2647563,7544.246278,0.21588,0,0,0.008333,2.7524,0,0,0,0,0,0.151728,0,0.00889337,0.00083116,0
39,238,6.448,119.2647563,7544.246278,0.021605,0,0,0.041531,0,0,0,0,0,0,0.151728,0,0.00889337,0.00083116,0
39,238,6.448,119.2647563,7544.246278,0,0,0,11.876,0,0,0,0,0,0,0,0,0.00889337,0.00083116,0
39,238,6.448,119.2647563,7544.246278,0,0,0,0,0,0.78445,0,0,0,0,12.8022,0,0.00889337,0.00083116,0
39,238,6.448,119.2647563,7544.246278,0.49815,0,0,0.007102,0,0,0,0,0,0,1.52439,0,0.00889337,0.00083116,0
39,238,6.448,119.2647563,7544.246278,0.011776,0,0,0,0,0,0,0,0,0,10.6086,0,0.00889337,0.00083116,0
39,238,6.448,119.2647563,7544.246278,0.001493,0,0,0,0,2.6999,23.902,0,0,0,10.9077,0,0.00889337,0.00083116,0
39,238,6.448,119.2647563,7544.246278,0.060379,0,0,0,9.3772,0,0,0,0,0,4.6839,0,0.00889337,0.00083116,0
39,238,6.448,119.2647563,7544.246278,0,0,0,0,0,0,0,0,0,0,0,0,0.00889337,0.00083116,0
39,238,6.448,119.2647563,7544.246278,0.002598,0,0,0.53462,8.8857,0,0,0,0,0,0.151728,0,0.00889337,0.00083116,0
39,238,6.448,119.2647563,7544.246278,0,0,0,0.45906,0,0,0,0,0,0,1.86174,0,0.00889337,0.00083116,0
39,238,6.448,119.2647563,7544.246278,23.582,0,4.6054,8.8181,0.023106,0,0,0,0,0,0,0,0.00889337,0.00083116,0
39,238,6.448,119.2647563,7544.246278,0.008336,0,0,0,21.429,0,0,0,0,0,0,0,0.00889337,0.00083116,0
39,238,6.448,119.2647563,7544.246278,0,0,0,0,0,0,0,0,0,0,0.54798,0,0.00889337,0.00083116,0
39,238,6.448,119.2647563,7544.246278,0,0,0,0.007697,0,0,0,0,0,0,0.151728,0,0.00889337,0.00083116,0
39,238,6.448,119.2647563,7544.246278,0,0,0,0,0,0,0,0,0,0,0,0,0.00889337,0.00083116,0
39,238,6.448,119.2647563,7544.246278,0.01061,0,0,0,0.00524,0,0,0,0,0,0.278526,0,0.00889337,0.00083116,0
39,238,6.448,119.2647563,7544.246278,0,0,0,0,0,0,0,0,0,0,0,0,0.00889337,0.00083116,0
39,238,6.448,119.2647563,7544.246278,0.00524,0,0,0.005341,0,0,0,0,0,0,2.13174,0,0.00889337,0.00083116,0
39,238,6.448,119.2647563,7544.246278,0,0,0,0,0.0094073,0,0.67053,0,0,0,4.6029,0,0.00889337,0.00083116,0
39,238,6.448,119.2647563,7544.246278,0,0,0,0.0067015,0,0,0,0,0,0,4.6029,0,0.00889337,0.00083116,0
39,238,6.448,119.2647563,7544.246278,5.4818,0,0,2.8113,0,0,0,0,0,0,18.1353,0,0.00889337,0.00083116,0
39,238,6.448,119.2647563,7544.246278,0.023705,0,0,0,0.008333,0.26686,0,0,0,0,28.113,0,0.00889337,0.00083116,0
39,238,6.448,119.2647563,7544.246278,0.003821,0,0,0,0,0,0,0,0,0,0.93561,0,0.00889337,0.00083116,0
39,238,6.448,119.2647563,7544.246278,8.3092,0,0,0,3.6586,0,0,2.6291,0,0,0,0,0.00889337,0.00083116,0
39,238,6.448,119.2647563,7544.246278,0,0,0,0,0.011532,0,0,0,0,0,0,0,0.00889337,0.00083116,0
39,238,6.448,119.2647563,7544.246278,0.00036,0,0,0.008336,1.3821,0,0,0,0,0,0,0,0.00889337,0.00083116,0
39,238,6.448,119.2647563,7544.246278,6.8272,0,0,0,0,0,0,0,0,0,0,0,0.00889337,0.00083116,0
39,238,6.448,119.2647563,7544.246278,3.8952,0,0.002139,0,0,0,0,0.001474,0,0,0,0,0.00889337,0.00083116,0
39,238,6.448,119.2647563,7544.246278,0,0,0,0,0,0,0,0,0,0,0.151728,0,0.00889337,0.00083116,0
39,238,6.448,119.2647563,7544.246278,0.020885,0,0,56.999,0,0,0,0,0,0,12.2682,0,0.00889337,0.00083116,0
39,238,6.448,119.2647563,7544.246278,0.024492,0,0,0,0,0,0,0,0,0,0.28509,0,0.00889337,0.00083116,0
39,238,6.448,119.2647563,7544.246278,28.979,0,0.028213,0,0.001669,0,0,0,0,0,0.151728,0,0.00889337,0.00083116,0
39,238,6.448,119.2647563,7544.246278,0.034133,0,0,0,0.00524,0,0,0,0,0,1.91388,0,0.00889337,0.00083116,0
39,238,6.448,119.2647563,7544.246278,7.049,0,0,0,0,0,0,0,0,0,0,0,0.00889337,0.00083116,0
39,238,6.448,119.2647563,7544.246278,0,0,0,0,0,0,0,0,0,0,0.276939,0,0.00889337,0.00083116,0
39,238,6.448,119.2647563,7544.246278,0,0,0,0.002084,0,0.78972,0,0,0,0,46.353,0,0.00889337,0.00083116,0
39,238,6.448,119.2647563,7544.246278,0.14297,0,0,20.449,0,1.0657,0,0,0,0,42.996,0,0.00889337,0.00083116,0
39,238,6.448,119.2647563,7544.246278,0,0,0,0,0,0,0,0,0,0,0,0,0.00889337,0.00083116,0
39,238,6.448,119.2647563,7544.246278,0,0,0,0,0,0.45857,0,0,0,0,0.151728,0,0.00889337,0.00083116,0
39,238,6.448,119.2647563,7544.246278,0.08029,0,0,0.0074133,0.001434,0,0,0,0,0,0,0,0.00889337,0.00083116,0
39,238,6.448,119.2647563,7544.246278,0.062194,0,0,0,0,0,0,0,0,0,0,0,0.00889337,0.00083116,0
39,238,6.448,119.2647563,7544.246278,0.00524,0,0,0.000739,0.1136,0.78392,16.305,0,0,0,0.151728,0,0.00889337,0.00083116,0
39,238,6.448,119.2647563,7544.246278,0.005239,0,0,0.0093259,5.4878,0,0,0,0,0,0.34434,0,0.00889337,0.00083116,0
39,238,6.448,119.2647563,7544.246278,0,0,0,0.008333,0,0,0,0,0,0,0,0,0.00889337,0.00083116,0
39,238,6.448,119.2647563,7544.246278,0.0088108,0,0,5.2482,0,1.5693,0,0,0,0,10.2414,0,0.00889337,0.00083116,0
39,238,6.448,119.2647563,7544.246278,0.007221,0,0,0,0,0,0,0,0,0,0.151728,0,0.00889337,0.00083116,0
39,238,6.448,119.2647563,7544.246278,0.00062,0,0,0,7.2444,0,0,0,0,0,0.88596,0,0.00889337,0.00083116,0
39,238,6.448,119.2647563,7544.246278,0.0964,0,0,16.558,0,0,0,0,0,0,0.151728,0,0.00889337,0.00083116,0
39,238,6.448,119.2647563,7544.246278,0.00644,0,0,0,0.0084565,0,0,0,0,0,5.1447,0,0.00889337,0.00083116,0
39,238,6.448,119.2647563,7544.246278,0,0,1.6941,0,0.014258,0,0,0,0,0,0.151728,0,0.00889337,0.00083116,0
39,238,6.448,119.2647563,7544.246278,0.032101,0,0,0.008333,0.86472,0.77921,0,0,0,0,0.78999,0,0.00889337,0.00083116,0
39,238,6.448,119.2647563,7544.246278,0.00524,0,0,0.008333,6.2079,0,0,0,0,0,0.33174,0,0.00889337,0.00083116,0
39,238,6.448,119.2647563,7544.246278,0,0,0,0,0,0,0,0,0,0,0.151728,0,0.00889337,0.00083116,0
39,238,6.448,119.2647563,7544.246278,0,0,0,23.088,0,0,0,0,0,0,0.151728,0,0.00889337,0.00083116,0
39,238,6.448,119.2647563,7544.246278,0.000376,0,0,0,5.2863,0,0,0,0,0,25.56,0,0.00889337,0.00083116,0
39,238,6.448,119.2647563,7544.246278,7.1589,0,0,0,0,0,0,0,0,0,0.151728,0,0.00889337,0.00083116,0
39,238,6.448,119.2647563,7544.246278,0.005769,0,0,15.197,2.439,0,0,0,6.5069,0,0,0,0.00889337,0.00083116,0
39,238,6.448,119.2647563,7544.246278,0.00524,0,0.00524,0,0,0,0,0,0,0,1.67382,0,0.00889337,0.00083116,0
39,238,6.448,119.2647563,7544.246278,18.306,0,0,0.008333,0,1.5743,0,0,0,0,19.2864,0,0.00889337,0.00083116,0
39,238,6.448,119.2647563,7544.246278,0,0,0,0.008335,0.008333,0,0,0,0,0,2.06073,0,0.00889337,0.00083116,0
39,238,6.448,119.2647563,7544.246278,0.011203,0,0,0.014206,0.33405,0,0,0,0,0,0.151728,0,0.00889337,0.00083116,0
39,238,6.448,119.2647563,7544.246278,43.218,0,0,0,0.00328,0,0.42744,0,0,0,2.28174,0,0.00889337,0.00083116,0
39,238,6.448,119.2647563,7544.246278,0,0,0,0,0.0014495,0,0,0,0,0,3.4872,0,0.00889337,0.00083116,0
39,238,6.448,119.2647563,7544.246278,16.603,0,0,0.0074133,0,0,0,0,0,0,0,0,0.00889337,0.00083116,0
39,238,6.448,119.2647563,7544.246278,0,0,0,0,0,0,0,0,0,0,0.151728,0,0.00889337,0.00083116,0
39,238,6.448,119.2647563,7544.246278,46.878,0,0,0,0.008335,0,0,0,0,0,0,0,0.00889337,0.00083116,0
39,238,6.448,119.2647563,7544.246278,0,0,0,0.01391,0.013476,0,0,0,0,0,73.296,0,0.00889337,0.00083116,0
39,238,6.448,119.2647563,7544.246278,0.041249,0,0,0,0,0,0,0,0,0,9.5499,0,0.00889337,0.00083116,0
39,238,6.448,119.2647563,7544.246278,0,0,0,0,0,0,4.4928,0,0,0,0.151728,0,0.00889337,0.00083116,0
39,238,6.448,119.2647563,7544.246278,0,0,0.009348,2.2294,0.001326,0,0,0,0,0,0,0,0.00889337,0.00083116,0
39,238,6.448,119.2647563,7544.246278,0.001478,0,0,0.008333,0,0,0,0,0,0,1.63956,0,0.00889337,0.00083116,0
39,238,6.448,119.2647563,7544.246278,0,0,0,3.5574,0,0,0,0,0,0,3.4818,0,0.00889337,0.00083116,0
39,238,6.448,119.2647563,7544.246278,0.7554,0,0,0,0,0,32.893,0.9441,0,0,0,0,0.00889337,0.00083116,0
39,238,6.448,119.2647563,7544.246278,0,0,0,0,0,0,0,0,0,0,47.328,0,0.00889337,0.00083116,0
39,238,6.448,119.2647563,7544.246278,0.098565,0,0,0.002508,0.26036,0,0,0,0,0,0.271128,0,0.00889337,0.00083116,0
39,238,6.448,119.2647563,7544.246278,0.007697,0,0,0.025929,0.00524,0,0,0,0,0,0.151728,0,0.00889337,0.00083116,0
39,238,6.448,119.2647563,7544.246278,0,0,0,0,0,0,18.658,0,0,0,4.8507,0,0.00889337,0.00083116,0
39,238,6.448,119.2647563,7544.246278,0.031802,0,0,0.0029965,0,0,0,0,0,0,0,0,0.00889337,0.00083116,0
39,238,6.448,119.2647563,7544.246278,0.023222,0,0,0,0,0,0,0,0,0,0.151728,0,0.00889337,0.00083116,0
39,238,6.448,119.2647563,7544.246278,0.0072895,0,0,0,0,0,0,0,0,0,1.5003,0,0.00889337,0.00083116,0
39,238,6.448,119.2647563,7544.246278,0,0,0,0.50869,0.72843,0,0.13028,0,0,0,0.211728,0,0.00889337,0.00083116,0
39,238,6.448,119.2647563,7544.246278,3.8952,0,0,0.008335,0,0,0.059897,0,0,0,3.7518,0,0.00889337,0.00083116,0
39,238,6.448,119.2647563,7544.246278,0,0,0,0.000376,0.021907,0,0,0,0,0,2.34936,0,0.00889337,0.00083116,0
39,238,6.448,119.2647563,7544.246278,0.001009,0,0,0,0.0062716,0,0,0,0,0,0.45174,0,0.00889337,0.00083116,0
39,238,6.448,119.2647563,7544.246278,0,0,0,0,0,0,0.13028,0,0,0,14.0655,0,0.00889337,0.00083116,0
39,238,6.448,119.2647563,7544.246278,0.007697,0,0,0.0098389,0.70741,0,0,0,0,0,0.70341,0,0.00889337,0.00083116,0
39,238,6.448,119.2647563,7544.246278,0.19126,0,0,0,1.3024,0,0,0,0,0,1.04805,0,0.00889337,0.00083116,0
39,238,6.448,119.2647563,7544.246278,2.6701,0,0,0,0.00524,0,0,0,0,0,0.68376,0,0.00889337,0.00083116,0
39,238,6.448,119.2647563,7544.246278,49.592,0,0,0.008333,0,0,0,0,0,0,0.285792,0,0.00889337,0.00083116,0
39,238,6.448,119.2647563,7544.246278,0,0,0,0,0.014719,0,0,0,0,0,97.974,0,0.00889337,0.00083116,0
39,238,6.448,119.2647563,7544.246278,0.002031,0,0,0,0,0,0,0,0,0,0,0,0.00889337,0.00083116,0
39,238,6.448,119.2647563,7544.246278,0,0,0,0,2.529,0,0,0,0,0,0,0,0.00889337,0.00083116,0
39,238,6.448,119.2647563,7544.246278,0,0,0,0.005239,0.008333,0,35.433,0,0,0,0.151728,0,0.00889337,0.00083116,0
39,238,6.448,119.2647563,7544.246278,0.034133,0,0,0,0.0099455,0,0,0,0,0,8.9418,0,0.00889337,0.00083116,0
39,238,6.448,119.2647563,7544.246278,0,0,0,0,0.002156,0,0,0,0,0,0.151728,0,0.00889337,0.00083116,0
39,238,6.448,119.2647563,7544.246278,18.306,0,0,0,0,0,0,0,0,0,3.4818,0,0.00889337,0.00083116,0
39,238,6.448,119.2647563,7544.246278,0.00524,0,0,0.00524,0,0,0,0,0,0,0.151728,0,0.00889337,0.00083116,0
39,238,6.448,119.2647563,7544.246278,0.98357,0,0,0,0.16189,0,0,0,0,0,95.283,0,0.00889337,0.00083116,0
39,238,6.448,119.2647563,7544.246278,0,0,0,0,0,0,0,0,0,0,0.151728,0,0.00889337,0.00083116,0
39,238,6.448,119.2647563,7544.246278,0,0,0,0,0,0,0,0,0,0,18.849,0,0.00889337,0.00083116,0
39,238,6.448,119.2647563,7544.246278,0,0,0,0,1.7912,0,0,0,0,0,0,0,0.00889337,0.00083116,0
39,238,6.448,119.2647563,7544.246278,0.042738,0,0,0.10345,0.059735,0.78058,0,0,0,0,0,0,0.00889337,0.00083116,0
39,238,6.448,119.2647563,7544.246278,2.1218,0,0,0,0.014941,4.4694,0,0,0,0,0.275259,0,0.00889337,0.00083116,0
39,238,6.448,119.2647563,7544.246278,0.001309,0,0,0,0,4.8967,0,0,0,0,0.151728,0,0.00889337,0.00083116,0
39,238,6.448,119.2647563,7544.246278,0.01367,0,0,0.010986,0.008333,0,0,0,0,0,0,0,0.00889337,0.00083116,0
39,238,6.448,119.2647563,7544.246278,0.047912,0,0,0.009064,0.00524,0,0,0,0,0,47.883,0,0.00889337,0.00083116,0
39,238,6.448,119.2647563,7544.246278,0.34912,0,0,0,0.03958,0,0,0,0,0,0.151728,0,0.00889337,0.00083116,0
39,238,6.448,119.2647563,7544.246278,0.0088108,0,0,0,9.3522,0,0,0,0,0,0.279615,0,0.00889337,0.00083116,0
39,238,6.448,119.2647563,7544.246278,0,0,0,5.0428,0.028193,0,0,0,0,0,0.151728,0,0.00889337,0.00083116,0
39,238,6.448,119.2647563,7544.246278,0.042738,0,0,46.554,9.0733,0,0,0,0,0,6.4536,0,0.00889337,0.00083116,0
39,238,6.448,119.2647563,7544.246278,0.008333,0,0,0,0,0,0,0,0,0,0,0,0.00889337,0.00083116,0
39,238,6.448,119.2647563,7544.246278,0.0059398,0,0,0.030631,0,0,0,0,0,0,0,0,0.00889337,0.00083116,0
39,238,6.448,119.2647563,7544.246278,0.00644,0,0,0,0,0,0,0,0,0,0,0,0.00889337,0.00083116,0
39,238,6.448,119.2647563,7544.246278,0,0,0,0,0,0,0,0,0,0,1.08174,0,0.00889337,0.00083116,0
39,238,6.448,119.2647563,7544.246278,0,0,0,0,0,0.80155,0,0,0,0,0.151728,0,0.00889337,0.00083116,0
39,238,6.448,119.2647563,7544.246278,0.11748,0,0,0,0.00524,0,0,0,0,0,3.1278,0,0.00889337,0.00083116,0
39,238,6.448,119.2647563,7544.246278,0.00322,0,0,6.1619,0.008333,0,0,0,0,0,0.151728,0,0.00889337,0.00083116,0
39,238,6.448,119.2647563,7544.246278,0.00021,0,0,0,0,0,0,0,0,0,4.3869,0,0.00889337,0.00083116,0
39,238,6.448,119.2647563,7544.246278,0.002139,0,0,0.010479,0,0,0,0,0,0,6.1116,0,0.00889337,0.00083116,0
39,238,6.448,119.2647563,7544.246278,0.5201,0,0,0,1.7912,0,0,0,0,0,5.1363,0,0.00889337,0.00083116,0
39,238,6.448,119.2647563,7544.246278,0.00062,0,2.5808,0,0,0,0,0,0,0,0,0,0.00889337,0.00083116,0
39,238,6.448,119.2647563,7544.246278,0.001326,0,0,1.9259,0,0,0,0,0,0,8.7918,0,0.00889337,0.00083116,0
39,238,6.448,119.2647563,7544.246278,8.3439,0,0,0,0.001493,0,5.7012,0,0,0,0,0,0.00889337,0.00083116,0
39,238,6.448,119.2647563,7544.246278,0.00322,0,0,0,0,0,0,0,0,0,0,0,0.00889337,0.00083116,0
39,238,6.448,119.2647563,7544.246278,1.4262,0,0,0.25593,0.0096305,0,0,0,0,0,0.151728,0,0.00889337,0.00083116,0
39,238,6.448,119.2647563,7544.246278,43.218,0,0,15.197,0.011527,0,0.059897,0,0,0,0,0,0.00889337,0.00083116,0
39,238,6.448,119.2647563,7544.246278,0,0,0,0,0.029406,0,0,0,0,0,0.53757,0,0.00889337,0.00083116,0
39,238,6.448,119.2647563,7544.246278,0,0,0,0.05917,0,0.77904,0.67845,0,0,0,0,0,0.00889337,0.00083116,0
39,238,6.448,119.2647563,7544.246278,8.1913,0,0,43.346,0.68315,0,0,0,0,0,0,0,0.00889337,0.00083116,0
39,238,6.448,119.2647563,7544.246278,0.00036,0,0,0,2.8091,0,45.746,0,0,0,0.273324,0,0.00889337,0.00083116,0
39,238,6.448,119.2647563,7544.246278,2.0814,0,0,0.73108,0,0,0,0.66725,0,0,0.270372,0,0.00889337,0.00083116,0
39,238,6.448,119.2647563,7544.246278,0.011776,0,0,0.001493,0,0,0,0,0,0,0.151728,0,0.00889337,0.00083116,0
39,238,6.448,119.2647563,7544.246278,0,0,0,2.6593,0,0,12.641,0,0,0,0,0,0.00889337,0.00083116,0
39,238,6.448,119.2647563,7544.246278,0.061886,0,0,0,0,0,0,0,0,0,61.47,0,0.00889337,0.00083116,0
39,238,6.448,119.2647563,7544.246278,0.013408,0,0,0,0,1.0657,0,0,0,0,7.5918,0,0.00889337,0.00083116,0
39,238,6.448,119.2647563,7544.246278,0,0,0,0,0,0,0,0,0,0,0,0,0.00889337,0.00083116,0
39,238,6.448,119.2647563,7544.246278,6.3539,0,0,0,5.6507,0,0.13028,0,0,0,0,0,0.00889337,0.00083116,0
39,238,6.448,119.2647563,7544.246278,3.0031,0,0,0,0,0,0,0,0,0,0,0,0.00889337,0.00083116,0
39,238,6.448,119.2647563,7544.246278,0.90611,0,0,0,0,0,0,0,0,0,46.353,0,0.00889337,0.00083116,0
39,238,6.448,119.2647563,7544.246278,5.7412,0,0,0,0,1.1965,0,0,0,0,0,0,0.00889337,0.00083116,0
39,238,6.448,119.2647563,7544.246278,2.2494,0,0,0.62945,4.753,0.014181,0,0,0,0,0.151728,0,0.00889337,0.00083116,0
39,238,6.448,119.2647563,7544.246278,0,0,0,0,0,0,0,0,0,0,0,0,0.00889337,0.00083116,0
39,238,6.448,119.2647563,7544.246278,0,0,0,0,1.7912,2.7565,0.002308,0,0,0,0.45174,0,0.00889337,0.00083116,0
39,238,6.448,119.2647563,7544.246278,1.2774,0,0,0,0,0,0,0,0,0,0,0,0.00889337,0.00083116,0
39,238,6.448,119.2647563,7544.246278,0.005239,0,0,0,0,0,0.13028,0,0,0,12.3399,0,0.00889337,0.00083116,0
39,238,6.448,119.2647563,7544.246278,0,0,0,0.008333,0,0,0,0,0,0,1.57107,0,0.00889337,0.00083116,0
39,238,6.448,119.2647563,7544.246278,0.00644,0,0,0,0.90312,0,0,0,0,0,2.37174,0,0.00889337,0.00083116,0
39,238,6.448,119.2647563,7544.246278,0.010963,0,0,0,29.422,0,0,0,0,0,10.6818,0,0.00889337,0.00083116,0
39,238,6.448,119.2647563,7544.246278,0.0067817,0,0,0.002139,0,0,0,0,0,0,0.151728,0,0.00889337,0.00083116,0
39,238,6.448,119.2647563,7544.246278,0,0,0,0,0,0,0,0,0,0,0.278526,0,0.00889337,0.00083116,0
39,238,6.448,119.2647563,7544.246278,0.0072895,0,0,2.853,0.069058,0,0,0,0,0,0.151728,0,0.00889337,0.00083116,0
39,238,6.448,119.2647563,7544.246278,0,0,0,0,0.00043,0,0,0,0,0,7.4118,0,0.00889337,0.00083116,0
39,238,6.448,119.2647563,7544.246278,0.009021,0,0,0,0,0,0,0,0,0,0.283572,0,0.00889337,0.00083116,0
39,238,6.448,119.2647563,7544.246278,0.010122,0,0,0,0,0,0,0,0,0,0.181728,0,0.00889337,0.00083116,0
39,238,6.448,119.2647563,7544.246278,21.786,0,0,0.020093,0,1.2883,0,0,0,0,2.96682,0,0.00889337,0.00083116,0
39,238,6.448,119.2647563,7544.246278,0.034521,0,0,0.15605,0.012187,0,0,0,0,0,0.151728,0,0.00889337,0.00083116,0
39,238,6.448,119.2647563,7544.246278,0.043527,0,0,0,1.6408,0.000342,0.13028,0,0,0,0.151728,0,0.00889337,0.00083116,0
39,238,6.448,119.2647563,7544.246278,0.5201,0,0,0,1.5408,0,0,0,0,0,0,0,0.00889337,0.00083116,0
39,238,6.448,119.2647563,7544.246278,52.722,0,0,0,0.0001875,0,0,0,0,0,25.3818,0,0.00889337,0.00083116,0
39,238,6.448,119.2647563,7544.246278,0,0,0,0,0.003346,0,0.10863,0,0,0,0,0,0.00889337,0.00083116,0
39,238,6.448,119.2647563,7544.246278,0,0,0,3.4325,0,0,0,0,0,0,4.8618,0,0.00889337,0.00083116,0
39,238,6.448,119.2647563,7544.246278,0.00043,0,0,0,0,0,0,0,0,0,2.61366,0,0.00889337,0.00083116,0
39,238,6.448,119.2647563,7544.246278,0.003416,0,0,0,3.2048,0.77921,0,0,0,0,0.9426,0,0.00889337,0.00083116,0
39,238,6.448,119.2647563,7544.246278,0,0,0,0,0,0.005828,0,0,0,0,0,0,0.00889337,0.00083116,0
39,238,6.448,119.2647563,7544.246278,0,0,0,0,0,0,0,0,0,0,0,0,0.00889337,0.00083116,0
39,238,6.448,119.2647563,7544.246278,0.008333,0,0,6.4627,7.0112,0,0,0,0,0,0.151728,0,0.00889337,0.00083116,0
39,238,6.448,119.2647563,7544.246278,0.001669,0,0,0,0,0,0,0,0,0,12.4689,0,0.00889337,0.00083116,0
39,238,6.448,119.2647563,7544.246278,0,0,0,2.6593,0,0,0,0,0,0,0,0,0.00889337,0.00083116,0
39,238,6.448,119.2647563,7544.246278,0,0,0,0.3488,0.007328,0,0,0,0,0,1.17966,0,0.00889337,0.00083116,0
39,238,6.448,119.2647563,7544.246278,0,0,0,0,0,0,1.8682,0,0,0,4.9119,0,0.00889337,0.00083116,0
39,238,6.448,119.2647563,7544.246278,0.008333,0,0,0,21.064,0,0,0,0,0,0,0,0.00889337,0.00083116,0
39,238,6.448,119.2647563,7544.246278,25.205,0,0,0.003346,1.649,0,0,0,0,0,0.151728,0,0.00889337,0.00083116,0
39,238,6.448,119.2647563,7544.246278,0,0,0,0,0,0,0,0,0,0,6.102,0,0.00889337,0.00083116,0
39,238,6.448,119.2647563,7544.246278,0.008699,0,0,0,0.78045,0.79321,0.13028,0,0,0,0,0,0.00889337,0.00083116,0
39,238,6.448,119.2647563,7544.246278,0.005239,0,0,0,4.8466,0,0,0,0,0,0.67983,0,0.00889337,0.00083116,0
39,238,6.448,119.2647563,7544.246278,0.008333,0,0,0,0,0,0,0,0,0,0,0,0.00889337,0.00083116,0
39,238,6.448,119.2647563,7544.246278,0,0,0,0,0.73688,0,7.2385,0,0,0,12.8901,0,0.00889337,0.00083116,0
39,238,6.448,119.2647563,7544.246278,0.009261,0,0,0.008333,4.2216,0,0,0,0,0,0,0,0.00889337,0.00083116,0
39,238,6.448,119.2647563,7544.246278,0.0098678,0,0,0,0.10115,0,0,0,0,0,65.781,0,0.00889337,0.00083116,0
39,238,6.448,119.2647563,7544.246278,0,0,0,0.0306,8.0698,0,0,0,0,0,0,0,0.00889337,0.00083116,0
39,238,6.448,119.2647563,7544.246278,4.5748,0,0,44.381,0.005239,0,0.13028,0,0,0,0,0,0.00889337,0.00083116,0
39,238,6.448,119.2647563,7544.246278,7.1711,0,0,9.2817,0.086094,0.76551,0,0,0,0,0.37014,0,0.00889337,0.00083116,0
39,238,6.448,119.2647563,7544.246278,0,0,0,0,0,0,0,0,0,0,0.151728,0,0.00889337,0.00083116,0
39,238,6.448,119.2647563,7544.246278,8.3092,0,0,0.001493,0,0,0,0,0,0,10.4415,0,0.00889337,0.00083116,0
39,238,6.448,119.2647563,7544.246278,0,0,0.005264,0,0.000739,0,0,0,0,0,30.786,0,0.00889337,0.00083116,0
39,238,6.448,119.2647563,7544.246278,0,0,0,0,3.8185,0,0,0,0,0,58.353,0,0.00889337,0.00083116,0
39,238,6.448,119.2647563,7544.246278,2.9666,0,0.126,0,0,0,0,0,0,0,0,0,0.00889337,0.00083116,0
39,238,6.448,119.2647563,7544.246278,0.0068531,0,0,1.3084,2.4885,0,0,0,0,0,0,0,0.00889337,0.00083116,0
39,238,6.448,119.2647563,7544.246278,3.0939,0,0,0,0,0,0,0,0,0,0.271728,0,0.00889337,0.00083116,0
39,238,6.448,119.2647563,7544.246278,0,0,0,0.015258,0.00524,0,0,0,0,0,0.151728,0,0.00889337,0.00083116,0
39,238,6.448,119.2647563,7544.246278,0,0,0,0,0,0,0,0,0,0,2.37174,0,0.00889337,0.00083116,0
39,238,6.448,119.2647563,7544.246278,0,0,0,0,0.003346,0,0,0,0,0,0.151728,0,0.00889337,0.00083116,0
39,238,6.448,119.2647563,7544.246278,0,0,0,0,0,0.005198,0.42744,0.79033,0,0,0.151728,0,0.00889337,0.00083116,0
39,238,6.448,119.2647563,7544.246278,0.16397,0,0,0,0,0.77921,0,0,0,0,0,0,0.00889337,0.00083116,0
39,238,6.448,119.2647563,7544.246278,0.018596,0,0,0,0,0.79321,0,0,0,0,20.2284,0,0.00889337,0.00083116,0
39,238,6.448,119.2647563,7544.246278,0.0098678,0,0,0,24.77,0,0,0,0,0,0,0,0.00889337,0.00083116,0
39,238,6.448,119.2647563,7544.246278,0.00062,0,0,0.00043,0,0,0,0,0,0,0.78174,0,0.00889337,0.00083116,0
39,238,6.448,119.2647563,7544.246278,0,0,0,0,0.013036,0.000033,0.13028,0,0,0,34.746,0,0.00889337,0.00083116,0
39,238,6.448,119.2647563,7544.246278,0,0,0,0.17658,0,0.78548,0,0,0,0,0.151728,0,0.00889337,0.00083116,0
39,238,6.448,119.2647563,7544.246278,1.4804,0,0,0.008333,0,0,0,0,0,0,0,0,0.00889337,0.00083116,0
39,238,6.448,119.2647563,7544.246278,47.536,0,0,0.007251,0,0.089117,0,0,0,0,4.6029,0,0.00889337,0.00083116,0
39,238,6.448,119.2647563,7544.246278,0.008336,0,0,0,0,0,0.002308,0,0,0,11.682,0,0.00889337,0.00083116,0
39,238,6.448,119.2647563,7544.246278,0.008335,0,0,0.008335,0,0,0,0,0,0,0.151728,0,0.00889337,0.00083116,0
39,238,6.448,119.2647563,7544.246278,0,0,0,0,0,1.5329,0.13028,0,0,0,0,0,0.00889337,0.00083116,0
39,238,6.448,119.2647563,7544.246278,0,0,0,17.76,2.557,0.97535,0,0,0,0,1.91388,0,0.00889337,0.00083116,0
39,238,6.448,119.2647563,7544.246278,2.2256,0,0,0,0.008333,0,0,0,0,0,0.151728,0,0.00889337,0.00083116,0
39,238,6.448,119.2647563,7544.246278,0.008333,0,0,0.010471,0.008333,0.000668,0,0,0,0,0,0,0.00889337,0.00083116,0
39,238,6.448,119.2647563,7544.246278,0.007835,0,0,0,0,0,0,0,0,0,0.151728,0,0.00889337,0.00083116,0
39,238,6.448,119.2647563,7544.246278,0,0,0,0,0,0,0,0,0,0,0.151728,0,0.00889337,0.00083116,0
39,238,6.448,119.2647563,7544.246278,0.00021,0,0,0,0,0,0,0,0,0,0.293307,0,0.00889337,0.00083116,0
39,238,6.448,119.2647563,7544.246278,0,0,0,0,0.008333,0,0,0,0,0,0,0,0.00889337,0.00083116,0
39,238,6.448,119.2647563,7544.246278,0,0,0.00043,0,0,0,0,0,0,0,12.3399,0,0.00889337,0.00083116,0
39,238,6.448,119.2647563,7544.246278,0,0,0,0,0.00062,0.45857,0,0,0,0,2.52933,0,0.00889337,0.00083116,0
39,238,6.448,119.2647563,7544.246278,0,0,0,0,4.3986,0,0,0,0,0,34.746,0,0.00889337,0.00083116,0
39,238,6.448,119.2647563,7544.246278,6.87,0,0,0,0,21.538,0,0,0,0,0.151728,0,0.00889337,0.00083116,0
39,238,6.448,119.2647563,7544.246278,0.00524,0,0,0,0.3855,0,0,0,0,0,2.6931,0,0.00889337,0.00083116,0
39,238,6.448,119.2647563,7544.246278,0,0,0,3.4325,0,0,5.3904,0,0,0,7.8318,0,0.00889337,0.00083116,0
39,238,6.448,119.2647563,7544.246278,0.000376,0,0,0,0.002868,0,0,0,0,0,0.151728,0,0.00889337,0.00083116,0
39,238,6.448,119.2647563,7544.246278,0.0067817,0,0,9.9,0.027174,0,0,0,0,0,0,0,0.00889337,0.00083116,0
39,238,6.448,119.2647563,7544.246278,0.85316,0,0,0,0,0,0.74966,0,0,0,5.2239,0,0.00889337,0.00083116,0
39,238,6.448,119.2647563,7544.246278,0.091719,0,0,0,0,0,0,0,0,0,2.05122,0,0.00889337,0.00083116,0
39,238,6.448,119.2647563,7544.246278,0,0,0.0066735,0.068295,0.009056,0,0,0,0,0,0.181728,0,0.00889337,0.00083116,0
39,238,6.448,119.2647563,7544.246278,0,0,0,0,0.008333,0.28057,0,0,0,0,0.151728,0,0.00889337,0.00083116,0
39,238,6.448,119.2647563,7544.246278,0.002011,0,0,0.007148,0,34.192,0,0,0,0,0,0,0.00889337,0.00083116,0
39,238,6.448,119.2647563,7544.246278,14.875,0,0.57901,0,0,0,0.10863,0,0,0,5.2875,0,0.00889337,0.00083116,0
39,238,6.448,119.2647563,7544.246278,0,0,0,0,0.002055,0,36.808,0,0,0,0.33174,0,0.00889337,0.00083116,0
39,238,6.448,119.2647563,7544.246278,0.008335,0,0,0,0,0,0,0,0,0,0,0,0.00889337,0.00083116,0
39,238,6.448,119.2647563,7544.246278,0.0055799,0,0,0.008333,0,0,0,0,0,0,0,0,0.00889337,0.00083116,0
39,238,6.448,119.2647563,7544.246278,3.0031,0,0,0,0.00524,0,0,0,0,0,0.151728,0,0.00889337,0.00083116,0
39,238,6.448,119.2647563,7544.246278,0,0,0,0,10.444,0,0,0,0,0,0.279585,0,0.00889337,0.00083116,0
39,238,6.448,119.2647563,7544.246278,0.005239,0,0,0,0,0,0,0,0,0,18.723,0,0.00889337,0.00083116,0
39,238,6.448,119.2647563,7544.246278,45.509,0,0,0,0.000078,0,0,0,0,0,14.4507,0,0.00889337,0.00083116,0
39,238,6.448,119.2647563,7544.246278,0,0,0,0.01409,0,0.80945,0,0,0,0,0.151728,0,0.00889337,0.00083116,0
39,238,6.448,119.2647563,7544.246278,0,0,0,0,0,0,0,0,0,0,0,0,0.00889337,0.00083116,0
39,238,6.448,119.2647563,7544.246278,0.002784,0,0,0.01048,14.692,0,0,0,0,0,0.36174,0,0.00889337,0.00083116,0
39,238,6.448,119.2647563,7544.246278,0.00524,0,0,7.1031,0,0,0,0,0,0,6.561,0,0.00889337,0.00083116,0
39,238,6.448,119.2647563,7544.246278,0,0,0,0,0,0,0,0,0,0,12.8901,0,0.00889337,0.00083116,0
39,238,6.448,119.2647563,7544.246278,0,0,0.005988,0.008335,0,0,0,0,0,0,18.7944,0,0.00889337,0.00083116,0
39,238,6.448,119.2647563,7544.246278,0.00644,0,0,0,0,0,0,0,0,0,65.781,0,0.00889337,0.00083116,0
39,238,6.448,119.2647563,7544.246278,0,0,0,0,0.52975,0,0,0,0,0,0.151728,0,0.00889337,0.00083116,0
39,238,6.448,119.2647563,7544.246278,0.005239,0,0,0,0,0,0,0,0,0,0,0,0.00889337,0.00083116,0
39,238,6.448,119.2647563,7544.246278,0,0,0,25.355,0,0,0,0,0,0,0.33174,0,0.00889337,0.00083116,0
39,238,6.448,119.2647563,7544.246278,0.017603,0,0,0,0.000124,0,23.619,0,0,0,0.28866,0,0.00889337,0.00083116,0
39,238,6.448,119.2647563,7544.246278,0.18763,0,0,0,0.0033865,0.19707,0.021726,0,0,0,4.6158,0,0.00889337,0.00083116,0
39,238,6.448,119.2647563,7544.246278,0.013476,0,0,68.713,0,0,0,0,0,0,0.151728,0,0.00889337,0.00083116,0
39,238,6.448,119.2647563,7544.246278,0.65673,0,0,0.008332,0,0,0,0,0,0,0,0,0.00889337,0.00083116,0
39,238,6.448,119.2647563,7544.246278,15.105,0,0,0,2.8091,0,0,0,0,0,0.151728,0,0.00889337,0.00083116,0
39,238,6.448,119.2647563,7544.246278,0.51774,0,0,0,0,0,0,0,0,0,0.151728,0,0.00889337,0.00083116,0
39,238,6.448,119.2647563,7544.246278,4.1811,0,0,0,0,6.0658,0,0,0,0,0.86343,0,0.00889337,0.00083116,0
39,238,6.448,119.2647563,7544.246278,0,0,0,0,0,0,0,0,0,0,0.151728,0,0.00889337,0.00083116,0
39,238,6.448,119.2647563,7544.246278,0,0,0,3.4764,0,0.77921,0,0,0,0,8.6688,0,0.00889337,0.00083116,0
39,238,6.448,119.2647563,7544.246278,0,0,0,0,0,0,0,0,0,0,0,0,0.00889337,0.00083116,0
39,238,6.448,119.2647563,7544.246278,0.011957,0,0,0,0,0.000138,0,0,0,0,0,0,0.00889337,0.00083116,0
39,238,6.448,119.2647563,7544.246278,0,0,0,0,0,0,0,0,0,0,0.151728,0,0.00889337,0.00083116,0
39,238,6.448,119.2647563,7544.246278,0,0,0,1.3632,4.2216,0,0,0,0,0,0,0,0.00889337,0.00083116,0
39,238,6.448,119.2647563,7544.246278,0.042136,0,0,7.0709,0,0,0,0,0,0,1.57179,0,0.00889337,0.00083116,0
39,238,6.448,119.2647563,7544.246278,0.22208,0,0,0.002139,0.070777,0.79321,0,0,0,0,12.0405,0,0.00889337,0.00083116,0
39,238,6.448,119.2647563,7544.246278,9.5606,0,0,0.65249,0,0,0,0,0,0,0.181728,0,0.00889337,0.00083116,0
39,238,6.448,119.2647563,7544.246278,0,0,0,0,0.00524,0,0,0,0,0,4.4103,0,0.00889337,0.00083116,0
39,238,6.448,119.2647563,7544.246278,0.65673,0,0,0.36044,0,0,0,0,0,0,0.151728,0,0.00889337,0.00083116,0
39,238,6.448,119.2647563,7544.246278,0.014662,0,0,0,0,0,0,0,0,0,0,0,0.00889337,0.00083116,0
39,238,6.448,119.2647563,7544.246278,0.72108,0,0,0,0.00833,0,0,0,0,0,18.7944,0,0.00889337,0.00083116,0
39,238,6.448,119.2647563,7544.246278,0.028169,0,0,0.008333,0,0,0,0,0,0,0.151728,0,0.00889337,0.00083116,0
39,238,6.448,119.2647563,7544.246278,0.012671,0,0,0,0,0,0,0,0,0,3.4872,0,0.00889337,0.00083116,0
39,238,6.448,119.2647563,7544.246278,0.16397,0,0,0,4.0421,0,0,0,0,0,0.151728,0,0.00889337,0.00083116,0
39,238,6.448,119.2647563,7544.246278,0.008333,0,0,0,0.008333,0,0,0,0,0,0.151728,0,0.00889337,0.00083116,0
39,238,6.448,119.2647563,7544.246278,0,0,0,0.009056,0,0,0.002308,0,0,0,0.151728,0,0.00889337,0.00083116,0
39,238,6.448,119.2647563,7544.246278,0.001326,0,0,0,0.008333,0,0,0,0,0,0.151728,0,0.00889337,0.00083116,0
39,238,6.448,119.2647563,7544.246278,0.008333,0,0,0.034928,0,0,5.0969,0,0,0,2.94174,0,0.00889337,0.00083116,0
39,238,6.448,119.2647563,7544.246278,0.0068531,0,0,0,0,0.026763,0,0,0,0,14.4696,0,0.00889337,0.00083116,0
39,238,6.448,119.2647563,7544.246278,0.87352,0,0,0.29765,0,0,5.7012,0,0,0,0,0,0.00889337,0.00083116,0
39,238,6.448,119.2647563,7544.246278,0.010122,0,0,0,0,0,0,0,0,0,1.84839,0,0.00889337,0.00083116,0
39,238,6.448,119.2647563,7544.246278,0.010521,0,0,0,0,0,0,0,0,0,0,0,0.00889337,0.00083116,0
39,238,6.448,119.2647563,7544.246278,0,0,0,0,0,0,0,0,0,0,0,0,0.00889337,0.00083116,0
39,238,6.448,119.2647563,7544.246278,36.159,0,0,0.003821,0.26036,0,0,0,0,0,0,0,0.00889337,0.00083116,0
39,238,6.448,119.2647563,7544.246278,0.27066,0,0,0,5.1226,0,0,0,0,0,0,0,0.00889337,0.00083116,0
39,238,6.448,119.2647563,7544.246278,0.00833,0,0,6.6309,0,0,0,0,0,0,0.151728,0,0.00889337,0.00083116,0
39,238,6.448,119.2647563,7544.246278,0.018338,0,0,0.030631,0.013973,0,0,0,0,0,1.72038,0,0.00889337,0.00083116,0
39,238,6.448,119.2647563,7544.246278,0.00524,0,0,0.008333,0,0,0,0,0,0,45.663,0,0.00889337,0.00083116,0
39,238,6.448,119.2647563,7544.246278,0,0,0,0.011652,0,0,0,0,0,0,0.151728,0,0.00889337,0.00083116,0
39,238,6.448,119.2647563,7544.246278,0,0,0,0,0.053112,0,20.78,0,0,0,0.50493,0,0.00889337,0.00083116,0
39,238,6.448,119.2647563,7544.246278,0.14827,0,0,0,0,1.5701,0,0,0,0,0.151728,0,0.00889337,0.00083116,0
39,238,6.448,119.2647563,7544.246278,0.67499,0,0,0,0,0,5.7969,0,0,0,6.4536,0,0.00889337,0.00083116,0
39,238,6.448,119.2647563,7544.246278,0,0,0,0.17658,0,0,0.059897,0,0,0,0,0,0.00889337,0.00083116,0
39,238,6.448,119.2647563,7544.246278,51.143,0,25.373,0.11621,0,0,24.186,0,0,0,0.273357,0,0.00889337,0.00083116,0
39,238,6.448,119.2647563,7544.246278,0.050392,0,0,0,0.013476,0,0,0,0,0,0.151728,0,0.00889337,0.00083116,0
39,238,6.448,119.2647563,7544.246278,5.4818,0,0,0,0.001493,0,0,0,0,0,0,0,0.00889337,0.00083116,0
39,238,6.448,119.2647563,7544.246278,6.4349,0,0,13.409,0.37101,0,0,0,0,0,0.151728,0,0.00889337,0.00083116,0
39,238,6.448,119.2647563,7544.246278,0,0,0,0,0,0.78033,0,0,0,0,0,0,0.00889337,0.00083116,0
39,238,6.448,119.2647563,7544.246278,0,0,0,9.5845,0,0,0,0,0,0,0.92517,0,0.00889337,0.00083116,0
39,238,6.448,119.2647563,7544.246278,0.00524,0,0,0,0,0,0,0,8.2261,0,0,0,0.00889337,0.00083116,0
39,238,6.448,119.2647563,7544.246278,0,0,0,0,0,0,0,0,0,0,0,0,0.00889337,0.00083116,0
39,238,6.448,119.2647563,7544.246278,0.007221,0,0.12387,0.008333,80.307,0.015921,0,0,0,0,0,0,0.00889337,0.00083116,0
39,238,6.448,119.2647563,7544.246278,0.013575,0,0,0,0,0.26686,0,0,0,0,6.5418,0,0.00889337,0.00083116,0
39,238,6.448,119.2647563,7544.246278,6.8591,0,0,0.65249,0,0,0,0,0,0,0,0,0.00889337,0.00083116,0
39,238,6.448,119.2647563,7544.246278,0,0,0,0.02891,0,0,0,0,0,0,1.65174,0,0.00889337,0.00083116,0
39,238,6.448,119.2647563,7544.246278,0.046194,0,0,0.42984,0,0,0,0,0,0,36.924,0,0.00889337,0.00083116,0
39,238,6.448,119.2647563,7544.246278,0,0,0,0.83912,0.72843,0,0.13028,0,0,0,0.151728,0,0.00889337,0.00083116,0
39,238,6.448,119.2647563,7544.246278,0,0,0,8.8181,0,0,0,0,0,0,0.70503,0,0.00889337,0.00083116,0
39,238,6.448,119.2647563,7544.246278,0,0,0,0,0,0,0,0,0,0,4.1406,0,0.00889337,0.00083116,0
39,238,6.448,119.2647563,7544.246278,0.003355,0,0,0.006456,0.008321,0,0,0,0,0,0,0,0.00889337,0.00083116,0
39,238,6.448,119.2647563,7544.246278,11.135,0,0,0,0.00524,0,0,0,0,0,18.849,0,0.00889337,0.00083116,0
39,238,6.448,119.2647563,7544.246278,0,0,0,0.00247,43.562,0,0,0,0,0,7.0536,0,0.00889337,0.00083116,0
39,238,6.448,119.2647563,7544.246278,0.008333,0,0,0,0,0,0,0,0,0,0.151728,0,0.00889337,0.00083116,0
39,238,6.448,119.2647563,7544.246278,0.011527,0,0,0.041028,0.011841,0.79321,15.202,0,0,0,0,0,0.00889337,0.00083116,0
39,238,6.448,119.2647563,7544.246278,0.000172,0,3.6124,0,0,0,0.67053,0,0,0,0,0,0.00889337,0.00083116,0
39,238,6.448,119.2647563,7544.246278,0.00524,0,0,0.011074,0.074576,0,0,0,0,0,0.276939,0,0.00889337,0.00083116,0
39,238,6.448,119.2647563,7544.246278,0.25336,0,0,0,42.799,0,0,0,0,0,18.723,0,0.00889337,0.00083116,0
39,238,6.448,119.2647563,7544.246278,0,0,0,0,0,0,0,0,0,0,13.3746,0,0.00889337,0.00083116,0
39,238,6.448,119.2647563,7544.246278,2.3556,0,0,0,0,0,0,0,0,0,7.6818,0,0.00889337,0.00083116,0
39,238,6.448,119.2647563,7544.246278,0.000545,0,0.81046,17.949,0,0,0.13028,0,0,0,21.2118,0,0.00889337,0.00083116,0
39,238,6.448,119.2647563,7544.246278,0.000376,0,0,0,5.7523,0,0,0,0,0,11.6058,0,0.00889337,0.00083116,0
39,238,6.448,119.2647563,7544.246278,4.6688,0,0,0,1.6868,0,0.13028,0,0,0,0,0,0.00889337,0.00083116,0
39,238,6.448,119.2647563,7544.246278,0.71313,0,0,0.0043235,0.046926,0,0,0,0,0,0.151728,0,0.00889337,0.00083116,0
39,238,6.448,119.2647563,7544.246278,0.014901,0,0,0.007328,1.8824,0,0.67053,0,0,0,4.0518,0,0.00889337,0.00083116,0
39,238,6.448,119.2647563,7544.246278,27.506,0,0,0,0.00644,0.99064,27.706,0,0,0,0,0,0.00889337,0.00083116,0
39,238,6.448,119.2647563,7544.246278,0.00644,0,0,0,0.01564,0,0,0,0,0,22.6218,0,0.00889337,0.00083116,0
39,238,6.448,119.2647563,7544.246278,8.3092,0,0,0.007148,0,0.78972,0,0,0,0,44.763,0,0.00889337,0.00083116,0
39,238,6.448,119.2647563,7544.246278,0.005239,0,0,7.5633,0,0,0,0,0,0,0,0,0.00889337,0.00083116,0
39,238,6.448,119.2647563,7544.246278,0.008333,0,0,0,0,0,9.039,0,0,0,0,0,0.00889337,0.00083116,0
39,238,6.448,119.2647563,7544.246278,0.15083,0,0,0,0,1.0289,0,0,0,0,0.151728,0,0.00889337,0.00083116,0
39,238,6.448,119.2647563,7544.246278,0.015379,0,0,11.325,0,0,0,0,0,0,0.276939,0,0.00889337,0.00083116,0
39,238,6.448,119.2647563,7544.246278,0.013404,0,0,0,0.046926,0,18.805,21.966,0,0,1.05978,0,0.00889337,0.00083116,0
39,238,6.448,119.2647563,7544.246278,0.008333,0,0,0,0.000739,0,0,0,0,0,5.2239,0,0.00889337,0.00083116,0
39,238,6.448,119.2647563,7544.246278,0.67499,0,38.701,0.011201,0,0,0,0,0,0,11.9625,0,0.00889337,0.00083116,0
39,238,6.448,119.2647563,7544.246278,0.00824,0,0,0,0.0057595,0,77.672,0,0,0,0.151728,0,0.00889337,0.00083116,0
39,238,6.448,119.2647563,7544.246278,0.016858,0,0,0,0,0,0,0,0,0,0.151728,0,0.00889337,0.00083116,0
39,238,6.448,119.2647563,7544.246278,0,0,0,0,0,0,0,0,0,0,0.151728,0,0.00889337,0.00083116,0
39,238,6.448,119.2647563,7544.246278,0,0,0,0,0,0,0,0,0,0,0.151728,0,0.00889337,0.00083116,0
39,238,6.448,119.2647563,7544.246278,0.057403,0,0,0,1.3821,0,0,0,0,0,10.4865,0,0.00889337,0.00083116,0
39,238,6.448,119.2647563,7544.246278,0.045123,0,0,0.036193,0,0,0,0,0,0,0.151728,0,0.00889337,0.00083116,0
39,238,6.448,119.2647563,7544.246278,3.2038,0,0,0.01048,0,0.77802,0,0,0,0,8.5524,0,0.00889337,0.00083116,0
39,238,6.448,119.2647563,7544.246278,0,0,0,0,0,0,0,0,0,0,0,0,0.00889337,0.00083116,0
39,238,6.448,119.2647563,7544.246278,0.008333,0,0,0.00387,0.001669,0,0,0,0,0,0,0,0.00889337,0.00083116,0
39,238,6.448,119.2647563,7544.246278,0,0,0,0.00524,0,0,0,0,0,0,0,0,0.00889337,0.00083116,0
39,238,6.448,119.2647563,7544.246278,0.00524,0,0,0.01048,0,2.2708,0,0,0,0,0,0,0.00889337,0.00083116,0
39,238,6.448,119.2647563,7544.246278,0.12208,0,0,0,0,0,0,0,0,0,0,0,0.00889337,0.00083116,0
39,238,6.448,119.2647563,7544.246278,0.00524,0,0,0,0.009056,0,0,0,0,0,5.2239,0,0.00889337,0.00083116,0
39,238,6.448,119.2647563,7544.246278,1.7472,0,0,0.00524,0,0,0,0,0,0,0,0,0.00889337,0.00083116,0
39,238,6.448,119.2647563,7544.246278,0.011776,0,0,0,0,0,0,0,0,0,0,0,0.00889337,0.00083116,0
39,238,6.448,119.2647563,7544.246278,0,0,0.003538,4.6787,0,0,0,0,0,0,0.75903,0,0.00889337,0.00083116,0
39,238,6.448,119.2647563,7544.246278,0.008333,0,0,15.592,0.008333,0,0,0,0,0,0,0,0.00889337,0.00083116,0
40,239,1.952,240.7199133,15227.04918,0,0,0,0.015258,0,0,0,0,0,0,0.151728,0.403800639,0.018273907,0.001707849,0
40,239,1.952,240.7199133,15227.04918,184.67,0,0,0.008332,0.008335,0,0,0,0,0,0.151728,1.788434249,0.018273907,0.001707849,0
40,239,1.952,240.7199133,15227.04918,3.3665,0,0,4.4534,0.00014,0,0,0,0,0,0.151728,3.370698383,0.018273907,0.001707849,0
40,239,1.952,240.7199133,15227.04918,0.043527,0,0,0,0,0,0,0,0,0,0.151728,2.473634728,0.018273907,0.001707849,0
40,239,1.952,240.7199133,15227.04918,0,0,0,0,0.007221,0,0,0,0,0,2.01174,1.629841853,0.018273907,0.001707849,0
40,239,1.952,240.7199133,15227.04918,0,0,0,0,1.1676,0,0.021726,0,0,0,1.27794,3.66575417,0.018273907,0.001707849,0
40,239,1.952,240.7199133,15227.04918,0.29003,0,0,0.00043,0.0073964,0.79321,0.10863,0,0,0,0,4.286874454,0.018273907,0.001707849,0
40,239,1.952,240.7199133,15227.04918,0.031802,0,0,0,0.008333,0,0,0,0,0,0.151728,0.496109546,0.018273907,0.001707849,0
40,239,1.952,240.7199133,15227.04918,0.016638,0,0,0.37527,0,0,0,0,0,0,0,0.51278208,0.018273907,0.001707849,0
40,239,1.952,240.7199133,15227.04918,0.062194,0,0,0.0043235,0,0,0,0,0,0,3.6159,1.926287639,0.018273907,0.001707849,0
40,239,1.952,240.7199133,15227.04918,0.005239,0,0,0,0.001326,0.10003,0,0,0,0,13.3746,1.753869239,0.018273907,0.001707849,0
40,239,1.952,240.7199133,15227.04918,0,0,0,3.4764,0,0.005828,0.13028,0,0,0,0.278526,5.751441887,0.018273907,0.001707849,0
40,239,1.952,240.7199133,15227.04918,0,0,0,5.7854,0,0.781,0,0,0,0,0.151728,6.85281809,0.018273907,0.001707849,0
40,239,1.952,240.7199133,15227.04918,0,0,0,0.19366,7.8711,0,0.13028,0,0,0,0.151728,57.7672295,0.018273907,0.001707849,0
40,239,1.952,240.7199133,15227.04918,0.16583,0,0,0,0,0,0,0,0,0,0.151728,38.6168241,0.018273907,0.001707849,0
40,239,1.952,240.7199133,15227.04918,0.015487,0,0,0.008335,8.0698,0,0,0,0,0,0.273372,0.090682319,0.018273907,0.001707849,0
40,239,1.952,240.7199133,15227.04918,0.013408,0,0,0.013421,17.217,0,0,0,0,0,0.30174,3.933904712,0.018273907,0.001707849,0
40,239,1.952,240.7199133,15227.04918,0.0724,0,0,0,0,19.534,0,0,0,0,0,0.677067536,0.018273907,0.001707849,0
40,239,1.952,240.7199133,15227.04918,0,0,0,0,0.00014,1.0166,0,0,0,0,30.885,1.629841853,0.018273907,0.001707849,0
40,239,1.952,240.7199133,15227.04918,0,0,0,0.01172,0,0,0,0,0,0,4.4313,1.912461635,0.018273907,0.001707849,0
40,239,1.952,240.7199133,15227.04918,0.024955,0,0,0.018806,0,0,0,0,0,0,5.6418,5.924849251,0.018273907,0.001707849,0
40,239,1.952,240.7199133,15227.04918,0,0,0,0,0,0,0,0,0,0,83.223,4.791523591,0.018273907,0.001707849,0
40,239,1.952,240.7199133,15227.04918,0.098565,0,0,0.65046,0,0,0,0,0,0,0.151728,0.090682319,0.018273907,0.001707849,0
40,239,1.952,240.7199133,15227.04918,1.0831,0,0,0,0,0,0,0,0,0,7.4118,3.37110503,0.018273907,0.001707849,0
40,239,1.952,240.7199133,15227.04918,0,0,0,0,0.84234,0,0,0,0,0,0,1.480602342,0.018273907,0.001707849,0
40,239,1.952,240.7199133,15227.04918,0.008321,0,0,0.0094528,0.002868,0,0,0,0,0,0.151728,9.094257285,0.018273907,0.001707849,0
40,239,1.952,240.7199133,15227.04918,0.00524,0,0,0,0,0,0,0,0,0,41.715,3.933904712,0.018273907,0.001707849,0
40,239,1.952,240.7199133,15227.04918,7.8157,0,0,0.99417,0.047685,1.112,0,0,0,0,13.5936,1.912461635,0.018273907,0.001707849,0
40,239,1.952,240.7199133,15227.04918,6.0739,0,0,0.15874,0,32.552,0,0,0,0,0.273384,1.953939646,0.018273907,0.001707849,0
40,239,1.952,240.7199133,15227.04918,1.2548,0,0,0,0,0,0,0,0,0,3.5568,7.432290306,0.018273907,0.001707849,0
40,239,1.952,240.7199133,15227.04918,0,0,0,0,0,0,0,0,0,0,0.151728,0.308645201,0.018273907,0.001707849,0
40,239,1.952,240.7199133,15227.04918,0,0,0,3.6568,0,0.42818,0,0,0,0,37.53,4.286874454,0.018273907,0.001707849,0
40,239,1.952,240.7199133,15227.04918,0,0,0,0,8.5334,0,0,0,0,0,0,8.643285575,0.018273907,0.001707849,0
40,239,1.952,240.7199133,15227.04918,0,0,0.10719,0,0,0,0.67053,0,0,0,11.9625,6.85281809,0.018273907,0.001707849,0
40,239,1.952,240.7199133,15227.04918,0.00524,0,0,0,0,0,0,0.78971,0,0,0,2.742428507,0.018273907,0.001707849,0
40,239,1.952,240.7199133,15227.04918,0,0,0,0,12.686,0,0,0,0,0,0.151728,3.933904712,0.018273907,0.001707849,0
40,239,1.952,240.7199133,15227.04918,0,0,0.86597,0,0.00524,0,0,0,0,0,0.151728,0.677067536,0.018273907,0.001707849,0
40,239,1.952,240.7199133,15227.04918,0,0,0.067267,0,0,0,0.13028,0,0,0,0,0.51278208,0.018273907,0.001707849,0
40,239,1.952,240.7199133,15227.04918,0,0,0,0.69261,0,0,0,0,0,0,0,2.550491043,0.018273907,0.001707849,0
40,239,1.952,240.7199133,15227.04918,0.002139,0,42.935,0,0,0,0,0,0,0,8.9118,10.8444667,0.018273907,0.001707849,0
40,239,1.952,240.7199133,15227.04918,0.19687,0,0,0,0,0,0.67845,0,0,0,0.151728,1.480602342,0.018273907,0.001707849,0
40,239,1.952,240.7199133,15227.04918,0,0,0,1.5394,0.008333,0,36.808,0,0,0,0.151728,1.926287639,0.018273907,0.001707849,0
40,239,1.952,240.7199133,15227.04918,0,0,0,12.981,0.0068531,0,0,0,0,0,0.27711,0.308645201,0.018273907,0.001707849,0
40,239,1.952,240.7199133,15227.04918,0.002011,0,0,3.0263,0.00524,0,0,0,6.8445,0,2.41287,4.862686845,0.018273907,0.001707849,0
40,239,1.952,240.7199133,15227.04918,0.10284,0,0,15.984,0.1098,0,0,0,0,0,0,5.721119019,0.018273907,0.001707849,0
40,239,1.952,240.7199133,15227.04918,0,0,0,0,0,0,18.805,0,0,0,0.151728,5.924849251,0.018273907,0.001707849,0
40,239,1.952,240.7199133,15227.04918,1.5374,0,0,0.0067015,0,0,0,0,0,0,0.151728,3.27635624,0.018273907,0.001707849,0
40,239,1.952,240.7199133,15227.04918,0,0,0,0,0,0.0077375,0,0,0,0,0,1.953939646,0.018273907,0.001707849,0
40,239,1.952,240.7199133,15227.04918,0.0066265,0,0,0,0.030073,0.79321,0.021726,0,0,0,2.60853,3.50611189,0.018273907,0.001707849,0
40,239,1.952,240.7199133,15227.04918,0,0,0,0,2.4885,0,0,0,0,0,0,10.8444667,0.018273907,0.001707849,0
40,239,1.952,240.7199133,15227.04918,0.01357,0,5.9813,0,0,0,0,0,0,0,0,3.933904712,0.018273907,0.001707849,0
40,239,1.952,240.7199133,15227.04918,0,0,0,0,0,0,0,0,0,0,0.28866,2.473634728,0.018273907,0.001707849,0
40,239,1.952,240.7199133,15227.04918,0,0,0,0.00833,0,0,0,0,0,0,0.37014,4.862686845,0.018273907,0.001707849,0
40,239,1.952,240.7199133,15227.04918,0.001009,0,0,0.049787,2.5837,0,0,0,0,0,1.08798,20.03672595,0.018273907,0.001707849,0
40,239,1.952,240.7199133,15227.04918,0.008333,0,0,0.013606,0.011131,0,0,0,0,0,2.22174,8.563989377,0.018273907,0.001707849,0
40,239,1.952,240.7199133,15227.04918,0.080184,0,0,0,0.00524,121.31,8.4952,0,0,0,32.442,0.308645201,0.018273907,0.001707849,0
40,239,1.952,240.7199133,15227.04918,0.00524,0,0,0.029402,0,0,0,0,0,0,0,4.748825638,0.018273907,0.001707849,0
40,239,1.952,240.7199133,15227.04918,0,0,0,0.008333,0,0,0,0,0,0,44.763,2.626534064,0.018273907,0.001707849,0
40,239,1.952,240.7199133,15227.04918,0,0,0,0,0.73688,0.77921,0,0,0,0,0.151728,0.163878809,0.018273907,0.001707849,0
40,239,1.952,240.7199133,15227.04918,0,0,0,0,0,0,0,0,0,0,0.151728,8.153142895,0.018273907,0.001707849,0
40,239,1.952,240.7199133,15227.04918,0.008489,0,0,0.003346,0,0,0.84965,0,0,0,4.1568,96.95287753,0.018273907,0.001707849,0
40,239,1.952,240.7199133,15227.04918,0.018596,0,0,0,0,0,0,0,0,0,0.279489,7.432290306,0.018273907,0.001707849,0
40,239,1.952,240.7199133,15227.04918,0.061767,0,0,7.1031,0,0,0,0,0,0,1.84839,4.044970118,0.018273907,0.001707849,0
40,239,1.952,240.7199133,15227.04918,0,0,0,0,0.000063,0,0,0,0,0,0,5.924849251,0.018273907,0.001707849,0
40,239,1.952,240.7199133,15227.04918,0.047389,0,0,0,0,0,0,0,0,0,0.151728,0.533114438,0.018273907,0.001707849,0
40,239,1.952,240.7199133,15227.04918,0.00524,0,0,0,0,0,0,0,0,0,41.715,2.282103912,0.018273907,0.001707849,0
40,239,1.952,240.7199133,15227.04918,0.0031025,0,0,0,0.21192,0,0,0,0,0,28.8018,0.496109546,0.018273907,0.001707849,0
40,239,1.952,240.7199133,15227.04918,0.015667,0,0,7.5633,5.0207,0,0,0,0,0,0.273324,4.286874454,0.018273907,0.001707849,0
40,239,1.952,240.7199133,15227.04918,0,0,0,0,0,0,0,0,0,0,1.31526,1.611949377,0.018273907,0.001707849,0
40,239,1.952,240.7199133,15227.04918,0.008333,0,0,0,0,0,0,0,0,0,0,4.286874454,0.018273907,0.001707849,0
40,239,1.952,240.7199133,15227.04918,0.078253,0,0,0.46711,0,0,0,0,0,0,0.151728,0.51278208,0.018273907,0.001707849,0
40,239,1.952,240.7199133,15227.04918,0.13903,0,0,0.000688,1.5408,0,0,0,0,0,0,0.403800639,0.018273907,0.001707849,0
40,239,1.952,240.7199133,15227.04918,0,0,0,0,13.034,0,0,0,0,0,0.75903,3.933904712,0.018273907,0.001707849,0
40,239,1.952,240.7199133,15227.04918,215.5,0,0,0.01836,0.0088426,0.7814,0,0,0,0,6.8154,1.953939646,0.018273907,0.001707849,0
40,239,1.952,240.7199133,15227.04918,4.6688,0,0,0.013455,0,0,0,0,0,0,0,6.509873784,0.018273907,0.001707849,0
40,239,1.952,240.7199133,15227.04918,0,0,0,2.1625,0,0,0,0,0,0,0,9.094257285,0.018273907,0.001707849,0
40,239,1.952,240.7199133,15227.04918,0.0152,0,0,0,32.03,0,0,0,0,0,12.2682,1.926287639,0.018273907,0.001707849,0
40,239,1.952,240.7199133,15227.04918,0.39409,0,0,0.003538,0,0,0,0,0,0,0.151728,1.611949377,0.018273907,0.001707849,0
40,239,1.952,240.7199133,15227.04918,0,0,0,0.008333,0.40097,0,0,0,0,0,1.97832,2.282103912,0.018273907,0.001707849,0
40,239,1.952,240.7199133,15227.04918,0,0,0,0.008333,0,0,0.021726,0,0,0,0.151728,3.539348854,0.018273907,0.001707849,0
40,239,1.952,240.7199133,15227.04918,0,0,0,8.1583,0,0,0,0,0,0,4.9119,0.308645201,0.018273907,0.001707849,0
40,239,1.952,240.7199133,15227.04918,0,0,0.005251,0,6.2437,0.78033,0,0,0,0,0.151728,5.924849251,0.018273907,0.001707849,0
40,239,1.952,240.7199133,15227.04918,13.81,0,0,0,0,0,0,0,0,0,0,62.76023949,0.018273907,0.001707849,0
40,239,1.952,240.7199133,15227.04918,0.98357,0,0,0,0,0,0,0,0,0,0,1.437091095,0.018273907,0.001707849,0
40,239,1.952,240.7199133,15227.04918,0,0,0,0,0.15682,0,0,0,0,0,22.6218,19.16080795,0.018273907,0.001707849,0
40,239,1.952,240.7199133,15227.04918,0,0,0,0.00524,0,0,137.34,0,0,0,0,1.611949377,0.018273907,0.001707849,0
40,239,1.952,240.7199133,15227.04918,0.081094,0,0,0.022218,0,0,0,0,0,0,12.0405,0.533114438,0.018273907,0.001707849,0
40,239,1.952,240.7199133,15227.04918,0.0021738,0,0,0,0.076792,0,0,0,0,0,0,6.509873784,0.018273907,0.001707849,0
40,239,1.952,240.7199133,15227.04918,1.2774,0,0,0,0,0,0.67845,1.727,0,0,55.917,8.643285575,0.018273907,0.001707849,0
40,239,1.952,240.7199133,15227.04918,0,0,0,70.359,0,0,0,0,0,0,0.287505,0.163878809,0.018273907,0.001707849,0
40,239,1.952,240.7199133,15227.04918,0.0019345,0,0,0.000688,4.753,2.5002,0,0,0,0,2.52933,3.933904712,0.018273907,0.001707849,0
40,239,1.952,240.7199133,15227.04918,0.002096,0,0.005239,11.876,0,0,0,0,0,0,0.151728,4.286874454,0.018273907,0.001707849,0
40,239,1.952,240.7199133,15227.04918,2.0814,0,0,0,1.4315,0.79678,0,0,0,0,1.08798,3.933904712,0.018273907,0.001707849,0
40,239,1.952,240.7199133,15227.04918,0,0,0,0,0.00524,0,0,0,0,0,0.151728,1.912461635,0.018273907,0.001707849,0
40,239,1.952,240.7199133,15227.04918,0.015379,0,0,0.024145,2.7524,0,0,0,0,0,6.2754,4.791523591,0.018273907,0.001707849,0
40,239,1.952,240.7199133,15227.04918,0,0,0,0,0,0.79321,0,0,0,0,7.6818,1.600969904,0.018273907,0.001707849,0
40,239,1.952,240.7199133,15227.04918,0.00824,0,0,2.0984,0,0,0,0,0,0,3.0075,7.61406159,0.018273907,0.001707849,0
40,239,1.952,240.7199133,15227.04918,0,0,0,0,0,0,0,0,0,0,2.28174,9.094257285,0.018273907,0.001707849,0
40,239,1.952,240.7199133,15227.04918,0.000376,0,0,0.018148,76.072,0,0,0,0,0,5.1447,10.8444667,0.018273907,0.001707849,0
40,239,1.952,240.7199133,15227.04918,0,0,0,0,0.010122,0,0,0,0,0,6.8154,0.496109546,0.018273907,0.001707849,0
40,239,1.952,240.7199133,15227.04918,0,0,0,2.1101,0,0,0,0,0,0,0,13.58857149,0.018273907,0.001707849,0
40,239,1.952,240.7199133,15227.04918,6.3539,0,0,0.36044,0,0,0,0,0,0,1.57404,9.094257285,0.018273907,0.001707849,0
40,239,1.952,240.7199133,15227.04918,0.0059398,0,0,0.00833,0.008336,0,0.60778,0,0,0,0.72174,2.742428507,0.018273907,0.001707849,0
40,239,1.952,240.7199133,15227.04918,0.019714,0,0,0,0,0,0,0,0,0,0,8.643285575,0.018273907,0.001707849,0
40,239,1.952,240.7199133,15227.04918,0,0,0,0.021906,0,0,0,0,0,0,0.151728,57.7672295,0.018273907,0.001707849,0
40,239,1.952,240.7199133,15227.04918,0.93731,0,0,0,0,0,13.456,0,0,0,0.151728,0.090682319,0.018273907,0.001707849,0
40,239,1.952,240.7199133,15227.04918,0,0,0,0,0,0,0,0,0,0,0,0.506275725,0.018273907,0.001707849,0
40,239,1.952,240.7199133,15227.04918,0.00644,0,0,4.1588,8.3856,0,0.60778,0,0,0,0,6.509873784,0.018273907,0.001707849,0
40,239,1.952,240.7199133,15227.04918,0.0021738,0,0,0,0.84234,3.1357,0,0,0,0,0.151728,8.643285575,0.018273907,0.001707849,0
40,239,1.952,240.7199133,15227.04918,0,0,0,0,0,0,0,0,0,0,0,1.480602342,0.018273907,0.001707849,0
40,239,1.952,240.7199133,15227.04918,0.011297,0,0,0,0.008333,0,44.799,0,0,0,0.151728,0.533114438,0.018273907,0.001707849,0
40,239,1.952,240.7199133,15227.04918,0.008333,0,0,0,0,0.79351,0,0,0,0,0.36594,3.370698383,0.018273907,0.001707849,0
40,239,1.952,240.7199133,15227.04918,0.002382,0,0,0,0,0,0,0,0,0,7.0536,1.912461635,0.018273907,0.001707849,0
40,239,1.952,240.7199133,15227.04918,0,0,0,0,0.041022,0,0,0,0,0,0.151728,8.563989377,0.018273907,0.001707849,0
40,239,1.952,240.7199133,15227.04918,0.00062,0,0,0,0,0,0,0,0,0,0.151728,1.600969904,0.018273907,0.001707849,0
40,239,1.952,240.7199133,15227.04918,0,0,0,0.002741,0,0,0.002308,0,0,0,0,0.506275725,0.018273907,0.001707849,0
40,239,1.952,240.7199133,15227.04918,0.00322,0,0,0,0.010996,0,0,0,0,0,5.4765,9.094257285,0.018273907,0.001707849,0
40,239,1.952,240.7199133,15227.04918,0.009021,0,0,0,0,0,0,0,0,0,0,0.163878809,0.018273907,0.001707849,0
40,239,1.952,240.7199133,15227.04918,0,0,0,0,0,0,0,0,0,0,24.5118,19.71922933,0.018273907,0.001707849,0
40,239,1.952,240.7199133,15227.04918,0,0,0,0,0.008335,0,0.008333,0,0,0,0.73911,5.721119019,0.018273907,0.001707849,0
40,239,1.952,240.7199133,15227.04918,0,0,0,0,0,0,0,0,0,0,0.271728,13.20935554,0.018273907,0.001707849,0
40,239,1.952,240.7199133,15227.04918,0,0,9.3896,0,0,0,0,0,0,0,0.279942,1.480602342,0.018273907,0.001707849,0
40,239,1.952,240.7199133,15227.04918,0,0,0,0.030966,0,0,0,0,0,0,6.2754,3.37110503,0.018273907,0.001707849,0
40,239,1.952,240.7199133,15227.04918,0,0,0,0.000739,6.2079,0,0,0,0,0,0.151728,3.294248715,0.018273907,0.001707849,0
40,239,1.952,240.7199133,15227.04918,0.040702,0,0,0,0,8.6074,0,0,0,0,4.4313,38.6168241,0.018273907,0.001707849,0
40,239,1.952,240.7199133,15227.04918,0,0,0,0,0.008335,0.026145,0,0,0,0,69.483,83.74352198,0.018273907,0.001707849,0
40,239,1.952,240.7199133,15227.04918,0.005239,0,0,0,0,0,0,0,0,0,2.73105,7.432290306,0.018273907,0.001707849,0
40,239,1.952,240.7199133,15227.04918,0.022591,0,0,0,0,0,0,0,0,0,0,1.082901411,0.018273907,0.001707849,0
40,239,1.952,240.7199133,15227.04918,0.00524,0,0,3.7171,0,0,0,0,0,0,0.151728,1.629841853,0.018273907,0.001707849,0
40,239,1.952,240.7199133,15227.04918,0,0,0,0,0.68315,0.000024,0,0,0,0,0.151728,0.506275725,0.018273907,0.001707849,0
40,239,1.952,240.7199133,15227.04918,0.010054,0,0,0,0.00524,0,0,0,0,0,4.5105,1.740043236,0.018273907,0.001707849,0
40,239,1.952,240.7199133,15227.04918,8.3092,0,0,0,0.1098,0.91771,0,0,0,0,0.151728,0.677067536,0.018273907,0.001707849,0
40,239,1.952,240.7199133,15227.04918,0,0,0,0,0.72843,0,0,0,0,0,1.17456,0.757177028,0.018273907,0.001707849,0
40,239,1.952,240.7199133,15227.04918,0,0,0,0.0060235,0.11608,0,0,0,0,0,3.6486,8.153142895,0.018273907,0.001707849,0
40,239,1.952,240.7199133,15227.04918,0.003355,0,0,0,0.008333,0,0,0,0,0,0.151728,1.926287639,0.018273907,0.001707849,0
40,239,1.952,240.7199133,15227.04918,1.8709,0,0,0,0,0,0.008333,0,0,0,0,1.753869239,0.018273907,0.001707849,0
40,239,1.952,240.7199133,15227.04918,0,0,0,0.011652,0.038932,0,0,0,0,0,15.7923,1.912461635,0.018273907,0.001707849,0
40,239,1.952,240.7199133,15227.04918,0,0,0,4.0096,0.030662,0,0,0,0,0,0,27.05073767,0.018273907,0.001707849,0
40,239,1.952,240.7199133,15227.04918,0,0,0,0,0.79075,0,0.86583,0,0,0,0.42399,0.403800639,0.018273907,0.001707849,0
40,239,1.952,240.7199133,15227.04918,0,0,0.80841,0,0.012187,0,0,0,0,0,1.95174,3.37110503,0.018273907,0.001707849,0
40,239,1.952,240.7199133,15227.04918,0.27365,0,0,0,0,0,0,0,0,0,9.7158,1.082901411,0.018273907,0.001707849,0
40,239,1.952,240.7199133,15227.04918,0,0,0,0,44.94,0,0,0,0,0,9.6318,0.757177028,0.018273907,0.001707849,0
40,239,1.952,240.7199133,15227.04918,0.008335,0,0,7.8163,0,0,0,0,0,0,0,4.791523591,0.018273907,0.001707849,0
40,239,1.952,240.7199133,15227.04918,0,0,0,0,0.005239,0,0,0,0,0,0,8.153142895,0.018273907,0.001707849,0
40,239,1.952,240.7199133,15227.04918,0,0,0,0,0,0,0,0,0,0,0,13.58857149,0.018273907,0.001707849,0
40,239,1.952,240.7199133,15227.04918,0,0,0,0,0.008333,0,0,0,0,0,8.172,14.97902997,0.018273907,0.001707849,0
40,239,1.952,240.7199133,15227.04918,0.00036,0,0,0,0.00524,0,71.892,0,0,0,57.423,5.751441887,0.018273907,0.001707849,0
40,239,1.952,240.7199133,15227.04918,3.9799,0,0,0,0.008333,0,0,0,0,0,0.151728,5.924849251,0.018273907,0.001707849,0
40,239,1.952,240.7199133,15227.04918,0.00036,0,0,0,0,0,0,0,0,0,0,8.643285575,0.018273907,0.001707849,0
40,239,1.952,240.7199133,15227.04918,0.008333,0,0,0.011201,0.026162,0,0,0,0,0,0.151728,19.16080795,0.018273907,0.001707849,0
40,239,1.952,240.7199133,15227.04918,0.00524,0,0,0.00524,0,0,71.892,0,0,0,5.1444,0.757177028,0.018273907,0.001707849,0
40,239,1.952,240.7199133,15227.04918,0,0,0,0.26453,76.072,0,0,0,0,0,0,4.748825638,0.018273907,0.001707849,0
40,239,1.952,240.7199133,15227.04918,0.001493,0,0,0.008333,0,0,0,0,0,0,1.70622,1.788434249,0.018273907,0.001707849,0
40,239,1.952,240.7199133,15227.04918,0,0,0,0.021907,8.1439,0,0.10863,0,0,0,0.27711,4.044970118,0.018273907,0.001707849,0
40,239,1.952,240.7199133,15227.04918,0.013476,0,0,0,0,0,7.6576,0,0,0,5.2239,27.05073767,0.018273907,0.001707849,0
40,239,1.952,240.7199133,15227.04918,0.011203,0,0,0.0021738,0,0.79321,0,3.2523,0,0,0,81.9106449,0.018273907,0.001707849,0
40,239,1.952,240.7199133,15227.04918,0.00524,0,0,0.008336,29.422,6.5672,0,0,0,0,1.08798,0.403800639,0.018273907,0.001707849,0
40,239,1.952,240.7199133,15227.04918,0,0,0,0.007697,0,0,0.002308,0,0,0,0,0.090682319,0.018273907,0.001707849,0
40,239,1.952,240.7199133,15227.04918,0,0,0,0,0,0,0,0,0,0,0,3.370698383,0.018273907,0.001707849,0
40,239,1.952,240.7199133,15227.04918,0.008333,0,0,0,10.721,0,0,0,1.8731,0,19.5987,2.282103912,0.018273907,0.001707849,0
40,239,1.952,240.7199133,15227.04918,0.003539,0,9.8554,0.0065058,0,0,0,0,0,0,0.151728,0.677067536,0.018273907,0.001707849,0
40,239,1.952,240.7199133,15227.04918,7.1711,0,0,0.088496,0,12.816,0,0,0,0,0,1.082901411,0.018273907,0.001707849,0
40,239,1.952,240.7199133,15227.04918,0,0,1.7757,0,0.013551,0.77921,0,0,0,0,0,3.933904712,0.018273907,0.001707849,0
40,239,1.952,240.7199133,15227.04918,0,0,0,0.008321,0,0,0,0,0,0,45.663,0.533114438,0.018273907,0.001707849,0
40,239,1.952,240.7199133,15227.04918,0,0,0,10.898,0,0,0,0,0,0,0,19.16080795,0.018273907,0.001707849,0
40,239,1.952,240.7199133,15227.04918,0.016638,0,29.879,0.00524,0.16189,0,0,0,0,0,0,1.912461635,0.018273907,0.001707849,0
40,239,1.952,240.7199133,15227.04918,0.039743,0,0,0.41548,18.998,0,0,0,0,0,0.84174,4.748825638,0.018273907,0.001707849,0
40,239,1.952,240.7199133,15227.04918,0.005239,0,0.005722,0.016337,0.00524,0,0,0,0,0,0.151728,20.03672595,0.018273907,0.001707849,0
40,239,1.952,240.7199133,15227.04918,12.084,0,0,0,0.006456,0,55.44,0,0,0,0,0.308645201,0.018273907,0.001707849,0
40,239,1.952,240.7199133,15227.04918,2.5794,0,0,0.00524,0,0,0,0,0,0,1.62048,0.308645201,0.018273907,0.001707849,0
40,239,1.952,240.7199133,15227.04918,0.18674,0,0,0,0,0,0,0,0,0,0.268926,0.163878809,0.018273907,0.001707849,0
40,239,1.952,240.7199133,15227.04918,0.00524,0,0,0,0.002741,0,0,0,0,0,0,4.862686845,0.018273907,0.001707849,0
40,239,1.952,240.7199133,15227.04918,12.994,0,0,0.42786,0.00524,0,0,0,0,0,6.561,3.294248715,0.018273907,0.001707849,0
40,239,1.952,240.7199133,15227.04918,0,0,0,0.000124,0,0,0,0,0,0,25.56,6.85281809,0.018273907,0.001707849,0
40,239,1.952,240.7199133,15227.04918,7.9005,0,0,0,0.98255,0,0,0,0,0,0.151728,2.742428507,0.018273907,0.001707849,0
40,239,1.952,240.7199133,15227.04918,14.115,0,0,0.006456,0,0,0,0,0.01869,0,0,20.03672595,0.018273907,0.001707849,0
40,239,1.952,240.7199133,15227.04918,9.3106,0,0,0,0.72843,0.45857,0,0,0,0,0.51381,1.753869239,0.018273907,0.001707849,0
40,239,1.952,240.7199133,15227.04918,0,0,0,0.062249,46.767,0,0,0,0,0,0,4.286874454,0.018273907,0.001707849,0
40,239,1.952,240.7199133,15227.04918,0,0,0,0,0,2.5906,0,0,0,0,10.2414,1.480602342,0.018273907,0.001707849,0
40,239,1.952,240.7199133,15227.04918,0.68217,0,0,0,0,0,0,0,0,0,56.145,3.27635624,0.018273907,0.001707849,0
40,239,1.952,240.7199133,15227.04918,0,0,0,0,0,0,0,0,0,0,0.151728,1.788434249,0.018273907,0.001707849,0
40,239,1.952,240.7199133,15227.04918,0,0,0.17841,0,0.050892,0,102.85,0,0,0,0.151728,57.83043216,0.018273907,0.001707849,0
40,239,1.952,240.7199133,15227.04918,0.000739,0,0,0,14.084,1.4857,0,0,0,0,7.8042,6.438851272,0.018273907,0.001707849,0
40,239,1.952,240.7199133,15227.04918,0.001434,0,0,0.013421,0,0,0,0,0,0,0.151728,0.308645201,0.018273907,0.001707849,0
40,239,1.952,240.7199133,15227.04918,0,0,0,0,0,0,0,0,0,0,0.151728,6.438851272,0.018273907,0.001707849,0
40,239,1.952,240.7199133,15227.04918,5.2762,0,0,0.003821,0.008335,0,0,0,0,0,0.278529,4.791523591,0.018273907,0.001707849,0
40,239,1.952,240.7199133,15227.04918,0.009021,0,0,0,0,0.093315,0,0,0,0,0.9426,6.509873784,0.018273907,0.001707849,0
40,239,1.952,240.7199133,15227.04918,0,0,0,0.007251,0,0,0,0,0,0,10.4865,5.924849251,0.018273907,0.001707849,0
40,239,1.952,240.7199133,15227.04918,0.0088426,0,0,0.02191,0.007102,0,0,0,0,0,0.181728,57.83043216,0.018273907,0.001707849,0
40,239,1.952,240.7199133,15227.04918,2.9666,0,0,0,0.13092,0,0,0,0,0,0.151728,20.03672595,0.018273907,0.001707849,0
40,239,1.952,240.7199133,15227.04918,0.10994,0,0,0.1451,0.0062156,0,9.6768,0,0,0,12.8454,8.643285575,0.018273907,0.001707849,0
40,239,1.952,240.7199133,15227.04918,0.0056,0,0,0.000251,0,0,0,0,0,0,10.9077,3.66575417,0.018273907,0.001707849,0
40,239,1.952,240.7199133,15227.04918,0,0,0,0,0.008321,0,0,0,0,0,0.151728,27.05073767,0.018273907,0.001707849,0
40,239,1.952,240.7199133,15227.04918,0.034521,0,0,0.008265,0,0,0,0,0,0,0.99864,8.153142895,0.018273907,0.001707849,0
40,239,1.952,240.7199133,15227.04918,2.6123,0,0,0,0.032706,0,0,0,0,0,0,1.082901411,0.018273907,0.001707849,0
40,239,1.952,240.7199133,15227.04918,7.1589,0,0,0,0.31016,0,0,0,0,0,10.6818,1.437091095,0.018273907,0.001707849,0
40,239,1.952,240.7199133,15227.04918,0.0094528,0,0,0.005239,0.008333,0,0,0,0,0,47.883,3.294248715,0.018273907,0.001707849,0
40,239,1.952,240.7199133,15227.04918,11.506,0,0,0,0,0,0,0,0,0,1.47252,1.082901411,0.018273907,0.001707849,0
40,239,1.952,240.7199133,15227.04918,0.002784,0,0,0,0,0.88402,0.42744,0,0,0,4.8618,8.643285575,0.018273907,0.001707849,0
40,239,1.952,240.7199133,15227.04918,0,0,0,0,0.64611,0.004625,0,0,1.4272,0,0,2.742428507,0.018273907,0.001707849,0
40,239,1.952,240.7199133,15227.04918,0.0083909,0,0,0,0.4381,0,0,0,0,0,0,6.85281809,0.018273907,0.001707849,0
40,239,1.952,240.7199133,15227.04918,0.008333,0,0,0,0,0,0,0,0,0,1.72038,19.16080795,0.018273907,0.001707849,0
40,239,1.952,240.7199133,15227.04918,0.001434,0,0,0,0,0,0,0,0,0,0,2.626534064,0.018273907,0.001707849,0
40,239,1.952,240.7199133,15227.04918,0.0088426,0,0,0.17658,0,0,0.13028,0,0,0,0.151728,0.163878809,0.018273907,0.001707849,0
40,239,1.952,240.7199133,15227.04918,0,0,0,0.002031,0.005239,0,0,0,0,0,0,107.1285055,0.018273907,0.001707849,0
40,239,1.952,240.7199133,15227.04918,0,0,0,0,0.008333,0,0,0,0,0,0.151728,62.76023949,0.018273907,0.001707849,0
40,239,1.952,240.7199133,15227.04918,0,0,0,0.0086135,0,0,0,0,0,0,0.278529,3.37110503,0.018273907,0.001707849,0
40,239,1.952,240.7199133,15227.04918,23.582,0,0,0,0,0,0,0,0,0,0.273372,8.563989377,0.018273907,0.001707849,0
40,239,1.952,240.7199133,15227.04918,0.3067,0,0,0,0,0,0,0.002454,0,0,69.483,6.85281809,0.018273907,0.001707849,0
40,239,1.952,240.7199133,15227.04918,0.008333,0,0,0,0.73688,0,0,0,0,0,17.2929,1.480602342,0.018273907,0.001707849,0
40,239,1.952,240.7199133,15227.04918,0,0,0,44.381,0.000063,0,0,0,0,0,0.151728,9.094257285,0.018273907,0.001707849,0
40,239,1.952,240.7199133,15227.04918,0,0,19.593,0,20.177,0,0,0,0,0,14.8218,4.791523591,0.018273907,0.001707849,0
40,239,1.952,240.7199133,15227.04918,0,0,0,20.04,2.3758,0,0,0,0,0,8.5434,8.643285575,0.018273907,0.001707849,0
40,239,1.952,240.7199133,15227.04918,0,0,0,0,0.4381,0,0,0,0,0,0,5.721119019,0.018273907,0.001707849,0
40,239,1.952,240.7199133,15227.04918,0,0,0,0,0.37101,0,0,0,0,0,0.278529,1.753869239,0.018273907,0.001707849,0
40,239,1.952,240.7199133,15227.04918,0.11399,0,0,0,70.761,0,0,0,0,0,0,3.27635624,0.018273907,0.001707849,0
40,239,1.952,240.7199133,15227.04918,0.022279,0,0,0,0,0,0,0,0,0,2.64756,34.6982593,0.018273907,0.001707849,0
40,239,1.952,240.7199133,15227.04918,3.619,0,0,8.8181,20.177,0,0,0,0,0,16.4517,8.563989377,0.018273907,0.001707849,0
40,239,1.952,240.7199133,15227.04918,7.1589,0,0,1.3952,0,0,0,0,0,0,19.2864,0.403800639,0.018273907,0.001707849,0
40,239,1.952,240.7199133,15227.04918,0.0964,0,0,0,0,0,0,0,0,0,0,5.924849251,0.018273907,0.001707849,0
40,239,1.952,240.7199133,15227.04918,0.11399,0,0,0.03272,0.0059348,0,0,0,0,0,0.278703,19.71922933,0.018273907,0.001707849,0
40,239,1.952,240.7199133,15227.04918,0,0,0.81973,0.0081579,3.0408,0,0,0,0,0,0,10.8444667,0.018273907,0.001707849,0
40,239,1.952,240.7199133,15227.04918,0,0,0,35.501,0,0,0,0,0,0,5.6418,4.286874454,0.018273907,0.001707849,0
40,239,1.952,240.7199133,15227.04918,2.1165,0,0,0,0,0.89381,0,0,0,0,2.68779,107.1285055,0.018273907,0.001707849,0
40,239,1.952,240.7199133,15227.04918,0.011957,0,0,0,0,0,0,0,0,0,43.863,0.677067536,0.018273907,0.001707849,0
40,239,1.952,240.7199133,15227.04918,0,0,0,5.6081,0,0,0,0,0,0,0,126.2789109,0.018273907,0.001707849,0
40,239,1.952,240.7199133,15227.04918,109.34,0,0,0,0,0,0,0,0,0,0.151728,1.629841853,0.018273907,0.001707849,0
40,239,1.952,240.7199133,15227.04918,0,0,0,0,0.003822,0,49.829,0,0,0,0.151728,6.438851272,0.018273907,0.001707849,0
40,239,1.952,240.7199133,15227.04918,0.0083909,0,0,0,0,0,0,0,0,0,20.2284,81.9106449,0.018273907,0.001707849,0
40,239,1.952,240.7199133,15227.04918,0,0,0,0.027172,0.007102,0,0,0,0,0,0.151728,2.550491043,0.018273907,0.001707849,0
40,239,1.952,240.7199133,15227.04918,0,0,0,0.11243,0,0,0,0,0,0,0.151728,5.924849251,0.018273907,0.001707849,0
40,239,1.952,240.7199133,15227.04918,0,0,0,2.4911,0.00833,0,0,0,0,0,41.715,3.933904712,0.018273907,0.001707849,0
40,239,1.952,240.7199133,15227.04918,0.025372,0,0,0,0.27367,0,0,0,0,0,0.151728,5.924849251,0.018273907,0.001707849,0
40,239,1.952,240.7199133,15227.04918,0.44516,0,0,17.949,0,0,0,0,0,0,8.3928,1.480602342,0.018273907,0.001707849,0
40,239,1.952,240.7199133,15227.04918,0.019152,0,0,0,0,0,0,0,0,0,18.0318,0.496109546,0.018273907,0.001707849,0
40,239,1.952,240.7199133,15227.04918,0.060379,0,0,0,0.008333,0,0,0,0,0,0,2.473634728,0.018273907,0.001707849,0
40,239,1.952,240.7199133,15227.04918,0,0,0,0,0,0,0,0,0,0,0.151728,13.20935554,0.018273907,0.001707849,0
40,239,1.952,240.7199133,15227.04918,2.7267,0,0,0.00043,0,0,0,0,0,0,1.10577,0.496109546,0.018273907,0.001707849,0
40,239,1.952,240.7199133,15227.04918,0,0,0,0,0,0.79385,0,0,0,0,1.19187,1.740043236,0.018273907,0.001707849,0
40,239,1.952,240.7199133,15227.04918,0,0,0,0.005239,0,0,0,0,0,0,18.9018,13.58857149,0.018273907,0.001707849,0
40,239,1.952,240.7199133,15227.04918,0.0068531,0,0,0.008333,1.3821,0,0,0,0,0,0.151728,10.8444667,0.018273907,0.001707849,0
40,239,1.952,240.7199133,15227.04918,0.008332,0,0,10.418,17.934,0.78972,0,0,0,0,0.151728,107.1285055,0.018273907,0.001707849,0
40,239,1.952,240.7199133,15227.04918,0.008333,0,0,0,3.0408,0,9.569,0,0,0,0.151728,0.403800639,0.018273907,0.001707849,0
40,239,1.952,240.7199133,15227.04918,0.22639,0,0,5.7854,0,0.10693,0,0,0,0,0,1.600969904,0.018273907,0.001707849,0
40,239,1.952,240.7199133,15227.04918,0,0,0,0,0,0.032076,15.202,0,0,0,0.151728,0.533114438,0.018273907,0.001707849,0
40,239,1.952,240.7199133,15227.04918,0.001009,0,0,0,8.5334,0,0,0,0,0,0.151728,0.51278208,0.018273907,0.001707849,0
40,239,1.952,240.7199133,15227.04918,0.00036,0,0,0,0,0,13.103,0,0,0,0.151728,3.66575417,0.018273907,0.001707849,0
40,239,1.952,240.7199133,15227.04918,0.001009,0,0,0,0,0,0,0,0,0,0,0.090682319,0.018273907,0.001707849,0
40,239,1.952,240.7199133,15227.04918,0.016058,0,0,0,0,2.5002,0,0,0,0,0.279942,0.403800639,0.018273907,0.001707849,0
40,239,1.952,240.7199133,15227.04918,0.49815,0,0,0,0,0.0899,0.13028,0,0,0,0.151728,1.788434249,0.018273907,0.001707849,0
40,239,1.952,240.7199133,15227.04918,0.063798,0,0,0,9.3772,0,0,0,0,0,0.67983,3.50611189,0.018273907,0.001707849,0
40,239,1.952,240.7199133,15227.04918,7.9784,0,0,17.164,0,0,0,0,0,0,1.05978,7.61406159,0.018273907,0.001707849,0
40,239,1.952,240.7199133,15227.04918,0,0,0,3.2487,0,0,0,0,0,0,0.151728,2.473634728,0.018273907,0.001707849,0
40,239,1.952,240.7199133,15227.04918,0,0,0.005908,0,0,0,0,0,0,0,0.78174,2.550491043,0.018273907,0.001707849,0
40,239,1.952,240.7199133,15227.04918,15.2,0,0,0.011201,0,0.77921,0,0,0,0,29.7018,0.496109546,0.018273907,0.001707849,0
40,239,1.952,240.7199133,15227.04918,0.035255,0,0,0.34605,0,0,0.13028,0,0,0,0,5.924849251,0.018273907,0.001707849,0
40,239,1.952,240.7199133,15227.04918,10.582,0,0,14.189,0,0,0.13028,0,0,0,95.283,6.509873784,0.018273907,0.001707849,0
40,239,1.952,240.7199133,15227.04918,49.011,0,0,0,0,0,0,0,0,0,37.836,0.506275725,0.018273907,0.001707849,0
40,239,1.952,240.7199133,15227.04918,0.008489,0,0,0,0,0,0,0,0,0,2.01174,3.37110503,0.018273907,0.001707849,0
40,239,1.952,240.7199133,15227.04918,0,0,0,0,0.010122,0,0,0,0,0,0.2871,19.71922933,0.018273907,0.001707849,0
40,239,1.952,240.7199133,15227.04918,0.00524,0,0,0,0.002868,0.19707,0,0,0,0,5.2875,41.65055169,0.018273907,0.001707849,0
40,239,1.952,240.7199133,15227.04918,0,0,0,0,0,0,0,0,0,0,18.1353,1.611949377,0.018273907,0.001707849,0
40,239,1.952,240.7199133,15227.04918,0.007221,0,0,0,0,0,0,0,0,0,0,1.629841853,0.018273907,0.001707849,0
40,239,1.952,240.7199133,15227.04918,0.0152,0,0,0,0,0,0,0,0,0,7.431,4.286874454,0.018273907,0.001707849,0
40,239,1.952,240.7199133,15227.04918,0.030003,0,0,0.008333,0.00524,0,0,0,0,0,0.151728,3.370698383,0.018273907,0.001707849,0
40,239,1.952,240.7199133,15227.04918,0,0,0,0.077265,0.0082165,0,0,57.514,0,0,0.70485,2.282103912,0.018273907,0.001707849,0
40,239,1.952,240.7199133,15227.04918,0,0,0,0,0.011532,0,0.13028,0,0,0,0.88596,9.094257285,0.018273907,0.001707849,0
40,239,1.952,240.7199133,15227.04918,0,0,0,0,0,0.78972,0.13028,0,0,0,0.151728,81.9106449,0.018273907,0.001707849,0
40,239,1.952,240.7199133,15227.04918,0.1789,0,0,0,0,0.63853,0,0,0,0,44.073,6.85281809,0.018273907,0.001707849,0
40,239,1.952,240.7199133,15227.04918,12.084,0,0,5.7154,0,0,0,0,0,0,0.151728,4.862686845,0.018273907,0.001707849,0
40,239,1.952,240.7199133,15227.04918,0.0068619,0,0,0.033648,0.011532,0,0,0,0,0,0,7.432290306,0.018273907,0.001707849,0
40,239,1.952,240.7199133,15227.04918,0,0,0,0.00014,0,0,0,0,0,0,5.0718,3.27635624,0.018273907,0.001707849,0
40,239,1.952,240.7199133,15227.04918,0,0,0,0,1.6602,0,0,0,0,0,6.5418,3.294248715,0.018273907,0.001707849,0
40,239,1.952,240.7199133,15227.04918,0,0,0,0.000124,0.050892,0,0,0,0,0,13.5342,9.094257285,0.018273907,0.001707849,0
40,239,1.952,240.7199133,15227.04918,0,0,0,0.016837,0.038932,0,0,0,0,0,1.02351,4.791523591,0.018273907,0.001707849,0
40,239,1.952,240.7199133,15227.04918,0,0,0,0,11.928,0,0,0,0,0,0,0.308645201,0.018273907,0.001707849,0
40,239,1.952,240.7199133,15227.04918,0,0,0,0.34605,0,0,0,0,0,0,0.151728,0.51278208,0.018273907,0.001707849,0
40,239,1.952,240.7199133,15227.04918,0,0,4.6686,0,0.90312,0,0,0,0,0,17.1858,0.506275725,0.018273907,0.001707849,0
40,239,1.952,240.7199133,15227.04918,0.022279,0,0,0,0,0,0,0,0,0,0.151728,2.282103912,0.018273907,0.001707849,0
40,239,1.952,240.7199133,15227.04918,0.008333,0,0,0,14.856,0,0,0,0,0,0,5.721119019,0.018273907,0.001707849,0
40,239,1.952,240.7199133,15227.04918,0,0,0,0,0,0,0,0,0,0,0,2.473634728,0.018273907,0.001707849,0
40,239,1.952,240.7199133,15227.04918,0,0,0,0,0,0,0,0,0,0,0.151728,0.163878809,0.018273907,0.001707849,0
40,239,1.952,240.7199133,15227.04918,0.0019345,0,0,0,0.030662,0,0,0,0,0,0,4.791523591,0.018273907,0.001707849,0
40,239,1.952,240.7199133,15227.04918,40.517,0,0,0,1.4612,0.0016135,0,0,0,0,14.4696,3.27635624,0.018273907,0.001707849,0
40,239,1.952,240.7199133,15227.04918,2.9666,0,0,8.1583,1.7509,0,0,0,0,0,0.151728,1.480602342,0.018273907,0.001707849,0
40,239,1.952,240.7199133,15227.04918,0.0088426,0,0,0,0,0,21.515,0,0,0,10.3692,3.27635624,0.018273907,0.001707849,0
40,239,1.952,240.7199133,15227.04918,0,0,0.126,0,0.008333,0,0,0,0,0,0.283572,6.438851272,0.018273907,0.001707849,0
40,239,1.952,240.7199133,15227.04918,0,0,0,0.80704,0,0.10693,0,0,0,0,0.273018,3.27635624,0.018273907,0.001707849,0
40,239,1.952,240.7199133,15227.04918,0,0,0,0,0.030964,0,0,0,0,0,0.273384,0.403800639,0.018273907,0.001707849,0
40,239,1.952,240.7199133,15227.04918,0,0,0,0,0.008333,0,0,0,0,0,17.1858,4.748825638,0.018273907,0.001707849,0
40,239,1.952,240.7199133,15227.04918,1.7472,0,0,0.23606,0.008333,0,0,0,0,0,27.5562,0.403800639,0.018273907,0.001707849,0
40,239,1.952,240.7199133,15227.04918,0.15712,0,0,0.000124,0,0,0,0,0,0,0.27432,83.74352198,0.018273907,0.001707849,0
40,239,1.952,240.7199133,15227.04918,0.008333,0,0,8.389,3.9118,0,0,0,0,0,2.05122,1.926287639,0.018273907,0.001707849,0
40,239,1.952,240.7199133,15227.04918,0,0,0,0,0,0,0,0,0,0,7.6818,2.473634728,0.018273907,0.001707849,0
40,239,1.952,240.7199133,15227.04918,0.035255,0,0,0,0,0,0,0,0,0,4.7865,126.2789109,0.018273907,0.001707849,0
40,239,1.952,240.7199133,15227.04918,0.012423,0,0,0.00524,0.00524,0,0,0,0,0,0.151728,20.03672595,0.018273907,0.001707849,0
40,239,1.952,240.7199133,15227.04918,0.005239,0,0,0,0,0,18.658,0,0,0,0.151728,0.163878809,0.018273907,0.001707849,0
40,239,1.952,240.7199133,15227.04918,0.008333,0,0,0.008333,0,0,0,0,0,0,176.907,3.27635624,0.018273907,0.001707849,0
40,239,1.952,240.7199133,15227.04918,0.008489,0,0,0,0,0,0,0,0,0,5.4765,4.748825638,0.018273907,0.001707849,0
40,239,1.952,240.7199133,15227.04918,0,0,0,0,0,0,0,0,0,0,0.271128,8.563989377,0.018273907,0.001707849,0
40,239,1.952,240.7199133,15227.04918,0.000688,0,0,0.02762,0.008333,0,0,0,0,0,0.151728,3.294248715,0.018273907,0.001707849,0
40,239,1.952,240.7199133,15227.04918,0.00014,0,0,0,0,0.77921,0,0,0,0,2.37174,0.533114438,0.018273907,0.001707849,0
40,239,1.952,240.7199133,15227.04918,0.63883,0,0,0,10.115,0,0,0,0,0,0,0.757177028,0.018273907,0.001707849,0
40,239,1.952,240.7199133,15227.04918,1.8115,0,0,0.0089655,0,0,0.13028,0,0,0,0,19.16080795,0.018273907,0.001707849,0
40,239,1.952,240.7199133,15227.04918,4.4514,0,0,0.16809,0,0,0,0,0,0,42.879,0.090682319,0.018273907,0.001707849,0
40,239,1.952,240.7199133,15227.04918,0.00387,0,0,0.26453,0,0,0,0,0,0,0,1.437091095,0.018273907,0.001707849,0
40,239,1.952,240.7199133,15227.04918,0,0,0,61.793,0,19.534,0,0,0,0,0.151728,0.496109546,0.018273907,0.001707849,0
40,239,1.952,240.7199133,15227.04918,0,0,0,0,0.008335,0,0,20.797,0,0,0.86343,1.926287639,0.018273907,0.001707849,0
40,239,1.952,240.7199133,15227.04918,2.2256,0,0,7.1031,0,0,0,0,0,0,37.836,2.473634728,0.018273907,0.001707849,0
40,239,1.952,240.7199133,15227.04918,0.48229,0,0,0.008333,0,0,0,0,0,0,29.7048,3.933904712,0.018273907,0.001707849,0
40,239,1.952,240.7199133,15227.04918,0.013572,0,0,0.008335,0,0,0,0,0,0,15.3204,27.05073767,0.018273907,0.001707849,0
40,239,1.952,240.7199133,15227.04918,0,0,0,0,0.00524,0.79321,0,0,0,0,2.7027,2.742428507,0.018273907,0.001707849,0
40,239,1.952,240.7199133,15227.04918,0,0,0,0,2.1767,0.089117,0,0,0,0,0,3.50611189,0.018273907,0.001707849,0
40,239,1.952,240.7199133,15227.04918,0.00036,0,0,0,0.78045,0,0,0,0,0,0.278532,7.61406159,0.018273907,0.001707849,0
40,239,1.952,240.7199133,15227.04918,0,0,0,0,0,0,22.25,0,0,0,0.151728,1.611949377,0.018273907,0.001707849,0
40,239,1.952,240.7199133,15227.04918,0,0,0.005251,0.013024,0,0,18.313,0,0,0,0.275259,1.437091095,0.018273907,0.001707849,0
40,239,1.952,240.7199133,15227.04918,1.0702,0,0,35.501,0,0,0,0,0,0,0,3.50611189,0.018273907,0.001707849,0
40,239,1.952,240.7199133,15227.04918,14.115,0,0,0,0.00524,0,0,0,0,0,4.1568,83.74352198,0.018273907,0.001707849,0
40,239,1.952,240.7199133,15227.04918,0.000251,0,0,0,0,0.79079,0,0,0,0,16.6719,3.50611189,0.018273907,0.001707849,0
40,239,1.952,240.7199133,15227.04918,0.00322,0,0,0,1.8824,0,0,0,0,0,1.09155,34.6982593,0.018273907,0.001707849,0
40,239,1.952,240.7199133,15227.04918,0.003295,0,0,0,198.9,0,0,0,0,0,0.37014,1.926287639,0.018273907,0.001707849,0
40,239,1.952,240.7199133,15227.04918,52.722,0,0,0,0,0,0,0,0,0,0,3.50611189,0.018273907,0.001707849,0
40,239,1.952,240.7199133,15227.04918,0.0064565,0,0,0,2.006,0,0,0,0,0,0,1.912461635,0.018273907,0.001707849,0
40,239,1.952,240.7199133,15227.04918,0,0,0,2.5863,2.0594,0,0,0,0,0,73.296,14.97902997,0.018273907,0.001707849,0
40,239,1.952,240.7199133,15227.04918,0.019152,0,0,0,0.00524,0.25468,0,0,0,0,116.517,34.6982593,0.018273907,0.001707849,0
40,239,1.952,240.7199133,15227.04918,1.7403,0,0,0.008333,0.31656,0,0,0,0,0,0.151728,0.308645201,0.018273907,0.001707849,0
40,239,1.952,240.7199133,15227.04918,0.000078,0,0,0.15168,0,1.5684,0,0,0,0,37.836,0.308645201,0.018273907,0.001707849,0
40,239,1.952,240.7199133,15227.04918,0,0,0,0,0.042129,75.3,0,0,0,0,0.151728,0.496109546,0.018273907,0.001707849,0
40,239,1.952,240.7199133,15227.04918,0,0,0,0,0.008333,0,0,0,0,0,11.0268,6.85281809,0.018273907,0.001707849,0
40,239,1.952,240.7199133,15227.04918,1.3203,0,0,0.00524,1.7509,0,0,0,0,0,41.634,126.2789109,0.018273907,0.001707849,0
40,239,1.952,240.7199133,15227.04918,0,0,0,1.3084,0,0,97.067,0,0,0,9.4467,4.044970118,0.018273907,0.001707849,0
40,239,1.952,240.7199133,15227.04918,0.001309,0,0,0,0.046032,0,0,0,0,0,8.9718,4.862686845,0.018273907,0.001707849,0
40,239,1.952,240.7199133,15227.04918,0.87352,0,0,0,0,0,0,0,0,0,0.151728,0.506275725,0.018273907,0.001707849,0
40,239,1.952,240.7199133,15227.04918,0.001326,0,0,0,0,0,0,0,0,0,7.0518,5.721119019,0.018273907,0.001707849,0
40,239,1.952,240.7199133,15227.04918,0.15712,0,0,17.164,0,0,91.701,0,0,0,0.151728,38.6168241,0.018273907,0.001707849,0
40,239,1.952,240.7199133,15227.04918,0.08383,0,0,0,0,0,0.42744,0,0,0,60.207,19.16080795,0.018273907,0.001707849,0
40,239,1.952,240.7199133,15227.04918,1.7472,0,0,0,0.007328,0,0.002308,0,0,0,0.151728,0.677067536,0.018273907,0.001707849,0
40,239,1.952,240.7199133,15227.04918,0.0068531,0,0,0,0,0,0,0,0,0,8.3751,1.600969904,0.018273907,0.001707849,0
40,239,1.952,240.7199133,15227.04918,0,0,0,0,0,0,0,0,0,0,6.561,20.03672595,0.018273907,0.001707849,0
40,239,1.952,240.7199133,15227.04918,215.5,0,0,0.67703,0,0,0,0,0,0,0.151728,1.600969904,0.018273907,0.001707849,0
40,239,1.952,240.7199133,15227.04918,0,0,0,0.0014795,0,0,0,0,0,0,0,4.748825638,0.018273907,0.001707849,0
40,239,1.952,240.7199133,15227.04918,0.000688,0,0,0,0,0,0,0,0,0,0,3.37110503,0.018273907,0.001707849,0
40,239,1.952,240.7199133,15227.04918,0,0,0,0,0.00036,0,0,0,0,0,14.5008,3.37110503,0.018273907,0.001707849,0
40,239,1.952,240.7199133,15227.04918,0,0,0,0.007214,0,0,0,0,0,0,19.4277,1.953939646,0.018273907,0.001707849,0
40,239,1.952,240.7199133,15227.04918,0.008333,0,0,0,0.05414,0,0,0,0,0,0.151728,9.094257285,0.018273907,0.001707849,0
40,239,1.952,240.7199133,15227.04918,1.7741,0,0,51.422,0,0,0,0,63.125,0,6.1116,8.643285575,0.018273907,0.001707849,0
40,239,1.952,240.7199133,15227.04918,0,0,0,0.022218,0,0,0,0,0,0,0.151728,13.20935554,0.018273907,0.001707849,0
40,239,1.952,240.7199133,15227.04918,0,0,0,0.018806,0.0022594,0,0,0,0,0,13.1718,81.9106449,0.018273907,0.001707849,0
40,239,1.952,240.7199133,15227.04918,0,0,0,0,0.61065,0,76.126,0,0,0,0.151728,2.550491043,0.018273907,0.001707849,0
40,239,1.952,240.7199133,15227.04918,0,0,0,0,0,0,0,0,0,0,5.1444,3.37110503,0.018273907,0.001707849,0
40,239,1.952,240.7199133,15227.04918,0,0,0,0,0,0,0,0,5.2287,0,0,0.090682319,0.018273907,0.001707849,0
40,239,1.952,240.7199133,15227.04918,0.011297,0,0,0,0,0,0,0,0,0,0.151728,0.506275725,0.018273907,0.001707849,0
40,239,1.952,240.7199133,15227.04918,0,0,0,0,0,0,0,0,0,0,0.78174,3.294248715,0.018273907,0.001707849,0
40,239,1.952,240.7199133,15227.04918,0.015333,0,0.57588,0.01391,0.003821,0,0,0,0,0,0,6.85281809,0.018273907,0.001707849,0
40,239,1.952,240.7199133,15227.04918,0,0,0,0.008333,0,7.545,0,0,0,0,0,2.473634728,0.018273907,0.001707849,0
40,239,1.952,240.7199133,15227.04918,0.008335,0,0,0,2.1125,0,0,0,0,0,0,2.550491043,0.018273907,0.001707849,0
40,239,1.952,240.7199133,15227.04918,0.001669,0,0,4.1588,0,0,14.243,0,0,0,0.75174,5.924849251,0.018273907,0.001707849,0
40,239,1.952,240.7199133,15227.04918,2.6123,0,0.22384,0,8.688,0,0,0,0,0,10.4865,62.76023949,0.018273907,0.001707849,0
40,239,1.952,240.7199133,15227.04918,0.00644,0,0,0.008333,0,0,0.75031,0,0,0,0.151728,2.742428507,0.018273907,0.001707849,0
40,239,1.952,240.7199133,15227.04918,2.6701,0,0,0,0.13092,0,0,0,0,0,0.151728,5.721119019,0.018273907,0.001707849,0
40,239,1.952,240.7199133,15227.04918,0.65673,0,0,0,0.0306,0.0899,0,0,0,0,0.151728,4.748825638,0.018273907,0.001707849,0
40,239,1.952,240.7199133,15227.04918,0.008333,0,0,0,0,0,0,0,0,0,21.2118,3.294248715,0.018273907,0.001707849,0
40,239,1.952,240.7199133,15227.04918,0.012423,0,0.82593,0,0,0,0.13028,0,0,0,0,14.97902997,0.018273907,0.001707849,0
40,239,1.952,240.7199133,15227.04918,0,0,2.0164,0,0.008333,0,0,0,0,0,0.151728,2.473634728,0.018273907,0.001707849,0
40,239,1.952,240.7199133,15227.04918,3.0031,0,0,0,0.00043,0,54.329,0,0,0,0.75903,1.926287639,0.018273907,0.001707849,0
40,239,1.952,240.7199133,15227.04918,0.21588,0,0,31.038,0,0,0,0,0,0,18.849,1.082901411,0.018273907,0.001707849,0
40,239,1.952,240.7199133,15227.04918,0,0,0,0.22843,0,0,0,0,0,0,0.70485,57.83043216,0.018273907,0.001707849,0
40,239,1.952,240.7199133,15227.04918,0.008333,0,0,0.41548,0.67961,0.78548,0,0,0,0,0.37014,0.308645201,0.018273907,0.001707849,0
40,239,1.952,240.7199133,15227.04918,0.025372,0,0,0,0.0072705,75.3,0,0,0,0,0,0.501192636,0.018273907,0.001707849,0
40,239,1.952,240.7199133,15227.04918,0.001434,0,0,2.3519,0,0,0,0,0,0,5.5146,17.06991896,0.018273907,0.001707849,0
40,239,1.952,240.7199133,15227.04918,0.000081,0,0,0,0,0,0,0,0,0,0.290478,0.403800639,0.018273907,0.001707849,0
40,239,1.952,240.7199133,15227.04918,5.8431,0,0,0.16809,0,0,12.2,1.058,0,0,0,9.094257285,0.018273907,0.001707849,0
40,239,1.952,240.7199133,15227.04918,0,0,0,9.2817,0.000251,0,4.3529,0,0,0,0.151728,8.153142895,0.018273907,0.001707849,0
40,239,1.952,240.7199133,15227.04918,0,0,0,223.54,0,0,0,0,0,0,0.151728,0.51278208,0.018273907,0.001707849,0
40,239,1.952,240.7199133,15227.04918,0,0,0,0.00524,0,0,0,0,0,0,0.51381,2.550491043,0.018273907,0.001707849,0
40,239,1.952,240.7199133,15227.04918,0.7554,0,0,0.013546,0,0,0,0,0,0,0.151728,19.16080795,0.018273907,0.001707849,0
40,239,1.952,240.7199133,15227.04918,3.2038,0,0,0.021907,0,0,0,0,0,0,0,0.163878809,0.018273907,0.001707849,0
40,239,1.952,240.7199133,15227.04918,0,0,0,0,0.001192,0,0,0,0,0,0,0.496109546,0.018273907,0.001707849,0
40,239,1.952,240.7199133,15227.04918,5.7412,0,0,0.50869,0.008333,0.0004275,0,0,0,0,0,0.51278208,0.018273907,0.001707849,0
40,239,1.952,240.7199133,15227.04918,0,0,0,0.00387,0.008333,0,0,0,0,0,4.4403,4.791523591,0.018273907,0.001707849,0
40,239,1.952,240.7199133,15227.04918,0.000688,0,0,0,0,0,0,0,0,0,0.151728,3.50611189,0.018273907,0.001707849,0
40,239,1.952,240.7199133,15227.04918,0.00014,0,0,0.000078,0.353,0,0,0,0,0,66.645,7.432290306,0.018273907,0.001707849,0
40,239,1.952,240.7199133,15227.04918,0,0,0,0,0,0,0,0,0,0,0.151728,2.282103912,0.018273907,0.001707849,0
40,239,1.952,240.7199133,15227.04918,0,0,0,0.01836,0.046926,0,0,0,0,0,1.1697,13.58857149,0.018273907,0.001707849,0
40,239,1.952,240.7199133,15227.04918,0.10284,0,6.6835,0.011527,8.688,3.4808,0,0,0,0,0,3.933904712,0.018273907,0.001707849,0
40,239,1.952,240.7199133,15227.04918,0.018322,0,0,0,8.0306,0,0,0,0,0,1.63956,3.933904712,0.018273907,0.001707849,0
40,239,1.952,240.7199133,15227.04918,0.00524,0,0,0,2.529,0,0,0,0,0,0.151728,9.094257285,0.018273907,0.001707849,0
40,239,1.952,240.7199133,15227.04918,0.037775,0,0,0,10.115,0,0,0,0,0,0,0.757177028,0.018273907,0.001707849,0
40,239,1.952,240.7199133,15227.04918,0.00036,0,0,0.0098389,7.544,0,0,0,0,0,52.569,3.27635624,0.018273907,0.001707849,0
40,239,1.952,240.7199133,15227.04918,0.85316,0,0,0,0,0.79321,0,0,0,0,0,3.27635624,0.018273907,0.001707849,0
40,239,1.952,240.7199133,15227.04918,0.005769,0,0.009566,0,2.0298,0,0,0,0,0,176.907,4.748825638,0.018273907,0.001707849,0
40,239,1.952,240.7199133,15227.04918,0,0,0,68.713,0.016012,0,0,0,0,0,9.8421,1.912461635,0.018273907,0.001707849,0
40,239,1.952,240.7199133,15227.04918,0.008333,0,0,0,0,0,0,0,0,0,0,20.03672595,0.018273907,0.001707849,0
40,239,1.952,240.7199133,15227.04918,6.7661,0,0,0,0.72843,0,0,0,0,0,0,4.748825638,0.018273907,0.001707849,0
40,239,1.952,240.7199133,15227.04918,1.385,0,0,0.047407,0.000124,0,0,0,0,0,1.72038,10.8444667,0.018273907,0.001707849,0
40,239,1.952,240.7199133,15227.04918,0.00062,0,0,0.005239,0.002868,0,0,0,0,0,29.7048,2.550491043,0.018273907,0.001707849,0
40,239,1.952,240.7199133,15227.04918,7.9005,0,0,0,0,0,0,0,0,0,0,9.094257285,0.018273907,0.001707849,0
40,239,1.952,240.7199133,15227.04918,0.17962,0,0,0.005769,0,0,0,0,0,0,0,0.403800639,0.018273907,0.001707849,0
40,239,1.952,240.7199133,15227.04918,0,0,0,0,0.013518,0.41195,0,0,0,0,0.151728,2.282103912,0.018273907,0.001707849,0
40,239,1.952,240.7199133,15227.04918,0.00014,0,0,0,0,0,18.805,0,0,0,1.62018,3.37110503,0.018273907,0.001707849,0
40,239,1.952,240.7199133,15227.04918,0.15083,0,0,0,11.928,0,0,0,0,0,0.288579,1.611949377,0.018273907,0.001707849,0
40,239,1.952,240.7199133,15227.04918,0.013012,0,0,0.008333,0.0306,0,0,0,0,0,0,1.926287639,0.018273907,0.001707849,0
40,239,1.952,240.7199133,15227.04918,0.35231,0,0,0.01377,0,0,0,0,0,0,2.96682,0.506275725,0.018273907,0.001707849,0
40,239,1.952,240.7199133,15227.04918,0,0,0,0.044269,0,0,0,0,0,0,1.57179,4.286874454,0.018273907,0.001707849,0
40,239,1.952,240.7199133,15227.04918,0,0,0,0,0,0,0,0,0,0,0.151728,9.094257285,0.018273907,0.001707849,0
40,239,1.952,240.7199133,15227.04918,0,0,0,0.002139,0.000376,0,10.791,0,0,0,0.278526,2.626534064,0.018273907,0.001707849,0
40,239,1.952,240.7199133,15227.04918,0.028169,0,0,0,0,0.78972,0.60778,0,0,0,0,0.533114438,0.018273907,0.001707849,0
40,239,1.952,240.7199133,15227.04918,0,0,0,0,0,0,0,0,0,0,0.30174,1.740043236,0.018273907,0.001707849,0
40,239,1.952,240.7199133,15227.04918,0.014662,0,1.4067,0,0,0,0,0,0,0,6.9018,1.611949377,0.018273907,0.001707849,0
40,239,1.952,240.7199133,15227.04918,0.010479,0,0,0.00524,51.372,0,0,0,0,0,0,1.480602342,0.018273907,0.001707849,0
40,239,1.952,240.7199133,15227.04918,0,0,0,0,0.0062156,0,0,0,0,0,0.151728,0.090682319,0.018273907,0.001707849,0
40,239,1.952,240.7199133,15227.04918,0,0,0,0,0.0096305,0,0,0,0,0,1.42239,0.533114438,0.018273907,0.001707849,0
40,239,1.952,240.7199133,15227.04918,0,0,0,0,0.62723,0,0,0,0,0,0.273384,3.370698383,0.018273907,0.001707849,0
40,239,1.952,240.7199133,15227.04918,0.008333,0,0,0,4.1692,0,0,0,0,0,1.62018,0.677067536,0.018273907,0.001707849,0
40,239,1.952,240.7199133,15227.04918,0,0,0,0.00524,0,0,0,0,0,0,1.97832,10.8444667,0.018273907,0.001707849,0
40,239,1.952,240.7199133,15227.04918,0.0964,0,0,0,0.008333,0,0,0,0,0,0,4.748825638,0.018273907,0.001707849,0
40,239,1.952,240.7199133,15227.04918,1.1189,0,0,0,0,5.9264,0,0,0,0,5.5146,3.37110503,0.018273907,0.001707849,0
40,239,1.952,240.7199133,15227.04918,0.001326,0,0,0,24.77,0,0,0,0,0,19.7118,5.924849251,0.018273907,0.001707849,0
40,239,1.952,240.7199133,15227.04918,0,0,0,0,0,0,0,0,0,0,0,19.16080795,0.018273907,0.001707849,0
40,239,1.952,240.7199133,15227.04918,0.011297,0,0,0,43.562,0.008333,0,0,0,0,4.4103,3.294248715,0.018273907,0.001707849,0
40,239,1.952,240.7199133,15227.04918,0,0,0,0.011527,0.78045,0,0,0,0,0,0.151728,96.95287753,0.018273907,0.001707849,0
40,239,1.952,240.7199133,15227.04918,0,0,0.0024775,0,0.008333,0,0,0,0,0,66.645,14.97902997,0.018273907,0.001707849,0
40,239,1.952,240.7199133,15227.04918,8.6108,0,0,0,0,0,0,0,0,0,0.151728,3.37110503,0.018273907,0.001707849,0
40,239,1.952,240.7199133,15227.04918,0,0,0,0,2.5837,0,1.7925,0,0,0,61.47,8.643285575,0.018273907,0.001707849,0
40,239,1.952,240.7199133,15227.04918,0.00524,0,0,0.16809,0,0,0,0,0,0,0,6.438851272,0.018273907,0.001707849,0
40,239,1.952,240.7199133,15227.04918,0,0,0,0,0,0,0,0,0,0,0.27711,1.912461635,0.018273907,0.001707849,0
40,239,1.952,240.7199133,15227.04918,17.385,0,0.79843,14.189,0,0,0,0,0,0,20.2284,0.090682319,0.018273907,0.001707849,0
40,239,1.952,240.7199133,15227.04918,0.0072895,0,0,0,1.8824,0,0,0,0,0,5.0406,7.61406159,0.018273907,0.001707849,0
40,239,1.952,240.7199133,15227.04918,0.000081,0,0.1054,0,0.008953,0,0.13028,0,0,0,5.1444,6.85281809,0.018273907,0.001707849,0
40,239,1.952,240.7199133,15227.04918,0.15204,0,0,0,0,0,0,0,0,0,0,19.71922933,0.018273907,0.001707849,0
40,239,1.952,240.7199133,15227.04918,1.6989,0,0,0.031407,9.5619,0,0,0,0,0,0.151728,41.65055169,0.018273907,0.001707849,0
40,239,1.952,240.7199133,15227.04918,0.00524,0,0,0.1455,0.030073,0,0,0,0,0,0.151728,8.643285575,0.018273907,0.001707849,0
40,239,1.952,240.7199133,15227.04918,0.001267,0,0,0.051994,0.008333,0,0,0,0,0,17.3718,1.926287639,0.018273907,0.001707849,0
40,239,1.952,240.7199133,15227.04918,0,0,0,0.27312,0,0.000064,0,0,0,0,0.151728,2.282103912,0.018273907,0.001707849,0
40,239,1.952,240.7199133,15227.04918,0.000081,0,0,0,0.00524,0,0,0,0,0,3.4818,3.37110503,0.018273907,0.001707849,0
40,239,1.952,240.7199133,15227.04918,0,0,29.879,0,1.6408,0,0,0,0,0,2.41287,4.748825638,0.018273907,0.001707849,0
40,239,1.952,240.7199133,15227.04918,0,0,0,0.007328,0,0,0.13028,0,0,0,0.151728,3.50611189,0.018273907,0.001707849,0
40,239,1.952,240.7199133,15227.04918,0,0,0,0.94228,0.00014,0,0,0,0,0,18.1353,3.37110503,0.018273907,0.001707849,0
40,239,1.952,240.7199133,15227.04918,0.00644,0,0,0.008333,0,0,0,0,0,0,23.3337,0.677067536,0.018273907,0.001707849,0
40,239,1.952,240.7199133,15227.04918,46.878,0,0,0,0.002741,0,0,0,0,0,0,3.294248715,0.018273907,0.001707849,0
40,239,1.952,240.7199133,15227.04918,0.008336,0,0,0.014341,0,0,21.515,0,0,0,1.1697,1.926287639,0.018273907,0.001707849,0
40,239,1.952,240.7199133,15227.04918,0.015764,0,0,0,0.008333,0,0,0,0,0,2.01174,1.600969904,0.018273907,0.001707849,0
40,239,1.952,240.7199133,15227.04918,0,0,0,0,0.019681,0.0024365,0,0,0,0,7.6818,20.03672595,0.018273907,0.001707849,0
40,239,1.952,240.7199133,15227.04918,0.008333,0,0,0,1.1453,0,0,0,0,0,0,4.286874454,0.018273907,0.001707849,0
40,239,1.952,240.7199133,15227.04918,0.00524,0,0,0,0,0,0,0,0,0,0,1.740043236,0.018273907,0.001707849,0
40,239,1.952,240.7199133,15227.04918,0.075337,0,0,0,0.032706,0,13.175,0,0,0,0,3.933904712,0.018273907,0.001707849,0
40,239,1.952,240.7199133,15227.04918,0.035255,0,0,0.000172,0.0094073,0,0,0,0,0,8.6688,0.677067536,0.018273907,0.001707849,0
40,239,1.952,240.7199133,15227.04918,0,0,0,0,0,6.9496,0.13028,0,0,0,15.0018,0.757177028,0.018273907,0.001707849,0
40,239,1.952,240.7199133,15227.04918,2.1218,0,0,0.00524,0,0,0,0,0,0,1.38174,5.924849251,0.018273907,0.001707849,0
40,239,1.952,240.7199133,15227.04918,0,0,1.1973,0.002011,0,0,0,0,0,0,0.151728,57.7672295,0.018273907,0.001707849,0
40,239,1.952,240.7199133,15227.04918,189.16,0,0,0.91042,0,0,0,0,0,0,0,7.432290306,0.018273907,0.001707849,0
40,239,1.952,240.7199133,15227.04918,3.6358,0,0,0,0,0,0,0,0,0,9.0018,2.626534064,0.018273907,0.001707849,0
40,239,1.952,240.7199133,15227.04918,2.2256,0,0,0.000688,0,0,0,0,0,0,0,38.6168241,0.018273907,0.001707849,0
40,239,1.952,240.7199133,15227.04918,0,0,0.012832,0,0.00524,0,0,0,0,0,14.8218,4.862686845,0.018273907,0.001707849,0
40,239,1.952,240.7199133,15227.04918,0,0,0,0.036193,0.003538,0,0.13028,0,0,0,0,8.643285575,0.018273907,0.001707849,0
40,239,1.952,240.7199133,15227.04918,0.008333,0,0,0.0088426,0,0,0,0,0,0,6.2754,1.437091095,0.018273907,0.001707849,0
40,239,1.952,240.7199133,15227.04918,0.0083909,0,0,0.020093,0,0,0,0,0,0,2.3544,0.677067536,0.018273907,0.001707849,0
40,239,1.952,240.7199133,15227.04918,3.5699,0,0,0.016555,0.014178,0,0,0,0,0,0,7.432290306,0.018273907,0.001707849,0
40,239,1.952,240.7199133,15227.04918,0,0,0,0,51.372,0,0,0,0,0,13.3746,2.282103912,0.018273907,0.001707849,0
40,239,1.952,240.7199133,15227.04918,0.008332,0,0,0,0,0,102.85,0,0,0,0.287505,27.05073767,0.018273907,0.001707849,0
40,239,1.952,240.7199133,15227.04918,0.00524,0,0,0.40202,0,0.05486,0,0,0,0,0,13.58857149,0.018273907,0.001707849,0
40,239,1.952,240.7199133,15227.04918,0,0,0,0.47974,0,0,0,0,0,0,41.715,1.082901411,0.018273907,0.001707849,0
40,239,1.952,240.7199133,15227.04918,1.0344,0,0,17.164,0,0,0,0,0,0,0,3.294248715,0.018273907,0.001707849,0
40,239,1.952,240.7199133,15227.04918,0.023786,0,0,0,0,0,0,0,0,0,11.1597,19.16080795,0.018273907,0.001707849,0
40,239,1.952,240.7199133,15227.04918,0.27365,0,0,0.008333,0,0,0,0,0,0,0.151728,0.403800639,0.018273907,0.001707849,0
40,239,1.952,240.7199133,15227.04918,1.0344,0,0,0,4.6708,0,0,0,0,0,0.151728,13.20935554,0.018273907,0.001707849,0
40,239,1.952,240.7199133,15227.04918,0,0,0,0,0.21081,0,0.13028,0,0,0,43.602,7.61406159,0.018273907,0.001707849,0
40,239,1.952,240.7199133,15227.04918,0,0,0,0,0,0,0,0,0,0,18.723,0.163878809,0.018273907,0.001707849,0
40,239,1.952,240.7199133,15227.04918,0,0,0,0,0,0,12.2,0,0,0,0,7.61406159,0.018273907,0.001707849,0
40,239,1.952,240.7199133,15227.04918,0.00524,0,0,0,0.00524,0,0,0,0,0,2.64756,2.282103912,0.018273907,0.001707849,0
40,239,1.952,240.7199133,15227.04918,0.39409,0,0,0.00014,0,0,0,0,0,0,0.278529,8.563989377,0.018273907,0.001707849,0
40,239,1.952,240.7199133,15227.04918,0.014402,0,0,0.030966,35.29,1.5743,0,0,0,0,0.57,3.933904712,0.018273907,0.001707849,0
40,239,1.952,240.7199133,15227.04918,0.005239,0,0,0.051994,0.40097,7.545,0.13028,0,0,0,0,0.757177028,0.018273907,0.001707849,0
40,239,1.952,240.7199133,15227.04918,0.007102,0,0,0,5.0207,0,0,0,0,0,0.151728,20.03672595,0.018273907,0.001707849,0
40,239,1.952,240.7199133,15227.04918,0,0,0,0,0.0001405,0.781,0,0,0.4163,0,4.2768,1.740043236,0.018273907,0.001707849,0
40,239,1.952,240.7199133,15227.04918,0.0067817,0,0,0,0.030964,0,0.13028,0,0,0,0.268926,7.432290306,0.018273907,0.001707849,0
40,239,1.952,240.7199133,15227.04918,0,0,0,0,6.0919,0,0,0,0,0,4.5897,5.924849251,0.018273907,0.001707849,0
40,239,1.952,240.7199133,15227.04918,9.5606,0,0,0,11.167,0,0,0,0,0,6.108,1.953939646,0.018273907,0.001707849,0
40,239,1.952,240.7199133,15227.04918,0,0,0,0,0.014581,0.069446,0,0,0,0,0,5.721119019,0.018273907,0.001707849,0
40,239,1.952,240.7199133,15227.04918,0.10994,0,0,0,16.858,0,0,0,0,0,0,2.742428507,0.018273907,0.001707849,0
40,239,1.952,240.7199133,15227.04918,0,0,0,0,0.008333,0,0,0,0,0,0.151728,3.294248715,0.018273907,0.001707849,0
40,239,1.952,240.7199133,15227.04918,4.6688,0,0,0,0.014078,0,0,0,0,0,0,8.563989377,0.018273907,0.001707849,0
40,239,1.952,240.7199133,15227.04918,0,0,0,0,0.007697,0,55.44,0,0,0,0.151728,9.094257285,0.018273907,0.001707849,0
40,239,1.952,240.7199133,15227.04918,0,0,0,7.5633,0,0,0,0.032629,0,0,0.34593,4.286874454,0.018273907,0.001707849,0
40,239,1.952,240.7199133,15227.04918,0.008333,0,0,0,0,0,0,0,0,0,32.442,14.97902997,0.018273907,0.001707849,0
40,239,1.952,240.7199133,15227.04918,0,0,0,0.029402,0.030965,0,0.60778,0,0,0,0.151728,5.721119019,0.018273907,0.001707849,0
40,239,1.952,240.7199133,15227.04918,0,0,0,0.0089655,0.0082165,0,0,0,0,0,0.151728,0.533114438,0.018273907,0.001707849,0
40,239,1.952,240.7199133,15227.04918,0,0,0,6.0441,0,0,0,0,0,0,3.0075,3.933904712,0.018273907,0.001707849,0
40,239,1.952,240.7199133,15227.04918,0,0,0,0,0,0,0.008333,0,0,0,7.0536,1.629841853,0.018273907,0.001707849,0
40,239,1.952,240.7199133,15227.04918,0.008336,0,0,0.000688,0,0,0,0,0,0,0.151728,38.6168241,0.018273907,0.001707849,0
40,239,1.952,240.7199133,15227.04918,0,0,0,44.381,42.799,0,0,0,0,0,0.280578,0.506275725,0.018273907,0.001707849,0
40,239,1.952,240.7199133,15227.04918,0.040702,0,0,1.3632,0,0.77921,0,0,0,0,2.37174,2.473634728,0.018273907,0.001707849,0
40,239,1.952,240.7199133,15227.04918,0.00524,0,0,0,0,0,4.0851,0,0,0,0,0.090682319,0.018273907,0.001707849,0
40,239,1.952,240.7199133,15227.04918,0.00524,0,0,1.0487,0,0,0,0,0,0,0,0.757177028,0.018273907,0.001707849,0
40,239,1.952,240.7199133,15227.04918,0.012671,0,0,0,0,0,0,0,0,0,0,1.740043236,0.018273907,0.001707849,0
40,239,1.952,240.7199133,15227.04918,0.014901,0,0,5.0428,0.67362,1.6459,0,0,0,0,25.56,27.05073767,0.018273907,0.001707849,0
40,239,1.952,240.7199133,15227.04918,0,0,0,0,0,0,0,0,0,0,0.3897,57.7672295,0.018273907,0.001707849,0
40,239,1.952,240.7199133,15227.04918,0.00644,0,0,0,0,0,0.13028,0,0,0,0,0.533114438,0.018273907,0.001707849,0
40,239,1.952,240.7199133,15227.04918,0.00524,0,0,0,0.50221,0,0,0,0,0,0.151728,0.506275725,0.018273907,0.001707849,0
40,239,1.952,240.7199133,15227.04918,0,0,0,6.7865,0,0,0,0,0,0,1.17456,4.044970118,0.018273907,0.001707849,0
41,240,1.334,240.4700598,15211.24438,3.619,0,0.008795,0.00524,0,0,0,0,0,0,0.151728,1.651413523,0.018161501,0.001697343,0
41,240,1.334,240.4700598,15211.24438,0.12797,0,0,0,0.0041885,0,124.31,0,0,0,0.151728,0.541773565,0.018161501,0.001697343,0
41,240,1.334,240.4700598,15211.24438,7.8157,0,0,0,0,0,0,0,0,0,0.151728,15.12102526,0.018161501,0.001697343,0
41,240,1.334,240.4700598,15211.24438,0,0,0,0,0,0,0,0,0,0,11.682,1.035375756,0.018161501,0.001697343,0
41,240,1.334,240.4700598,15211.24438,0,0,0,0,0.01564,0,0,0,0,0,0,3.237208988,0.018161501,0.001697343,0
41,240,1.334,240.4700598,15211.24438,0,0,0,0,0,0,0,0,0,0,0,11.33524931,0.018161501,0.001697343,0
41,240,1.334,240.4700598,15211.24438,0.91229,0,0,0,20.056,0,0,0,0,0,0,1.651413523,0.018161501,0.001697343,0
41,240,1.334,240.4700598,15211.24438,0,0,0,0,0,0,0,0,0,0,0,13.06734301,0.018161501,0.001697343,0
41,240,1.334,240.4700598,15211.24438,0.030003,0,0,0,0,0,0.021726,0,0,0,0.151728,0.085689464,0.018161501,0.001697343,0
41,240,1.334,240.4700598,15211.24438,0,0,0,0.00036,0,0,19.664,0,0,0,14.5008,1.651413523,0.018161501,0.001697343,0
41,240,1.334,240.4700598,15211.24438,12.38,0,1.129,0.0014795,0.003538,0,0,0,0,0,0,0.301225485,0.018161501,0.001697343,0
41,240,1.334,240.4700598,15211.24438,0,0,0,0.00036,0,0,0,0,0,0,0.278526,3.789481443,0.018161501,0.001697343,0
41,240,1.334,240.4700598,15211.24438,0.01367,0,0,0,0,13.897,0,0,0,0,0,3.237208988,0.018161501,0.001697343,0
41,240,1.334,240.4700598,15211.24438,0.0094528,0,0,0.044269,0,0,0,0,0,0,0,0.541773565,0.018161501,0.001697343,0
41,240,1.334,240.4700598,15211.24438,0,0,0,0,0,0,0,0,0,0,0,11.68233493,0.018161501,0.001697343,0
41,240,1.334,240.4700598,15211.24438,1.5561,0,0,0,1.0363,0,0,0,0,0,39.753,10.04744876,0.018161501,0.001697343,0
41,240,1.334,240.4700598,15211.24438,0.17962,0,0,0,0,0,4.8562,0,0,0,0,3.789481443,0.018161501,0.001697343,0
41,240,1.334,240.4700598,15211.24438,49.592,0,0,0,0,0.14124,0,0,0,0,0,3.237208988,0.018161501,0.001697343,0
41,240,1.334,240.4700598,15211.24438,0,0,0,0,0,0,0,0,0,0,0.53757,3.237208988,0.018161501,0.001697343,0
41,240,1.334,240.4700598,15211.24438,0.019152,0,0,0,0,0,0,0,0,0,16.3047,2.474804353,0.018161501,0.001697343,0
41,240,1.334,240.4700598,15211.24438,0.87352,0,0,0.10557,0,0,0,0,0,0,0.151728,1.651413523,0.018161501,0.001697343,0
41,240,1.334,240.4700598,15211.24438,0.070781,0,0,0,0.008333,0,0,0,0,0,0,2.474804353,0.018161501,0.001697343,0
41,240,1.334,240.4700598,15211.24438,0,0,0,0.011074,1.3478,0,0,0,0,0,0,0.219704697,0.018161501,0.001697343,0
41,240,1.334,240.4700598,15211.24438,11.344,0,0,0,0.038932,0,0,2.058,0,0,0,11.68233493,0.018161501,0.001697343,0
41,240,1.334,240.4700598,15211.24438,0,0,0,0,0.002741,0,0,0,0,0,0.151728,1.651413523,0.018161501,0.001697343,0
41,240,1.334,240.4700598,15211.24438,0.008489,0,0,0,0,0,0,0,0,0,0,3.789481443,0.018161501,0.001697343,0
41,240,1.334,240.4700598,15211.24438,0,0,0,0,0.00524,0,0,0,0,0,20.2284,11.33524931,0.018161501,0.001697343,0
41,240,1.334,240.4700598,15211.24438,0.005239,0,0,0.007328,2.8091,0,0,0,0,0,1.5003,0.219704697,0.018161501,0.001697343,0
41,240,1.334,240.4700598,15211.24438,1.5561,0,0,0.007328,8.0306,0,0,0,0,0,3.3018,13.06734301,0.018161501,0.001697343,0
41,240,1.334,240.4700598,15211.24438,0.007353,0,0,6.7865,0,0,0,0,0,0,4.6158,0.99739448,0.018161501,0.001697343,0
41,240,1.334,240.4700598,15211.24438,0,0,0.0024775,0,0,0,0,0,0,0,0,0.219704697,0.018161501,0.001697343,0
41,240,1.334,240.4700598,15211.24438,0.026942,0,0,0,0,0,0,0,0,0,8.7918,10.04744876,0.018161501,0.001697343,0
41,240,1.334,240.4700598,15211.24438,0.008333,0,0,0,0.005395,0,0,0,0,0,78.063,2.124635517,0.018161501,0.001697343,0
41,240,1.334,240.4700598,15211.24438,0.023275,0,0,0,6.9699,0,0,0,0,0,0.72174,2.474804353,0.018161501,0.001697343,0
41,240,1.334,240.4700598,15211.24438,0,0,0,0,9.5619,0,0,0,0,0,0.273324,0.99739448,0.018161501,0.001697343,0
41,240,1.334,240.4700598,15211.24438,4.5748,0,0,0,0.67362,0,0,0,0,0,10.6086,15.12102526,0.018161501,0.001697343,0
41,240,1.334,240.4700598,15211.24438,0,0,0.016493,46.554,0,0,0,0,0,0,4.6158,0.085689464,0.018161501,0.001697343,0
41,240,1.334,240.4700598,15211.24438,0.010122,0,0,0,0.00524,0,0,0,0,0,0.151728,22.79016382,0.018161501,0.001697343,0
41,240,1.334,240.4700598,15211.24438,0,0,0,0,0,0,0,0,0,0,0.151728,1.651413523,0.018161501,0.001697343,0
41,240,1.334,240.4700598,15211.24438,0.013572,0,0,0,8.688,0,0,0,0,0,1.63956,3.237208988,0.018161501,0.001697343,0
41,240,1.334,240.4700598,15211.24438,0.1789,0,0,0,0,0,1.9322,0,0,0,3.2364,0.99739448,0.018161501,0.001697343,0
41,240,1.334,240.4700598,15211.24438,0.013404,0,0,0,0,0,0,0,0,0,0.181728,6.472102045,0.018161501,0.001697343,0
41,240,1.334,240.4700598,15211.24438,0,0,0,0.18811,0.014941,0.80155,0,0,0,0,39.753,2.124635517,0.018161501,0.001697343,0
41,240,1.334,240.4700598,15211.24438,0.008333,0,0,0.46711,0,0,12.641,0,0,0,15.7923,0.219704697,0.018161501,0.001697343,0
41,240,1.334,240.4700598,15211.24438,0.008335,0,0,0,0,0,0,0,0,0,1.17456,2.124635517,0.018161501,0.001697343,0
41,240,1.334,240.4700598,15211.24438,0,0,0,31.038,10.361,0,0,0,0,0,0.151728,11.33524931,0.018161501,0.001697343,0
41,240,1.334,240.4700598,15211.24438,0,0,0,0.007697,0.01048,0,0,0,0,0,78.063,6.472102045,0.018161501,0.001697343,0
41,240,1.334,240.4700598,15211.24438,3.4031,0,4.5301,0,0.21081,5.6833,0,0,0,0,41.715,1.035375756,0.018161501,0.001697343,0
41,240,1.334,240.4700598,15211.24438,0.034133,0,0,1.0312,0.008321,0,0,0,0,0,37.836,6.472102045,0.018161501,0.001697343,0
41,240,1.334,240.4700598,15211.24438,0.35231,0,0,0.008335,3.0408,0,0,0,0,0,5.6418,2.474804353,0.018161501,0.001697343,0
41,240,1.334,240.4700598,15211.24438,0.016638,0,0.000688,0,3.969,0,0,0,0,0,1.02366,3.789481443,0.018161501,0.001697343,0
41,240,1.334,240.4700598,15211.24438,0,0,0,0,0.0059348,0,0,0,0,0,0.30174,6.495762651,0.018161501,0.001697343,0
41,240,1.334,240.4700598,15211.24438,0,0,0,0.049787,0,0,0,0,0,0,0.181728,2.124635517,0.018161501,0.001697343,0
41,240,1.334,240.4700598,15211.24438,0.013404,0,0,0,0,0,0,0,0,0,4.1943,15.12102526,0.018161501,0.001697343,0
41,240,1.334,240.4700598,15211.24438,1.7403,0,0,0.00524,0.008335,0,0,0,0,0,2.3544,2.124635517,0.018161501,0.001697343,0
41,240,1.334,240.4700598,15211.24438,0,0,0,0,1.7912,0,0,0,0,0,0.151728,3.789481443,0.018161501,0.001697343,0
41,240,1.334,240.4700598,15211.24438,0,0,0.12387,0.008332,0.0306,0,0,0,0,0,0.151728,0.541773565,0.018161501,0.001697343,0
41,240,1.334,240.4700598,15211.24438,0.001669,0,0,0,0,0.18042,0,0,0,0,0,25.71929039,0.018161501,0.001697343,0
41,240,1.334,240.4700598,15211.24438,0,0,0,0,0,0,0,0,0,0,5.1363,0.541773565,0.018161501,0.001697343,0
41,240,1.334,240.4700598,15211.24438,0.0019345,0,0,0,0,0,0.13028,0,0,0,83.223,2.474804353,0.018161501,0.001697343,0
41,240,1.334,240.4700598,15211.24438,0.012671,0,0,0.010986,3.1081,0.76551,0.021726,0,0,0,0.151728,0.301225485,0.018161501,0.001697343,0
41,240,1.334,240.4700598,15211.24438,11.506,0,0,0.0055919,0,0,0,0,0,0,34.539,15.12102526,0.018161501,0.001697343,0
41,240,1.334,240.4700598,15211.24438,198.15,0,0,0,3.5225,0.1176,0,0,0,0,1.38174,0.219704697,0.018161501,0.001697343,0
41,240,1.334,240.4700598,15211.24438,0.10994,0,0,0,0,0,0,0,0,0,6.105,11.33524931,0.018161501,0.001697343,0
41,240,1.334,240.4700598,15211.24438,0.012154,0,0,0,8.1439,0,0,0,0,0,0.273018,0.423815456,0.018161501,0.001697343,0
41,240,1.334,240.4700598,15211.24438,3.0031,0,0,0,0,0,0,0,0,0,151.038,0.423815456,0.018161501,0.001697343,0
41,240,1.334,240.4700598,15211.24438,0.00524,0,0,0,20.056,0,0,0,0,0,18.7944,2.474804353,0.018161501,0.001697343,0
41,240,1.334,240.4700598,15211.24438,0,0,0,0.00524,17.934,0,0,0,0,0,8.172,15.12102526,0.018161501,0.001697343,0
41,240,1.334,240.4700598,15211.24438,0,0,0,0,0.00524,0,0,0,0,0,6.8079,3.237208988,0.018161501,0.001697343,0
41,240,1.334,240.4700598,15211.24438,0,0,0,0.37666,0.005239,0,1.9322,0,0,0,9.7158,17.60572724,0.018161501,0.001697343,0
41,240,1.334,240.4700598,15211.24438,0,0,0,0,0,12.13,0,0,0,0,0,11.33524931,0.018161501,0.001697343,0
41,240,1.334,240.4700598,15211.24438,0.011527,0,0,0,0,0,4.8562,0,0,0,0,6.472102045,0.018161501,0.001697343,0
41,240,1.334,240.4700598,15211.24438,0.00524,0,0,0,0,0,0,0,0,0,0,3.789481443,0.018161501,0.001697343,0
41,240,1.334,240.4700598,15211.24438,0,0,0,0,0,0,0.60778,0,0,0,78.063,0.301225485,0.018161501,0.001697343,0
41,240,1.334,240.4700598,15211.24438,0.23451,0,0,0,0,0,0,0,0,0,0.151728,17.60572724,0.018161501,0.001697343,0
41,240,1.334,240.4700598,15211.24438,0,0,0,0,0,0,0,0,0,0,0.151728,1.035375756,0.018161501,0.001697343,0
41,240,1.334,240.4700598,15211.24438,0,0,0,0,0,0,0.13028,0,0,0,19.2864,2.124635517,0.018161501,0.001697343,0
41,240,1.334,240.4700598,15211.24438,0.005239,0,0,0,0,0.78144,0,0,0,0,0,0.219704697,0.018161501,0.001697343,0
41,240,1.334,240.4700598,15211.24438,4.1811,0,0,0,0,0,0.059897,0,0,0,0,0.301225485,0.018161501,0.001697343,0
41,240,1.334,240.4700598,15211.24438,0.005239,0,0,0,0,0,0,0,0,0,0.280446,3.789481443,0.018161501,0.001697343,0
41,240,1.334,240.4700598,15211.24438,2.2256,0,0,6.7865,0.008333,0,0,0,0,0,0,0.085689464,0.018161501,0.001697343,0
41,240,1.334,240.4700598,15211.24438,0.035255,0,0,0,0,0.78972,0,0,0,0,10.8618,3.237208988,0.018161501,0.001697343,0
41,240,1.334,240.4700598,15211.24438,0,0,0,0,0,0,0,0,0,0,0.151728,11.68233493,0.018161501,0.001697343,0
41,240,1.334,240.4700598,15211.24438,0.023705,0,0,0,0,0.78245,0,0,0,0,65.781,2.124635517,0.018161501,0.001697343,0
41,240,1.334,240.4700598,15211.24438,0.008333,0,0,0,0,0,0,0,0,0,7.4118,1.651413523,0.018161501,0.001697343,0
41,240,1.334,240.4700598,15211.24438,0,0,0,0,0,0,0,0,0,0,0,0.99739448,0.018161501,0.001697343,0
41,240,1.334,240.4700598,15211.24438,2.8708,0,0,0,0.0059348,0,0,0,0,0,0.151728,17.60572724,0.018161501,0.001697343,0
41,240,1.334,240.4700598,15211.24438,0,0,0,0,0,0,0,0,0,0,25.56,11.33524931,0.018161501,0.001697343,0
41,240,1.334,240.4700598,15211.24438,0.01332,0,0,0,0.008333,0,0.80877,0,0,0,1.65174,0.085689464,0.018161501,0.001697343,0
41,240,1.334,240.4700598,15211.24438,0,0,0,0.34605,0.73688,0,0,0,0,0,0.27948,0.301225485,0.018161501,0.001697343,0
41,240,1.334,240.4700598,15211.24438,184.67,0,0,0,0.36581,0,0,0,0,0,0.204657,11.33524931,0.018161501,0.001697343,0
41,240,1.334,240.4700598,15211.24438,0.01048,0,0.007613,4.7441,0,0,0.13028,0,0,0,0,0.482794511,0.018161501,0.001697343,0
41,240,1.334,240.4700598,15211.24438,0.008335,0,0,0,2.8091,0,0,0,0,0,0,0.301225485,0.018161501,0.001697343,0
41,240,1.334,240.4700598,15211.24438,6.0303,0,0,0.012395,0,0,0,0,0,0,0.151728,15.12102526,0.018161501,0.001697343,0
41,240,1.334,240.4700598,15211.24438,6.8104,0,0,0,6.5443,0,0,0,0,0,10.6818,0.541773565,0.018161501,0.001697343,0
41,240,1.334,240.4700598,15211.24438,0,0,0,3.7669,0,0,0,0,0,0,0.151728,1.651413523,0.018161501,0.001697343,0
41,240,1.334,240.4700598,15211.24438,0,0,0,0.0021738,0.007328,0,0,0,0,0,0.151728,6.495762651,0.018161501,0.001697343,0
41,240,1.334,240.4700598,15211.24438,0,0,0,0,0,0,0,0,0,0,0,3.237208988,0.018161501,0.001697343,0
41,240,1.334,240.4700598,15211.24438,0.29343,0,0,0,0,0.13226,0,0,0,0,0,3.237208988,0.018161501,0.001697343,0
41,240,1.334,240.4700598,15211.24438,0.00524,0,3.2208,0,0,0,0,0,0,0,11.5818,15.12102526,0.018161501,0.001697343,0
41,240,1.334,240.4700598,15211.24438,0,0,0,0,0,0,0,0,0,0,11.0268,15.12102526,0.018161501,0.001697343,0
41,240,1.334,240.4700598,15211.24438,0.7554,0,2.5808,0,0,0,0,0,0,0,42.996,15.12102526,0.018161501,0.001697343,0
41,240,1.334,240.4700598,15211.24438,0.51613,0,0,1.1831,0,0,0,0,0,0,0.151728,0.085689464,0.018161501,0.001697343,0
41,240,1.334,240.4700598,15211.24438,0.21588,0,0,2.3519,0.014941,0,0,0,0,0,29.2218,6.472102045,0.018161501,0.001697343,0
41,240,1.334,240.4700598,15211.24438,0,0,0,0.008333,26.765,0,0,0,0,0,0.151728,0.219704697,0.018161501,0.001697343,0
41,240,1.334,240.4700598,15211.24438,0.00524,0,0,0.00524,0,0,0,0,0,0,0,15.12102526,0.018161501,0.001697343,0
41,240,1.334,240.4700598,15211.24438,14.661,0,0,0,211.21,0,0,0,0,0,0.151728,0.219704697,0.018161501,0.001697343,0
41,240,1.334,240.4700598,15211.24438,0.49815,0,0,0,0,0,0,0,0,0,0,0.99739448,0.018161501,0.001697343,0
41,240,1.334,240.4700598,15211.24438,0,0,0,0.000716,0,0,0,0,0,0,0.151728,0.541773565,0.018161501,0.001697343,0
41,240,1.334,240.4700598,15211.24438,0,0,0,0,0.014258,0,11.179,0,0,0,63.09,0.99739448,0.018161501,0.001697343,0
41,240,1.334,240.4700598,15211.24438,0,0,0,0,0,0.78144,0,0,0,0,0.151728,1.035375756,0.018161501,0.001697343,0
41,240,1.334,240.4700598,15211.24438,0.00524,0,0,0.011527,0.14993,0,0,0,0,0,2.7027,0.301225485,0.018161501,0.001697343,0
41,240,1.334,240.4700598,15211.24438,6.2048,0,0.81358,0,0.053112,0,0,0,0,0,2.28174,11.33524931,0.018161501,0.001697343,0
41,240,1.334,240.4700598,15211.24438,0.008333,0,0,0,0,0.14124,0,0,0,0,7.3257,0.99739448,0.018161501,0.001697343,0
41,240,1.334,240.4700598,15211.24438,0,0,0,6.0441,0.0096305,0,0,0,0,0,0.276924,6.472102045,0.018161501,0.001697343,0
41,240,1.334,240.4700598,15211.24438,0.12797,0,0,0,0,0,0,0,0,0,0.27711,0.99739448,0.018161501,0.001697343,0
41,240,1.334,240.4700598,15211.24438,0,0,0,0,0,0,18.313,0,0,0,0,0.99739448,0.018161501,0.001697343,0
41,240,1.334,240.4700598,15211.24438,0,0,0.77195,0,0.011526,0.020647,0.059897,0,0,0,0.151728,11.33524931,0.018161501,0.001697343,0
41,240,1.334,240.4700598,15211.24438,0.22639,0,0,0,0,0,0,0,0,0,1.52439,25.71929039,0.018161501,0.001697343,0
41,240,1.334,240.4700598,15211.24438,5.0534,0,0,0,0.67961,0,0,0,0,0,0.181728,3.237208988,0.018161501,0.001697343,0
41,240,1.334,240.4700598,15211.24438,0,0,0.009348,0.00524,0,0,0,0,0,0,0.27432,3.237208988,0.018161501,0.001697343,0
41,240,1.334,240.4700598,15211.24438,1.2325,0,0,0,0,0.781,0,0,0,0,0.151728,15.12102526,0.018161501,0.001697343,0
41,240,1.334,240.4700598,15211.24438,0,0,0.39826,0,0,0,0,0,0,0,0,6.472102045,0.018161501,0.001697343,0
41,240,1.334,240.4700598,15211.24438,0,0,0,0,0.008321,0,0,0,0,0,0.151728,3.789481443,0.018161501,0.001697343,0
41,240,1.334,240.4700598,15211.24438,6.2048,0,0,1.4947,0,0,0.13028,0,0,0,0.151728,15.12102526,0.018161501,0.001697343,0
41,240,1.334,240.4700598,15211.24438,0.014662,0,0,0.0011005,54.848,0,0,0,0,0,2.34429,22.79016382,0.018161501,0.001697343,0
41,240,1.334,240.4700598,15211.24438,0,0,0,0,0,0,0,0,0,0,0.151728,0.541773565,0.018161501,0.001697343,0
41,240,1.334,240.4700598,15211.24438,12.38,0,0,0.00315,0,0,0,0,0,0,0,2.474804353,0.018161501,0.001697343,0
41,240,1.334,240.4700598,15211.24438,0.005769,0,0,0,0.007221,0,0.002308,0,0,0,0,6.472102045,0.018161501,0.001697343,0
41,240,1.334,240.4700598,15211.24438,0.032537,0,0,0,0.15682,0,0,0,0,0,4.5198,0.085689464,0.018161501,0.001697343,0
41,240,1.334,240.4700598,15211.24438,0.0098678,0,0,0,0,0,0,0,0,0,83.223,4.278895437,0.018161501,0.001697343,0
41,240,1.334,240.4700598,15211.24438,0,0,0,0,0.008953,0,0,0,0,0,46.353,1.651413523,0.018161501,0.001697343,0
41,240,1.334,240.4700598,15211.24438,0,0,0,0,0,0,0,0,0,0,0,2.124635517,0.018161501,0.001697343,0
41,240,1.334,240.4700598,15211.24438,7.8157,0,0,0,0,0,0,0,0,0,151.038,25.71929039,0.018161501,0.001697343,0
41,240,1.334,240.4700598,15211.24438,0,0,0,15.592,0,0,0,0,0,0,1.98174,0.085689464,0.018161501,0.001697343,0
41,240,1.334,240.4700598,15211.24438,1.4262,0,0,0,0,0,0,0,0,0,0.35643,6.495762651,0.018161501,0.001697343,0
41,240,1.334,240.4700598,15211.24438,0.008333,0,0,0,0,0,0,0,0,0,5.2875,2.474804353,0.018161501,0.001697343,0
41,240,1.334,240.4700598,15211.24438,0,0,0,0,3.1902,0,0,0,0,0,0,0.085689464,0.018161501,0.001697343,0
41,240,1.334,240.4700598,15211.24438,0,0,0,0,0.00043,0,0,0,0,0,0.151728,6.472102045,0.018161501,0.001697343,0
41,240,1.334,240.4700598,15211.24438,0,0,0,29.05,0.0041885,0,0,0,0,0,3.9402,0.423815456,0.018161501,0.001697343,0
41,240,1.334,240.4700598,15211.24438,0.00062,0,0,0,0.008335,0.77904,0,0,0,0,3.6486,0.219704697,0.018161501,0.001697343,0
41,240,1.334,240.4700598,15211.24438,0,0,0,0.45906,0.26036,0,0,0,0,0,12.4689,0.219704697,0.018161501,0.001697343,0
41,240,1.334,240.4700598,15211.24438,63.495,0,0,0,0,0,0,0,0,0,2.64756,3.237208988,0.018161501,0.001697343,0
41,240,1.334,240.4700598,15211.24438,0.005239,0,0,0,0,0,0,0,0,0,0,0.219704697,0.018161501,0.001697343,0
41,240,1.334,240.4700598,15211.24438,0,0,0,0,0,0,0,0,0,0,0.275259,15.12102526,0.018161501,0.001697343,0
41,240,1.334,240.4700598,15211.24438,1.385,0,0,0.008333,0.008333,0,0,0,0,0,0.87174,3.789481443,0.018161501,0.001697343,0
41,240,1.334,240.4700598,15211.24438,0.15712,0,0,0,0.21081,0.79321,0,0,0,0,0,2.474804353,0.018161501,0.001697343,0
41,240,1.334,240.4700598,15211.24438,0,0,0,1.2811,0,0,20.151,0,0,0,0.151728,11.33524931,0.018161501,0.001697343,0
41,240,1.334,240.4700598,15211.24438,0,0,0,0.29765,0.021907,0,0,0,0,0,0,1.035375756,0.018161501,0.001697343,0
41,240,1.334,240.4700598,15211.24438,0,0,0,0.00036,0.2943,0,0,0,0,0,3.8823,0.423815456,0.018161501,0.001697343,0
41,240,1.334,240.4700598,15211.24438,0,0,0,0.013606,0,0,0,0,0,0,1.04805,11.33524931,0.018161501,0.001697343,0
41,240,1.334,240.4700598,15211.24438,0,0,0,0.27226,0,0,6.0057,0,0,0,0.84174,25.71929039,0.018161501,0.001697343,0
41,240,1.334,240.4700598,15211.24438,0,0,0,1.788,0,4.8967,0,0,0,0,121.068,11.33524931,0.018161501,0.001697343,0
41,240,1.334,240.4700598,15211.24438,0.014773,0,0,0.00524,0,0,0,0,0,0,0,1.651413523,0.018161501,0.001697343,0
41,240,1.334,240.4700598,15211.24438,0.030048,0,0,0,0,0,0,0,0,0,0,3.237208988,0.018161501,0.001697343,0
41,240,1.334,240.4700598,15211.24438,0.008333,0,0,0.008336,6.0919,0,0,0,0,0,0,0.541773565,0.018161501,0.001697343,0
41,240,1.334,240.4700598,15211.24438,0,0,5.627,0,0.021906,0,16.74,0,0,0,7.2312,3.237208988,0.018161501,0.001697343,0
41,240,1.334,240.4700598,15211.24438,0,0,0,0,0,0,0,0,0,0,19.2864,0.219704697,0.018161501,0.001697343,0
41,240,1.334,240.4700598,15211.24438,2.2987,0,0,0,0.005239,0,0.67845,0,0,0,20.8818,0.085689464,0.018161501,0.001697343,0
41,240,1.334,240.4700598,15211.24438,0,0,0,0.42984,0,0,0,0,0,0,0,0.085689464,0.018161501,0.001697343,0
41,240,1.334,240.4700598,15211.24438,0,0,0,0,3.7624,0,0,0,0,0,9.6318,1.651413523,0.018161501,0.001697343,0
41,240,1.334,240.4700598,15211.24438,0.001436,0,0,0.008333,0.029406,5.0308,0,0,0,0,1.47333,3.789481443,0.018161501,0.001697343,0
41,240,1.334,240.4700598,15211.24438,0.060379,0,0,0,4.753,0,0,0,0,0,0,3.789481443,0.018161501,0.001697343,0
41,240,1.334,240.4700598,15211.24438,0.005239,0,0,0.01836,0.3855,0,0,0,0,0,0,6.472102045,0.018161501,0.001697343,0
41,240,1.334,240.4700598,15211.24438,0,0,0,0.002011,0,0,0.13028,0,0,0,0.90174,11.33524931,0.018161501,0.001697343,0
41,240,1.334,240.4700598,15211.24438,0,0,0,1.8616,0.014258,0,0,0,0,0,198.603,0.219704697,0.018161501,0.001697343,0
41,240,1.334,240.4700598,15211.24438,0.00524,0,0,17.949,0,0.78445,0,0,0,0,1.41975,0.541773565,0.018161501,0.001697343,0
41,240,1.334,240.4700598,15211.24438,0.041249,0,0.001434,0,0,0,0,0,0,0,2.76468,11.33524931,0.018161501,0.001697343,0
41,240,1.334,240.4700598,15211.24438,5.7412,0,0,5.4015,3.7158,0,0,0,0,0,0,17.60572724,0.018161501,0.001697343,0
41,240,1.334,240.4700598,15211.24438,0.012568,0,0,13.409,0,0,0,0,0,0,0.181728,0.541773565,0.018161501,0.001697343,0
41,240,1.334,240.4700598,15211.24438,0.00524,0,0,0,0.008333,0,0,0,0,0,0,2.474804353,0.018161501,0.001697343,0
41,240,1.334,240.4700598,15211.24438,0,0,0,0,0,0,0,0,0,0,6.8079,1.651413523,0.018161501,0.001697343,0
41,240,1.334,240.4700598,15211.24438,0,0,0,0,0,3.3641,0.86583,0,0,0,0.151728,15.12102526,0.018161501,0.001697343,0
41,240,1.334,240.4700598,15211.24438,0.0019345,0,0,0,0.046926,0,30.686,0,0,0,10.2414,0.541773565,0.018161501,0.001697343,0
41,240,1.334,240.4700598,15211.24438,0.71313,0,0,0.0083909,0.008333,0,0,0,0,0,0.31755,0.541773565,0.018161501,0.001697343,0
41,240,1.334,240.4700598,15211.24438,0.008333,0,1.129,2.2778,0.10502,0,0,0,0,0,0.78174,0.423815456,0.018161501,0.001697343,0
41,240,1.334,240.4700598,15211.24438,0.019305,0,0,0,8.3856,0,0,0,0,0,0,0.085689464,0.018161501,0.001697343,0
41,240,1.334,240.4700598,15211.24438,12.084,0,0,5.6081,0.041022,0.29431,0,0,0,0,0,0.219704697,0.018161501,0.001697343,0
41,240,1.334,240.4700598,15211.24438,0.17713,0,0,0.000716,0,0,0,0,0,0,8.7318,4.278895437,0.018161501,0.001697343,0
41,240,1.334,240.4700598,15211.24438,0.001009,0,0,0,0,0,0,0,0,0,0,0.99739448,0.018161501,0.001697343,0
41,240,1.334,240.4700598,15211.24438,0,0,0,0.02891,0,0,0,0,0,0,11.1597,17.60572724,0.018161501,0.001697343,0
41,240,1.334,240.4700598,15211.24438,0,0,0,0,0,0,0,0,0,0,17.3718,11.33524931,0.018161501,0.001697343,0
41,240,1.334,240.4700598,15211.24438,4.282,0,0.15557,0.009056,0,0.781,0,0,0,0,0.151728,0.541773565,0.018161501,0.001697343,0
41,240,1.334,240.4700598,15211.24438,0,0,0,0,20.653,0,0,0,0,0,0.87174,0.085689464,0.018161501,0.001697343,0
41,240,1.334,240.4700598,15211.24438,0.00644,0,0,0.017238,0,0,0,0,0,0,13.3746,0.219704697,0.018161501,0.001697343,0
41,240,1.334,240.4700598,15211.24438,0.20435,0,0,0,0,0,0,0,0,0,34.872,0.99739448,0.018161501,0.001697343,0
41,240,1.334,240.4700598,15211.24438,0.015333,0,0,0,0,0,0,0,0,0,0,0.99739448,0.018161501,0.001697343,0
41,240,1.334,240.4700598,15211.24438,0.51613,0,0,0.008333,0,0,0,0,0,0,0,1.035375756,0.018161501,0.001697343,0
41,240,1.334,240.4700598,15211.24438,37.409,0,0,0,1.0784,0,0,0,0,0,0.151728,0.219704697,0.018161501,0.001697343,0
41,240,1.334,240.4700598,15211.24438,0.000063,0,0,0,0,0,0,0,0,0,60.207,6.495762651,0.018161501,0.001697343,0
41,240,1.334,240.4700598,15211.24438,0.041249,0,0,0,0,0,0,0,0,0,58.353,11.33524931,0.018161501,0.001697343,0
41,240,1.334,240.4700598,15211.24438,0.024955,0,0,0,0,0,5.1885,0,0,0,11.0184,3.237208988,0.018161501,0.001697343,0
41,240,1.334,240.4700598,15211.24438,0,0,0,0.011941,0,0,0,0,0,0,43.863,0.085689464,0.018161501,0.001697343,0
41,240,1.334,240.4700598,15211.24438,0.0152,0,0,0,0,0,0,0,0,0,56.145,1.651413523,0.018161501,0.001697343,0
41,240,1.334,240.4700598,15211.24438,0,0,0,0.94228,0,0,0,0,0,0,7.0536,0.301225485,0.018161501,0.001697343,0
41,240,1.334,240.4700598,15211.24438,23.064,0,0,5.0428,3.1902,0,0,0,0,0,0.151728,0.99739448,0.018161501,0.001697343,0
41,240,1.334,240.4700598,15211.24438,2.1571,0,0,0.008333,0,0,0.13028,0,0,0,0.57,2.124635517,0.018161501,0.001697343,0
41,240,1.334,240.4700598,15211.24438,0.0097975,0,0,0.005239,0.00524,0,0,0,0,0,0.72228,17.60572724,0.018161501,0.001697343,0
41,240,1.334,240.4700598,15211.24438,6.0739,0,0,51.422,1.8824,2.1773,0,0,0,0,0,15.12102526,0.018161501,0.001697343,0
41,240,1.334,240.4700598,15211.24438,0,0,0,0,0,0,0,78.898,0,0,0,1.035375756,0.018161501,0.001697343,0
41,240,1.334,240.4700598,15211.24438,0,0,0,0,0,0,0,0,0,0,0,11.33524931,0.018161501,0.001697343,0
41,240,1.334,240.4700598,15211.24438,0,0,0,0,0,0,0,0,0,0,0.70764,2.124635517,0.018161501,0.001697343,0
41,240,1.334,240.4700598,15211.24438,0,0,0,0,0,0,0,0,0,0,1.02366,0.085689464,0.018161501,0.001697343,0
41,240,1.334,240.4700598,15211.24438,1.3203,0,0,0,0,0,0,0,0,0,0,6.472102045,0.018161501,0.001697343,0
41,240,1.334,240.4700598,15211.24438,0.00524,0,0,0.014602,0.00524,0,0,0,0,0,0,3.789481443,0.018161501,0.001697343,0
41,240,1.334,240.4700598,15211.24438,6.8272,0,0,0,0,0,0,0,0,0,1.42239,17.60572724,0.018161501,0.001697343,0
41,240,1.334,240.4700598,15211.24438,1.898,0,0,0.42786,1.7912,0,0,0,0,0,0,1.651413523,0.018161501,0.001697343,0
41,240,1.334,240.4700598,15211.24438,0,0,0,1.9259,0.0062156,0.080226,0,0,0,0,0,4.278895437,0.018161501,0.001697343,0
41,240,1.334,240.4700598,15211.24438,0.5201,0,0,0.077265,0,0,0,0,0,0,0,2.007567612,0.018161501,0.001697343,0
41,240,1.334,240.4700598,15211.24438,0.061886,0,0,0,0,0,0,0,0.0084885,0,0.151728,6.472102045,0.018161501,0.001697343,0
41,240,1.334,240.4700598,15211.24438,23.064,0,0,0.002084,0,0,0,0,0,0,0.280587,15.12102526,0.018161501,0.001697343,0
41,240,1.334,240.4700598,15211.24438,0,0,0,0.99417,0,0,0,0,0,0,0.151728,3.237208988,0.018161501,0.001697343,0
41,240,1.334,240.4700598,15211.24438,0,0,0,0,0.090777,0,0,0,0,0,8.5524,15.12102526,0.018161501,0.001697343,0
41,240,1.334,240.4700598,15211.24438,0.008333,0,0,0.001326,0,0,0,0,0,0,87.522,2.474804353,0.018161501,0.001697343,0
41,240,1.334,240.4700598,15211.24438,2.6123,0,0,0,0,0,0.75031,0,0,0,0,0.085689464,0.018161501,0.001697343,0
41,240,1.334,240.4700598,15211.24438,0.58468,0,0,0,0,0,0,0,0,0,28.8018,1.035375756,0.018161501,0.001697343,0
41,240,1.334,240.4700598,15211.24438,0,0,0,0.007102,0,0,0,0,0,0,0.151728,0.301225485,0.018161501,0.001697343,0
41,240,1.334,240.4700598,15211.24438,5.5802,0,0,0,0,0,0,0,0,0,0.181728,6.472102045,0.018161501,0.001697343,0
41,240,1.334,240.4700598,15211.24438,0.008333,0,0,0.068295,0,0,0,0,0,0,1.31526,0.219704697,0.018161501,0.001697343,0
41,240,1.334,240.4700598,15211.24438,0.3267,0,0,61.793,0,8.1854,0,0,0,0,0.70341,2.474804353,0.018161501,0.001697343,0
41,240,1.334,240.4700598,15211.24438,0.67499,0,0,2.0984,0,0,0,0,0,0,87.522,11.33524931,0.018161501,0.001697343,0
41,240,1.334,240.4700598,15211.24438,0,0,0,0,0,0,0,0,0,0,0.151728,1.035375756,0.018161501,0.001697343,0
41,240,1.334,240.4700598,15211.24438,0.008004,0,0,2.7097,0,0,0,0,0,0,0,0.085689464,0.018161501,0.001697343,0
41,240,1.334,240.4700598,15211.24438,0.007835,0,0,0,0,0,0.10863,0,0,0,18.3318,0.423815456,0.018161501,0.001697343,0
41,240,1.334,240.4700598,15211.24438,0.008333,0,0,0,0,0,0,0,0,0,0,0.219704697,0.018161501,0.001697343,0
41,240,1.334,240.4700598,15211.24438,0,0,0,0,0,0,0,0,0,0,1.67382,11.68233493,0.018161501,0.001697343,0
41,240,1.334,240.4700598,15211.24438,0.023275,0,0,0.029402,0,0,0.40452,0,0,0,0.151728,11.33524931,0.018161501,0.001697343,0
41,240,1.334,240.4700598,15211.24438,0.14827,0,0,0.18118,0.50221,0.29716,0,0,0,0,0.151728,2.474804353,0.018161501,0.001697343,0
41,240,1.334,240.4700598,15211.24438,0.026827,0,0,0.0068531,0.008336,0,0,0,0,0,55.917,10.04744876,0.018161501,0.001697343,0
41,240,1.334,240.4700598,15211.24438,0,0,0,0,0,0,0,0,0,0,0,0.99739448,0.018161501,0.001697343,0
41,240,1.334,240.4700598,15211.24438,28.979,0,0,0,58.159,0,0,0,0,0,25.3818,0.085689464,0.018161501,0.001697343,0
41,240,1.334,240.4700598,15211.24438,0,0,0,0,0,0.017446,0,0,0,0,0.286086,11.68233493,0.018161501,0.001697343,0
41,240,1.334,240.4700598,15211.24438,0,0,0,2.0429,0,0,0,0,0,0,0,0.423815456,0.018161501,0.001697343,0
41,240,1.334,240.4700598,15211.24438,0.043527,0,0,0.00524,0.25607,0,0,0,0,0,0.151728,1.035375756,0.018161501,0.001697343,0
41,240,1.334,240.4700598,15211.24438,0,0,0,3.1662,0,0,13.175,0,0,0,0,0.423815456,0.018161501,0.001697343,0
41,240,1.334,240.4700598,15211.24438,1.366,0,0,0.013606,0,0,0,0,0,0,0.57,2.007567612,0.018161501,0.001697343,0
41,240,1.334,240.4700598,15211.24438,0.007697,0,0,1.6635,0,0,0,0,0,0,0.151728,0.423815456,0.018161501,0.001697343,0
41,240,1.334,240.4700598,15211.24438,0,0,0,0.016337,0.013746,0,0,0,0,0,0.275769,0.541773565,0.018161501,0.001697343,0
41,240,1.334,240.4700598,15211.24438,0,0,0,0,0.019035,0,0,0,0,0,0.151728,2.474804353,0.018161501,0.001697343,0
41,240,1.334,240.4700598,15211.24438,0,0,0,0,0,0,0,0,0,0,7.2312,0.301225485,0.018161501,0.001697343,0
41,240,1.334,240.4700598,15211.24438,0.003539,0,0,0,0,0,8.4952,0,0,0,1.97832,6.495762651,0.018161501,0.001697343,0
41,240,1.334,240.4700598,15211.24438,50.278,0,49.422,17.76,0,0.77921,0,0,0,0,0.151728,2.474804353,0.018161501,0.001697343,0
41,240,1.334,240.4700598,15211.24438,0,0,0,0,0,0,0,0,0,0,9.6318,15.12102526,0.018161501,0.001697343,0
41,240,1.334,240.4700598,15211.24438,0,0,0,0,0,0,0,0,0,0,10.8618,11.68233493,0.018161501,0.001697343,0
41,240,1.334,240.4700598,15211.24438,0,0,0,0,0.93679,0,0,0,0,0,0.151728,0.423815456,0.018161501,0.001697343,0
41,240,1.334,240.4700598,15211.24438,0.0066265,0,0,0,0.013973,0,0,0,0,0,4.4787,1.035375756,0.018161501,0.001697343,0
41,240,1.334,240.4700598,15211.24438,7.9005,0,0,0,0,0.026763,11.551,0,0,0,0,1.651413523,0.018161501,0.001697343,0
41,240,1.334,240.4700598,15211.24438,0.37708,0,0,1.1831,0.001493,22.837,0,0,0,0,0,15.12102526,0.018161501,0.001697343,0
41,240,1.334,240.4700598,15211.24438,0,0,0,0,0,0,4.7427,0,0,0,0,0.085689464,0.018161501,0.001697343,0
41,240,1.334,240.4700598,15211.24438,0.01048,0,0,0,0,0,0,0,0,0,0,0.423815456,0.018161501,0.001697343,0
41,240,1.334,240.4700598,15211.24438,0,0,0,0,0.64611,0,0,0,0,0,0.273018,3.789481443,0.018161501,0.001697343,0
41,240,1.334,240.4700598,15211.24438,0.004864,0,0,0.27563,0,0,0,0,0,0,0.151728,6.472102045,0.018161501,0.001697343,0
41,240,1.334,240.4700598,15211.24438,0,0,0,0.00524,0,0,0,0,0,0,3.4872,143.9831763,0.018161501,0.001697343,0
41,240,1.334,240.4700598,15211.24438,0,0,0,0,0.00524,0,0.13028,0,0,0,0,6.472102045,0.018161501,0.001697343,0
41,240,1.334,240.4700598,15211.24438,0.005239,0,0,0.008333,0,0,0,0,0,0,3.1278,0.423815456,0.018161501,0.001697343,0
41,240,1.334,240.4700598,15211.24438,0.011479,0,0,0,0,0,0,0,0,0,0,0.99739448,0.018161501,0.001697343,0
41,240,1.334,240.4700598,15211.24438,0,0,0,0,0,0,0,0,0,0,3.0075,3.237208988,0.018161501,0.001697343,0
41,240,1.334,240.4700598,15211.24438,0.60993,0,0,0,0,0,0.74966,0,0,0,5.1363,0.423815456,0.018161501,0.001697343,0
41,240,1.334,240.4700598,15211.24438,0,0,0,3.6568,0,0.85442,0,0,0,0,0.151728,25.71929039,0.018161501,0.001697343,0
41,240,1.334,240.4700598,15211.24438,0,0,0,0,0.005239,0,0,0,0,0,23.5818,3.789481443,0.018161501,0.001697343,0
41,240,1.334,240.4700598,15211.24438,0.00524,0,14.166,0,0,0,0.74966,0,0,0,0.151728,2.007567612,0.018161501,0.001697343,0
41,240,1.334,240.4700598,15211.24438,0.39409,0,0,0,0,0.79321,0,0,0,0,0.151728,0.541773565,0.018161501,0.001697343,0
41,240,1.334,240.4700598,15211.24438,0,0,0,0.00524,7.7396,0,0,0,0,0,0.151728,3.237208988,0.018161501,0.001697343,0
41,240,1.334,240.4700598,15211.24438,2.5794,0,0,0,0,0,0,0,0,0,0,0.301225485,0.018161501,0.001697343,0
41,240,1.334,240.4700598,15211.24438,0.00014,0,0,0.25593,0,0.78642,0,0,0,0,25.56,6.495762651,0.018161501,0.001697343,0
41,240,1.334,240.4700598,15211.24438,0.008333,0,0.15557,0,0,0,0,0,0,0,8.5524,6.472102045,0.018161501,0.001697343,0
41,240,1.334,240.4700598,15211.24438,0.007221,0,0,0,0,0,0,0,0,0,0.276939,0.301225485,0.018161501,0.001697343,0
41,240,1.334,240.4700598,15211.24438,0,0,0,0,0.008333,0,0,0,0,0,3.6918,11.33524931,0.018161501,0.001697343,0
41,240,1.334,240.4700598,15211.24438,0.00036,0,0,1.9259,0.00833,0,0,0,0,0,4.5105,2.474804353,0.018161501,0.001697343,0
41,240,1.334,240.4700598,15211.24438,0.008333,0,0,0,0,0,0,0,0,0,0,6.472102045,0.018161501,0.001697343,0
41,240,1.334,240.4700598,15211.24438,0.73427,0,0,0,0,0,0,0.10471,0,0,1.57107,1.035375756,0.018161501,0.001697343,0
41,240,1.334,240.4700598,15211.24438,0,0,0,0,0.008333,0,0,0,0,0,25.9959,2.124635517,0.018161501,0.001697343,0
41,240,1.334,240.4700598,15211.24438,15.758,0,0,0.0089655,0,0,0,0,0,0,198.603,0.085689464,0.018161501,0.001697343,0
41,240,1.334,240.4700598,15211.24438,0,0,0,0,2.006,0,24.967,0,0,0,8.9118,15.12102526,0.018161501,0.001697343,0
41,240,1.334,240.4700598,15211.24438,0,0,0,0,0,1.692,0,0,0,0,7.3257,1.651413523,0.018161501,0.001697343,0
41,240,1.334,240.4700598,15211.24438,0.048638,0,0,0.22391,0,0,0,0,0,0,0,0.219704697,0.018161501,0.001697343,0
41,240,1.334,240.4700598,15211.24438,0,0,0,0,0.003468,0,0,0,0,0,0.151728,0.541773565,0.018161501,0.001697343,0
41,240,1.334,240.4700598,15211.24438,0,0,0,2.2017,0.3855,0,0,0,0,0,0.151728,2.474804353,0.018161501,0.001697343,0
41,240,1.334,240.4700598,15211.24438,0,0,0,0.0067817,0,0,0,0,0,0,5.0718,2.124635517,0.018161501,0.001697343,0
41,240,1.334,240.4700598,15211.24438,1.898,0,0,0,0.002508,0,0,0,0,0,198.603,3.237208988,0.018161501,0.001697343,0
41,240,1.334,240.4700598,15211.24438,0.01367,0,0,0.0055919,0,0,0,0,0,0,4.8507,13.06734301,0.018161501,0.001697343,0
41,240,1.334,240.4700598,15211.24438,0,0,0,0.077265,0,0,0,0,0,0,0.151728,15.12102526,0.018161501,0.001697343,0
41,240,1.334,240.4700598,15211.24438,19.622,0,7.5185,0.42984,0,1.0289,0.13028,0,0,0,0,10.04744876,0.018161501,0.001697343,0
41,240,1.334,240.4700598,15211.24438,0.00524,0,0,0,0.008333,0,0,1.6078,0,0,43.863,1.651413523,0.018161501,0.001697343,0
41,240,1.334,240.4700598,15211.24438,0,0,0,0.0067015,0.008333,0,0,0,0,0,0.151728,2.124635517,0.018161501,0.001697343,0
41,240,1.334,240.4700598,15211.24438,0.00824,0,0,0.008333,0.0094073,0,0.13028,0,0,0,2.6931,1.651413523,0.018161501,0.001697343,0
41,240,1.334,240.4700598,15211.24438,1.8709,0,0,0.007697,0.002868,0,0,0,0,0,7.0536,0.301225485,0.018161501,0.001697343,0
41,240,1.334,240.4700598,15211.24438,0.5002,0,0,21.209,0,0.7814,32.893,0.017809,0,0,0.36174,2.124635517,0.018161501,0.001697343,0
41,240,1.334,240.4700598,15211.24438,0.14827,0,0,0.42984,0.011527,0,0,0,0,0,4.7865,2.474804353,0.018161501,0.001697343,0
41,240,1.334,240.4700598,15211.24438,0.000688,0,0,0,17.934,0,61.211,0,0,0,25.9959,0.423815456,0.018161501,0.001697343,0
41,240,1.334,240.4700598,15211.24438,3.7455,0,0,8.1583,0.008335,0,0,0,0,0,6.561,10.04744876,0.018161501,0.001697343,0
41,240,1.334,240.4700598,15211.24438,0.011776,0,0,0,0,0,4.3529,0.01475,0,0,0.288579,15.12102526,0.018161501,0.001697343,0
41,240,1.334,240.4700598,15211.24438,0.76883,0,0,0,52.779,0.77904,0,0,0,0,1.05978,25.71929039,0.018161501,0.001697343,0
41,240,1.334,240.4700598,15211.24438,0.13074,0,0,0,3.7624,0,0,0,0,0,11.7102,0.423815456,0.018161501,0.001697343,0
41,240,1.334,240.4700598,15211.24438,1.4262,0,0,0.011527,0,0,0.75031,0,0,0,0,22.79016382,0.018161501,0.001697343,0
41,240,1.334,240.4700598,15211.24438,0.012568,0,0,0.42984,0,0.42818,0,0,0,0,149.193,3.789481443,0.018161501,0.001697343,0
41,240,1.334,240.4700598,15211.24438,0.0031025,0,0,0,0,0,17.287,0,0,0,19.7118,4.278895437,0.018161501,0.001697343,0
41,240,1.334,240.4700598,15211.24438,0.005239,0,0.79843,0,0.005239,0,0,0,0,0,11.682,3.789481443,0.018161501,0.001697343,0
41,240,1.334,240.4700598,15211.24438,0,0,0,0,0,0.2468,0,0,0,0,23.3337,22.79016382,0.018161501,0.001697343,0
41,240,1.334,240.4700598,15211.24438,0.042136,0,0,0.088496,0.0014495,0.026145,0,0,0,0,0.292407,6.495762651,0.018161501,0.001697343,0
41,240,1.334,240.4700598,15211.24438,4.4514,0,0.81046,0,0.007148,0,0,0,0,0,0,6.472102045,0.018161501,0.001697343,0
41,240,1.334,240.4700598,15211.24438,7.1711,0,0,0.55992,4.6708,0,0,0,0,0,0.45174,1.035375756,0.018161501,0.001697343,0
41,240,1.334,240.4700598,15211.24438,0.34912,0,0,0.010165,0,0,0,0,0,0,0,1.34339464,0.018161501,0.001697343,0
41,240,1.334,240.4700598,15211.24438,0,0,0,0.19366,22.461,0,0,0,0,0,0.275769,0.219704697,0.018161501,0.001697343,0
41,240,1.334,240.4700598,15211.24438,0.00824,0,0,0.034928,0,0,0,0,0,0,39.753,3.789481443,0.018161501,0.001697343,0
41,240,1.334,240.4700598,15211.24438,0,0,0,0,0.008333,0,0,0,0,0,11.7102,0.085689464,0.018161501,0.001697343,0
41,240,1.334,240.4700598,15211.24438,0.20435,0,0,0.48282,8.8857,0,0,0,0,0,1.19187,2.124635517,0.018161501,0.001697343,0
41,240,1.334,240.4700598,15211.24438,0,0,0,0,0,0.093315,0,0,0,0,1.05978,1.651413523,0.018161501,0.001697343,0
41,240,1.334,240.4700598,15211.24438,0.050392,0,0,0,4.1692,0,0.13028,0,0,0,0.151728,13.06734301,0.018161501,0.001697343,0
41,240,1.334,240.4700598,15211.24438,0.031802,0,0,31.038,3.7624,0,0,0,0,0,65.781,0.99739448,0.018161501,0.001697343,0
41,240,1.334,240.4700598,15211.24438,1.8709,0,0,0.01048,0,0,0,0,0,0,10.4865,0.541773565,0.018161501,0.001697343,0
41,240,1.334,240.4700598,15211.24438,0.12208,0,0,0.0086135,0.011532,0,0,0,0,0,18.0318,2.124635517,0.018161501,0.001697343,0
41,240,1.334,240.4700598,15211.24438,0.000688,0,0,0,4.2931,0,0,0,0,0,0,0.99739448,0.018161501,0.001697343,0
41,240,1.334,240.4700598,15211.24438,0.21588,0,0,0.008333,0,0,0.13028,0,0,0,4.9119,0.219704697,0.018161501,0.001697343,0
41,240,1.334,240.4700598,15211.24438,0,0,0,0.008333,0,0,0,0,0,0,0.99864,1.035375756,0.018161501,0.001697343,0
41,240,1.334,240.4700598,15211.24438,0.76883,0,0,0.00524,0.000688,0,0,0,0,0,0,6.472102045,0.018161501,0.001697343,0
41,240,1.334,240.4700598,15211.24438,0.22048,0,0,0,0,0,0,0,0,0,0,17.60572724,0.018161501,0.001697343,0
41,240,1.334,240.4700598,15211.24438,0.010338,0,0,0,0,13.237,0,0,0,0,56.145,0.423815456,0.018161501,0.001697343,0
41,240,1.334,240.4700598,15211.24438,0,0,0.49293,0,0.062887,0,0,0,0,0,2.34429,2.124635517,0.018161501,0.001697343,0
41,240,1.334,240.4700598,15211.24438,0,0,0,0,0,0,3.2846,0,0,0,1.42239,0.085689464,0.018161501,0.001697343,0
41,240,1.334,240.4700598,15211.24438,0,0,0,47.493,0.008335,0,0,0,0,0,4.5105,1.035375756,0.018161501,0.001697343,0
41,240,1.334,240.4700598,15211.24438,0,0,0,61.793,0,0,0,0,0,0,0.151728,1.651413523,0.018161501,0.001697343,0
41,240,1.334,240.4700598,15211.24438,0.00753,0,0,0,0,0,29.961,4.133,0,0,1.73121,0.99739448,0.018161501,0.001697343,0
41,240,1.334,240.4700598,15211.24438,0,0,0,0,0.31656,0,0,0,0,0,0.151728,0.085689464,0.018161501,0.001697343,0
41,240,1.334,240.4700598,15211.24438,0,0,0.075605,0,0,0,0,0,0,0,0,0.99739448,0.018161501,0.001697343,0
41,240,1.334,240.4700598,15211.24438,0.39409,0,0,0.0068531,0,0,0,0,0,0,0,0.301225485,0.018161501,0.001697343,0
41,240,1.334,240.4700598,15211.24438,0,0,0,0,0,0,0,0,0,0,2.3544,1.651413523,0.018161501,0.001697343,0
41,240,1.334,240.4700598,15211.24438,0.001669,0,0,0,0.002156,0,28.076,0,0,0,0.151728,3.237208988,0.018161501,0.001697343,0
41,240,1.334,240.4700598,15211.24438,0.011015,0,0,0,0,0,0,0,0,0,22.7118,22.79016382,0.018161501,0.001697343,0
41,240,1.334,240.4700598,15211.24438,0,0,0,0.008333,0,1.9943,0,0,0,0,0.73911,0.085689464,0.018161501,0.001697343,0
41,240,1.334,240.4700598,15211.24438,0,0,0,17.164,0,0,0,0,0,0,27.5562,2.124635517,0.018161501,0.001697343,0
41,240,1.334,240.4700598,15211.24438,0,0,0,0.0088426,0.008336,0,0,0,0,0,0,0.085689464,0.018161501,0.001697343,0
41,240,1.334,240.4700598,15211.24438,0,0,0,0.009056,0,0.77921,0,0,0.61958,0,0.44541,2.124635517,0.018161501,0.001697343,0
41,240,1.334,240.4700598,15211.24438,0.00524,0,0,0,0,0,0,0,0,0,0,11.33524931,0.018161501,0.001697343,0
41,240,1.334,240.4700598,15211.24438,2.9666,0,0,0,0,0.000012,0,0,0,0,0,1.035375756,0.018161501,0.001697343,0
41,240,1.334,240.4700598,15211.24438,0.022279,0,0,0,0,0.80155,0,0,0,0,9.1953,0.423815456,0.018161501,0.001697343,0
41,240,1.334,240.4700598,15211.24438,0,0,0,0,0,0,0,0,0,0,0.151728,3.789481443,0.018161501,0.001697343,0
41,240,1.334,240.4700598,15211.24438,0.68217,0,0,0,0,0,0,0,0,0,4.4103,11.33524931,0.018161501,0.001697343,0
41,240,1.334,240.4700598,15211.24438,0.007697,0,0,0,0,0,0.021726,0,0,0,0.280578,6.472102045,0.018161501,0.001697343,0
41,240,1.334,240.4700598,15211.24438,0,0,0,1.8563,0,0,0,0,0,0,0.275769,15.12102526,0.018161501,0.001697343,0
41,240,1.334,240.4700598,15211.24438,0,0,0,0,0,0,0,0,0,0,0,6.472102045,0.018161501,0.001697343,0
41,240,1.334,240.4700598,15211.24438,0,0,0,0,4.8466,0,0,0,0,0,0,0.085689464,0.018161501,0.001697343,0
41,240,1.334,240.4700598,15211.24438,0,0,0,0.003821,0,0.000886,0,0,0,0,0.287505,0.085689464,0.018161501,0.001697343,0
41,240,1.334,240.4700598,15211.24438,0.015667,0,0.61005,0.025929,0,0.008335,0,5.9386,0,0,1.35936,11.33524931,0.018161501,0.001697343,0
41,240,1.334,240.4700598,15211.24438,0,0,0,0,0.003144,0.45857,0.13028,0,0,0,0,11.33524931,0.018161501,0.001697343,0
41,240,1.334,240.4700598,15211.24438,3.2038,0,0,0.48873,0,0.77921,72.717,0,0,0,7.3638,1.035375756,0.018161501,0.001697343,0
41,240,1.334,240.4700598,15211.24438,0,0,0,0.008333,0,0,0,0,0,0,0,39.57625232,0.018161501,0.001697343,0
41,240,1.334,240.4700598,15211.24438,12.994,0,0,0,0,0,0,0,0,0,14.8218,6.495762651,0.018161501,0.001697343,0
41,240,1.334,240.4700598,15211.24438,3.0031,0,0,0.011941,1.5099,0,0,0,0,0,1.5003,6.472102045,0.018161501,0.001697343,0
41,240,1.334,240.4700598,15211.24438,0,0,0.81626,20.04,0.008333,0,0,0,0,0,0.151728,1.035375756,0.018161501,0.001697343,0
41,240,1.334,240.4700598,15211.24438,40.517,0,0,21.886,14.269,0,0,0,0,0,0.34434,2.124635517,0.018161501,0.001697343,0
41,240,1.334,240.4700598,15211.24438,0.01367,0,0,0,14.084,0.047442,0,0,0,0,0,0.085689464,0.018161501,0.001697343,0
41,240,1.334,240.4700598,15211.24438,0.009261,0,0,0,0,0.002774,0,0,0,0,0,11.68233493,0.018161501,0.001697343,0
41,240,1.334,240.4700598,15211.24438,0.014901,0,0,0,0,0,0,0,0,0,0.280578,15.12102526,0.018161501,0.001697343,0
41,240,1.334,240.4700598,15211.24438,45.509,0,0,0,0,0.18042,0,0,0,0,4.8507,6.495762651,0.018161501,0.001697343,0
41,240,1.334,240.4700598,15211.24438,0,0,0,0.016837,0.008333,0,0,2.0426,0,0,2.34429,0.541773565,0.018161501,0.001697343,0
41,240,1.334,240.4700598,15211.24438,0.0068531,0,0,0,0.0033865,0,0,0,0,0,0.31059,2.007567612,0.018161501,0.001697343,0
41,240,1.334,240.4700598,15211.24438,0,0,0,0,0.007328,0,16.305,0,0,0,30.885,3.789481443,0.018161501,0.001697343,0
41,240,1.334,240.4700598,15211.24438,0.0055384,0,0,0,0,0,0,0,0,0,0.151728,0.219704697,0.018161501,0.001697343,0
41,240,1.334,240.4700598,15211.24438,0,0,1.0507,0,16.858,0.008332,0,0,0,0,0.151728,0.301225485,0.018161501,0.001697343,0
41,240,1.334,240.4700598,15211.24438,0.01332,0,0,0.000376,0.14993,0,0,0,0,0,28.113,17.60572724,0.018161501,0.001697343,0
41,240,1.334,240.4700598,15211.24438,15.2,0,0,0,0,0,0,0,0,0,1.05978,2.007567612,0.018161501,0.001697343,0
41,240,1.334,240.4700598,15211.24438,6.4349,0,0,0.45906,0,0,0,0,0,0,1.17966,0.085689464,0.018161501,0.001697343,0
41,240,1.334,240.4700598,15211.24438,0.026038,0,8.4993,0,0.014258,0.001655,0.002308,0,0,0,0,4.278895437,0.018161501,0.001697343,0
41,240,1.334,240.4700598,15211.24438,0.000376,0,0,2.6593,0,0,0,0,0,0,0.151728,4.278895437,0.018161501,0.001697343,0
41,240,1.334,240.4700598,15211.24438,0.00062,0,0,0,0,0,0,0,0,0,0,0.99739448,0.018161501,0.001697343,0
41,240,1.334,240.4700598,15211.24438,0.00524,0,0,0,0,0,0,0,0,0,25.2354,6.472102045,0.018161501,0.001697343,0
41,240,1.334,240.4700598,15211.24438,0.12208,0,0,2.6259,0.88295,3.2273,0,0,0,0,0.151728,0.541773565,0.018161501,0.001697343,0
41,240,1.334,240.4700598,15211.24438,0,0,0,0.00043,0.031711,0,0,0,0,0,3.0075,1.651413523,0.018161501,0.001697343,0
41,240,1.334,240.4700598,15211.24438,0.008585,0,0,0,0,0,0,0,0,0,0.151728,1.651413523,0.018161501,0.001697343,0
41,240,1.334,240.4700598,15211.24438,0,0,0,0,0,0.77921,0.13028,0,0,0,0.273021,1.651413523,0.018161501,0.001697343,0
41,240,1.334,240.4700598,15211.24438,0.00524,0,0,0,0.000124,0,0,0,0,0,0.151728,2.474804353,0.018161501,0.001697343,0
41,240,1.334,240.4700598,15211.24438,0,0,0,0,0,0.003718,0.59876,0,0,0,0.151728,2.474804353,0.018161501,0.001697343,0
41,240,1.334,240.4700598,15211.24438,0.001493,0,0,0.000739,0.027174,0,0,0,0,0,1.38174,0.301225485,0.018161501,0.001697343,0
41,240,1.334,240.4700598,15211.24438,0.001267,0,0,0.055562,0,0.77921,0,0,0,0,0,0.541773565,0.018161501,0.001697343,0
41,240,1.334,240.4700598,15211.24438,3.6358,0,0.27894,0,0.003346,0,0,0,0,0,0,2.474804353,0.018161501,0.001697343,0
41,240,1.334,240.4700598,15211.24438,0.008333,0,0,0,0.008333,2.9165,26.543,0,15.258,0,0,0.085689464,0.018161501,0.001697343,0
41,240,1.334,240.4700598,15211.24438,0,0,0,0,0.0088426,0.79321,0,0,0,0,7.5918,11.33524931,0.018161501,0.001697343,0
41,240,1.334,240.4700598,15211.24438,0,0,0,0,0,0,0,0,0,0,0,24.2547271,0.018161501,0.001697343,0
41,240,1.334,240.4700598,15211.24438,0,0,0,0,0.013476,0,13.103,0,0,0,0,0.423815456,0.018161501,0.001697343,0
41,240,1.334,240.4700598,15211.24438,9.3106,0,0.0062235,0,9.8934,0,0,0,0,0,0.285792,15.12102526,0.018161501,0.001697343,0
41,240,1.334,240.4700598,15211.24438,0.007697,0,0,0.00524,0,0,0.67845,0,0,0,149.193,3.789481443,0.018161501,0.001697343,0
41,240,1.334,240.4700598,15211.24438,0.030003,0,0,4.8058,0,0,0,0,0,0,0.271728,15.12102526,0.018161501,0.001697343,0
41,240,1.334,240.4700598,15211.24438,0.00524,0,0,0,9.3522,1.5743,0,0,0,0,0,0.99739448,0.018161501,0.001697343,0
41,240,1.334,240.4700598,15211.24438,0.40788,0,0,0.013606,0.003822,0,0.008333,0,0,0,0.151728,0.219704697,0.018161501,0.001697343,0
41,240,1.334,240.4700598,15211.24438,0.008333,0,0,0,0.001669,13.442,0,0,0,0,0,0.423815456,0.018161501,0.001697343,0
41,240,1.334,240.4700598,15211.24438,0,0,0,2.4172,0.008335,0,0,0,0,0,116.517,1.035375756,0.018161501,0.001697343,0
41,240,1.334,240.4700598,15211.24438,13.595,0,0,0,0,0,2.7921,0,0,0,1.62018,0.423815456,0.018161501,0.001697343,0
41,240,1.334,240.4700598,15211.24438,0.001669,0,0,0.015552,0,0,0,0,0,0,0,22.79016382,0.018161501,0.001697343,0
41,240,1.334,240.4700598,15211.24438,3.5699,0,0,0.003416,0,0,0,0,0,0,0.151728,0.99739448,0.018161501,0.001697343,0
41,240,1.334,240.4700598,15211.24438,0,0,0,0,0,0,16.74,0,0,0,3.9402,17.60572724,0.018161501,0.001697343,0
41,240,1.334,240.4700598,15211.24438,0,0,0,0,0,0,0,0,0,0,0.151728,6.472102045,0.018161501,0.001697343,0
41,240,1.334,240.4700598,15211.24438,3.2852,0,0,0.0083909,9.3522,0,0,0,0,0,3.1572,2.474804353,0.018161501,0.001697343,0
41,240,1.334,240.4700598,15211.24438,6.0303,0,0,0,0.000063,0.79321,0,0,0,0,0.151728,0.99739448,0.018161501,0.001697343,0
41,240,1.334,240.4700598,15211.24438,0.01332,0,0,0,1.0192,0,0,0,0,0,0,0.99739448,0.018161501,0.001697343,0
41,240,1.334,240.4700598,15211.24438,1.1984,0,0,0.7793,0.012187,0,0,0,0,0,8.5644,1.035375756,0.018161501,0.001697343,0
41,240,1.334,240.4700598,15211.24438,0.55531,0,0.3747,0,0.081175,0,0,0,0,0,6.4536,2.474804353,0.018161501,0.001697343,0
41,240,1.334,240.4700598,15211.24438,0,0,0,0,0,2.9165,0,0,0,0,2.64756,6.495762651,0.018161501,0.001697343,0
41,240,1.334,240.4700598,15211.24438,0,0,0,0.01048,44.94,0,0,1.75,0,0,0,11.33524931,0.018161501,0.001697343,0
41,240,1.334,240.4700598,15211.24438,0.0088426,0,0,0,0.013476,0,0,0,0,0,0,25.71929039,0.018161501,0.001697343,0
41,240,1.334,240.4700598,15211.24438,0.38105,0,0,0,0.008333,0.79482,0,0,0,0,0.151728,3.237208988,0.018161501,0.001697343,0
41,240,1.334,240.4700598,15211.24438,0.00387,0,0,0,0,0,0,0,0,0,28.113,1.035375756,0.018161501,0.001697343,0
41,240,1.334,240.4700598,15211.24438,0.057403,0,0,0,0.027174,0,6.0057,0,0,0,38.517,11.33524931,0.018161501,0.001697343,0
41,240,1.334,240.4700598,15211.24438,7.9005,0,0,0.18118,6.5443,0,0,0,0,0,0.151728,3.789481443,0.018161501,0.001697343,0
41,240,1.334,240.4700598,15211.24438,7.049,0,0,0,1.3821,0,0,0,0,0,0.151728,3.789481443,0.018161501,0.001697343,0
41,240,1.334,240.4700598,15211.24438,0,0,0.015636,0.20517,0.00524,0,0.74966,0,0,0,0.151728,15.12102526,0.018161501,0.001697343,0
41,240,1.334,240.4700598,15211.24438,0.0021738,0,0,11.325,0,0,0,0,0,0,14.1318,15.12102526,0.018161501,0.001697343,0
41,240,1.334,240.4700598,15211.24438,0.002031,0,0,0,0,0,0,0,0,0,1.97832,2.124635517,0.018161501,0.001697343,0
41,240,1.334,240.4700598,15211.24438,0,0,0,0,0.008333,0,0,0,0,0,123.993,0.301225485,0.018161501,0.001697343,0
41,240,1.334,240.4700598,15211.24438,0.013572,0,0,0.068295,0.52975,0,0,0,0,0,0,0.219704697,0.018161501,0.001697343,0
41,240,1.334,240.4700598,15211.24438,0,0,0,0,58.159,0,0,0,0,0,3.3018,0.423815456,0.018161501,0.001697343,0
41,240,1.334,240.4700598,15211.24438,0.002096,0,0.000537,0,0,0,0,0,0,0,0,2.124635517,0.018161501,0.001697343,0
41,240,1.334,240.4700598,15211.24438,0.018338,0,0,0,0.00524,0,0,0,0,0,0.271728,143.9831763,0.018161501,0.001697343,0
41,240,1.334,240.4700598,15211.24438,0,0,0,0.003538,0.23265,0,0,0,0,0,0.151728,15.12102526,0.018161501,0.001697343,0
41,240,1.334,240.4700598,15211.24438,0.0019345,0,0,0,0,0,0,0,0,0,0,15.12102526,0.018161501,0.001697343,0
41,240,1.334,240.4700598,15211.24438,0,0,0,0,0,0,0,0,0,0,0.273324,15.12102526,0.018161501,0.001697343,0
41,240,1.334,240.4700598,15211.24438,0.000078,0,0,0,0.005239,0,0,0,0,0,0.37014,0.99739448,0.018161501,0.001697343,0
41,240,1.334,240.4700598,15211.24438,7.8157,0,0,0.000251,0,0,27.06,0,0,0,19.2864,0.301225485,0.018161501,0.001697343,0
41,240,1.334,240.4700598,15211.24438,0.022591,0,0,5.4764,0.003346,0,0,0,0,0,0.151728,6.472102045,0.018161501,0.001697343,0
41,240,1.334,240.4700598,15211.24438,2.1473,0,0,0.00524,8.0698,0,0,0,0,0,0.151728,0.085689464,0.018161501,0.001697343,0
41,240,1.334,240.4700598,15211.24438,177.88,0,0,0,0,0,0,0,0,0,0.286419,0.085689464,0.018161501,0.001697343,0
41,240,1.334,240.4700598,15211.24438,198.15,0,2.5808,0.55992,0.008333,0,0,0,0,0,9.5499,15.12102526,0.018161501,0.001697343,0
41,240,1.334,240.4700598,15211.24438,0,0,0,0.00524,0.0062716,0.78092,0,0,0,0,0,13.06734301,0.018161501,0.001697343,0
41,240,1.334,240.4700598,15211.24438,0.005372,0,0,0.00524,0,0,0,0,0,0,30.786,2.474804353,0.018161501,0.001697343,0
41,240,1.334,240.4700598,15211.24438,0,0,0,0.46711,0.002508,7.2949,0,0,0,0,3.4926,3.789481443,0.018161501,0.001697343,0
41,240,1.334,240.4700598,15211.24438,55.389,0,0,0.00524,1.0784,0,0,0,0,0,0.151728,15.12102526,0.018161501,0.001697343,0
41,240,1.334,240.4700598,15211.24438,0,0,0,0.010558,0.0059348,0,0,0,0,0,0.151728,2.124635517,0.018161501,0.001697343,0
41,240,1.334,240.4700598,15211.24438,0.00524,0,6.3345,0,0,0,0,0,0,0,0,0.541773565,0.018161501,0.001697343,0
41,240,1.334,240.4700598,15211.24438,0,0,0,3.2487,0.008333,0,0,0,0,0,0.151728,3.789481443,0.018161501,0.001697343,0
41,240,1.334,240.4700598,15211.24438,0,0,0,0,6.4522,0,0,0,0,0,0.151728,0.085689464,0.018161501,0.001697343,0
41,240,1.334,240.4700598,15211.24438,0.042738,0,0,0,0,0,8.0913,0,0,0,0.65616,0.423815456,0.018161501,0.001697343,0
41,240,1.334,240.4700598,15211.24438,0.032537,0,0,0.79273,0,0,0,0,0,0,0,0.085689464,0.018161501,0.001697343,0
41,240,1.334,240.4700598,15211.24438,0.13074,0,0,0,14.084,0,0,0,0,0,0.181728,2.124635517,0.018161501,0.001697343,0
41,240,1.334,240.4700598,15211.24438,5.8431,0,0,0,0,0,0,0,0,0,10.4415,2.124635517,0.018161501,0.001697343,0
41,240,1.334,240.4700598,15211.24438,0.00524,0,0,0,6.78,0.00158,0.67053,0,0,0,5.1363,1.035375756,0.018161501,0.001697343,0
41,240,1.334,240.4700598,15211.24438,0,0,0,0,0,0,0,0,0,0,0,3.789481443,0.018161501,0.001697343,0
41,240,1.334,240.4700598,15211.24438,0,0,0,0.002011,0.046926,0,0,0,0,0,41.715,0.219704697,0.018161501,0.001697343,0
41,240,1.334,240.4700598,15211.24438,0.008333,0,0,0,0,0,0,0,0,0,15.252,0.99739448,0.018161501,0.001697343,0
41,240,1.334,240.4700598,15211.24438,0.032101,0,0.000688,1.2021,0,0.004827,0,0,0,0,0.181728,11.33524931,0.018161501,0.001697343,0
41,240,1.334,240.4700598,15211.24438,0,0,0,1.0692,0,0,0,0,0,0,8.3928,11.33524931,0.018161501,0.001697343,0
41,240,1.334,240.4700598,15211.24438,0.036852,0,0.00043,0,0.00524,0,0,0,0,0,0,0.482794511,0.018161501,0.001697343,0
41,240,1.334,240.4700598,15211.24438,0,0,0,0.008333,3.2358,0,0,0,0,0,0.151728,0.423815456,0.018161501,0.001697343,0
41,240,1.334,240.4700598,15211.24438,0,0,0,0,0.008333,0,0,0,0,0,4.1568,15.12102526,0.018161501,0.001697343,0
41,240,1.334,240.4700598,15211.24438,0.18674,0,0,0.9504,0,0.78144,0,0,0,0,14.8218,2.474804353,0.018161501,0.001697343,0
41,240,1.334,240.4700598,15211.24438,0.005769,0,0,0,0.52251,0,0,0,0,0,7.0518,0.541773565,0.018161501,0.001697343,0
41,240,1.334,240.4700598,15211.24438,0.009056,0,0,0.081032,0,0,0,0,0,0,0,2.007567612,0.018161501,0.001697343,0
41,240,1.334,240.4700598,15211.24438,0.00524,0,0,0.008333,0.36581,0,0,0,0,0,8.7318,15.12102526,0.018161501,0.001697343,0
41,240,1.334,240.4700598,15211.24438,0,0,0,0,0,6.4369,0,0,0,0,0.151728,0.085689464,0.018161501,0.001697343,0
41,240,1.334,240.4700598,15211.24438,0,0,0,0,0,0,0,0,0,0,1.63956,0.423815456,0.018161501,0.001697343,0
41,240,1.334,240.4700598,15211.24438,0,0,0,0,0,0,0,0,0,0,0.271728,0.423815456,0.018161501,0.001697343,0
41,240,1.334,240.4700598,15211.24438,51.143,0,0,0,0.020274,0,0,0,0,0,0.151728,0.085689464,0.018161501,0.001697343,0
41,240,1.334,240.4700598,15211.24438,0.018596,0,0,0,0,0,0,0,0,0,0.151728,6.472102045,0.018161501,0.001697343,0
41,240,1.334,240.4700598,15211.24438,0.000739,0,0,0,0,0,0.13028,0,0,0,0,11.33524931,0.018161501,0.001697343,0
41,240,1.334,240.4700598,15211.24438,0.016638,0,0,0,10.361,0,0,0,0,0,0,15.12102526,0.018161501,0.001697343,0
41,240,1.334,240.4700598,15211.24438,0,0,0.1054,0,0.00524,0,0,0,0,0,0,6.472102045,0.018161501,0.001697343,0
41,240,1.334,240.4700598,15211.24438,0,0,0,0,0.009767,0,0,0,0,0,0,3.237208988,0.018161501,0.001697343,0
41,240,1.334,240.4700598,15211.24438,0.018596,0,0,0.69261,9.3772,0,0,0,0,0,0,1.035375756,0.018161501,0.001697343,0
41,240,1.334,240.4700598,15211.24438,1.4804,0,0,0.00524,0,0,0,0,0,0,1.52439,0.219704697,0.018161501,0.001697343,0
41,240,1.334,240.4700598,15211.24438,0.0064565,0,0,0.008333,0,0,0,0,0,0,6.5418,0.301225485,0.018161501,0.001697343,0
41,240,1.334,240.4700598,15211.24438,0.98086,0,0,0.68671,1.3024,0,0,0,0,0,0.31755,0.219704697,0.018161501,0.001697343,0
41,240,1.334,240.4700598,15211.24438,0.016638,0,0,0,0.008333,0,0,0.1246,0,0,8.7318,0.085689464,0.018161501,0.001697343,0
41,240,1.334,240.4700598,15211.24438,0.0083909,0,0,0.0043235,0,0,0,0,0,0,7.2051,3.789481443,0.018161501,0.001697343,0
41,240,1.334,240.4700598,15211.24438,0.21588,0,0,0.0055919,0,0,0,0,0,0,4.9119,6.495762651,0.018161501,0.001697343,0
41,240,1.334,240.4700598,15211.24438,2.3556,0,0,0,3.1339,0,0,0,0,0,0.181728,3.237208988,0.018161501,0.001697343,0
41,240,1.334,240.4700598,15211.24438,1.5202,0,0,0,0,0,0,0,0,0,0.151728,1.651413523,0.018161501,0.001697343,0
41,240,1.334,240.4700598,15211.24438,4.9504,0,0,0,0,0,0,0,0,0,7.8042,0.085689464,0.018161501,0.001697343,0
41,240,1.334,240.4700598,15211.24438,0.008333,0,0,0,0,0,0,0,0,0,0,0.219704697,0.018161501,0.001697343,0
41,240,1.334,240.4700598,15211.24438,0.0019345,0,0,0.1455,0.050892,0,0,0,0,0,0.151728,11.33524931,0.018161501,0.001697343,0
41,240,1.334,240.4700598,15211.24438,0,0,0,3.5574,0,1.0992,0,0,0,0,5.2875,6.472102045,0.018161501,0.001697343,0
41,240,1.334,240.4700598,15211.24438,0.00524,0,0,0,0,0,0,0,0,0,7.6818,2.124635517,0.018161501,0.001697343,0
41,240,1.334,240.4700598,15211.24438,0,0,0,0.018148,0,0,0,0,0,0,0.151728,4.278895437,0.018161501,0.001697343,0
41,240,1.334,240.4700598,15211.24438,0.008333,0,0,0,0,0,0,0,0,0,0,0.301225485,0.018161501,0.001697343,0
41,240,1.334,240.4700598,15211.24438,0,0,0,0,0.00524,0,0,0,0,0,0.151728,1.035375756,0.018161501,0.001697343,0
41,240,1.334,240.4700598,15211.24438,0.045123,0,0.020429,0,0,0,0,0,0,0,0,3.789481443,0.018161501,0.001697343,0
41,240,1.334,240.4700598,15211.24438,0,0,0,0.88687,6.9699,0,0,0,0,0,0,0.085689464,0.018161501,0.001697343,0
41,240,1.334,240.4700598,15211.24438,1.4804,0,0,0.017238,1.7509,0,0,0,0,0,0.279615,11.33524931,0.018161501,0.001697343,0
41,240,1.334,240.4700598,15211.24438,0.27365,0,0,0.008333,0,0,0,0,0,0,3.8946,22.79016382,0.018161501,0.001697343,0
41,240,1.334,240.4700598,15211.24438,0.87352,0,0,0,0.000078,0,0,0,0,0,0,2.124635517,0.018161501,0.001697343,0
41,240,1.334,240.4700598,15211.24438,0.44516,0,0,1.2811,0,12.816,0,0,0,0,0.151728,1.651413523,0.018161501,0.001697343,0
41,240,1.334,240.4700598,15211.24438,0,0,0,0,3.0408,0,0,0,0,0,1.09647,0.085689464,0.018161501,0.001697343,0
41,240,1.334,240.4700598,15211.24438,0.00524,0,0,0,18.998,0,0.002308,0,0,0,3.6159,15.12102526,0.018161501,0.001697343,0
41,240,1.334,240.4700598,15211.24438,0.00036,0,0,0,7.0738,0,0,0,0,0,0.151728,15.12102526,0.018161501,0.001697343,0
41,240,1.334,240.4700598,15211.24438,0.60993,0,0,0,0,0,0,0,0,0,0,11.68233493,0.018161501,0.001697343,0
41,240,1.334,240.4700598,15211.24438,0,0,0,0,0,0,0,0,0,0,9.4383,3.237208988,0.018161501,0.001697343,0
41,240,1.334,240.4700598,15211.24438,0,0,0,0,0,0,0.67053,0,0,0,0,143.9831763,0.018161501,0.001697343,0
41,240,1.334,240.4700598,15211.24438,0,0,0,0.00524,0.1098,0,0,0,0,0,0,0.541773565,0.018161501,0.001697343,0
41,240,1.334,240.4700598,15211.24438,0.061886,0,0,0,0,0,0,0,0,0,11.0268,0.541773565,0.018161501,0.001697343,0
41,240,1.334,240.4700598,15211.24438,0,0,0,0,10.361,0,0,0,0,0,0.151728,0.99739448,0.018161501,0.001697343,0
41,240,1.334,240.4700598,15211.24438,0,0,0,0.002508,0,0,0,0,0,0,18.849,25.71929039,0.018161501,0.001697343,0
41,240,1.334,240.4700598,15211.24438,0,0,0,0,4.5941,0,0,0,0,0,27.5562,0.085689464,0.018161501,0.001697343,0
41,240,1.334,240.4700598,15211.24438,0,0,0,20.449,0,0,0,0,0,0,0.278526,3.789481443,0.018161501,0.001697343,0
41,240,1.334,240.4700598,15211.24438,0,0,0,0.00524,0.84234,0,0,0,0,0,0.151728,11.33524931,0.018161501,0.001697343,0
41,240,1.334,240.4700598,15211.24438,0.0094528,0,0,8.1583,0,0,0.13028,0,0,0,6.4536,0.541773565,0.018161501,0.001697343,0
41,240,1.334,240.4700598,15211.24438,0.080184,0,0,0.010558,0.002156,0,0,0,0,0,0.151728,0.085689464,0.018161501,0.001697343,0
41,240,1.334,240.4700598,15211.24438,0.088719,0,0,0,0,0,0,0,0,0,0,10.04744876,0.018161501,0.001697343,0
41,240,1.334,240.4700598,15211.24438,0.010364,0,0,0,0.00524,0,0,0,0,0,1.95174,0.99739448,0.018161501,0.001697343,0
41,240,1.334,240.4700598,15211.24438,1.366,0,0.066337,0.53462,3.3385,0,76.371,0,0,0,15.7923,13.06734301,0.018161501,0.001697343,0
41,240,1.334,240.4700598,15211.24438,1.1697,0,0,0,0.26036,0,0.13028,0,0,0,23.5818,0.541773565,0.018161501,0.001697343,0
41,240,1.334,240.4700598,15211.24438,0.016858,0,0,0.15275,0.00524,0,0,0,0,0,0.270372,6.472102045,0.018161501,0.001697343,0
41,240,1.334,240.4700598,15211.24438,0,0,0,12.69,0.00524,0,4.8562,0,0,0,2.13174,15.12102526,0.018161501,0.001697343,0
42,241,15.484,240.7294803,15227.65435,1.4804,0,0,0,0,0,0,0,0,0,0.151728,0,0.021414956,0.002001406,0
42,241,15.484,240.7294803,15227.65435,3.3665,0,0,0.008333,0,0,0,0,0,0,0,0,0.021414956,0.002001406,0
42,241,15.484,240.7294803,15227.65435,0.008333,0,0,0,3.7624,1.9943,0,0,0,0,25.9959,0,0.021414956,0.002001406,0
42,241,15.484,240.7294803,15227.65435,0,0,0,0,0.000124,0,0,0,0,0,0.48174,0,0.021414956,0.002001406,0
42,241,15.484,240.7294803,15227.65435,12.084,0,0,0,0,0,76.126,0,0,0,0,0,0.021414956,0.002001406,0
42,241,15.484,240.7294803,15227.65435,0,0,0,0,0,0,3.4784,0,0,0,16.4517,0,0.021414956,0.002001406,0
42,241,15.484,240.7294803,15227.65435,0,0,0,0,0,0,0,0,0,0,1.62018,0,0.021414956,0.002001406,0
42,241,15.484,240.7294803,15227.65435,0.008333,0,0,0,0,0,0,0,0,0,0.151728,0,0.021414956,0.002001406,0
42,241,15.484,240.7294803,15227.65435,0.008333,0,0,0,0,3.4338,0.13028,0,0,0,2.22174,0,0.021414956,0.002001406,0
42,241,15.484,240.7294803,15227.65435,0,0,0,0,0,0.77921,26.325,0,0,0,5.2875,0,0.021414956,0.002001406,0
42,241,15.484,240.7294803,15227.65435,0,0,0,0,0.98255,0,0,0,0,0,0.151728,0,0.021414956,0.002001406,0
42,241,15.484,240.7294803,15227.65435,0.70554,0,0,0,0.00524,0,0,0,0,0,0,0,0.021414956,0.002001406,0
42,241,15.484,240.7294803,15227.65435,0.008333,0,0.008528,0,0,0,0,0,0,0,0.151728,0,0.021414956,0.002001406,0
42,241,15.484,240.7294803,15227.65435,0,0,0,0,0.14993,7.545,0,0,0,0,0,0,0.021414956,0.002001406,0
42,241,15.484,240.7294803,15227.65435,0,0,8.1304,17.164,1.7912,0,3.6446,0,0,0,0,0,0.021414956,0.002001406,0
42,241,15.484,240.7294803,15227.65435,0.0068531,0,0,0.70621,0.73688,0,0,0,0,0,4.1943,0,0.021414956,0.002001406,0
42,241,15.484,240.7294803,15227.65435,0.28712,0,0.000172,0.000124,0,0,0.059897,0,0,0,0.151728,0,0.021414956,0.002001406,0
42,241,15.484,240.7294803,15227.65435,0,0,9.5147,0.003821,0,0,0,0,0,0,0.151728,0,0.021414956,0.002001406,0
42,241,15.484,240.7294803,15227.65435,0,0,0,0,0.0001405,0,0,0,0,0,8.7318,0,0.021414956,0.002001406,0
42,241,15.484,240.7294803,15227.65435,0.007697,0,0,0,2.8821,0,0.13028,0,0,0,0.181728,0,0.021414956,0.002001406,0
42,241,15.484,240.7294803,15227.65435,0.071675,0,0,0.0089655,0.61065,0.23142,0,0,0,0,5.4381,0,0.021414956,0.002001406,0
42,241,15.484,240.7294803,15227.65435,0.008333,0,0,0,0,0,0,0,0,0,0,0,0.021414956,0.002001406,0
42,241,15.484,240.7294803,15227.65435,0.000251,0,0.61757,0.42984,0,0,0,0,0,0,0,0,0.021414956,0.002001406,0
42,241,15.484,240.7294803,15227.65435,0,0,0,9.9,3.1081,0,0,0,0,0,16.4517,0,0.021414956,0.002001406,0
42,241,15.484,240.7294803,15227.65435,0,0,0,0,0,0,0,0,0,0,34.746,0,0.021414956,0.002001406,0
42,241,15.484,240.7294803,15227.65435,0.035255,0,0,0,0.002492,0,0,0,0,0,2.10972,0,0.021414956,0.002001406,0
42,241,15.484,240.7294803,15227.65435,0,0,0.81358,0,0,0.77921,0,0,0,0,0.151728,0,0.021414956,0.002001406,0
42,241,15.484,240.7294803,15227.65435,0.016058,0,0.025079,0.00833,0,0,0,0,0,0,0,0,0.021414956,0.002001406,0
42,241,15.484,240.7294803,15227.65435,0,0,0,0,0,0,0,0,0,0,18.849,0,0.021414956,0.002001406,0
42,241,15.484,240.7294803,15227.65435,0,0,0,0,0,0,0,0,0,0,0,0,0.021414956,0.002001406,0
42,241,15.484,240.7294803,15227.65435,0.003539,0,0,0.030965,0,0,0,0,0,0,4.4403,0,0.021414956,0.002001406,0
42,241,15.484,240.7294803,15227.65435,0,0,0,0,0.19458,0,0,0,0,0,0.151728,0,0.021414956,0.002001406,0
42,241,15.484,240.7294803,15227.65435,0.025372,0,0,0,0,0,0,0,0,0,0,0,0.021414956,0.002001406,0
42,241,15.484,240.7294803,15227.65435,0,0,0,0,76.072,0,0,0,0,0,0.99864,0,0.021414956,0.002001406,0
42,241,15.484,240.7294803,15227.65435,0,0,0,6.376,0.013518,0,0,0,0,0,0.151728,0,0.021414956,0.002001406,0
42,241,15.484,240.7294803,15227.65435,0.55531,0,0,0.018148,0,0,0,0,0,0,1.17432,0,0.021414956,0.002001406,0
42,241,15.484,240.7294803,15227.65435,0,0,0,0,0,0,61.211,0,0,0,0.151728,0,0.021414956,0.002001406,0
42,241,15.484,240.7294803,15227.65435,0,0,0,0,0,0,0.42744,0,0,0,1.03647,0,0.021414956,0.002001406,0
42,241,15.484,240.7294803,15227.65435,0.016858,0,0,0,0.00524,0,0,0,0,0,2.61366,0,0.021414956,0.002001406,0
42,241,15.484,240.7294803,15227.65435,0.29003,0,0,0.013024,0,0,0,0,0,0,18.849,0,0.021414956,0.002001406,0
42,241,15.484,240.7294803,15227.65435,0.004864,0,0,0,0,0,0,0,0,0,2.28174,0,0.021414956,0.002001406,0
42,241,15.484,240.7294803,15227.65435,0.50457,0,0,0,0,0,0,0,0,0,0.72228,0,0.021414956,0.002001406,0
42,241,15.484,240.7294803,15227.65435,0.93731,0,0,65.783,0,0,0,0,0,0,0.151728,0,0.021414956,0.002001406,0
42,241,15.484,240.7294803,15227.65435,0.078253,0,0,0,16,0,0,0,0,0,2.76954,0,0.021414956,0.002001406,0
42,241,15.484,240.7294803,15227.65435,0.17094,0,0,0.00524,0,0,0,0,0,0,0,0,0.021414956,0.002001406,0
42,241,15.484,240.7294803,15227.65435,0,0,0,0.48282,0,0,47.395,0,0,0,3.8823,0,0.021414956,0.002001406,0
42,241,15.484,240.7294803,15227.65435,0,0,0.010345,0,2.0298,0,0,0,0,0,3.8946,0,0.021414956,0.002001406,0
42,241,15.484,240.7294803,15227.65435,0,0,0,0,0,0,0,0,0,0,0,0,0.021414956,0.002001406,0
42,241,15.484,240.7294803,15227.65435,5.865,0,0,0,2.8291,0,0.74966,0,0,0,0.151728,0,0.021414956,0.002001406,0
42,241,15.484,240.7294803,15227.65435,0.00524,0,0,0.006456,0.00062,0,0,0,0,0,0.151728,0,0.021414956,0.002001406,0
42,241,15.484,240.7294803,15227.65435,0,0,0,0.005239,0,0,0,0,0,0,0.151728,0,0.021414956,0.002001406,0
42,241,15.484,240.7294803,15227.65435,0.053886,0,0,0,0,0,0,0,0,0,0.45174,0,0.021414956,0.002001406,0
42,241,15.484,240.7294803,15227.65435,0,0,0,0,0,0,0,0,0,0,36.924,0,0.021414956,0.002001406,0
42,241,15.484,240.7294803,15227.65435,0,0,0,0,0,0,132.95,0,0,0,0.151728,0,0.021414956,0.002001406,0
42,241,15.484,240.7294803,15227.65435,0.002096,0,0,0,0,0.069446,0.60778,0,0,0,55.917,0,0.021414956,0.002001406,0
42,241,15.484,240.7294803,15227.65435,23.582,0,0,1.3084,0,0,0,0,0,0,0,0,0.021414956,0.002001406,0
42,241,15.484,240.7294803,15227.65435,0.008333,0,0,0,0,0,0,0,0,0,0,0,0.021414956,0.002001406,0
42,241,15.484,240.7294803,15227.65435,0,0,0,0,0,0,0,0,0,0,0.151728,0,0.021414956,0.002001406,0
42,241,15.484,240.7294803,15227.65435,0,0,0,0,0.005239,0,0,0,0,0,0.151728,0,0.021414956,0.002001406,0
42,241,15.484,240.7294803,15227.65435,0,0,0,0,0,0,0,0,0,0,0.151728,0,0.021414956,0.002001406,0
42,241,15.484,240.7294803,15227.65435,23.582,0,0,0,0,0,0,0,0,0,0.151728,0,0.021414956,0.002001406,0
42,241,15.484,240.7294803,15227.65435,0.008333,0,0,0,0,0,0,0,0,0,0.151728,0,0.021414956,0.002001406,0
42,241,15.484,240.7294803,15227.65435,0.18674,0,0,0,0.008333,0,0,0,0,0,1.31526,0,0.021414956,0.002001406,0
42,241,15.484,240.7294803,15227.65435,0.016699,0,0,0,0,0,0,0,0,0,0,0,0.021414956,0.002001406,0
42,241,15.484,240.7294803,15227.65435,0,0,0,0.001436,0,0,0,0,0,0,0.275769,0,0.021414956,0.002001406,0
42,241,15.484,240.7294803,15227.65435,6.8272,0,0,0.005239,0,0,0,0,0,0,0.181728,0,0.021414956,0.002001406,0
42,241,15.484,240.7294803,15227.65435,0,0,0,0.01377,0,0,0,0,0,0,0.151728,0,0.021414956,0.002001406,0
42,241,15.484,240.7294803,15227.65435,0,0,0,0.00524,0.0088426,0,0,0,0,0,0.151728,0,0.021414956,0.002001406,0
42,241,15.484,240.7294803,15227.65435,0,0,0,0,0,0,0,0,0,0,0,0,0.021414956,0.002001406,0
42,241,15.484,240.7294803,15227.65435,0.041249,0,0,0,0.008321,0,0,0,0,0,0,0,0.021414956,0.002001406,0
42,241,15.484,240.7294803,15227.65435,185.11,0,0,0,0.008333,0,0,0,0,0,0.151728,0,0.021414956,0.002001406,0
42,241,15.484,240.7294803,15227.65435,0,0,0,0.00014,0,0.0006805,0,0,0,0,0.151728,0,0.021414956,0.002001406,0
42,241,15.484,240.7294803,15227.65435,0,0,0,0,0,0,0,0,0,0,13.5342,0,0.021414956,0.002001406,0
42,241,15.484,240.7294803,15227.65435,0.030381,0,0,0,0,0,4.8562,0,0,0,7.1259,0,0.021414956,0.002001406,0
42,241,15.484,240.7294803,15227.65435,55.389,0,0,0,0,0,0,0,0,0,116.517,0,0.021414956,0.002001406,0
42,241,15.484,240.7294803,15227.65435,0,0,0,0,0,0,0,0,0,0,87.522,0,0.021414956,0.002001406,0
42,241,15.484,240.7294803,15227.65435,63.495,0,0,0.00524,0,0,0,0,0,0,0.151728,0,0.021414956,0.002001406,0
42,241,15.484,240.7294803,15227.65435,0.017603,0,0,0,0.000739,0,0,0,0,0,0.37014,0,0.021414956,0.002001406,0
42,241,15.484,240.7294803,15227.65435,0.00524,0,0,27.797,0.021907,0.00158,0,0,0,0,41.715,0,0.021414956,0.002001406,0
42,241,15.484,240.7294803,15227.65435,0,0,0,0,0.36581,0,0,0,0,0,0,0,0.021414956,0.002001406,0
42,241,15.484,240.7294803,15227.65435,5.15,0,0,0,0,0,0,0,0,0,0.78174,0,0.021414956,0.002001406,0
42,241,15.484,240.7294803,15227.65435,0.005239,0,0,3.2487,0.021906,0,0,0,0,0,15.3204,0,0.021414956,0.002001406,0
42,241,15.484,240.7294803,15227.65435,0.011679,0,0.005239,0.75591,2.1125,0,0,0,0,0,198.603,0,0.021414956,0.002001406,0
42,241,15.484,240.7294803,15227.65435,0.00524,0,0,0,0,0,0,0,0,0,3.0075,0,0.021414956,0.002001406,0
42,241,15.484,240.7294803,15227.65435,0.041249,0,0,0,0,0,0,0,0,0,0.84174,0,0.021414956,0.002001406,0
42,241,15.484,240.7294803,15227.65435,0.14827,0,0.005239,0,0,0,0,0,0,0,0.151728,0,0.021414956,0.002001406,0
42,241,15.484,240.7294803,15227.65435,0,0,0,23.088,0,0.000012,0,0,0,0,0,0,0.021414956,0.002001406,0
42,241,15.484,240.7294803,15227.65435,0.002031,0,0,0,0,0,22.25,0,0,0,0,0,0.021414956,0.002001406,0
42,241,15.484,240.7294803,15227.65435,0,0,0,0,0,0,0,0,0,0,0.151728,0,0.021414956,0.002001406,0
42,241,15.484,240.7294803,15227.65435,0,0,0,0.94228,0,0.000668,0,0,0,0,0.151728,0,0.021414956,0.002001406,0
42,241,15.484,240.7294803,15227.65435,0.90611,0,0,0,0,0,0,0,0,0,8.5644,0,0.021414956,0.002001406,0
42,241,15.484,240.7294803,15227.65435,0.032101,0,0,0,0,0,0.10863,0,0,0,18.0318,0,0.021414956,0.002001406,0
42,241,15.484,240.7294803,15227.65435,0.008333,0,0,0,0,0,25.715,0,0,0,0,0,0.021414956,0.002001406,0
42,241,15.484,240.7294803,15227.65435,0.000688,0,0,0,0.002868,0,0,0,0,0,0.151728,0,0.021414956,0.002001406,0
42,241,15.484,240.7294803,15227.65435,0,0,0,0,0,0,0,0,0,0,0,0,0.021414956,0.002001406,0
42,241,15.484,240.7294803,15227.65435,0.00524,0,0,8.1583,0,0,0,0,0,0,0.151728,0,0.021414956,0.002001406,0
42,241,15.484,240.7294803,15227.65435,0,0,0,0,0.030964,0,0.40452,0,0,0,12.0405,0,0.021414956,0.002001406,0
42,241,15.484,240.7294803,15227.65435,0,0,0,0,0.63967,0,0,0,0,0,0.151728,0,0.021414956,0.002001406,0
42,241,15.484,240.7294803,15227.65435,0,0,0,0.008333,0,0,0,0,0,0,0.151728,0,0.021414956,0.002001406,0
42,241,15.484,240.7294803,15227.65435,0.00524,0,0,0,0.008333,19.534,0,0,0,0,66.645,0,0.021414956,0.002001406,0
42,241,15.484,240.7294803,15227.65435,5.15,0,0,0,0.000251,0.63853,0,0,0,0,0.73911,0,0.021414956,0.002001406,0
42,241,15.484,240.7294803,15227.65435,0,0,0,0,0,0,0,0,0,0,1.85526,0,0.021414956,0.002001406,0
42,241,15.484,240.7294803,15227.65435,0,0,0,0.00524,1.0784,0,0,0,0,0,41.715,0,0.021414956,0.002001406,0
42,241,15.484,240.7294803,15227.65435,0.011776,0,0,0,0,0,0,0,0,0,0,0,0.021414956,0.002001406,0
42,241,15.484,240.7294803,15227.65435,0.053886,0,0,0.7793,0.65463,0,0,0,0,0,0.151728,0,0.021414956,0.002001406,0
42,241,15.484,240.7294803,15227.65435,0.012154,0,0.01603,0.18602,0,0,0,0,0,0,6.5418,0,0.021414956,0.002001406,0
42,241,15.484,240.7294803,15227.65435,0.00524,0,0,0,14.084,0,0,0,0,0,0,0,0.021414956,0.002001406,0
42,241,15.484,240.7294803,15227.65435,0.001493,0,0,0,0.0001875,0,0,0,0,0,0.34434,0,0.021414956,0.002001406,0
42,241,15.484,240.7294803,15227.65435,0.67499,0,0,0,0,0,0,0,0,0,1.21974,0,0.021414956,0.002001406,0
42,241,15.484,240.7294803,15227.65435,0,0,0.35057,0,0.000688,0,0,0,0,0,0.44541,0,0.021414956,0.002001406,0
42,241,15.484,240.7294803,15227.65435,1.0344,0,0.00328,1.244,0,0,0,0,0,0,3.9402,0,0.021414956,0.002001406,0
42,241,15.484,240.7294803,15227.65435,0.19126,0,0,0.22843,0,0,0,0,0,0,7.3638,0,0.021414956,0.002001406,0
42,241,15.484,240.7294803,15227.65435,0,0,0,0.00524,0,0,0,0,0,0,66.645,0,0.021414956,0.002001406,0
42,241,15.484,240.7294803,15227.65435,2.5794,0,0,2.4172,0,0,0,0,0,0,0.271128,0,0.021414956,0.002001406,0
42,241,15.484,240.7294803,15227.65435,4.119,0,0,0.00524,0.003468,0,0,0,0,0,1.05978,0,0.021414956,0.002001406,0
42,241,15.484,240.7294803,15227.65435,3.0031,0,0,0,0,0,0,0,0,0,0.78174,0,0.021414956,0.002001406,0
42,241,15.484,240.7294803,15227.65435,0.00036,0,0,4.2796,0,0,0,0,0,0,0,0,0.021414956,0.002001406,0
42,241,15.484,240.7294803,15227.65435,0,0,0,4.1588,0,0,0,0,0,0,1.65174,0,0.021414956,0.002001406,0
42,241,15.484,240.7294803,15227.65435,9.7427,0,0,0.000063,0.566,0,0,0,0,0,0,0,0.021414956,0.002001406,0
42,241,15.484,240.7294803,15227.65435,3.4031,0,0,2.0984,0,0,0,0,0,0,0.151728,0,0.021414956,0.002001406,0
42,241,15.484,240.7294803,15227.65435,0,0,0,3.7171,0,0,0.002308,0,0,0,0,0,0.021414956,0.002001406,0
42,241,15.484,240.7294803,15227.65435,0.008333,0,0,0,0,0,0,0,0,0,0.151728,0,0.021414956,0.002001406,0
42,241,15.484,240.7294803,15227.65435,0.047912,0,0,0,70.761,0,0,0,0,0,0.151728,0,0.021414956,0.002001406,0
42,241,15.484,240.7294803,15227.65435,0.032537,0,0,0,23.272,0,0.13028,0,0,0,0,0,0.021414956,0.002001406,0
42,241,15.484,240.7294803,15227.65435,0,0,0,0.008332,0.013476,0,0,0,0,0,0,0,0.021414956,0.002001406,0
42,241,15.484,240.7294803,15227.65435,0,0,0,0,0.0041885,0,0,0,0,0,45.933,0,0.021414956,0.002001406,0
42,241,15.484,240.7294803,15227.65435,0,0,2.1201,0,1.7249,0,0,0,0,0,0.151728,0,0.021414956,0.002001406,0
42,241,15.484,240.7294803,15227.65435,12.38,0,0,0.00524,0,0,0,0,0,0,0.181728,0,0.021414956,0.002001406,0
42,241,15.484,240.7294803,15227.65435,1.4262,0,3.3792,0.024145,2.1767,0.78972,0,0,0,0,0.151728,0,0.021414956,0.002001406,0
42,241,15.484,240.7294803,15227.65435,0.098565,0,0,0,0.21192,0,0,0,0,0,0.269961,0,0.021414956,0.002001406,0
42,241,15.484,240.7294803,15227.65435,0.29343,0,0.00062,0,0.007221,0,0,0,0,0,0.151728,0,0.021414956,0.002001406,0
42,241,15.484,240.7294803,15227.65435,0.008489,0,0,0,43.562,0,0,0,0,0,0,0,0.021414956,0.002001406,0
42,241,15.484,240.7294803,15227.65435,0.013575,0,0,0,0.00014,0,0,0,0.007148,0,2.64756,0,0.021414956,0.002001406,0
42,241,15.484,240.7294803,15227.65435,0.080184,0,0,0,0,0,0,0,0,0,7.431,0,0.021414956,0.002001406,0
42,241,15.484,240.7294803,15227.65435,0.007697,0,0,0,0,0,0,0,0,0,0.181728,0,0.021414956,0.002001406,0
42,241,15.484,240.7294803,15227.65435,0.1789,0,0,0,0.002031,0,0,0,0,0,14.8218,0,0.021414956,0.002001406,0
42,241,15.484,240.7294803,15227.65435,0,0,0,0,0,0,0,0,0,0,0,0,0.021414956,0.002001406,0
42,241,15.484,240.7294803,15227.65435,2.8708,0,0,0,0.00524,0,0,0,0,0,0,0,0.021414956,0.002001406,0
42,241,15.484,240.7294803,15227.65435,0,0,0,0.00524,0.0062156,0,0,0,0,0,3.9402,0,0.021414956,0.002001406,0
42,241,15.484,240.7294803,15227.65435,3.3665,0,0,0,0,0.79321,0,0,0,0,0,0,0.021414956,0.002001406,0
42,241,15.484,240.7294803,15227.65435,0,0,0,0,9.8934,0,0,0,0,0,0.151728,0,0.021414956,0.002001406,0
42,241,15.484,240.7294803,15227.65435,0,0,0,0,9.3772,0,0,0,0,0,0.151728,0,0.021414956,0.002001406,0
42,241,15.484,240.7294803,15227.65435,0.0098678,0,0,0.00524,0,0,0,0,0,0,0.151728,0,0.021414956,0.002001406,0
42,241,15.484,240.7294803,15227.65435,0,0,0,0,26.765,0,0,0,0,0,0,0,0.021414956,0.002001406,0
42,241,15.484,240.7294803,15227.65435,0.63883,0,0,0,0,0,0,0,0,0,0.181728,0,0.021414956,0.002001406,0
42,241,15.484,240.7294803,15227.65435,45.509,0,0,0.007148,0,0,0,0,0,0,0,0,0.021414956,0.002001406,0
42,241,15.484,240.7294803,15227.65435,0,0,0,0,0.008333,0,0,10.894,0,0,0,0,0.021414956,0.002001406,0
42,241,15.484,240.7294803,15227.65435,0,0,14.81,0.01409,0.00524,0,0,0,0,0,0.50493,0,0.021414956,0.002001406,0
42,241,15.484,240.7294803,15227.65435,6.7661,0,0,0,0.003538,0,0,0,0,0,0,0,0.021414956,0.002001406,0
42,241,15.484,240.7294803,15227.65435,0.00524,0,6.6211,0,0,0,0,0,0,0,0,0,0.021414956,0.002001406,0
42,241,15.484,240.7294803,15227.65435,0.043506,0,0,0,0,0,0,0,0,0,4.8618,0,0.021414956,0.002001406,0
42,241,15.484,240.7294803,15227.65435,0,0,0,0,9.8934,0,0,0,0,0,11.0184,0,0.021414956,0.002001406,0
42,241,15.484,240.7294803,15227.65435,0,0,0,0.00014,0,0,0,0,0,0,3.6486,0,0.021414956,0.002001406,0
42,241,15.484,240.7294803,15227.65435,10.309,0,0,0.007148,0,19.534,0,0.38777,0,0,0,0,0.021414956,0.002001406,0
42,241,15.484,240.7294803,15227.65435,0,0,0,0,0,0,0,0,0,0,0,0,0.021414956,0.002001406,0
42,241,15.484,240.7294803,15227.65435,7.1589,0,0,0,0,0,0.13028,0,0,0,3.9402,0,0.021414956,0.002001406,0
42,241,15.484,240.7294803,15227.65435,0.3067,0,0,0,0,0,0,0,0,0,0.151728,0,0.021414956,0.002001406,0
42,241,15.484,240.7294803,15227.65435,0,0,0,9.0645,0,0,0,0,0,0,0,0,0.021414956,0.002001406,0
42,241,15.484,240.7294803,15227.65435,0,0,0,0,0.008335,0,0,0,0,0,4.5198,0,0.021414956,0.002001406,0
42,241,15.484,240.7294803,15227.65435,4.282,0,0,0,0.003538,0,0,0,0,0,0,0,0.021414956,0.002001406,0
42,241,15.484,240.7294803,15227.65435,63.495,0,0,0,0.000124,0,0,0,0,0,0,0,0.021414956,0.002001406,0
42,241,15.484,240.7294803,15227.65435,1.8115,0,0,0,0,0,21.569,0,0,0,0,0,0.021414956,0.002001406,0
42,241,15.484,240.7294803,15227.65435,0,0,0,0.13117,76.072,22.837,0,0,0,0,0,0,0.021414956,0.002001406,0
42,241,15.484,240.7294803,15227.65435,0,0,0,2.1625,0,17.305,0,0,0,0,0.151728,0,0.021414956,0.002001406,0
42,241,15.484,240.7294803,15227.65435,0.0066265,0,0,0,0.008321,0,0,0,0,0,0,0,0.021414956,0.002001406,0
42,241,15.484,240.7294803,15227.65435,0.11748,0,0,0.027172,0,0,0,0,0,0,8.7318,0,0.021414956,0.002001406,0
42,241,15.484,240.7294803,15227.65435,1.5374,0,0,0,0,0.78642,0,0,0,0,63.09,0,0.021414956,0.002001406,0
42,241,15.484,240.7294803,15227.65435,0,0,0,0,0,0,0,0,0,0,0.151728,0,0.021414956,0.002001406,0
42,241,15.484,240.7294803,15227.65435,0.00524,0,0,0,0.008335,0,0,0,5.2795,0,0,0,0.021414956,0.002001406,0
42,241,15.484,240.7294803,15227.65435,0.005239,0,0,0,0,0,0,0,0,0,0.151728,0,0.021414956,0.002001406,0
42,241,15.484,240.7294803,15227.65435,0.002011,0,0,0,0,0,0,0,0,0,0,0,0.021414956,0.002001406,0
42,241,15.484,240.7294803,15227.65435,0.00524,0,0,0,0.046032,0,0,0,0,0,0,0,0.021414956,0.002001406,0
42,241,15.484,240.7294803,15227.65435,0.034521,0,0,45.052,0,0,0,0,0,0,1.08174,0,0.021414956,0.002001406,0
42,241,15.484,240.7294803,15227.65435,0.022591,0,0,0,2.0594,0,0,0,0,0,0,0,0.021414956,0.002001406,0
42,241,15.484,240.7294803,15227.65435,0,0,0,0,0.028193,0.786,0,0,0,0,0.279585,0,0.021414956,0.002001406,0
42,241,15.484,240.7294803,15227.65435,0.001436,0,0,0.22843,0.013973,0.786,0,0,0,0,0,0,0.021414956,0.002001406,0
42,241,15.484,240.7294803,15227.65435,47.536,0,0,0.009064,0.00524,0,0,0,0,0,20.2284,0,0.021414956,0.002001406,0
42,241,15.484,240.7294803,15227.65435,0.0724,0,0,0,0.00524,0,0,0,0,0,0.151728,0,0.021414956,0.002001406,0
42,241,15.484,240.7294803,15227.65435,0.023222,0,0,0,0.014178,0,0,0,0,0,0.151728,0,0.021414956,0.002001406,0
42,241,15.484,240.7294803,15227.65435,0.0031025,0,0,0,3.0408,1.9376,77.672,0,0,0,0.151728,0,0.021414956,0.002001406,0
42,241,15.484,240.7294803,15227.65435,0,0,0,0,2.0529,0,0,0,0,0,0,0,0.021414956,0.002001406,0
42,241,15.484,240.7294803,15227.65435,0.0088426,0,0,0.051994,0,0,0.42744,0,0,0,4.8507,0,0.021414956,0.002001406,0
42,241,15.484,240.7294803,15227.65435,0,0,0,0.0055919,0,0,45.746,0,0,0,0.151728,0,0.021414956,0.002001406,0
42,241,15.484,240.7294803,15227.65435,53.36,0,0,0.015552,0.086094,0,0,0,0,0,0,0,0.021414956,0.002001406,0
42,241,15.484,240.7294803,15227.65435,0.08029,0,0,0,0,0,0,0,0,0,0,0,0.021414956,0.002001406,0
42,241,15.484,240.7294803,15227.65435,0,0,0,0,0,0,0,0,0,0,4.6839,0,0.021414956,0.002001406,0
42,241,15.484,240.7294803,15227.65435,0,0,0,0,0,0.78092,0,0,0,0,0,0,0.021414956,0.002001406,0
42,241,15.484,240.7294803,15227.65435,0.17962,0,0,6.1619,0.019681,0,13.103,0,0,0,0.151728,0,0.021414956,0.002001406,0
42,241,15.484,240.7294803,15227.65435,37.409,0,0,0,0,0,0,0,0,0,0,0,0.021414956,0.002001406,0
42,241,15.484,240.7294803,15227.65435,43.218,0,0,2.6593,0,0,0,0,0,0,0.151728,0,0.021414956,0.002001406,0
42,241,15.484,240.7294803,15227.65435,0.68217,0,0,0,3.1081,0,23.902,0,0,0,4.8618,0,0.021414956,0.002001406,0
42,241,15.484,240.7294803,15227.65435,0.010521,0,0,0.17235,0,0,0,0,0,0,7.8042,0,0.021414956,0.002001406,0
42,241,15.484,240.7294803,15227.65435,0.38105,0,0,0,0.008336,0,0,0,0,0,66.003,0,0.021414956,0.002001406,0
42,241,15.484,240.7294803,15227.65435,2.0814,0,0,0,6.5443,0,38.932,0,0,0,0.151728,0,0.021414956,0.002001406,0
42,241,15.484,240.7294803,15227.65435,0,0,0,44.381,0,0,0,0,0,0,0,0,0.021414956,0.002001406,0
42,241,15.484,240.7294803,15227.65435,0.008333,0,0,0,0.062887,0.014727,0,0,0,0,0,0,0.021414956,0.002001406,0
42,241,15.484,240.7294803,15227.65435,0,0,0,0.10345,0.00328,0.03757,0,0,0,0,0.151728,0,0.021414956,0.002001406,0
42,241,15.484,240.7294803,15227.65435,0.008335,0,0,3.6568,0,0,0,0,0,0,0.151728,0,0.021414956,0.002001406,0
42,241,15.484,240.7294803,15227.65435,0.008333,0,0,0.0068531,0.008333,0,0,0,0,0,0.75903,0,0.021414956,0.002001406,0
42,241,15.484,240.7294803,15227.65435,0.008699,0,0,0,0,0,0,0,0,0,0,0,0.021414956,0.002001406,0
42,241,15.484,240.7294803,15227.65435,0.057403,0,0,0,0.00036,0,0,0,0,0,7.2051,0,0.021414956,0.002001406,0
42,241,15.484,240.7294803,15227.65435,0,0,0,7.2355,0,0,0,0,0,0,1.52439,0,0.021414956,0.002001406,0
42,241,15.484,240.7294803,15227.65435,0,0,0,0,0,0,0,0,0,0,0.273384,0,0.021414956,0.002001406,0
42,241,15.484,240.7294803,15227.65435,49.011,0,0,0.000376,0,0,52.983,0,0,0,0.151728,0,0.021414956,0.002001406,0
42,241,15.484,240.7294803,15227.65435,0,0,0,0,0,0,0,0,0,0,16.0194,0,0.021414956,0.002001406,0
42,241,15.484,240.7294803,15227.65435,0.17903,0,0,0,0,0,0,0,0,0,0,0,0.021414956,0.002001406,0
42,241,15.484,240.7294803,15227.65435,0.050392,0,0,5.6081,0,0,0,0,0,0,0.151728,0,0.021414956,0.002001406,0
42,241,15.484,240.7294803,15227.65435,0.00644,0,0,0,0,0,0.40452,0,0,0,0,0,0.021414956,0.002001406,0
42,241,15.484,240.7294803,15227.65435,0,0,0,0,0,0,0,0,0,0,52.569,0,0.021414956,0.002001406,0
42,241,15.484,240.7294803,15227.65435,0.003822,0,0,0.0055291,0.00524,0,0,0,0,0,1.65174,0,0.021414956,0.002001406,0
42,241,15.484,240.7294803,15227.65435,0.0094528,0,0,0.000716,0,0,0,0,0,0,0.151728,0,0.021414956,0.002001406,0
42,241,15.484,240.7294803,15227.65435,0,0,0,0,0.010107,0.79321,0,0,0,0,1.73121,0,0.021414956,0.002001406,0
42,241,15.484,240.7294803,15227.65435,0.008333,0,0,0.003346,0.005239,0,0,0,0,0,0,0,0.021414956,0.002001406,0
42,241,15.484,240.7294803,15227.65435,0.002784,0,0,0,0.00524,0,0,0,0,0,0.28509,0,0.021414956,0.002001406,0
42,241,15.484,240.7294803,15227.65435,0.062652,0,0,2.9167,1.2072,0,0,0,0,0,10.6086,0,0.021414956,0.002001406,0
42,241,15.484,240.7294803,15227.65435,0.70554,0,0,0,0.007221,0,0,0,0,0,25.2354,0,0.021414956,0.002001406,0
42,241,15.484,240.7294803,15227.65435,0,0,0,0,14.084,0,0.13028,0,0,0,0.67983,0,0.021414956,0.002001406,0
42,241,15.484,240.7294803,15227.65435,0,0,0,0.18602,0,0,0,0,0,0,0.151728,0,0.021414956,0.002001406,0
42,241,15.484,240.7294803,15227.65435,0.005239,0,0,0,0.00014,0,0.13028,0,0,0,9.8421,0,0.021414956,0.002001406,0
42,241,15.484,240.7294803,15227.65435,0.026942,0,0,0.18602,0,0,0,0,0,0,0,0,0.021414956,0.002001406,0
42,241,15.484,240.7294803,15227.65435,0.0067817,0,0,0,0.009767,0,0,0,0,0,11.0037,0,0.021414956,0.002001406,0
42,241,15.484,240.7294803,15227.65435,0,0,0,0,0,0,0,0,0,0,0.273372,0,0.021414956,0.002001406,0
42,241,15.484,240.7294803,15227.65435,0.1613,0,0,16.558,0,0,5.0969,0,0,0,1.97832,0,0.021414956,0.002001406,0
42,241,15.484,240.7294803,15227.65435,0,0,0,0,0,0,0,0,0,0,0,0,0.021414956,0.002001406,0
42,241,15.484,240.7294803,15227.65435,0.008333,0,0,5.0428,0.059735,0,0,0,0,0,2.01174,0,0.021414956,0.002001406,0
42,241,15.484,240.7294803,15227.65435,0,0,0,0.3488,0.008333,0,0,0,0,0,0,0,0.021414956,0.002001406,0
42,241,15.484,240.7294803,15227.65435,0,0,0,0,0,0,0,0,0,0,0,0,0.021414956,0.002001406,0
42,241,15.484,240.7294803,15227.65435,0,0,0,0.018148,0,0,0,0,0,0,1.85526,0,0.021414956,0.002001406,0
42,241,15.484,240.7294803,15227.65435,0.015379,0,0,2.9167,0,4.0019,0,0,0,0,17.1858,0,0.021414956,0.002001406,0
42,241,15.484,240.7294803,15227.65435,0,0,0,0,0,0,0,0,0,0,0.84174,0,0.021414956,0.002001406,0
42,241,15.484,240.7294803,15227.65435,0,0,0,0.005239,0.00524,0,0,0,0,0,0,0,0.021414956,0.002001406,0
42,241,15.484,240.7294803,15227.65435,1.6091,0,0,0,0,0,0,0,0,0,0,0,0.021414956,0.002001406,0
42,241,15.484,240.7294803,15227.65435,12.994,0,3.163,0.016555,0,0,0,0,0,0,0,0,0.021414956,0.002001406,0
42,241,15.484,240.7294803,15227.65435,0,0,0,0,0,0,0,0,0,0,0.276939,0,0.021414956,0.002001406,0
42,241,15.484,240.7294803,15227.65435,0.0055799,0,0,0,0,0,0,0,0,0,68.145,0,0.021414956,0.002001406,0
42,241,15.484,240.7294803,15227.65435,63.495,0,0,0,9.0733,0,0,0,0,0,0,0,0.021414956,0.002001406,0
42,241,15.484,240.7294803,15227.65435,0.042738,0,0,1.3084,0,0.014181,0,0,0,0,6.8079,0,0.021414956,0.002001406,0
42,241,15.484,240.7294803,15227.65435,0,0,0,0,0.062887,0.77421,0,0,0,0,0.37014,0,0.021414956,0.002001406,0
42,241,15.484,240.7294803,15227.65435,0.00644,0,0,0,0,0,0,0,0,0,7.2168,0,0.021414956,0.002001406,0
42,241,15.484,240.7294803,15227.65435,0.008333,0,0,0.008333,0.00524,0.79321,0,0,0,0,0,0,0.021414956,0.002001406,0
42,241,15.484,240.7294803,15227.65435,0,0,0,0.011074,11.167,0.786,0,0,0,0,15.3204,0,0.021414956,0.002001406,0
42,241,15.484,240.7294803,15227.65435,0,0,0,17.949,0,5.3213,0,0,0,0,6.8079,0,0.021414956,0.002001406,0
42,241,15.484,240.7294803,15227.65435,0.009021,0,0,24.36,0,0,0,0,0.35664,0,45.933,0,0.021414956,0.002001406,0
42,241,15.484,240.7294803,15227.65435,0,0,0,0.0083909,0,0,0,0,0,0,0,0,0.021414956,0.002001406,0
42,241,15.484,240.7294803,15227.65435,0.00524,0,0,3.4764,0,1.2883,0,0,0,0,0,0,0.021414956,0.002001406,0
42,241,15.484,240.7294803,15227.65435,3.2227,0,0,0.008333,0.008333,0,0,0,0,0,0,0,0.021414956,0.002001406,0
42,241,15.484,240.7294803,15227.65435,0.60993,0,0,0,0,0,0,0.8122,0,0,22.6218,0,0.021414956,0.002001406,0
42,241,15.484,240.7294803,15227.65435,0,0,0.012342,0,0.013746,0,0,0,0,0,34.872,0,0.021414956,0.002001406,0
42,241,15.484,240.7294803,15227.65435,0.005239,0,0,0,0,0.78189,0,0,0,0,0.151728,0,0.021414956,0.002001406,0
42,241,15.484,240.7294803,15227.65435,0.004864,0,0,0,0,0,24.186,0,0,0,0,0,0.021414956,0.002001406,0
42,241,15.484,240.7294803,15227.65435,0.008333,0,0.14787,0,0,0,0,0,0,0,0.151728,0,0.021414956,0.002001406,0
42,241,15.484,240.7294803,15227.65435,177.88,0,0,0,0.042129,0,0,0,0,0,6.4536,0,0.021414956,0.002001406,0
42,241,15.484,240.7294803,15227.65435,0,0,0,1.7556,0,0,0,0,0,0,3.8823,0,0.021414956,0.002001406,0
42,241,15.484,240.7294803,15227.65435,0,0,0,17.164,0.88295,0,0,0,0,0,1.08798,0,0.021414956,0.002001406,0
42,241,15.484,240.7294803,15227.65435,0.00524,0,0,0,0,0,0,0,0,0,0,0,0.021414956,0.002001406,0
42,241,15.484,240.7294803,15227.65435,0,0,0,44.381,0,0,0,0,0,0,0.151728,0,0.021414956,0.002001406,0
42,241,15.484,240.7294803,15227.65435,0.2494,0,0,0,0,0,0,0,0,0,0,0,0.021414956,0.002001406,0
42,241,15.484,240.7294803,15227.65435,0.16397,0,0,0,0,0,0,0,0,0,0.151728,0,0.021414956,0.002001406,0
42,241,15.484,240.7294803,15227.65435,0.00524,0,0,0.040274,0.014941,0,0,0,0,0,3.9018,0,0.021414956,0.002001406,0
42,241,15.484,240.7294803,15227.65435,0.018596,0,0,0.91042,2.2481,0,0,0,0,0,2.6931,0,0.021414956,0.002001406,0
42,241,15.484,240.7294803,15227.65435,0.008336,0,0,0.008333,0,0,0,0,0,0,4.8618,0,0.021414956,0.002001406,0
42,241,15.484,240.7294803,15227.65435,0,0,0,0.0011005,0.013573,0.005828,0,0,0,0,0.273372,0,0.021414956,0.002001406,0
42,241,15.484,240.7294803,15227.65435,0,0,0,0.015258,0,0,0.13028,0,0,0,1.41975,0,0.021414956,0.002001406,0
42,241,15.484,240.7294803,15227.65435,0.002031,0,0,0,0,0,0,0,0,0,0.151728,0,0.021414956,0.002001406,0
42,241,15.484,240.7294803,15227.65435,0.040702,0,0,0,0,0,0,0,0,0,0.151728,0,0.021414956,0.002001406,0
42,241,15.484,240.7294803,15227.65435,4.616,0,0,0,0,0,0,0,0,0,0.78174,0,0.021414956,0.002001406,0
42,241,15.484,240.7294803,15227.65435,0.008333,0,0,0,0,0,0,0,0,0,0,0,0.021414956,0.002001406,0
42,241,15.484,240.7294803,15227.65435,0,0,0,0,0.0057595,0.022157,0,0,0,0,0,0,0.021414956,0.002001406,0
42,241,15.484,240.7294803,15227.65435,0.000251,0,0,0,0.000063,0,0,0,0,0,27.5562,0,0.021414956,0.002001406,0
42,241,15.484,240.7294803,15227.65435,0.029004,0,0,0,0.081175,0.00524,0,0,0,0,0.151728,0,0.021414956,0.002001406,0
42,241,15.484,240.7294803,15227.65435,0.008333,0,0,0,0,0,0,0,0,0,0,0,0.021414956,0.002001406,0
42,241,15.484,240.7294803,15227.65435,0.0031025,0,0,0.007148,0.13896,0,0,0,0,0,15.7923,0,0.021414956,0.002001406,0
42,241,15.484,240.7294803,15227.65435,0,0,0,0.00036,0.007697,0,0,0,0,0,0.151728,0,0.021414956,0.002001406,0
42,241,15.484,240.7294803,15227.65435,0,0,0,0,0,0,0,0,0,0,0.70503,0,0.021414956,0.002001406,0
42,241,15.484,240.7294803,15227.65435,0,0,0,7.4028,0,0.004625,0.80877,0,0,0,0,0,0.021414956,0.002001406,0
42,241,15.484,240.7294803,15227.65435,0,0,0,0,0,0,0,0,0,0,0.151728,0,0.021414956,0.002001406,0
42,241,15.484,240.7294803,15227.65435,0.44516,0,0,0.000716,0,0,0,0,0,0,0.57,0,0.021414956,0.002001406,0
42,241,15.484,240.7294803,15227.65435,0,0,0,0,0.008475,0,0,0,0,0,0,0,0.021414956,0.002001406,0
42,241,15.484,240.7294803,15227.65435,0,0,0,0,0.023106,0,0.42744,0,0,0,1.17966,0,0.021414956,0.002001406,0
42,241,15.484,240.7294803,15227.65435,0.001267,0,0,0,0.23265,0,0,0,0,0,0.34593,0,0.021414956,0.002001406,0
42,241,15.484,240.7294803,15227.65435,0.051828,0,0,0.002508,0,0.014982,0,0,0,0,18.7944,0,0.021414956,0.002001406,0
42,241,15.484,240.7294803,15227.65435,0,0,0.013146,0,0,0,15.202,0,0,0,0,0,0.021414956,0.002001406,0
42,241,15.484,240.7294803,15227.65435,0.008333,0,0,4.6787,0,0,0,0,0,0,1.19187,0,0.021414956,0.002001406,0
42,241,15.484,240.7294803,15227.65435,0.006702,0,0,0.008333,0,0,0,0,0,0,0,0,0.021414956,0.002001406,0
42,241,15.484,240.7294803,15227.65435,0.16397,0,0,0,0,0,0,0,0,0,0,0,0.021414956,0.002001406,0
42,241,15.484,240.7294803,15227.65435,0,0,0,0,7.0738,0,0,0,0,0,0.151728,0,0.021414956,0.002001406,0
42,241,15.484,240.7294803,15227.65435,3.4031,0,0,0.030631,0,0,0,0,0,0,3.2364,0,0.021414956,0.002001406,0
42,241,15.484,240.7294803,15227.65435,0,0,0,0,0,0,0,0,0,0,1.84839,0,0.021414956,0.002001406,0
42,241,15.484,240.7294803,15227.65435,0.0068531,0,0,0,0,0,0,0,0,0,22.8018,0,0.021414956,0.002001406,0
42,241,15.484,240.7294803,15227.65435,0.008333,0,0,0.00524,0,0,0,0,0,0,0,0,0.021414956,0.002001406,0
42,241,15.484,240.7294803,15227.65435,3.5296,0,0,0,0,0,0,0,0,0,0.279615,0,0.021414956,0.002001406,0
42,241,15.484,240.7294803,15227.65435,0,0,0,2.0429,0.00524,0,0,0,0,0,0.279822,0,0.021414956,0.002001406,0
42,241,15.484,240.7294803,15227.65435,0.0088426,0,0,0.007148,2.1767,0,0.67845,0,0.015907,0,0.34434,0,0.021414956,0.002001406,0
42,241,15.484,240.7294803,15227.65435,0.18449,0,0,0,0,0,0,0,0,0,0.86343,0,0.021414956,0.002001406,0
42,241,15.484,240.7294803,15227.65435,0.008336,0,0,0,0,0,0,0,0,0,0.36174,0,0.021414956,0.002001406,0
42,241,15.484,240.7294803,15227.65435,4.119,0,0,123.21,0.008333,0,0.74966,0,0,0,0.78174,0,0.021414956,0.002001406,0
42,241,15.484,240.7294803,15227.65435,0.00524,0,0,0,76.072,0,0,0,0,0,5.2875,0,0.021414956,0.002001406,0
42,241,15.484,240.7294803,15227.65435,0,0,2.4044,0,0,0,0,0,0,0,0,0,0.021414956,0.002001406,0
42,241,15.484,240.7294803,15227.65435,0.001309,0,0,2.4911,0,0,0,0,0,0,2.37174,0,0.021414956,0.002001406,0
42,241,15.484,240.7294803,15227.65435,7.5139,0,0,9.0645,0,0,0,0,0,0,0.292407,0,0.021414956,0.002001406,0
42,241,15.484,240.7294803,15227.65435,0.002598,0,0,0,0.008333,0,0,0,0,0,5.2875,0,0.021414956,0.002001406,0
42,241,15.484,240.7294803,15227.65435,0.036852,0,0,0,0,0,0,0,0,0,0,0,0.021414956,0.002001406,0
42,241,15.484,240.7294803,15227.65435,0,0,0,0,0.007148,0,0,0,0,0,0,0,0.021414956,0.002001406,0
42,241,15.484,240.7294803,15227.65435,0,0,0.053861,0.008333,0.008763,0.014727,0,0,0,0,12.6336,0,0.021414956,0.002001406,0
42,241,15.484,240.7294803,15227.65435,43.582,0,0,0.0055919,0,0,0,0,0,0,1.57179,0,0.021414956,0.002001406,0
42,241,15.484,240.7294803,15227.65435,0,0,0,0,0,0,0,0,0,0,0.241728,0,0.021414956,0.002001406,0
42,241,15.484,240.7294803,15227.65435,0.000124,0,0,0,0.19458,0,0,0,0,0,29.7048,0,0.021414956,0.002001406,0
42,241,15.484,240.7294803,15227.65435,0.008333,0,0,0.31537,0.014941,0.008333,0,0,0,0,28.113,0,0.021414956,0.002001406,0
42,241,15.484,240.7294803,15227.65435,8.3439,0,0,0,2.6315,0,0,0,0,0,18.723,0,0.021414956,0.002001406,0
42,241,15.484,240.7294803,15227.65435,0.010338,0,0.01603,0,0,0.59584,0,0,0,0,0.27432,0,0.021414956,0.002001406,0
42,241,15.484,240.7294803,15227.65435,0.007353,0,0,0,0,0.000012,0,0,0,0,1.47252,0,0.021414956,0.002001406,0
42,241,15.484,240.7294803,15227.65435,0.005239,0,0,3.325,0.00524,0.057823,0,0,0,0,0,0,0.021414956,0.002001406,0
42,241,15.484,240.7294803,15227.65435,0.008333,0,0,0.020575,0,0,0.13028,0,0,0,11.9625,0,0.021414956,0.002001406,0
42,241,15.484,240.7294803,15227.65435,0.071675,0,0,0,0.013518,0,0,0,0,0,0,0,0.021414956,0.002001406,0
42,241,15.484,240.7294803,15227.65435,0,0,0,0,0,0,0,0,0,0,0,0,0.021414956,0.002001406,0
42,241,15.484,240.7294803,15227.65435,0.032101,0,0,0,0,0,0,0,0,0,0.151728,0,0.021414956,0.002001406,0
42,241,15.484,240.7294803,15227.65435,0.006702,0,0,0,0.008333,0,0,0,0,0,0,0,0.021414956,0.002001406,0
42,241,15.484,240.7294803,15227.65435,0,0,0,0,0.002031,0.79323,0,0,0,0,22.6218,0,0.021414956,0.002001406,0
42,241,15.484,240.7294803,15227.65435,0,0,0,0,0.001192,0.78099,0,0,0,0,0.151728,0,0.021414956,0.002001406,0
42,241,15.484,240.7294803,15227.65435,0,0,0,0,0,0.78238,0.80877,0,0,0,5.0757,0,0.021414956,0.002001406,0
42,241,15.484,240.7294803,15227.65435,0.062194,0,0,0.00524,0,0,0,0,0,0,14.8218,0,0.021414956,0.002001406,0
42,241,15.484,240.7294803,15227.65435,3.5296,0,0,0.01048,0,0,0,0,0,0,0.151728,0,0.021414956,0.002001406,0
42,241,15.484,240.7294803,15227.65435,0,0,0,0,0,0,0,0,0,0,1.42239,0,0.021414956,0.002001406,0
42,241,15.484,240.7294803,15227.65435,1.366,0,0,0.0055919,0,0,0,0,0,0,32.442,0,0.021414956,0.002001406,0
42,241,15.484,240.7294803,15227.65435,0,0,0,0.0083909,2.1767,0,0,0,0,0,13.494,0,0.021414956,0.002001406,0
42,241,15.484,240.7294803,15227.65435,0.010364,0,0,0.73108,0,0.000024,0,0,0,0,0.87174,0,0.021414956,0.002001406,0
42,241,15.484,240.7294803,15227.65435,0.00644,0,0,0,0,0,0,0,0,0,5.0718,0,0.021414956,0.002001406,0
42,241,15.484,240.7294803,15227.65435,0.052214,0,0,44.381,0.002139,0,0,0,0,0,0.151728,0,0.021414956,0.002001406,0
42,241,15.484,240.7294803,15227.65435,13.595,0,0,3.1662,0,0,0,0,0,0,0,0,0.021414956,0.002001406,0
42,241,15.484,240.7294803,15227.65435,0,0,0,0,0.003538,0,0,0,0,0,69.483,0,0.021414956,0.002001406,0
42,241,15.484,240.7294803,15227.65435,0,0,0,0.16809,0,0.089117,0,0,0,0,6.5418,0,0.021414956,0.002001406,0
42,241,15.484,240.7294803,15227.65435,4.8879,0,0,6.9518,0.005239,0,0,0,0,0,1.70622,0,0.021414956,0.002001406,0
42,241,15.484,240.7294803,15227.65435,52.722,0,0,0,0,0,0,0,0,0,0,0,0.021414956,0.002001406,0
42,241,15.484,240.7294803,15227.65435,0.026942,0,0,46.554,0,0,0,0,0,0,0.279489,0,0.021414956,0.002001406,0
42,241,15.484,240.7294803,15227.65435,0,0,0,0.008333,51.372,0.78189,0,0,0,0,9.5499,0,0.021414956,0.002001406,0
42,241,15.484,240.7294803,15227.65435,6.87,0,0.80154,0,0,0,0,0,0,0,10.3692,0,0.021414956,0.002001406,0
42,241,15.484,240.7294803,15227.65435,0.00644,0,0,0,0.27367,0,19.544,0,0,0,11.6058,0,0.021414956,0.002001406,0
42,241,15.484,240.7294803,15227.65435,0,0,0,0.002011,0.008333,0,0,0,0,0,16.0221,0,0.021414956,0.002001406,0
42,241,15.484,240.7294803,15227.65435,0.0059398,0,0.39826,0,0,0,0,0,0,0,0,0,0.021414956,0.002001406,0
42,241,15.484,240.7294803,15227.65435,0.042738,0,0,0.007148,0.008333,0,0,0,0,0,8.6688,0,0.021414956,0.002001406,0
42,241,15.484,240.7294803,15227.65435,0.045123,0,0,0,0.005239,0,0,0,0,0,0,0,0.021414956,0.002001406,0
42,241,15.484,240.7294803,15227.65435,0.020418,0,0,0.009056,0.2943,0,0,0,0,0,0,0,0.021414956,0.002001406,0
42,241,15.484,240.7294803,15227.65435,8.933,0,0,0.02647,0,0,0,0,0,0,0,0,0.021414956,0.002001406,0
42,241,15.484,240.7294803,15227.65435,0.00524,0,0,0,0.008333,0,0,0,0,0,3.4635,0,0.021414956,0.002001406,0
42,241,15.484,240.7294803,15227.65435,0.001009,0,0,0,0.16189,0.060187,0,0,0,0,0,0,0.021414956,0.002001406,0
42,241,15.484,240.7294803,15227.65435,0,0,0,0,0,0,0,0,0,0,0,0,0.021414956,0.002001406,0
42,241,15.484,240.7294803,15227.65435,0.002784,0,0,0,0,0,0,0,0,0,0,0,0.021414956,0.002001406,0
42,241,15.484,240.7294803,15227.65435,0,0,0,0.11621,0,0,0,0,0,0,0.151728,0,0.021414956,0.002001406,0
42,241,15.484,240.7294803,15227.65435,0.020885,0,0,0,0,0,0,0,0,0,7.6818,0,0.021414956,0.002001406,0
42,241,15.484,240.7294803,15227.65435,0,0,0,0,0,0,0,0,0,0,27.6384,0,0.021414956,0.002001406,0
42,241,15.484,240.7294803,15227.65435,0,0,0,0.001326,2.6315,0,0,0,0,0,8.5644,0,0.021414956,0.002001406,0
42,241,15.484,240.7294803,15227.65435,0.023705,0,0,0,0,0,0,0,0,0,176.907,0,0.021414956,0.002001406,0
42,241,15.484,240.7294803,15227.65435,0.048638,0,0,0,0,0,0,0,0,0,0,0,0.021414956,0.002001406,0
42,241,15.484,240.7294803,15227.65435,0,0,0,0,4.5941,0,0.67053,0,0,0,0.151728,0,0.021414956,0.002001406,0
42,241,15.484,240.7294803,15227.65435,3.0031,0,0,0,0,0,0,0,0,0,0,0,0.021414956,0.002001406,0
42,241,15.484,240.7294803,15227.65435,0.41786,0,0,0,0,0,0,0,0,0,12.3399,0,0.021414956,0.002001406,0
42,241,15.484,240.7294803,15227.65435,0,0,0,0,26.765,0,0,0,0,0,0,0,0.021414956,0.002001406,0
42,241,15.484,240.7294803,15227.65435,0.17903,0,0,0.008336,15.439,0,0,0,0,0,4.3869,0,0.021414956,0.002001406,0
42,241,15.484,240.7294803,15227.65435,0.043527,0,1.7534,0,7.8711,0,0,0,0,0,0,0,0.021414956,0.002001406,0
42,241,15.484,240.7294803,15227.65435,0.005979,0,0,0,0,0,0,0,0,0,13.494,0,0.021414956,0.002001406,0
42,241,15.484,240.7294803,15227.65435,0,0,0,1.1174,0.030662,0,0,0,0,0,0.151728,0,0.021414956,0.002001406,0
42,241,15.484,240.7294803,15227.65435,0,0,0,0.00644,0.035884,0,0,0,0,0,29.4918,0,0.021414956,0.002001406,0
42,241,15.484,240.7294803,15227.65435,0,0,0,0.008333,0.19458,0,0,0,0,0,0.273384,0,0.021414956,0.002001406,0
42,241,15.484,240.7294803,15227.65435,0.13074,0,0,0,0.007102,0,0,0,0,0,2.3544,0,0.021414956,0.002001406,0
42,241,15.484,240.7294803,15227.65435,0.075337,0,0,0,0.000078,0,0,0,0,0,0.151728,0,0.021414956,0.002001406,0
42,241,15.484,240.7294803,15227.65435,0.34912,0,0,0.0025559,46.767,0,0,0,0,0,0,0,0.021414956,0.002001406,0
42,241,15.484,240.7294803,15227.65435,0.41786,0,0,0.097569,0.008321,0,0,0,0,0,7.8042,0,0.021414956,0.002001406,0
42,241,15.484,240.7294803,15227.65435,0,0,0,0,0.68784,0,0,0,0,0,0.290478,0,0.021414956,0.002001406,0
42,241,15.484,240.7294803,15227.65435,0.37708,0,0,7.7379,0.008333,0,0,0,0,0,2.3544,0,0.021414956,0.002001406,0
42,241,15.484,240.7294803,15227.65435,0.008333,0,0,0,0.049462,0,0.059897,0,0,0,3.8823,0,0.021414956,0.002001406,0
42,241,15.484,240.7294803,15227.65435,0.007148,0,0,2.2294,0,0,0,0,0,0,0.151728,0,0.021414956,0.002001406,0
42,241,15.484,240.7294803,15227.65435,0.012671,0,0,0.008333,0,0,0,0,0,0,0,0,0.021414956,0.002001406,0
42,241,15.484,240.7294803,15227.65435,0.010963,0,0,0.020575,4.6708,0,11.551,0,0,0,0,0,0.021414956,0.002001406,0
42,241,15.484,240.7294803,15227.65435,0,0,0,0.00833,0.0094073,0.00097,0,0,0,0,0.27948,0,0.021414956,0.002001406,0
42,241,15.484,240.7294803,15227.65435,13.595,0,0,0,0,0,0,0,0,0,0.27711,0,0.021414956,0.002001406,0
42,241,15.484,240.7294803,15227.65435,0,0,0,0,0.0094073,0,132.95,0,0,0,0,0,0.021414956,0.002001406,0
42,241,15.484,240.7294803,15227.65435,0,0,0,0,14.269,0,0,0,0,0,0,0,0.021414956,0.002001406,0
42,241,15.484,240.7294803,15227.65435,46.878,0,0,0.21079,0.52975,0,0,0,0,0,0,0,0.021414956,0.002001406,0
42,241,15.484,240.7294803,15227.65435,4.3384,0,0,6.0441,0,0,0,0,0,0,0.151728,0,0.021414956,0.002001406,0
42,241,15.484,240.7294803,15227.65435,0,0,0,0,0.000688,0,0,0,0,0,8.3928,0,0.021414956,0.002001406,0
42,241,15.484,240.7294803,15227.65435,0.001009,0,0,0.13825,0.14993,0,0,0,0,0,0.273021,0,0.021414956,0.002001406,0
42,241,15.484,240.7294803,15227.65435,0,0,0,0,0,0,0,0,0,0,0.3897,0,0.021414956,0.002001406,0
42,241,15.484,240.7294803,15227.65435,0,0,0,0,0,2.3282,0,0,0,0,15.0003,0,0.021414956,0.002001406,0
42,241,15.484,240.7294803,15227.65435,5.0534,0,0,0.000251,0.0014495,0,0,0,0,0,0.151728,0,0.021414956,0.002001406,0
42,241,15.484,240.7294803,15227.65435,0.012154,0,0,0,0,0,0.13028,0,0,0,0,0,0.021414956,0.002001406,0
42,241,15.484,240.7294803,15227.65435,0.58468,0,11.622,0.002139,0,0,0,0,0,0,0,0,0.021414956,0.002001406,0
42,241,15.484,240.7294803,15227.65435,0,0,0,0.0084875,0.00524,0,0,0,0,0,0.181728,0,0.021414956,0.002001406,0
42,241,15.484,240.7294803,15227.65435,4.6688,0,0,0,0,0,0,0,0,0,6.2754,0,0.021414956,0.002001406,0
42,241,15.484,240.7294803,15227.65435,0.008333,0,0.005239,0,1.4315,0,0,0.79321,0,0,1.17966,0,0.021414956,0.002001406,0
42,241,15.484,240.7294803,15227.65435,6.0739,0,0,0,0,0,0,0,0,0,0,0,0.021414956,0.002001406,0
42,241,15.484,240.7294803,15227.65435,0.0097975,0,0,0,0,0,0.021726,0,0,0,0.151728,0,0.021414956,0.002001406,0
42,241,15.484,240.7294803,15227.65435,0.091719,0,0,0,0.62723,0,0,0,0,0,1.57107,0,0.021414956,0.002001406,0
42,241,15.484,240.7294803,15227.65435,0,0,0,0.007148,0,0,0,0,0,0,60.207,0,0.021414956,0.002001406,0
42,241,15.484,240.7294803,15227.65435,0,0,0,0.27226,0.008335,0,172.66,0,0,0,0.151728,0,0.021414956,0.002001406,0
42,241,15.484,240.7294803,15227.65435,0,0,0,0,0.010479,0,0,0,0,0,0,0,0.021414956,0.002001406,0
42,241,15.484,240.7294803,15227.65435,0,0,0,0.008333,1.4315,0,0,0,0,0,0,0,0.021414956,0.002001406,0
42,241,15.484,240.7294803,15227.65435,0,0,0,0,0.47436,0,0,0,0,0,2.22174,0,0.021414956,0.002001406,0
42,241,15.484,240.7294803,15227.65435,0.002598,0,0,0,0,0,35.433,0,0,0,68.145,0,0.021414956,0.002001406,0
42,241,15.484,240.7294803,15227.65435,0,0,0,0,0,0,0,0,0,0,1.62048,0,0.021414956,0.002001406,0
42,241,15.484,240.7294803,15227.65435,0,0,0,0,0,0,0,0,0,0,0.37014,0,0.021414956,0.002001406,0
42,241,15.484,240.7294803,15227.65435,0,0,0,0,0,0,0,0,0,0,0,0,0.021414956,0.002001406,0
42,241,15.484,240.7294803,15227.65435,0.020885,0,0,0,11.928,0,18.313,0,0,0,0,0,0.021414956,0.002001406,0
42,241,15.484,240.7294803,15227.65435,0.00524,0,1.444,0.007102,0.73688,0.78445,0,0,0,0,0.86343,0,0.021414956,0.002001406,0
42,241,15.484,240.7294803,15227.65435,0,0,0,0,0,0,0,0,0,0,0,0,0.021414956,0.002001406,0
42,241,15.484,240.7294803,15227.65435,0,0,0,0.008333,0.008332,0,0.42744,0,0,0,3.6486,0,0.021414956,0.002001406,0
42,241,15.484,240.7294803,15227.65435,0,0,0,1.0487,0.005239,0,0,0,0,0,0.151728,0,0.021414956,0.002001406,0
42,241,15.484,240.7294803,15227.65435,0,0,0,0,0,0,0,0,0,0,0,0,0.021414956,0.002001406,0
42,241,15.484,240.7294803,15227.65435,0,0,0,4.3441,0.026162,0,0,0,0,0,0,0,0.021414956,0.002001406,0
42,241,15.484,240.7294803,15227.65435,0.020418,0,0,0,7.0112,0,0,0,36.577,0,0,0,0.021414956,0.002001406,0
42,241,15.484,240.7294803,15227.65435,0,0,0,0.002741,1.3478,0,0,0,0,0,10.6818,0,0.021414956,0.002001406,0
42,241,15.484,240.7294803,15227.65435,0,0,0,0,0,0,0,0,0,0,0.151728,0,0.021414956,0.002001406,0
42,241,15.484,240.7294803,15227.65435,0,0,0,0,0,0,0,0,0,0,0,0,0.021414956,0.002001406,0
42,241,15.484,240.7294803,15227.65435,0,0,0,0,0.007102,0,0,0,0,0,0.273324,0,0.021414956,0.002001406,0
42,241,15.484,240.7294803,15227.65435,0.48229,0,0,0,0,0,0,0,0,0,0.151728,0,0.021414956,0.002001406,0
42,241,15.484,240.7294803,15227.65435,0.032101,0,0,0,0,0,0,0,0,0,1.31526,0,0.021414956,0.002001406,0
42,241,15.484,240.7294803,15227.65435,0.00524,0,0,0,0.0001875,0,0,0,0,0,0.151728,0,0.021414956,0.002001406,0
42,241,15.484,240.7294803,15227.65435,0.032101,0,0,0,0.018484,0,0,0,0,0,5.1363,0,0.021414956,0.002001406,0
42,241,15.484,240.7294803,15227.65435,0,0,0,0,2.8291,0,0,0,0,0,0,0,0.021414956,0.002001406,0
42,241,15.484,240.7294803,15227.65435,1.1984,0,0,0,0,0,0,0,0,0,0,0,0.021414956,0.002001406,0
42,241,15.484,240.7294803,15227.65435,0.010054,0,0,0.01254,0,0,21.515,0,0,0,8.6688,0,0.021414956,0.002001406,0
42,241,15.484,240.7294803,15227.65435,0.00062,0,0.0021738,0,0.016012,0,0,0,0,0,0.84174,0,0.021414956,0.002001406,0
42,241,15.484,240.7294803,15227.65435,5.0534,0,0,0,0.013476,0,0,0,0,0,16.3047,0,0.021414956,0.002001406,0
42,241,15.484,240.7294803,15227.65435,0.018596,0,0,0,0.002868,0,0,0,0,0,10.9077,0,0.021414956,0.002001406,0
42,241,15.484,240.7294803,15227.65435,5.15,0,0,0,0,0,0,0,0,0,0.181728,0,0.021414956,0.002001406,0
42,241,15.484,240.7294803,15227.65435,0.73427,0,0,0,0.008333,0,0,0,0,0,0.283572,0,0.021414956,0.002001406,0
42,241,15.484,240.7294803,15227.65435,0.005239,0,0,0,0.030073,0,0,0,0,0,0,0,0.021414956,0.002001406,0
42,241,15.484,240.7294803,15227.65435,0,0,0,0,0,0,0,0,0,0,6.2754,0,0.021414956,0.002001406,0
42,241,15.484,240.7294803,15227.65435,0.00524,0,0,0,0,0,0,0,0,0,5.0718,0,0.021414956,0.002001406,0
42,241,15.484,240.7294803,15227.65435,1.898,0,0,0,8.0698,0,0,0,0,0,13.5936,0,0.021414956,0.002001406,0
42,241,15.484,240.7294803,15227.65435,0.001434,0,0,0,0,0,0,0,0,0,2.6481,0,0.021414956,0.002001406,0
42,241,15.484,240.7294803,15227.65435,0.001267,0,1.1591,0.0027505,5.9309,0,0,0,0,0,0.151728,0,0.021414956,0.002001406,0
42,241,15.484,240.7294803,15227.65435,0.008335,0,0,1.1486,0,0,0,0,0,0,0.285792,0,0.021414956,0.002001406,0
42,241,15.484,240.7294803,15227.65435,0,0,0,20.576,3.0251,0,0,0,0,0,3.3018,0,0.021414956,0.002001406,0
42,241,15.484,240.7294803,15227.65435,0.003538,0,0,0,0.001493,0.90378,14.243,0,0,0,198.603,0,0.021414956,0.002001406,0
42,241,15.484,240.7294803,15227.65435,0.39529,0,0,0,0,0,0,0,0,0,15.9147,0,0.021414956,0.002001406,0
42,241,15.484,240.7294803,15227.65435,0,0,0,0,0.000688,0,0,0,0,0,0,0,0.021414956,0.002001406,0
42,241,15.484,240.7294803,15227.65435,0,0,0,0,0,0,0,0,0,0,16.6719,0,0.021414956,0.002001406,0
42,241,15.484,240.7294803,15227.65435,0,0,0.79446,0,0,0,0,0,0,0,0.151728,0,0.021414956,0.002001406,0
42,241,15.484,240.7294803,15227.65435,6.0303,0,0,0,0,0,0,0,0,0,2.10972,0,0.021414956,0.002001406,0
42,241,15.484,240.7294803,15227.65435,0,0,0,0.25593,0.44929,0,0,0,0,0,0.65616,0,0.021414956,0.002001406,0
42,241,15.484,240.7294803,15227.65435,0,0,0,0.020575,0,0,0,0,0,0,0.278703,0,0.021414956,0.002001406,0
42,241,15.484,240.7294803,15227.65435,3.0031,0,0,0,0,0,0,0,3.6654,0,0,0,0.021414956,0.002001406,0
42,241,15.484,240.7294803,15227.65435,0.000376,0,0,12.177,1.3024,0,0,0,0,0,1.47252,0,0.021414956,0.002001406,0
42,241,15.484,240.7294803,15227.65435,0.60993,0,0,0,0,0,0,0,0,0,0,0,0.021414956,0.002001406,0
42,241,15.484,240.7294803,15227.65435,1.7741,0,0,0,0,0,0,0,0,0,78.063,0,0.021414956,0.002001406,0
42,241,15.484,240.7294803,15227.65435,4.282,0,0.008064,0,0,0,0,0,0,0,0,0,0.021414956,0.002001406,0
42,241,15.484,240.7294803,15227.65435,0.00644,0,0,0,0,0,0,0,0,0,68.145,0,0.021414956,0.002001406,0
42,241,15.484,240.7294803,15227.65435,0.005769,0,0,0.014602,0,0,0,0,0,0,0,0,0.021414956,0.002001406,0
42,241,15.484,240.7294803,15227.65435,1.2774,0,0,0,0,0,0,0,0,0,0.151728,0,0.021414956,0.002001406,0
42,241,15.484,240.7294803,15227.65435,0,0,0.00014,0.003538,0.001669,0,20.673,0,0,0,1.62018,0,0.021414956,0.002001406,0
42,241,15.484,240.7294803,15227.65435,0,0,0,0,0,0,5.3904,0,0,0,1.65174,0,0.021414956,0.002001406,0
42,241,15.484,240.7294803,15227.65435,0.0094528,0,0,0,0,0.77921,0,0,0,0,0.151728,0,0.021414956,0.002001406,0
42,241,15.484,240.7294803,15227.65435,4.616,0,0,0,0.005239,0,0,0,0,0,3.6486,0,0.021414956,0.002001406,0
42,241,15.484,240.7294803,15227.65435,0.008333,0,0.80154,0.48873,0,0,0,0,0,0,0,0,0.021414956,0.002001406,0
42,241,15.484,240.7294803,15227.65435,0,0,0,0,56.549,0,0,0,0,0,0.151728,0,0.021414956,0.002001406,0
42,241,15.484,240.7294803,15227.65435,0.008333,0,0,0,0.00524,0.77921,0,0,0,0,18.3318,0,0.021414956,0.002001406,0
42,241,15.484,240.7294803,15227.65435,0.00753,0,0,0,0,0.080373,0,0,0.0087405,0,0.151728,0,0.021414956,0.002001406,0
42,241,15.484,240.7294803,15227.65435,0.0097975,0,0,0,0,0,0,0,0,0,61.47,0,0.021414956,0.002001406,0
42,241,15.484,240.7294803,15227.65435,0.001009,0,0,0,0,0.78099,0,0.38777,0,0,1.84839,0,0.021414956,0.002001406,0
42,241,15.484,240.7294803,15227.65435,0,0,0,197.85,0,0,0,0,0,0,0,0,0.021414956,0.002001406,0
42,241,15.484,240.7294803,15227.65435,0,0,0,0.37527,0,0,0,0,0,0,7.6407,0,0.021414956,0.002001406,0
42,241,15.484,240.7294803,15227.65435,0.21588,0,0,0,0,0,0,0,0,0,0.151728,0,0.021414956,0.002001406,0
42,241,15.484,240.7294803,15227.65435,0.007221,0,0,2.8113,0,0,0,0,0,0,1.62018,0,0.021414956,0.002001406,0
42,241,15.484,240.7294803,15227.65435,0.00387,0,0,0.19366,0,0,0,0,0,0,0.37014,0,0.021414956,0.002001406,0
42,241,15.484,240.7294803,15227.65435,0,0,0,0,0,3.738,0,0,0,0,0.151728,0,0.021414956,0.002001406,0
42,241,15.484,240.7294803,15227.65435,0,0,0,0,0,0,0,0,0,0,0,0,0.021414956,0.002001406,0
42,241,15.484,240.7294803,15227.65435,5.6933,0,0,0.054581,0,0,52.387,0,0,0,17.3325,0,0.021414956,0.002001406,0
42,241,15.484,240.7294803,15227.65435,0.00524,0,0,0,0.059735,0,0,0,0,0,8.3928,0,0.021414956,0.002001406,0
42,241,15.484,240.7294803,15227.65435,0,0,0,0.086213,0.002139,0,0,0,0.00036,0,1.02351,0,0.021414956,0.002001406,0
42,241,15.484,240.7294803,15227.65435,0.008332,0,0,8.1583,0,0,0,0,0,0,0.151728,0,0.021414956,0.002001406,0
42,241,15.484,240.7294803,15227.65435,0,0,0,0,0.011532,0,0,0,0,0,0,0,0.021414956,0.002001406,0
42,241,15.484,240.7294803,15227.65435,184.67,0,0,4.6787,13.034,0,0,0,0,0,0,0,0.021414956,0.002001406,0
42,241,15.484,240.7294803,15227.65435,49.011,0,0,0.0002525,0,0,27.295,0,0,0,0,0,0.021414956,0.002001406,0
42,241,15.484,240.7294803,15227.65435,0,0,0,0,0,0,0,0,0,0,0,0,0.021414956,0.002001406,0
42,241,15.484,240.7294803,15227.65435,15.2,0,0,0,0,0,0.13028,0,0,0,3.9018,0,0.021414956,0.002001406,0
42,241,15.484,240.7294803,15227.65435,0.050392,0,0,0,0,0,0,0,0,0,7.2168,0,0.021414956,0.002001406,0
42,241,15.484,240.7294803,15227.65435,5.5802,0,0,0,0,0,0,0,0,0,0,0,0.021414956,0.002001406,0
42,241,15.484,240.7294803,15227.65435,0.067102,0,0,0.001677,0.00524,0,0,0,0,0,0.151728,0,0.021414956,0.002001406,0
42,241,15.484,240.7294803,15227.65435,6.0303,0,0,0,0,0,0,0,0,0,198.603,0,0.021414956,0.002001406,0
42,241,15.484,240.7294803,15227.65435,0.0083909,0,0,0.030631,0,0,0,0,0,0,65.781,0,0.021414956,0.002001406,0
42,241,15.484,240.7294803,15227.65435,0.016858,0,0,0,0.0033865,0,0,0,0,0,0.151728,0,0.021414956,0.002001406,0
42,241,15.484,240.7294803,15227.65435,0.65673,0,0,0,0.030964,0,0,0,0,0,0,0,0.021414956,0.002001406,0
42,241,15.484,240.7294803,15227.65435,0,0,0,0,0,0.79321,0,0,0,0,1.17966,0,0.021414956,0.002001406,0
42,241,15.484,240.7294803,15227.65435,0.019152,0,0.007613,0,0,2.879,0,0,0,0,9.5499,0,0.021414956,0.002001406,0
42,241,15.484,240.7294803,15227.65435,0.34912,0,0,0,0,0,0,0,0,0,0,0,0.021414956,0.002001406,0
42,241,15.484,240.7294803,15227.65435,0.0098678,0,0,0.011074,0.37101,0,0,0,0,0,4.1406,0,0.021414956,0.002001406,0
42,241,15.484,240.7294803,15227.65435,0,0,0,0,0.00524,0,76.126,0,0,0,0,0,0.021414956,0.002001406,0
42,241,15.484,240.7294803,15227.65435,0.011957,0,0,8.5618,0,0,0,0,0,0,0,0,0.021414956,0.002001406,0
42,241,15.484,240.7294803,15227.65435,0.008333,0,0,0.003346,0,0,0.13028,0,0,0,7.1259,0,0.021414956,0.002001406,0
42,241,15.484,240.7294803,15227.65435,0,0,0,0.000124,0.000063,0,0,0,0,0,0,0,0.021414956,0.002001406,0
42,241,15.484,240.7294803,15227.65435,0,0,0,0.03272,0,0,0,0,0,0,0.151728,0,0.021414956,0.002001406,0
42,241,15.484,240.7294803,15227.65435,0,0,0,6.376,0.78045,0.78033,0,0,0,0,41.715,0,0.021414956,0.002001406,0
42,241,15.484,240.7294803,15227.65435,0.00524,0,0,0,0,1.5701,0,0,0,0,41.715,0,0.021414956,0.002001406,0
42,241,15.484,240.7294803,15227.65435,46.059,0,0,0,0.027306,0,0,0,0,0,4.8864,0,0.021414956,0.002001406,0
42,241,15.484,240.7294803,15227.65435,0.003539,0,0,0,0,1.9376,0.008333,0,0,0,0,0,0.021414956,0.002001406,0
42,241,15.484,240.7294803,15227.65435,0,0,0,0.0029965,0,0,0,0,0,0,0.151728,0,0.021414956,0.002001406,0
42,241,15.484,240.7294803,15227.65435,0,0,0,0,0.002031,0,0,0,0,0,0.151728,0,0.021414956,0.002001406,0
42,241,15.484,240.7294803,15227.65435,2.2494,0,49.422,0,0,0,0,0,0,0,0.151728,0,0.021414956,0.002001406,0
42,241,15.484,240.7294803,15227.65435,0,0,0,0.005239,0.00524,0,0,0,0,0,0.151728,0,0.021414956,0.002001406,0
42,241,15.484,240.7294803,15227.65435,0,0,0,0,0,0,0,0,0,0,0,0,0.021414956,0.002001406,0
43,242,6.436,546.0595571,34541.70292,0.008333,0,0,0,0,0,0,0,0,0,1.95174,6.85281809,0.048980103,0.004577598,0
43,242,6.436,546.0595571,34541.70292,0,0,0,0.010558,0.008335,0,0,0,4.8808,0,0.44541,2.473634728,0.048980103,0.004577598,0
43,242,6.436,546.0595571,34541.70292,0,0,0,0,9.8934,0,0,0,0,0,123.459,2.473634728,0.048980103,0.004577598,0
43,242,6.436,546.0595571,34541.70292,1.1697,0,0,0.018148,0,0,0,0,0,0,0,3.933904712,0.048980103,0.004577598,0
43,242,6.436,546.0595571,34541.70292,0,0,0,0,0.018484,0,0,0,0,0,0.9426,1.953939646,0.048980103,0.004577598,0
43,242,6.436,546.0595571,34541.70292,0.078253,0,0,1.6635,0,0,0,0,0,0,0,1.629841853,0.048980103,0.004577598,0
43,242,6.436,546.0595571,34541.70292,6.3539,0,0,0,6.873,0.79321,0,0,0,0,3.1278,2.282103912,0.048980103,0.004577598,0
43,242,6.436,546.0595571,34541.70292,0.00524,0,0,0,0,0,0,0,0,0,5.1444,1.600969904,0.048980103,0.004577598,0
43,242,6.436,546.0595571,34541.70292,6.0739,0,0,0,0,0,0,0,0,0,3.4872,19.16080795,0.048980103,0.004577598,0
43,242,6.436,546.0595571,34541.70292,0,0,0,45.052,0.008336,0,0,0,0,0,29.4918,3.933904712,0.048980103,0.004577598,0
43,242,6.436,546.0595571,34541.70292,28.979,0,0,0,0,0,0.13028,0,0,0,0.151728,0.496109546,0.048980103,0.004577598,0
43,242,6.436,546.0595571,34541.70292,0,0,0,0.007148,0.27367,0,0,0,0,0,0,57.83043216,0.048980103,0.004577598,0
43,242,6.436,546.0595571,34541.70292,0,0,0,0,0,4.0019,171.91,0,0,0,0.9426,6.509873784,0.048980103,0.004577598,0
43,242,6.436,546.0595571,34541.70292,0,0,0,0.3794,0,0,137.34,0,0,0,0.181728,3.27635624,0.048980103,0.004577598,0
43,242,6.436,546.0595571,34541.70292,0,0,0,0,0.21081,0,0,0,0,0,12.2682,57.83043216,0.048980103,0.004577598,0
43,242,6.436,546.0595571,34541.70292,0.00644,0,0,0,0,0,0.13028,0,0,0,0,8.563989377,0.048980103,0.004577598,0
43,242,6.436,546.0595571,34541.70292,0.008333,0,0,0,0.013746,0,0,0,0,0,69.483,3.370698383,0.048980103,0.004577598,0
43,242,6.436,546.0595571,34541.70292,52.722,0,0,0,0,0,0,0,0,0,55.917,7.432290306,0.048980103,0.004577598,0
43,242,6.436,546.0595571,34541.70292,0,0,0,0,0.001669,0,0,0,0,0,3.3057,4.286874454,0.048980103,0.004577598,0
43,242,6.436,546.0595571,34541.70292,0.009056,0,0.000376,0,0,0,0,0,0,0,0,1.953939646,0.048980103,0.004577598,0
43,242,6.436,546.0595571,34541.70292,0,0,0.002031,0,0,0,0,0,0,0,0.151728,3.370698383,0.048980103,0.004577598,0
43,242,6.436,546.0595571,34541.70292,0,0,0,0,0,0,0,0,0,0,0,3.66575417,0.048980103,0.004577598,0
43,242,6.436,546.0595571,34541.70292,7.5139,0,0,0.041531,0,0.000273,0,0,0,0,7.2168,0.506275725,0.048980103,0.004577598,0
43,242,6.436,546.0595571,34541.70292,0,0,0.17841,0,0,0.50544,0,0,0,0,0,3.294248715,0.048980103,0.004577598,0
43,242,6.436,546.0595571,34541.70292,0,0,0,0,0,0,0,0,0,0,2.13174,1.912461635,0.048980103,0.004577598,0
43,242,6.436,546.0595571,34541.70292,0.008333,0,0,0,0,4.0839,0,0,0,0,0.151728,6.438851272,0.048980103,0.004577598,0
43,242,6.436,546.0595571,34541.70292,0.00524,0,0,0,0.024251,0,0,0,0,0,0.280578,1.912461635,0.048980103,0.004577598,0
43,242,6.436,546.0595571,34541.70292,0,0,0,0,0,0,0,0,0,0,0.151728,13.20935554,0.048980103,0.004577598,0
43,242,6.436,546.0595571,34541.70292,0.00014,0,0,0,0,0,0,0,0,0,0.151728,9.094257285,0.048980103,0.004577598,0
43,242,6.436,546.0595571,34541.70292,0.0021738,0,0.017841,0.097569,0,0,0,0,0,0,12.3399,3.370698383,0.048980103,0.004577598,0
43,242,6.436,546.0595571,34541.70292,0,0,0,0.068295,0,0.78245,0,0,0,0,0.9426,6.438851272,0.048980103,0.004577598,0
43,242,6.436,546.0595571,34541.70292,0.002031,0,0,1.4153,3.3385,0,0,0,0,0,0,1.753869239,0.048980103,0.004577598,0
43,242,6.436,546.0595571,34541.70292,0.12208,0,0,0,0,0,0,0,0,0,0,2.550491043,0.048980103,0.004577598,0
43,242,6.436,546.0595571,34541.70292,0.00014,0,6.8868,0.067813,0,0,0,0,0,0,0.151728,7.432290306,0.048980103,0.004577598,0
43,242,6.436,546.0595571,34541.70292,0.010521,0,0,0,0,0,0,0,0,0,0,81.9106449,0.048980103,0.004577598,0
43,242,6.436,546.0595571,34541.70292,0.007353,0,0,0,0.010122,0,0,0,0,0,0.151728,13.20935554,0.048980103,0.004577598,0
43,242,6.436,546.0595571,34541.70292,0,0,0,21.886,0.005239,0,0,0,0,0,0.84174,57.7672295,0.048980103,0.004577598,0
43,242,6.436,546.0595571,34541.70292,0,0,0,0.021906,1.5408,0,0,0,0,0,0,13.58857149,0.048980103,0.004577598,0
43,242,6.436,546.0595571,34541.70292,0,0,0,0,0.008333,0,0,0,0,0,0.151728,3.294248715,0.048980103,0.004577598,0
43,242,6.436,546.0595571,34541.70292,0,0,0,0,0,0,0,0,0,0,0,3.27635624,0.048980103,0.004577598,0
43,242,6.436,546.0595571,34541.70292,0,0,0,0,0,0,0,0,0,0,0.151728,0.496109546,0.048980103,0.004577598,0
43,242,6.436,546.0595571,34541.70292,5.7412,0,0,0,9.8934,0,0,0,0,0,0.75903,3.539348854,0.048980103,0.004577598,0
43,242,6.436,546.0595571,34541.70292,0,0,0.81835,15.197,0,0,0,0,0,0,20.8818,0.533114438,0.048980103,0.004577598,0
43,242,6.436,546.0595571,34541.70292,12.38,0,0,11.325,0.016012,0,0,0,0,0,0,1.437091095,0.048980103,0.004577598,0
43,242,6.436,546.0595571,34541.70292,0.00524,0,0,1.2164,22.461,0,0,0,0,0,0.151728,2.282103912,0.048980103,0.004577598,0
43,242,6.436,546.0595571,34541.70292,11.135,0,0,0,1.1453,0,0,0,0,0,0,1.926287639,0.048980103,0.004577598,0
43,242,6.436,546.0595571,34541.70292,0,0,0,0,0,0,0,0,0,0,1.84839,41.65055169,0.048980103,0.004577598,0
43,242,6.436,546.0595571,34541.70292,0,0,0,0.040274,0.00524,0,0,0,0,0,4.3869,1.740043236,0.048980103,0.004577598,0
43,242,6.436,546.0595571,34541.70292,0,0,0,0.45906,0.0094528,0,0,0,0,0,0.151728,1.629841853,0.048980103,0.004577598,0
43,242,6.436,546.0595571,34541.70292,0.0019345,0,0,0,0,0,0,0.02742,0,0,0.151728,3.933904712,0.048980103,0.004577598,0
43,242,6.436,546.0595571,34541.70292,0,0,0,0,80.307,0,0,0,0,0,0.45174,20.03672595,0.048980103,0.004577598,0
43,242,6.436,546.0595571,34541.70292,16.8,0,0,0,0.73688,0,0,0,0,0,0,126.2789109,0.048980103,0.004577598,0
43,242,6.436,546.0595571,34541.70292,0.098565,0,0.002741,0.007102,0.11919,0,0,0,0.089467,0,0,0.51278208,0.048980103,0.004577598,0
43,242,6.436,546.0595571,34541.70292,0,0,0,0,0,0,22.25,0,0,0,0,5.924849251,0.048980103,0.004577598,0
43,242,6.436,546.0595571,34541.70292,0,0,0,0,0,0,0,0,0,0,0.279942,4.286874454,0.048980103,0.004577598,0
43,242,6.436,546.0595571,34541.70292,0,0,0,1.0692,0,4.0019,0,0,0,0,13.1718,5.924849251,0.048980103,0.004577598,0
43,242,6.436,546.0595571,34541.70292,7.8157,0,0,0,0,0,0,0,0,0,0,2.742428507,0.048980103,0.004577598,0
43,242,6.436,546.0595571,34541.70292,4.4514,0,0,0,0,0,0,0,0,0,0,3.50611189,0.048980103,0.004577598,0
43,242,6.436,546.0595571,34541.70292,0,0,0,0,0.008333,1.5684,0,0,0,0,0,7.61406159,0.048980103,0.004577598,0
43,242,6.436,546.0595571,34541.70292,0.0724,0,0,0,0,0,0,0,0,0,81.042,1.788434249,0.048980103,0.004577598,0
43,242,6.436,546.0595571,34541.70292,0,0,0,0.00043,0.034463,0,0,0,0,0,0.151728,1.753869239,0.048980103,0.004577598,0
43,242,6.436,546.0595571,34541.70292,0.034521,0,0,0,8.0306,0,0,0,0,0,28.1349,3.294248715,0.048980103,0.004577598,0
43,242,6.436,546.0595571,34541.70292,0,0,0,0.99417,2.3147,0,0,0.014272,0,0,0.151728,3.66575417,0.048980103,0.004577598,0
43,242,6.436,546.0595571,34541.70292,0,0,0,12.69,0,0,0,0,0,0,0.181728,1.629841853,0.048980103,0.004577598,0
43,242,6.436,546.0595571,34541.70292,0,0,0,0,0.002868,0,0,0,0,0,0,4.862686845,0.048980103,0.004577598,0
43,242,6.436,546.0595571,34541.70292,0.0088426,0,0,0,0.008333,0,0,0,0,0,0.151728,1.953939646,0.048980103,0.004577598,0
43,242,6.436,546.0595571,34541.70292,0.008333,0,0,0,0.000124,0.62172,0,0,0,0,0,14.97902997,0.048980103,0.004577598,0
43,242,6.436,546.0595571,34541.70292,0.030381,0,0,0.00524,0,0,0,0,0,0,0.151728,2.550491043,0.048980103,0.004577598,0
43,242,6.436,546.0595571,34541.70292,0,0,0,4.6787,0,0,0,0,0,0,0.151728,2.550491043,0.048980103,0.004577598,0
43,242,6.436,546.0595571,34541.70292,0.000078,0,0,0,43.956,0,0,0,0,0,0.151728,0.163878809,0.048980103,0.004577598,0
43,242,6.436,546.0595571,34541.70292,0,0,0,0,0.0084565,0,0,0,0,0,0.151728,7.432290306,0.048980103,0.004577598,0
43,242,6.436,546.0595571,34541.70292,0.005239,0,0,0.18811,0,0,0,0,0,0,0,0.506275725,0.048980103,0.004577598,0
43,242,6.436,546.0595571,34541.70292,0,0,0,0,0,0,0,0,0,0,0.151728,9.094257285,0.048980103,0.004577598,0
43,242,6.436,546.0595571,34541.70292,10.582,0,0,0,1.5099,0,0,0,0,0,0.151728,2.473634728,0.048980103,0.004577598,0
43,242,6.436,546.0595571,34541.70292,0.000739,0,0,0,0.002868,0,0,0,0,0,0,0.163878809,0.048980103,0.004577598,0
43,242,6.436,546.0595571,34541.70292,0.002382,0,0,0,0,0,0,0,0,0,0,0.506275725,0.048980103,0.004577598,0
43,242,6.436,546.0595571,34541.70292,6.3539,0,0,0,0,0,0,0,0,0,1.17966,126.2789109,0.048980103,0.004577598,0
43,242,6.436,546.0595571,34541.70292,0.000376,0,0,1.2021,0.13896,0,0,0,0,0,0,6.509873784,0.048980103,0.004577598,0
43,242,6.436,546.0595571,34541.70292,0.0088108,0,2.0895,0,0,0.56087,0,0,0,0,2.64756,34.6982593,0.048980103,0.004577598,0
43,242,6.436,546.0595571,34541.70292,0.005239,0,0,0.00524,0,0,0,0,0,0,1.65174,20.03672595,0.048980103,0.004577598,0
43,242,6.436,546.0595571,34541.70292,13.81,0,0,0,0.000063,0,0,0,0,0,43.602,2.550491043,0.048980103,0.004577598,0
43,242,6.436,546.0595571,34541.70292,0,0,0,0.010986,0.008333,0,0,0,0,0,10.6086,4.748825638,0.048980103,0.004577598,0
43,242,6.436,546.0595571,34541.70292,0,0,0,0,0.2943,0.95676,0,0,0,0,8.3928,13.58857149,0.048980103,0.004577598,0
43,242,6.436,546.0595571,34541.70292,0,0,0,0.00524,0.19458,0,0,0,0,0,0,0.496109546,0.048980103,0.004577598,0
43,242,6.436,546.0595571,34541.70292,0,0,0,0,8.688,0.90378,0,0,0,0,12.6336,2.550491043,0.048980103,0.004577598,0
43,242,6.436,546.0595571,34541.70292,0,0,0,0.23606,0,0.043533,0,0,0,0,18.1353,1.953939646,0.048980103,0.004577598,0
43,242,6.436,546.0595571,34541.70292,0.002598,0,0,0.0089655,0.37101,0,0,0,0,0,0.151728,3.27635624,0.048980103,0.004577598,0
43,242,6.436,546.0595571,34541.70292,0,0,0,0,0,0,0,0,0,0,0,7.61406159,0.048980103,0.004577598,0
43,242,6.436,546.0595571,34541.70292,0.00524,0,0,0.14311,8.3856,0,0,0,0,0,0.151728,1.788434249,0.048980103,0.004577598,0
43,242,6.436,546.0595571,34541.70292,0.0068531,0,0,0,0,0,0,0,0,0,0,0.677067536,0.048980103,0.004577598,0
43,242,6.436,546.0595571,34541.70292,1.1189,0,0,2.4911,0,0,0,0,0,0,0.151728,2.742428507,0.048980103,0.004577598,0
43,242,6.436,546.0595571,34541.70292,6.3539,0,0.075605,0,0.00328,4.6961,5.1885,0,0,0,55.917,10.8444667,0.048980103,0.004577598,0
43,242,6.436,546.0595571,34541.70292,0.001192,0,0,0.0056478,2.1767,0,0,0,0,0,0,7.61406159,0.048980103,0.004577598,0
43,242,6.436,546.0595571,34541.70292,0.0068531,0,0,0,23.272,4.6961,0,0,0,0,0,27.05073767,0.048980103,0.004577598,0
43,242,6.436,546.0595571,34541.70292,0.002139,0,0,4.7441,0,0,0,0,0,0,9.4383,2.550491043,0.048980103,0.004577598,0
43,242,6.436,546.0595571,34541.70292,3.7455,0,0,0,0,0,0,0,0,0,15.0003,3.370698383,0.048980103,0.004577598,0
43,242,6.436,546.0595571,34541.70292,0.00036,0,0,0.0068531,1.5099,0,0,0,0,0,0,1.788434249,0.048980103,0.004577598,0
43,242,6.436,546.0595571,34541.70292,0.008333,0,0,0.013024,0,0,91.335,0,0,0,0.31098,1.953939646,0.048980103,0.004577598,0
43,242,6.436,546.0595571,34541.70292,0.49815,0,0,0.0088426,0,0,0,0,0.028131,0,6.2754,6.509873784,0.048980103,0.004577598,0
43,242,6.436,546.0595571,34541.70292,9.9965,0,0,0,2.006,0,0,0,0,0,0,83.74352198,0.048980103,0.004577598,0
43,242,6.436,546.0595571,34541.70292,0,0,0.31971,0.008333,0.0059348,0,0,0,0,0,0.151728,2.282103912,0.048980103,0.004577598,0
43,242,6.436,546.0595571,34541.70292,0,0,0,0,6.2437,0,0.13028,0,0,0,2.06073,2.282103912,0.048980103,0.004577598,0
43,242,6.436,546.0595571,34541.70292,0.01367,0,0,15.984,0,0,8.1826,0,0.22931,0,24.9618,3.933904712,0.048980103,0.004577598,0
43,242,6.436,546.0595571,34541.70292,4.119,0,0,0,0,0,0.13028,0,0,0,0.151728,4.748825638,0.048980103,0.004577598,0
43,242,6.436,546.0595571,34541.70292,0,0,0,0,0,0,0,0,0,0,0,0.677067536,0.048980103,0.004577598,0
43,242,6.436,546.0595571,34541.70292,0,0,0,15.197,0,0,0,0,0,0,2.23266,1.740043236,0.048980103,0.004577598,0
43,242,6.436,546.0595571,34541.70292,0.00524,0,0,2.5863,0,0,0,0,0,0,1.57107,1.953939646,0.048980103,0.004577598,0
43,242,6.436,546.0595571,34541.70292,0,0,0,62.543,0.0064809,0,0,0,0,0,25.56,1.082901411,0.048980103,0.004577598,0
43,242,6.436,546.0595571,34541.70292,0,0,0,61.793,0.005395,0,0,0,0,0,0,0.51278208,0.048980103,0.004577598,0
43,242,6.436,546.0595571,34541.70292,0,0,0,0.022218,0.008133,0,0,0,0,0,0,1.740043236,0.048980103,0.004577598,0
43,242,6.436,546.0595571,34541.70292,0,0,0,0.0084875,0,0,0.13028,0,0,0,2.64756,0.677067536,0.048980103,0.004577598,0
43,242,6.436,546.0595571,34541.70292,0,0,0,0,0,0.78642,0,0,0,0,0,1.629841853,0.048980103,0.004577598,0
43,242,6.436,546.0595571,34541.70292,3.0031,0,0,0.005239,0,0,0,0,0,0,7.2111,3.50611189,0.048980103,0.004577598,0
43,242,6.436,546.0595571,34541.70292,0,0,0,0,0,0,0.008333,0,0,0,0.37014,1.953939646,0.048980103,0.004577598,0
43,242,6.436,546.0595571,34541.70292,0.0094073,0,0,0,0.00524,0,0,0,0,0,0,14.97902997,0.048980103,0.004577598,0
43,242,6.436,546.0595571,34541.70292,0.08029,0,0,0,0,0,0,0,0,0,18.9018,0.496109546,0.048980103,0.004577598,0
43,242,6.436,546.0595571,34541.70292,0,0,0,0,4.6708,0,0,0.37776,0,0,0,5.721119019,0.048980103,0.004577598,0
43,242,6.436,546.0595571,34541.70292,9.7427,0,0,0,0.002139,0,0,0,0,0,0,3.933904712,0.048980103,0.004577598,0
43,242,6.436,546.0595571,34541.70292,0,0,0,0,0,0,0,0,0,0,16.4517,13.58857149,0.048980103,0.004577598,0
43,242,6.436,546.0595571,34541.70292,1.5202,0,0,0,0.003346,0.065724,0,0,0,0,0,459.9889457,0.048980103,0.004577598,0
43,242,6.436,546.0595571,34541.70292,9.146,0,0,0,0,0,0,0,0,0,0.36174,62.76023949,0.048980103,0.004577598,0
43,242,6.436,546.0595571,34541.70292,0.003416,0,0,0,0.076792,0,0,0,0,0,0.151728,8.643285575,0.048980103,0.004577598,0
43,242,6.436,546.0595571,34541.70292,0,0,0,0,4.5941,0,0,0,0,0,2.94174,0.496109546,0.048980103,0.004577598,0
43,242,6.436,546.0595571,34541.70292,0.41786,0,0,0,11.73,0,0,0,0,0,13.494,3.50611189,0.048980103,0.004577598,0
43,242,6.436,546.0595571,34541.70292,0.015333,0,0,0,0,0,0,0,0,0,0,5.721119019,0.048980103,0.004577598,0
43,242,6.436,546.0595571,34541.70292,0,0,0,0,0.010996,0.7828,0,0,0,0,4.6158,1.953939646,0.048980103,0.004577598,0
43,242,6.436,546.0595571,34541.70292,0,0,0,0.016337,0,0,0,0,0,0,0,4.286874454,0.048980103,0.004577598,0
43,242,6.436,546.0595571,34541.70292,0.013476,0,0,0.008335,43.562,0,0,0,0,0,2.94174,6.85281809,0.048980103,0.004577598,0
43,242,6.436,546.0595571,34541.70292,0.0055384,0,0,0,0,0,0,0.86528,0,0,2.66157,6.85281809,0.048980103,0.004577598,0
43,242,6.436,546.0595571,34541.70292,0,0,0,0,0,0,0,0,0,0,0,57.7672295,0.048980103,0.004577598,0
43,242,6.436,546.0595571,34541.70292,0,0,0,0,0.3855,0,0.13028,0,0,0,0.151728,1.740043236,0.048980103,0.004577598,0
43,242,6.436,546.0595571,34541.70292,0.002031,0,0,0.007102,0,0,0,0,0,0,7.2111,3.989437415,0.048980103,0.004577598,0
43,242,6.436,546.0595571,34541.70292,0,0,0,0.008333,1.8824,0,450.61,0,0,0,0.151728,34.6982593,0.048980103,0.004577598,0
43,242,6.436,546.0595571,34541.70292,0.026942,0,0,0,0,0,0,0,0,0,0.27948,5.751441887,0.048980103,0.004577598,0
43,242,6.436,546.0595571,34541.70292,36.945,0,0,0,0.038932,0,0,0,0,0,0.151728,20.03672595,0.048980103,0.004577598,0
43,242,6.436,546.0595571,34541.70292,1.8709,0,0,12.981,56.549,0,0,0,0,0,0.293307,3.370698383,0.048980103,0.004577598,0
43,242,6.436,546.0595571,34541.70292,0,0,0,0,0.03958,0,0,0,0,0,0.151728,7.432290306,0.048980103,0.004577598,0
43,242,6.436,546.0595571,34541.70292,0,0,0,11.876,0.90312,0,0,0,0,0,0.151728,13.20935554,0.048980103,0.004577598,0
43,242,6.436,546.0595571,34541.70292,0,0,0,0,0,0,0,0,0,0,0,4.791523591,0.048980103,0.004577598,0
43,242,6.436,546.0595571,34541.70292,0.00524,0,0,0,0.72843,0,0,0,0,0,3.5568,0.403800639,0.048980103,0.004577598,0
43,242,6.436,546.0595571,34541.70292,0.00644,0,0,0,0,0,0,0,0,0,0.151728,1.953939646,0.048980103,0.004577598,0
43,242,6.436,546.0595571,34541.70292,0,0,0,1.5881,0.008333,0,0,0,0,0,5.2875,107.1285055,0.048980103,0.004577598,0
43,242,6.436,546.0595571,34541.70292,0.013573,0,0,0,0,0,0,0,0,0,0.6021,0.51278208,0.048980103,0.004577598,0
43,242,6.436,546.0595571,34541.70292,0.088719,0,0,0.0088426,0.008333,0,0,0,0,0,0,0.163878809,0.048980103,0.004577598,0
43,242,6.436,546.0595571,34541.70292,0.00524,0,0,0,0.49136,0,0,0,0,0,5.0718,0.757177028,0.048980103,0.004577598,0
43,242,6.436,546.0595571,34541.70292,53.36,0,0.61928,0,0,5.3213,0,0,0,0,10.4865,0.163878809,0.048980103,0.004577598,0
43,242,6.436,546.0595571,34541.70292,0.002139,0,0,3.0666,0.001192,0,0,0,0,0,18.5811,3.294248715,0.048980103,0.004577598,0
43,242,6.436,546.0595571,34541.70292,0,0,0,0.021603,1.5895,0,0,0,0,0,10.1169,0.757177028,0.048980103,0.004577598,0
43,242,6.436,546.0595571,34541.70292,0,0,0,0,0.038932,0.096353,0,0,0,0,95.283,2.684481285,0.048980103,0.004577598,0
43,242,6.436,546.0595571,34541.70292,2.4135,0,0,0.071721,2.8821,0,0,0,0,0,0.151728,1.480602342,0.048980103,0.004577598,0
43,242,6.436,546.0595571,34541.70292,0.042136,0,0,0.008333,0,12.855,0,0,0,0,0.151728,8.563989377,0.048980103,0.004577598,0
43,242,6.436,546.0595571,34541.70292,14.661,0,0,0,0,0,9.569,0,0,0,0.151728,2.626534064,0.048980103,0.004577598,0
43,242,6.436,546.0595571,34541.70292,0,0,0,12.69,0.0085875,0,0,0,0,0,4.5198,2.282103912,0.048980103,0.004577598,0
43,242,6.436,546.0595571,34541.70292,0.007697,0,0,3.4325,0,0,0,0,0,0,121.068,0.677067536,0.048980103,0.004577598,0
43,242,6.436,546.0595571,34541.70292,1.0702,0,0,0.003821,0,0.79678,0.67053,0,0,0,6.8079,4.748825638,0.048980103,0.004577598,0
43,242,6.436,546.0595571,34541.70292,7.2682,0,0,26.422,0,0,0,0,0,0,7.5918,6.85281809,0.048980103,0.004577598,0
43,242,6.436,546.0595571,34541.70292,0.0059107,0,0,0,0,0,0,0,0,0,2.96682,1.437091095,0.048980103,0.004577598,0
43,242,6.436,546.0595571,34541.70292,0.005239,0,0,0.005239,0,0,0,0,0,0,0.181728,8.643285575,0.048980103,0.004577598,0
43,242,6.436,546.0595571,34541.70292,0.0088426,0,0.00328,0,4.753,0,0,0,0,0,19.2864,19.16080795,0.048980103,0.004577598,0
43,242,6.436,546.0595571,34541.70292,0,0,0,0,0,0,0.60778,0,0,0,4.2768,3.27635624,0.048980103,0.004577598,0
43,242,6.436,546.0595571,34541.70292,0,0,0,0,0,0,0,0,0,0,0,1.788434249,0.048980103,0.004577598,0
43,242,6.436,546.0595571,34541.70292,9.3106,0,0,0,0,0,0,0,0,0,3.8823,13.58857149,0.048980103,0.004577598,0
43,242,6.436,546.0595571,34541.70292,0,0,0,0,0,0,0,0,0,0,25.56,6.85281809,0.048980103,0.004577598,0
43,242,6.436,546.0595571,34541.70292,0,0,0,0,0,0,0,0,0,0,11.5818,1.953939646,0.048980103,0.004577598,0
43,242,6.436,546.0595571,34541.70292,0.007221,0,0,0.000124,0,0,0,0,0,0,11.1597,0.163878809,0.048980103,0.004577598,0
43,242,6.436,546.0595571,34541.70292,0,0,0,0,0,0,0.13028,0,0,0,4.8618,0.533114438,0.048980103,0.004577598,0
43,242,6.436,546.0595571,34541.70292,0.00036,0,0,14.804,0,0,0,0,0,0,27.5562,2.282103912,0.048980103,0.004577598,0
43,242,6.436,546.0595571,34541.70292,51.143,0,0,0,0.00524,0,0,0,0,0,0.280446,4.044970118,0.048980103,0.004577598,0
43,242,6.436,546.0595571,34541.70292,0,0,0,7.2355,0,0,0,0,0,0,0.151728,5.924849251,0.048980103,0.004577598,0
43,242,6.436,546.0595571,34541.70292,6.2048,0,0,0,211.21,0.79321,0,0,0,0,3.0075,27.05073767,0.048980103,0.004577598,0
43,242,6.436,546.0595571,34541.70292,0.007102,0,0.005312,0,0,1.0289,0,0,0,0,0.151728,38.6168241,0.048980103,0.004577598,0
43,242,6.436,546.0595571,34541.70292,0,0,0,0,0,0,0,0,0,0,0.151728,3.933904712,0.048980103,0.004577598,0
43,242,6.436,546.0595571,34541.70292,0.19687,0,0,0.0014795,0.62723,0,0,0,0,0,0.151728,14.97902997,0.048980103,0.004577598,0
43,242,6.436,546.0595571,34541.70292,0,0,0,0.008333,0.00524,0,0,0,0.00524,0,8.172,83.74352198,0.048980103,0.004577598,0
43,242,6.436,546.0595571,34541.70292,0.00524,0,0,0,0,0,0,0,0,0,4.5897,3.37110503,0.048980103,0.004577598,0
43,242,6.436,546.0595571,34541.70292,0.003822,0,0,0,0,0,0,0,0,0,2.34936,62.76023949,0.048980103,0.004577598,0
43,242,6.436,546.0595571,34541.70292,0.00524,0,0,0,0.005239,0,0,0,0,0,0.151728,0.677067536,0.048980103,0.004577598,0
43,242,6.436,546.0595571,34541.70292,0.008699,0,0,0,0,0,0,0,0,0,0.151728,1.953939646,0.048980103,0.004577598,0
43,242,6.436,546.0595571,34541.70292,0.39409,0,0,0,0.003346,0,0,0,0,0,0.151728,6.85281809,0.048980103,0.004577598,0
43,242,6.436,546.0595571,34541.70292,0.002139,0,0,2.4911,0.0082165,0,0,0,0,0,2.68779,1.753869239,0.048980103,0.004577598,0
43,242,6.436,546.0595571,34541.70292,0,0,0,0.002868,0,1.3939,0,0,0,0,0,2.684481285,0.048980103,0.004577598,0
43,242,6.436,546.0595571,34541.70292,8.3439,0,0,0.0056478,0.008763,0,0,0,0,0,5.0718,3.294248715,0.048980103,0.004577598,0
43,242,6.436,546.0595571,34541.70292,3.0031,0,0,0.00524,1.6602,0.000491,0.74966,9.3795,0,0,0,3.37110503,0.048980103,0.004577598,0
43,242,6.436,546.0595571,34541.70292,0.034521,0,0,5.0428,0,0,0,0,0,0,0.34434,10.8444667,0.048980103,0.004577598,0
43,242,6.436,546.0595571,34541.70292,0,0,0,0,0,0,5.7969,0,0,0,0,6.438851272,0.048980103,0.004577598,0
43,242,6.436,546.0595571,34541.70292,0.03314,0,0,0.008333,0.1667,0,0,0,0,0,0.31098,6.438851272,0.048980103,0.004577598,0
43,242,6.436,546.0595571,34541.70292,0,0,0,0.013546,0.73688,0,0,0,0,0,1.64742,2.626534064,0.048980103,0.004577598,0
43,242,6.436,546.0595571,34541.70292,0.7554,0,0,0,0.0070165,0,0,0,0,0,0,126.2789109,0.048980103,0.004577598,0
43,242,6.436,546.0595571,34541.70292,0,0,0,0,0.26036,0,0.059897,0,0,0,0,4.748825638,0.048980103,0.004577598,0
43,242,6.436,546.0595571,34541.70292,0,0,0,0,0.007697,0,0,0,0,0,23.3337,9.094257285,0.048980103,0.004577598,0
43,242,6.436,546.0595571,34541.70292,0.008336,0,0,0.45906,0.0094528,0.0083335,65.662,0,0,0,0.151728,0.403800639,0.048980103,0.004577598,0
43,242,6.436,546.0595571,34541.70292,0.070781,0,0,0,0,0,242.13,0,0,0,0.151728,3.539348854,0.048980103,0.004577598,0
43,242,6.436,546.0595571,34541.70292,0.005239,0,0,0,0.01359,0,0,3.135,0,0,28.113,1.953939646,0.048980103,0.004577598,0
43,242,6.436,546.0595571,34541.70292,0.032537,0,0,0,0,0.79678,0,0,0,0,0.75174,1.629841853,0.048980103,0.004577598,0
43,242,6.436,546.0595571,34541.70292,177.88,0,0,0,0.00524,0,0,0,0,0,0.151728,6.85281809,0.048980103,0.004577598,0
43,242,6.436,546.0595571,34541.70292,28.979,0,0,0.11243,0,0,0,0,0,0,18.723,3.37110503,0.048980103,0.004577598,0
43,242,6.436,546.0595571,34541.70292,4.282,0,0,0,0,0,0,0,0,0,0,20.03672595,0.048980103,0.004577598,0
43,242,6.436,546.0595571,34541.70292,0,0,0,12.69,0,0,0,0,0,0,0.151728,6.438851272,0.048980103,0.004577598,0
43,242,6.436,546.0595571,34541.70292,0,0,0,0,0,0,0,0,0,0,6.5418,5.721119019,0.048980103,0.004577598,0
43,242,6.436,546.0595571,34541.70292,0,0,0,0,0,0,0.13028,0,0,0,4.5198,10.8444667,0.048980103,0.004577598,0
43,242,6.436,546.0595571,34541.70292,0.008004,0,0,0,0.1136,0.79321,0,0,0,0,0.276939,1.753869239,0.048980103,0.004577598,0
43,242,6.436,546.0595571,34541.70292,0.67038,0,0,0.008332,0,0,0,0,0,0,11.0184,6.85281809,0.048980103,0.004577598,0
43,242,6.436,546.0595571,34541.70292,0.002598,0,0,0.005239,0,0,0,0,0,0,1.08339,8.563989377,0.048980103,0.004577598,0
43,242,6.436,546.0595571,34541.70292,0.070781,0,0,0,0,0,31.748,0,0,0,73.296,1.740043236,0.048980103,0.004577598,0
43,242,6.436,546.0595571,34541.70292,0.012423,0,0,0,0,0,52.983,0,0,0,0.151728,4.791523591,0.048980103,0.004577598,0
43,242,6.436,546.0595571,34541.70292,0.070781,0,0,2.6259,0,0,0,0,0,0,0.151728,10.8444667,0.048980103,0.004577598,0
43,242,6.436,546.0595571,34541.70292,0.007221,0,0,0,0,0,0,0,0,0,2.3544,6.85281809,0.048980103,0.004577598,0
43,242,6.436,546.0595571,34541.70292,0.003416,0,0,1.0205,0.008333,0,0,0,0,0,0.151728,3.27635624,0.048980103,0.004577598,0
43,242,6.436,546.0595571,34541.70292,0,0,0,0.008265,0,0,0.59876,0,0,0,0,6.509873784,0.048980103,0.004577598,0
43,242,6.436,546.0595571,34541.70292,11.344,0,0,0,0.000078,0,0,0,0,0,0.151728,0.677067536,0.048980103,0.004577598,0
43,242,6.436,546.0595571,34541.70292,0.005372,0,0,2.0429,0.62723,0,0,0,0,0,27.6384,4.044970118,0.048980103,0.004577598,0
43,242,6.436,546.0595571,34541.70292,0.008335,0,0.005397,0.031407,0,0,0,0,0,0,28.1349,8.563989377,0.048980103,0.004577598,0
43,242,6.436,546.0595571,34541.70292,0.98357,0,0,0.00524,0,0,0,0,0,0,0.151728,1.953939646,0.048980103,0.004577598,0
43,242,6.436,546.0595571,34541.70292,0,0,0,0,0,0,0,10.565,0,0,0,8.643285575,0.048980103,0.004577598,0
43,242,6.436,546.0595571,34541.70292,0,0,0,0,0,0.79321,0,0,0.005239,0,0.151728,5.721119019,0.048980103,0.004577598,0
43,242,6.436,546.0595571,34541.70292,4.6688,0,0,0,0.008333,0,0,0,0,0,0,57.83043216,0.048980103,0.004577598,0
43,242,6.436,546.0595571,34541.70292,0,0,0,0,0,0,0,0,0,0,0.151728,2.626534064,0.048980103,0.004577598,0
43,242,6.436,546.0595571,34541.70292,0.048638,0,0,0.008333,0.008333,0,0,0,0,0,0.151728,1.740043236,0.048980103,0.004577598,0
43,242,6.436,546.0595571,34541.70292,0,0,0,4.0096,0.00833,0,0,0,0,0,5.0406,27.05073767,0.048980103,0.004577598,0
43,242,6.436,546.0595571,34541.70292,0.013575,0,0,0,0,0,0,0,0,0,0.151728,10.8444667,0.048980103,0.004577598,0
43,242,6.436,546.0595571,34541.70292,0,0,0,0.013565,0.013746,0,0,0,0,0,0.151728,1.753869239,0.048980103,0.004577598,0
43,242,6.436,546.0595571,34541.70292,0.0097027,0,0,1.1486,0,0,0,0,0,0,37.836,0.308645201,0.048980103,0.004577598,0
43,242,6.436,546.0595571,34541.70292,0.74435,0,0,0.029402,0.37101,0,0,0,0,0,1.17432,5.721119019,0.048980103,0.004577598,0
43,242,6.436,546.0595571,34541.70292,0.063798,0,0,0.007697,0,0,21.569,0,0,0,0.34593,5.721119019,0.048980103,0.004577598,0
43,242,6.436,546.0595571,34541.70292,0,0,0,0,0,0,0.13028,0,0,0,0.151728,3.370698383,0.048980103,0.004577598,0
43,242,6.436,546.0595571,34541.70292,0.088719,0,0,0.11243,0,0.77806,0,0,0,0,0,19.71922933,0.048980103,0.004577598,0
43,242,6.436,546.0595571,34541.70292,0.091719,0,0,1.7274,0.00524,0,0,0,0,0,2.68779,62.76023949,0.048980103,0.004577598,0
43,242,6.436,546.0595571,34541.70292,0.000752,0,0,3.5574,0.013746,0,0,0,0,0,0.67983,4.044970118,0.048980103,0.004577598,0
43,242,6.436,546.0595571,34541.70292,0,0,0,0,0,0,0,0,0,0,0,4.862686845,0.048980103,0.004577598,0
43,242,6.436,546.0595571,34541.70292,0,0,0,0,24.77,0,0,0,0,0,0,0.677067536,0.048980103,0.004577598,0
43,242,6.436,546.0595571,34541.70292,0,0,0,0,0.030964,0,0,0,0,0,0.151728,7.432290306,0.048980103,0.004577598,0
43,242,6.436,546.0595571,34541.70292,0.011527,0,0,0,0.0041885,0,0,0,0,0,0.151728,3.370698383,0.048980103,0.004577598,0
43,242,6.436,546.0595571,34541.70292,0.58468,0,0,0,0.007328,0,0,0,0,0,0,0.163878809,0.048980103,0.004577598,0
43,242,6.436,546.0595571,34541.70292,0.18674,0,0,0,0.008333,0,0,0,0,0,1.62048,19.71922933,0.048980103,0.004577598,0
43,242,6.436,546.0595571,34541.70292,1.8115,0,0,0,0.002031,0.77921,0,0,0,0,0,3.27635624,0.048980103,0.004577598,0
43,242,6.436,546.0595571,34541.70292,0,0,0,0,26.494,0,0,0,0,0,8.1576,6.85281809,0.048980103,0.004577598,0
43,242,6.436,546.0595571,34541.70292,0,0,0,4.4257,0.008332,0,0,0,0,0,0,9.094257285,0.048980103,0.004577598,0
43,242,6.436,546.0595571,34541.70292,8.3092,0,0,0,0,0,0,0,0,0,15.0003,6.85281809,0.048980103,0.004577598,0
43,242,6.436,546.0595571,34541.70292,47.536,0,0,0,0,0,0,0,0,0,0.276939,3.933904712,0.048980103,0.004577598,0
43,242,6.436,546.0595571,34541.70292,0.25548,0,0,0,0,0,0,0,0,0,0.151728,0.51278208,0.048980103,0.004577598,0
43,242,6.436,546.0595571,34541.70292,0.034133,0,0,0,0,0,0,0,0,0,12.8454,3.50611189,0.048980103,0.004577598,0
43,242,6.436,546.0595571,34541.70292,24.337,0,0,0.008333,0.008332,0,0,0,0,0,0.151728,3.370698383,0.048980103,0.004577598,0
43,242,6.436,546.0595571,34541.70292,0,0,0,0,0,0,0,0,0,0,0,3.37110503,0.048980103,0.004577598,0
43,242,6.436,546.0595571,34541.70292,25.253,0,0,0,0.097858,0,0,0,0,0,0.151728,2.550491043,0.048980103,0.004577598,0
43,242,6.436,546.0595571,34541.70292,0.008333,0,0,0.00524,0,0,5.7012,0,0,0,0.151728,8.563989377,0.048980103,0.004577598,0
43,242,6.436,546.0595571,34541.70292,1.2548,0,0,0.0011005,0,0,0,0,0,0,0.151728,1.740043236,0.048980103,0.004577598,0
43,242,6.436,546.0595571,34541.70292,0,0,0,0,0,0,0,0,0,0,0,0.677067536,0.048980103,0.004577598,0
43,242,6.436,546.0595571,34541.70292,0,0,0,8.1583,0,0,0,0,0,0,4.3869,2.626534064,0.048980103,0.004577598,0
43,242,6.436,546.0595571,34541.70292,0.01048,0,0,4.8779,0,0.000342,0,0,0,0,0.151728,38.6168241,0.048980103,0.004577598,0
43,242,6.436,546.0595571,34541.70292,2.5794,0,0,0,0,0.39637,0,0,0,0,0,4.165922286,0.048980103,0.004577598,0
43,242,6.436,546.0595571,34541.70292,0.00062,0,0,0,0,0,0,0,0,0,1.31526,3.50611189,0.048980103,0.004577598,0
43,242,6.436,546.0595571,34541.70292,0.00524,0,0,0,0.93679,0,0.13028,0,0,0,0,1.953939646,0.048980103,0.004577598,0
43,242,6.436,546.0595571,34541.70292,0.00524,0,0,0,0.007102,0,10.349,0,0,0,0,7.432290306,0.048980103,0.004577598,0
43,242,6.436,546.0595571,34541.70292,0,0,0,13.805,0,0,0,0,0,0,0.75903,13.20935554,0.048980103,0.004577598,0
43,242,6.436,546.0595571,34541.70292,3.0116,0,0,0,0,1.944,0,0,0,0,0.151728,3.50611189,0.048980103,0.004577598,0
43,242,6.436,546.0595571,34541.70292,0.67038,0,0,0.008333,0.008333,0,0,0,0,0,116.517,2.742428507,0.048980103,0.004577598,0
43,242,6.436,546.0595571,34541.70292,0,0,0,0,0.003538,0,0,0,0,0,0.151728,7.432290306,0.048980103,0.004577598,0
43,242,6.436,546.0595571,34541.70292,0,0,0,0,0,0,0,0,0,0,1.62048,8.563989377,0.048980103,0.004577598,0
43,242,6.436,546.0595571,34541.70292,0.00062,0,0,0.001434,0.002741,0,0.74966,0,0,0,0,4.862686845,0.048980103,0.004577598,0
43,242,6.436,546.0595571,34541.70292,0.001009,0,0,0,0,0.7125,0,0,0,0,0,1.437091095,0.048980103,0.004577598,0
43,242,6.436,546.0595571,34541.70292,0.28712,0,0,0,0,0,0,0,0,0,0,5.924849251,0.048980103,0.004577598,0
43,242,6.436,546.0595571,34541.70292,0,0,0,0,0.17886,0.000491,0,0,0,0,0.151728,1.753869239,0.048980103,0.004577598,0
43,242,6.436,546.0595571,34541.70292,185.11,0,0,0,0,0,0,0,0,0,0,1.437091095,0.048980103,0.004577598,0
43,242,6.436,546.0595571,34541.70292,0.000251,0,0,0,0.002031,0,0,0,0,0,1.33368,27.05073767,0.048980103,0.004577598,0
43,242,6.436,546.0595571,34541.70292,0.007221,0,0,0,1.7912,0,0,0,0,0,0,126.2789109,0.048980103,0.004577598,0
43,242,6.436,546.0595571,34541.70292,0,0,0,4.5651,0.0057595,5.0308,0,0,0,0,7.8042,1.437091095,0.048980103,0.004577598,0
43,242,6.436,546.0595571,34541.70292,0,0,0,0,0.0099455,0,0,0,0,0,17.3718,19.16080795,0.048980103,0.004577598,0
43,242,6.436,546.0595571,34541.70292,0.37708,0,0,0.00014,2.557,0,0,0,0,0,0.151728,1.611949377,0.048980103,0.004577598,0
43,242,6.436,546.0595571,34541.70292,0.027357,0,0.99649,0,0,0,0,0,0,0,0.151728,1.788434249,0.048980103,0.004577598,0
43,242,6.436,546.0595571,34541.70292,0.032101,0,0,0,0,0,0,0,0,0,1.62048,4.791523591,0.048980103,0.004577598,0
43,242,6.436,546.0595571,34541.70292,0.000752,0,0,3.0889,0,0,0,0,0,0,0.35643,1.953939646,0.048980103,0.004577598,0
43,242,6.436,546.0595571,34541.70292,0,0,0,0,0.0096305,0,0,0,0,0,0.151728,1.082901411,0.048980103,0.004577598,0
43,242,6.436,546.0595571,34541.70292,1.898,0,0,0,0.17886,0,0,0,0,0,0.151728,6.85281809,0.048980103,0.004577598,0
43,242,6.436,546.0595571,34541.70292,1.7741,0,0,0,0,0.020647,0,0,0,0,0,20.03672595,0.048980103,0.004577598,0
43,242,6.436,546.0595571,34541.70292,0.00524,0,0,0,1.0192,0,0,0,0,0,0,3.27635624,0.048980103,0.004577598,0
43,242,6.436,546.0595571,34541.70292,0,0,0,0.016555,0,0,46.36,0,0,0,0.151728,10.8444667,0.048980103,0.004577598,0
43,242,6.436,546.0595571,34541.70292,0,0,0,0,0,0,0,0,0,0,46.293,0.533114438,0.048980103,0.004577598,0
43,242,6.436,546.0595571,34541.70292,0.00824,0,0,0.0029965,0.00036,0.77921,0,0,0,0,19.7118,1.953939646,0.048980103,0.004577598,0
43,242,6.436,546.0595571,34541.70292,0.3267,0,0.094579,0,0,0,0.13028,0,0,0,0,57.7672295,0.048980103,0.004577598,0
43,242,6.436,546.0595571,34541.70292,0.008321,0,0,0,0,0,0,0,0,0,0,3.933904712,0.048980103,0.004577598,0
43,242,6.436,546.0595571,34541.70292,0.038936,0,0,0.008333,0,0,0,0,0,0,0,1.953939646,0.048980103,0.004577598,0
43,242,6.436,546.0595571,34541.70292,6.0303,0,0,0.33642,0.008333,0,0,0,0,0,22.617,0.403800639,0.048980103,0.004577598,0
43,242,6.436,546.0595571,34541.70292,0,0,0,0,0.000739,0,0,0,0,0,2.28174,126.2789109,0.048980103,0.004577598,0
43,242,6.436,546.0595571,34541.70292,0,0,0,0.003821,0.00014,0,0,0,0,0,1.19187,20.03672595,0.048980103,0.004577598,0
43,242,6.436,546.0595571,34541.70292,0.00036,0,0,0,0,0,0,0,0,0,43.863,3.933904712,0.048980103,0.004577598,0
43,242,6.436,546.0595571,34541.70292,0.00387,0,0,0.036193,2.9298,0,0,0,0,0,18.1353,3.27635624,0.048980103,0.004577598,0
43,242,6.436,546.0595571,34541.70292,1.2894,0,0,0,0,0,0,0,0,0,0,4.791523591,0.048980103,0.004577598,0
43,242,6.436,546.0595571,34541.70292,0,0,0,0,0,0,0,0,0,0,12.6336,38.6168241,0.048980103,0.004577598,0
43,242,6.436,546.0595571,34541.70292,0.0083909,0,0,0,0,0,0,0,0,0,0.151728,1.629841853,0.048980103,0.004577598,0
43,242,6.436,546.0595571,34541.70292,0,0,0,0,0.64611,0,0,0,0,0,0,8.643285575,0.048980103,0.004577598,0
43,242,6.436,546.0595571,34541.70292,0.008333,0,0,0.013415,0,0,0,0,0,0,15.0018,2.473634728,0.048980103,0.004577598,0
43,242,6.436,546.0595571,34541.70292,0.10284,0,0,7.7379,0,0,0,0,0,0,2.3544,5.291902932,0.048980103,0.004577598,0
43,242,6.436,546.0595571,34541.70292,0.000688,0,0,0.008333,0,0,0.13028,0,0,0,0.279489,2.742428507,0.048980103,0.004577598,0
43,242,6.436,546.0595571,34541.70292,3.3665,0,0,17.373,8.1439,0,0,0,0,0,151.038,1.611949377,0.048980103,0.004577598,0
43,242,6.436,546.0595571,34541.70292,0.00524,0,0,0.008333,0,0,0.13028,0,0,0,0,0.533114438,0.048980103,0.004577598,0
43,242,6.436,546.0595571,34541.70292,0,0,0.24323,0.0059107,0.0059348,0,0,0,0,0,0,1.926287639,0.048980103,0.004577598,0
43,242,6.436,546.0595571,34541.70292,0,0,0,0,0,0,0,0,0,0,0,19.16080795,0.048980103,0.004577598,0
43,242,6.436,546.0595571,34541.70292,0.22208,0,0,2.6259,0,0,0,0,0,0,2.68779,0.163878809,0.048980103,0.004577598,0
43,242,6.436,546.0595571,34541.70292,0,0,0,0,1.6868,0,0,0,0,0,3.4818,3.50611189,0.048980103,0.004577598,0
43,242,6.436,546.0595571,34541.70292,3.0939,0,0.081846,0,7.2444,0,0,0,0,0,1.27794,1.912461635,0.048980103,0.004577598,0
43,242,6.436,546.0595571,34541.70292,0,0,0,31.038,0,0,0,0,0,0,0.151728,0.533114438,0.048980103,0.004577598,0
43,242,6.436,546.0595571,34541.70292,0,0,0,4.8779,0.018282,0,0,0,0,0,0.151728,2.282103912,0.048980103,0.004577598,0
43,242,6.436,546.0595571,34541.70292,19.622,0,0,0,0.025169,0,0,0,0,0,0.151728,81.9106449,0.048980103,0.004577598,0
43,242,6.436,546.0595571,34541.70292,0,0,0,0,0,0,0,0,0,0,1.17966,0.506275725,0.048980103,0.004577598,0
43,242,6.436,546.0595571,34541.70292,0.061767,0,0,0.013976,0,0,0,0,0,0,34.872,1.926287639,0.048980103,0.004577598,0
43,242,6.436,546.0595571,34541.70292,0.87352,0,0,0,0.008475,0.77864,0,0,0,0,11.682,19.71922933,0.048980103,0.004577598,0
43,242,6.436,546.0595571,34541.70292,0,0,0,16.558,0.000063,0,0,0,0,0,0.151728,1.788434249,0.048980103,0.004577598,0
43,242,6.436,546.0595571,34541.70292,0.67499,0,0,0,0,0,0,0,0,0,3.3018,1.953939646,0.048980103,0.004577598,0
43,242,6.436,546.0595571,34541.70292,16.603,0,0,0,0,0.78189,0,0,0,0,0,57.7672295,0.048980103,0.004577598,0
43,242,6.436,546.0595571,34541.70292,2.4135,0,0,0,0,0,0,0,0,0,0.151728,1.953939646,0.048980103,0.004577598,0
43,242,6.436,546.0595571,34541.70292,0,0,0,0,0.008333,0.40336,10.2,0,0,0,0,10.8444667,0.048980103,0.004577598,0
43,242,6.436,546.0595571,34541.70292,0.008333,0,0,0.008333,0,0,0,0,0,0,0.151728,0.163878809,0.048980103,0.004577598,0
43,242,6.436,546.0595571,34541.70292,0.0072895,0,0,0,0,0,0,0,0,0,53.889,8.643285575,0.048980103,0.004577598,0
43,242,6.436,546.0595571,34541.70292,0.010479,0,0,0,3.5225,0,0.67845,0,0,0,7.2111,4.748825638,0.048980103,0.004577598,0
43,242,6.436,546.0595571,34541.70292,3.619,0,0,0.000124,4.8466,0.57086,0,0,0,0,1.09647,8.563989377,0.048980103,0.004577598,0
43,242,6.436,546.0595571,34541.70292,0,0,0,0,0.008335,0,0,0,0,0,0.151728,4.791523591,0.048980103,0.004577598,0
43,242,6.436,546.0595571,34541.70292,0.010521,0,0,0,0,0,0,0,0,0,5.2875,3.294248715,0.048980103,0.004577598,0
43,242,6.436,546.0595571,34541.70292,0,0,0,2.8113,0,0,0,0,0,0,5.4765,57.83043216,0.048980103,0.004577598,0
43,242,6.436,546.0595571,34541.70292,109.34,0,0,0,0,0,0,0,0,0,8.172,2.626534064,0.048980103,0.004577598,0
43,242,6.436,546.0595571,34541.70292,0.10284,0,1.5932,0,8.0698,0.78099,0,0,0,0,0.34434,7.432290306,0.048980103,0.004577598,0
43,242,6.436,546.0595571,34541.70292,0.080184,0,2.5808,0.001326,0,0,0,0,0,0,0,3.933904712,0.048980103,0.004577598,0
43,242,6.436,546.0595571,34541.70292,0,0,0,0,0,0,0,0,0,0,0.151728,1.480602342,0.048980103,0.004577598,0
43,242,6.436,546.0595571,34541.70292,0.0088426,0,0,0,0,0,0,0,0,0,4.9119,1.953939646,0.048980103,0.004577598,0
43,242,6.436,546.0595571,34541.70292,0.0055799,0,0,0,0,0.77921,0,0,0,0,0,3.37110503,0.048980103,0.004577598,0
43,242,6.436,546.0595571,34541.70292,0,0,0,0.003346,8.0306,0,0,0,0,0,42.996,3.50611189,0.048980103,0.004577598,0
43,242,6.436,546.0595571,34541.70292,0,0,0,0,0.013476,0,0,0,0,0,0,1.740043236,0.048980103,0.004577598,0
43,242,6.436,546.0595571,34541.70292,0.41786,0,0,0.26453,0,0,0.008333,0.33727,0,0,0.151728,3.933904712,0.048980103,0.004577598,0
43,242,6.436,546.0595571,34541.70292,1.2774,0,0,0,3.1081,0,0,0,0,0,7.3257,57.83043216,0.048980103,0.004577598,0
43,242,6.436,546.0595571,34541.70292,177.88,0,0,0,0,0,0,0,0,0,1.17966,5.924849251,0.048980103,0.004577598,0
43,242,6.436,546.0595571,34541.70292,0,0,0,0,0,0,0,0,0,0,0.151728,3.294248715,0.048980103,0.004577598,0
43,242,6.436,546.0595571,34541.70292,0,0,0,0.00524,0.12938,0,0,0,0,0,0.151728,9.094257285,0.048980103,0.004577598,0
43,242,6.436,546.0595571,34541.70292,0,0,0,0.030966,0.0033865,0,0.13028,0,0,0,4.4313,5.721119019,0.048980103,0.004577598,0
43,242,6.436,546.0595571,34541.70292,1.366,0,0,0,0,0,0,0,0,0,1.52439,0.090682319,0.048980103,0.004577598,0
43,242,6.436,546.0595571,34541.70292,0,0,0,0.26453,0,0,0,0,0,0,0.78174,1.926287639,0.048980103,0.004577598,0
43,242,6.436,546.0595571,34541.70292,0,0,0,0,0.030073,0,0,0,0,0,0.151728,5.721119019,0.048980103,0.004577598,0
43,242,6.436,546.0595571,34541.70292,0.030381,0,0,0,0,0,0,0,0,0,0,1.740043236,0.048980103,0.004577598,0
43,242,6.436,546.0595571,34541.70292,0,0,0,0,0.007697,0,0,0,0,0,0,4.044970118,0.048980103,0.004577598,0
43,242,6.436,546.0595571,34541.70292,0.008332,0,0,0,0,0,0,0,0,0,0,1.953939646,0.048980103,0.004577598,0
43,242,6.436,546.0595571,34541.70292,0.01048,0,0,0,1.8824,0,0,0,0,0,1.62018,3.933904712,0.048980103,0.004577598,0
43,242,6.436,546.0595571,34541.70292,0.0097975,0,0,0,0,0.78058,0,0,0,0,0.151728,4.044970118,0.048980103,0.004577598,0
43,242,6.436,546.0595571,34541.70292,0,0,0,0,0,0,0,0,0,0,10.6335,3.37110503,0.048980103,0.004577598,0
43,242,6.436,546.0595571,34541.70292,0,0,1.0971,0,0.007102,0,0,0,0,0,0.31098,8.563989377,0.048980103,0.004577598,0
43,242,6.436,546.0595571,34541.70292,23.582,0,0,0,0,0,0,0,0,0,1.97832,2.473634728,0.048980103,0.004577598,0
43,242,6.436,546.0595571,34541.70292,0.00753,0,0,0,0.090777,0,0,0,0,0,0,3.294248715,0.048980103,0.004577598,0
43,242,6.436,546.0595571,34541.70292,0,0,0,0,0.010107,0,0,0,0,0,0.151728,9.094257285,0.048980103,0.004577598,0
43,242,6.436,546.0595571,34541.70292,63.495,0,0,23.551,0,0,2.7921,0,0,0,0,57.83043216,0.048980103,0.004577598,0
43,242,6.436,546.0595571,34541.70292,63.495,0,0,0,2.7524,0,0,0,0,0,5.4765,1.788434249,0.048980103,0.004577598,0
43,242,6.436,546.0595571,34541.70292,0.00753,0,0,0.005239,0.009767,0.008333,0,0,0,0,0.151728,4.862686845,0.048980103,0.004577598,0
43,242,6.436,546.0595571,34541.70292,0,0,3.6624,0,24.77,0,0,0,0,0,0.151728,1.912461635,0.048980103,0.004577598,0
43,242,6.436,546.0595571,34541.70292,0.68217,0,0,0,0.065813,0,24.967,0,0,0,2.6481,8.153142895,0.048980103,0.004577598,0
43,242,6.436,546.0595571,34541.70292,0.027357,0,0,0.46711,0,0,0,0,0,0,0,8.563989377,0.048980103,0.004577598,0
43,242,6.436,546.0595571,34541.70292,0,0,5.627,0.22843,0,0,65.662,0,0,0,0.151728,9.094257285,0.048980103,0.004577598,0
43,242,6.436,546.0595571,34541.70292,0.000376,0,0,0,0,0,0,0,0,0,11.7102,1.600969904,0.048980103,0.004577598,0
43,242,6.436,546.0595571,34541.70292,0.007102,0,0,0.005239,0.005239,0,0,0,0,0,0.151728,4.286874454,0.048980103,0.004577598,0
43,242,6.436,546.0595571,34541.70292,0,0,0,0.00644,0,0,0,0,0,0,0,0.308645201,0.048980103,0.004577598,0
43,242,6.436,546.0595571,34541.70292,0,0,0,1.4572,0.18217,0,17.486,0,0,0,0,2.742428507,0.048980103,0.004577598,0
43,242,6.436,546.0595571,34541.70292,0,0,0,23.088,0,0,0,0,0,0,0.151728,10.8444667,0.048980103,0.004577598,0
43,242,6.436,546.0595571,34541.70292,0.016058,0,0,0.00524,51.372,0,0,0,0,0,14.4696,1.082901411,0.048980103,0.004577598,0
43,242,6.436,546.0595571,34541.70292,0.0068531,0,0,0,0.003821,0,0,0,0,0,0.30174,1.740043236,0.048980103,0.004577598,0
43,242,6.436,546.0595571,34541.70292,0.008321,0,0,0,0,0.95676,0,0,0,0,0.73911,0.757177028,0.048980103,0.004577598,0
43,242,6.436,546.0595571,34541.70292,0.0072895,0,0,0,0,0,0,0,0,0,0.278526,13.58857149,0.048980103,0.004577598,0
43,242,6.436,546.0595571,34541.70292,0,0,0,0,0,0,0,0,0,0,0.151728,62.76023949,0.048980103,0.004577598,0
43,242,6.436,546.0595571,34541.70292,3.2038,0,0,0,0.000124,0,0,0,0,0,97.974,1.611949377,0.048980103,0.004577598,0
43,242,6.436,546.0595571,34541.70292,3.0031,0,0.000376,0,2.7524,0,0,0,0,0,0,5.924849251,0.048980103,0.004577598,0
43,242,6.436,546.0595571,34541.70292,6.87,0,0,0,7.8711,0,0,0,0,0,57.423,8.563989377,0.048980103,0.004577598,0
43,242,6.436,546.0595571,34541.70292,2.2494,0,0,0.001493,0,0,0.67053,0,0,0,3.7518,20.03672595,0.048980103,0.004577598,0
43,242,6.436,546.0595571,34541.70292,8.3439,0,0,0,0,0,0,0,0,0,0.151728,0.403800639,0.048980103,0.004577598,0
43,242,6.436,546.0595571,34541.70292,0.0097027,0,0,0.051994,0,0,0,0,0.089467,0,0.57,27.05073767,0.048980103,0.004577598,0
43,242,6.436,546.0595571,34541.70292,0,0,0,8.0353,0.008333,0,0,0,0,0,0.151728,2.626534064,0.048980103,0.004577598,0
43,242,6.436,546.0595571,34541.70292,0.008333,0,0,6.6309,1.5099,0,0,0,0.002139,0,17.1858,1.480602342,0.048980103,0.004577598,0
43,242,6.436,546.0595571,34541.70292,0.008333,0,0,0.48873,0,0,0,0,0,0,0,9.094257285,0.048980103,0.004577598,0
43,242,6.436,546.0595571,34541.70292,1.4262,0,0,0,7.8711,0.0004275,0,0,0,0,73.296,2.473634728,0.048980103,0.004577598,0
43,242,6.436,546.0595571,34541.70292,0,0,0,0.46711,0,0,0,0,0,0,0.151728,1.953939646,0.048980103,0.004577598,0
43,242,6.436,546.0595571,34541.70292,0,0,1.2712,0.0060235,0,0,0,0,0,0,0,459.9889457,0.048980103,0.004577598,0
43,242,6.436,546.0595571,34541.70292,0.17094,0,0,0,0.000739,0,0,0,0,0,0,0.496109546,0.048980103,0.004577598,0
43,242,6.436,546.0595571,34541.70292,0,0,0,0,0.008333,0,0,0,0,0,0.279822,4.748825638,0.048980103,0.004577598,0
43,242,6.436,546.0595571,34541.70292,0,0,0,0,0.007328,0,0,0,0,0,0,1.437091095,0.048980103,0.004577598,0
43,242,6.436,546.0595571,34541.70292,0.005239,0,0,5.6081,0,0,0,0,0,0,0.151728,0.496109546,0.048980103,0.004577598,0
43,242,6.436,546.0595571,34541.70292,0,0,1.444,0.19366,0,0,0,0,0,0,7.6818,20.03672595,0.048980103,0.004577598,0
43,242,6.436,546.0595571,34541.70292,0.020418,0,0,0,1.7509,0,0,0,0,0,0.151728,1.740043236,0.048980103,0.004577598,0
43,242,6.436,546.0595571,34541.70292,0,0,0,0,0,0,0,0,0,0,0,0.090682319,0.048980103,0.004577598,0
43,242,6.436,546.0595571,34541.70292,0.008333,0,0,0.14311,0,0,0,0,0,0,0.151728,3.989437415,0.048980103,0.004577598,0
43,242,6.436,546.0595571,34541.70292,1.4385,0,0,0.000376,0.007221,0,0,0.16499,0,0,0,3.37110503,0.048980103,0.004577598,0
43,242,6.436,546.0595571,34541.70292,0.043527,0,0,0,0,0,8.4952,0,0,0,0,7.61406159,0.048980103,0.004577598,0
43,242,6.436,546.0595571,34541.70292,0.00644,0,0,0,0,0,0,0,0,0,2.37174,8.563989377,0.048980103,0.004577598,0
43,242,6.436,546.0595571,34541.70292,0,0,0,16.48,70.761,0,1.8682,0,0,0,0.151728,1.082901411,0.048980103,0.004577598,0
43,242,6.436,546.0595571,34541.70292,0,0,0,0.0021738,0.014119,0,0,0,0,0,0,6.85281809,0.048980103,0.004577598,0
43,242,6.436,546.0595571,34541.70292,0.98086,0,0,0,0.3855,0,0,0,0,0,7.0518,3.27635624,0.048980103,0.004577598,0
43,242,6.436,546.0595571,34541.70292,0,0,0,0.00524,13.034,0,0,0,0,0,16.0194,1.912461635,0.048980103,0.004577598,0
43,242,6.436,546.0595571,34541.70292,0.003822,0,0,0,0.038932,0,0,0,0,0,38.517,19.16080795,0.048980103,0.004577598,0
43,242,6.436,546.0595571,34541.70292,0.015487,0,0,0.14395,0,0,0,0,0,0,1.85526,7.432290306,0.048980103,0.004577598,0
43,242,6.436,546.0595571,34541.70292,0,0,0,0,0,0,0,0.79321,0,0,1.62048,62.76023949,0.048980103,0.004577598,0
43,242,6.436,546.0595571,34541.70292,0.0068531,0,0,0,0,0,52.387,0,0,0,29.7018,62.76023949,0.048980103,0.004577598,0
43,242,6.436,546.0595571,34541.70292,0.00524,0,0,5.4764,0,0.008333,0,0,0,0,0,0.308645201,0.048980103,0.004577598,0
43,242,6.436,546.0595571,34541.70292,0,0,0,0,0.10502,0,0,0,0,0,0.151728,0.506275725,0.048980103,0.004577598,0
43,242,6.436,546.0595571,34541.70292,0.012423,0,0.009348,0,0,0,0,0,0,0,13.1718,5.751441887,0.048980103,0.004577598,0
43,242,6.436,546.0595571,34541.70292,0.0067502,0,0,0,0,0,0,0,0,0,0.151728,57.83043216,0.048980103,0.004577598,0
43,242,6.436,546.0595571,34541.70292,0.00833,0,0,0,0.059735,53.202,0,0,0,0,6.2754,62.76023949,0.048980103,0.004577598,0
43,242,6.436,546.0595571,34541.70292,0,0,0,0,0,0,0,0,0,0,0.151728,107.1285055,0.048980103,0.004577598,0
43,242,6.436,546.0595571,34541.70292,47.536,0,0,13.409,0,0,1.9322,0,0,0,1.62048,3.933904712,0.048980103,0.004577598,0
43,242,6.436,546.0595571,34541.70292,0,0,0.0053495,0.002031,0,0,0.13028,0,0.034261,0,0.88596,8.643285575,0.048980103,0.004577598,0
43,242,6.436,546.0595571,34541.70292,0.0072895,0,0,0.068295,0,0,0,0,0,0,1.05978,9.094257285,0.048980103,0.004577598,0
43,242,6.436,546.0595571,34541.70292,0.38105,0,0.98593,0,0,0,0,17.189,0,0,198.603,6.85281809,0.048980103,0.004577598,0
43,242,6.436,546.0595571,34541.70292,0,0,0,0.005202,4.1692,0,0,0,0,0,0.151728,10.8444667,0.048980103,0.004577598,0
43,242,6.436,546.0595571,34541.70292,0,0,0,0,0,0,0.13028,0,0,0,0,8.563989377,0.048980103,0.004577598,0
43,242,6.436,546.0595571,34541.70292,189.16,0,0,0.000739,7.7396,0.79321,0.93424,0,0,0,14.5008,8.643285575,0.048980103,0.004577598,0
43,242,6.436,546.0595571,34541.70292,0.034521,0,0,0.006456,0,0,26.325,0,0,0,0,83.74352198,0.048980103,0.004577598,0
43,242,6.436,546.0595571,34541.70292,0,0,0,0,2.8091,0,0.67053,0,0,0,11.1597,3.27635624,0.048980103,0.004577598,0
43,242,6.436,546.0595571,34541.70292,7.1589,0,0,0,0,0.000012,0.80877,0,0,0,0,34.6982593,0.048980103,0.004577598,0
43,242,6.436,546.0595571,34541.70292,1.8379,0,0,0,0,0.34845,0,0,0,0,5.2239,2.282103912,0.048980103,0.004577598,0
43,242,6.436,546.0595571,34541.70292,1.7472,0,0,0,0.005239,0,0,0,0,0,14.1318,3.50611189,0.048980103,0.004577598,0
43,242,6.436,546.0595571,34541.70292,0,0,0,0,0.00524,1.0992,0,0,0,0,1.95174,2.626534064,0.048980103,0.004577598,0
43,242,6.436,546.0595571,34541.70292,0,0,0,0.031407,0,0,0,0,0,0,6.105,1.480602342,0.048980103,0.004577598,0
43,242,6.436,546.0595571,34541.70292,0.001434,0,6.8089,0.030237,0.68315,0.56312,0,0,0,0,0,1.953939646,0.048980103,0.004577598,0
43,242,6.436,546.0595571,34541.70292,0.00644,0,0,0,0.008333,0,0,0,0,0,0.151728,14.97902997,0.048980103,0.004577598,0
43,242,6.436,546.0595571,34541.70292,13.81,0,0,0,0,0,0,0,0,0,0,19.16080795,0.048980103,0.004577598,0
43,242,6.436,546.0595571,34541.70292,0,0,0,0.02647,0,0,0,0,0,0,19.2864,5.721119019,0.048980103,0.004577598,0
43,242,6.436,546.0595571,34541.70292,0.008004,0,0,0,0,0,0,0,0,0,0.33174,4.791523591,0.048980103,0.004577598,0
43,242,6.436,546.0595571,34541.70292,0.00524,0,0,0,0,0,0,0,0,0,0.151728,2.473634728,0.048980103,0.004577598,0
43,242,6.436,546.0595571,34541.70292,0,0,0,0.67703,0,0,0.13028,0,0,0,46.353,3.50611189,0.048980103,0.004577598,0
43,242,6.436,546.0595571,34541.70292,0,0,0,0,1.7912,0,53.409,0,0,0,0.151728,1.629841853,0.048980103,0.004577598,0
43,242,6.436,546.0595571,34541.70292,0,0,0,0,0,0.77921,0,0,0,0,12.3399,8.643285575,0.048980103,0.004577598,0
43,242,6.436,546.0595571,34541.70292,0,0,0,0.013606,0,0,0,0,0,0,4.8687,4.791523591,0.048980103,0.004577598,0
43,242,6.436,546.0595571,34541.70292,0.008333,0,0,15.197,0,0,0,0,0,0,9.4467,34.6982593,0.048980103,0.004577598,0
43,242,6.436,546.0595571,34541.70292,0.008333,0,0,0,0,0,0,0,0,0,3.2364,7.432290306,0.048980103,0.004577598,0
43,242,6.436,546.0595571,34541.70292,0.008333,0,0,0.0012795,0.31016,0,0,0,0,0,8.5434,1.480602342,0.048980103,0.004577598,0
43,242,6.436,546.0595571,34541.70292,0.009056,0,0,0.031407,0,0,0,0,0,0,24.5118,3.50611189,0.048980103,0.004577598,0
43,242,6.436,546.0595571,34541.70292,0,0,0,0,0.00524,25.566,0,0,0,0,149.193,7.61406159,0.048980103,0.004577598,0
43,242,6.436,546.0595571,34541.70292,0,0,0,0.71875,0.009056,0,0,0,0,0,3.3018,0.403800639,0.048980103,0.004577598,0
43,242,6.436,546.0595571,34541.70292,0.17713,0,0,0,0.019681,0,0,0,0,0,1.04805,1.740043236,0.048980103,0.004577598,0
43,242,6.436,546.0595571,34541.70292,0,0,0,0.008333,0.008321,0,0,0,0,0,0,4.044970118,0.048980103,0.004577598,0
43,242,6.436,546.0595571,34541.70292,0.67499,0,0,0,1.6868,0,0,0,0,0,8.7318,1.600969904,0.048980103,0.004577598,0
43,242,6.436,546.0595571,34541.70292,0.008333,0,0.08263,0.094899,0.008333,0,0,0,0,0,1.27794,20.03672595,0.048980103,0.004577598,0
43,242,6.436,546.0595571,34541.70292,0.21588,0,0,0,0.028193,12.855,0,0,0,0,0,20.03672595,0.048980103,0.004577598,0
43,242,6.436,546.0595571,34541.70292,49.011,0,0,0,0,0,42.065,0,0,0,7.5918,1.480602342,0.048980103,0.004577598,0
43,242,6.436,546.0595571,34541.70292,0,0,0,0,0,3.8342,0,0,0,0,17.3718,1.629841853,0.048980103,0.004577598,0
43,242,6.436,546.0595571,34541.70292,0.00644,0,0,0,0.008333,0,0,0,0,0,2.21025,3.294248715,0.048980103,0.004577598,0
43,242,6.436,546.0595571,34541.70292,0.00524,0,0.005251,0,0,0,0,0,0,0,0,6.85281809,0.048980103,0.004577598,0
43,242,6.436,546.0595571,34541.70292,0.0045845,0,0,4.0096,0,0,0,0,0,0,15.8232,20.03672595,0.048980103,0.004577598,0
43,242,6.436,546.0595571,34541.70292,0.0097975,0,0,0.027172,0.008333,0.010345,0,0,0,0,0.151728,0.533114438,0.048980103,0.004577598,0
43,242,6.436,546.0595571,34541.70292,0,0,0,0.14395,0,0,385.54,0,0,0,0.151728,126.2789109,0.048980103,0.004577598,0
43,242,6.436,546.0595571,34541.70292,0.91229,0,0,0.007102,4.5941,0,0,0,0,0,0,2.473634728,0.048980103,0.004577598,0
43,242,6.436,546.0595571,34541.70292,0,0,0,0,0.0062716,0,0,0,0,0,8.3751,3.539348854,0.048980103,0.004577598,0
43,242,6.436,546.0595571,34541.70292,0,0,0,13.409,0.008333,0,0,0,0,0,9.6318,0.677067536,0.048980103,0.004577598,0
43,242,6.436,546.0595571,34541.70292,0.016058,0,6.3345,0,1.5099,0,53.409,0,0,0,1.21974,19.71922933,0.048980103,0.004577598,0
43,242,6.436,546.0595571,34541.70292,0,0,0,27.797,0.0001875,0,0,0,0,0,2.06073,7.61406159,0.048980103,0.004577598,0
43,242,6.436,546.0595571,34541.70292,0.002031,0,0,0,0,0,0,0,0,0,6.3561,57.7672295,0.048980103,0.004577598,0
43,242,6.436,546.0595571,34541.70292,0.008333,0,0,0,0,0,0.002308,0,0,0,28.8018,14.97902997,0.048980103,0.004577598,0
43,242,6.436,546.0595571,34541.70292,0.00833,0,0,0.00315,0,0.90378,0,0,0,0,0.9426,1.600969904,0.048980103,0.004577598,0
43,242,6.436,546.0595571,34541.70292,0,0,0,0.013565,0,0,0,0,0,0,0,0.090682319,0.048980103,0.004577598,0
43,242,6.436,546.0595571,34541.70292,0,0,0,0,0,5.0956,47.395,0,0,0,0.151728,9.094257285,0.048980103,0.004577598,0
43,242,6.436,546.0595571,34541.70292,0.0019345,0,0,0,0.63967,0,0,0,0,0,0.151728,1.600969904,0.048980103,0.004577598,0
43,242,6.436,546.0595571,34541.70292,14.115,0,0,0.02191,0,0.38161,0,0,0,0,15.0018,1.629841853,0.048980103,0.004577598,0
43,242,6.436,546.0595571,34541.70292,0,0,0,2.6259,0,0,0,0,0,0,0,0.677067536,0.048980103,0.004577598,0
43,242,6.436,546.0595571,34541.70292,0.008335,0,0,0,0.002055,0,0.008333,0,0,0,0.151728,4.791523591,0.048980103,0.004577598,0
43,242,6.436,546.0595571,34541.70292,0.014773,0,0,0,0,0,0.42744,0,0,0,8.6688,3.933904712,0.048980103,0.004577598,0
43,242,6.436,546.0595571,34541.70292,1.6989,0,0,1.4572,9.3772,0,0,0,0,0,0.151728,4.044970118,0.048980103,0.004577598,0
43,242,6.436,546.0595571,34541.70292,37.409,0,0,0.010986,0,0,0,0,0,0,0,6.85281809,0.048980103,0.004577598,0
43,242,6.436,546.0595571,34541.70292,0,0,0,0,0,0,0,0,0,0,1.08798,9.094257285,0.048980103,0.004577598,0
43,242,6.436,546.0595571,34541.70292,0.85316,0,0,0,0,0,0,0,0,0,0,0.533114438,0.048980103,0.004577598,0
43,242,6.436,546.0595571,34541.70292,0,0,0,6.9518,0,0,0,0,0,0,0.151728,2.473634728,0.048980103,0.004577598,0
43,242,6.436,546.0595571,34541.70292,0,0,0,0,0,0,0.059897,0,0,0,2.37174,8.643285575,0.048980103,0.004577598,0
43,242,6.436,546.0595571,34541.70292,0,0,0,0,0,0,0,0,0,0,0,2.550491043,0.048980103,0.004577598,0
43,242,6.436,546.0595571,34541.70292,0.15204,0,0,4.0096,0.023106,0,0,0,0,0,0.151728,1.740043236,0.048980103,0.004577598,0
43,242,6.436,546.0595571,34541.70292,0.27365,0,0,0.67703,1.5099,0,0.67845,0,0,0,0,7.61406159,0.048980103,0.004577598,0
43,242,6.436,546.0595571,34541.70292,1.8905,0,0,0.47974,0.005239,0,0,0,0,0,0.151728,1.600969904,0.048980103,0.004577598,0
43,242,6.436,546.0595571,34541.70292,0,0,0,7.8163,0,0,0,0,0,0,4.4358,1.740043236,0.048980103,0.004577598,0
43,242,6.436,546.0595571,34541.70292,0.022591,0,0,3.1662,0,0.63853,0,0,0,0,2.01174,1.926287639,0.048980103,0.004577598,0
43,242,6.436,546.0595571,34541.70292,0.000251,0,0,0.47974,0,0,0.67053,0,0,0,0,1.629841853,0.048980103,0.004577598,0
43,242,6.436,546.0595571,34541.70292,0.005239,0,0,0,0,0,0,0,0,0,0.151728,3.370698383,0.048980103,0.004577598,0
43,242,6.436,546.0595571,34541.70292,3.8421,0,0,0,0.007148,0,0,0.097617,0,0,0.30174,2.473634728,0.048980103,0.004577598,0
43,242,6.436,546.0595571,34541.70292,0.012671,0,0,45.052,0,0,0,0,0,0,11.6058,0.533114438,0.048980103,0.004577598,0
43,242,6.436,546.0595571,34541.70292,0.00524,0,0,0,0.007102,0,0,0,0,0,0.3897,2.742428507,0.048980103,0.004577598,0
43,242,6.436,546.0595571,34541.70292,0.73427,0,0,0,0,0,0,0,0,0,0,6.509873784,0.048980103,0.004577598,0
43,242,6.436,546.0595571,34541.70292,0,0,0,5.8999,0.008332,0,0,0,0,0,0.275769,14.97902997,0.048980103,0.004577598,0
43,242,6.436,546.0595571,34541.70292,0,0,0,0.006674,8.5334,0,0,0,0,0,2.6931,3.27635624,0.048980103,0.004577598,0
43,242,6.436,546.0595571,34541.70292,0,0,0,0.44439,0.005239,1.5693,0,0,0,0,0.151728,2.282103912,0.048980103,0.004577598,0
43,242,6.436,546.0595571,34541.70292,0,0,0,0,0,0,0,0,0,0,8.7318,19.16080795,0.048980103,0.004577598,0
43,242,6.436,546.0595571,34541.70292,0,0,0,0.00524,0,0,0,0,0,0,0.151728,1.611949377,0.048980103,0.004577598,0
43,242,6.436,546.0595571,34541.70292,0,0,0,0.00644,0,0.008935,0.002308,0,0,0,0.151728,2.550491043,0.048980103,0.004577598,0
43,242,6.436,546.0595571,34541.70292,0.005239,0,0,0.3488,0,0.78445,0,0,0,0,0,7.61406159,0.048980103,0.004577598,0
43,242,6.436,546.0595571,34541.70292,0,0,0,4.2796,0.19458,0,0,0,0,0,0.151728,0.506275725,0.048980103,0.004577598,0
43,242,6.436,546.0595571,34541.70292,11.344,0,0,0,0,0,0,0,0,0,0,6.438851272,0.048980103,0.004577598,0
43,242,6.436,546.0595571,34541.70292,0.001267,0,0,0,44.94,0,0,0,0,0,0.151728,0.090682319,0.048980103,0.004577598,0
43,242,6.436,546.0595571,34541.70292,0.01061,0,0,0,5.7523,0,0.13028,0,0,0,5.2875,3.37110503,0.048980103,0.004577598,0
43,242,6.436,546.0595571,34541.70292,0.010338,0,0,0.012395,0,0.78754,7.2385,0,0,0,14.5008,4.748825638,0.048980103,0.004577598,0
43,242,6.436,546.0595571,34541.70292,0,0,0,0.14897,0,0.78754,0,0,0,0,8.6688,6.438851272,0.048980103,0.004577598,0
43,242,6.436,546.0595571,34541.70292,0,0,0,0,0,0,0,0,0,0,0.31059,0.090682319,0.048980103,0.004577598,0
43,242,6.436,546.0595571,34541.70292,0,0,0,0.002011,0.008333,0,0,0,0,0,1.64742,107.1285055,0.048980103,0.004577598,0
43,242,6.436,546.0595571,34541.70292,0,0,0,4.0096,0,0,0,0,5.4943,0,1.98174,2.626534064,0.048980103,0.004577598,0
43,242,6.436,546.0595571,34541.70292,0.002598,0,0,0,0,0,0,0,0,0,0.151728,9.094257285,0.048980103,0.004577598,0
43,242,6.436,546.0595571,34541.70292,8.1913,0,0,0,0,0,0,0,0,0,0.37014,3.294248715,0.048980103,0.004577598,0
43,242,6.436,546.0595571,34541.70292,1.6744,0,2.792,0,14.569,0,17.486,0,0,0,1.10577,1.740043236,0.048980103,0.004577598,0
43,242,6.436,546.0595571,34541.70292,0.009021,0,0,0,0.002772,0,0,0,0.000251,0,11.9625,27.05073767,0.048980103,0.004577598,43.45121951
43,242,6.436,546.0595571,34541.70292,0.51613,0,0,0.011074,0,0,0,0,0,0,6.561,5.751441887,0.048980103,0.004577598,0
43,242,6.436,546.0595571,34541.70292,1.0702,0,0,0,0,0,0,0,0,0,0,0.677067536,0.048980103,0.004577598,0
43,242,6.436,546.0595571,34541.70292,0.022279,0,0,0.015258,0,0,0,0,0,0,5.2239,8.563989377,0.048980103,0.004577598,0
43,242,6.436,546.0595571,34541.70292,0,0,0.005988,1.231,0,0,0,0,0,0,63.09,3.933904712,0.048980103,0.004577598,0
43,242,6.436,546.0595571,34541.70292,0.000688,0,0,0,0,0,0,0,0,0,35.547,2.742428507,0.048980103,0.004577598,0
43,242,6.436,546.0595571,34541.70292,0,0,0,0,1.8144,0,0,0,0,0,0.151728,4.748825638,0.048980103,0.004577598,0
44,243,4.394,546.0356583,34540.19117,0,0,0,0,0.030964,0.040918,0,0,0,0,0.75174,2.124635517,0.048759245,0.004556957,0
44,243,4.394,546.0356583,34540.19117,0,0,0,0,0,0,0,0,0,0,0.151728,0.482794511,0.048759245,0.004556957,0
44,243,4.394,546.0356583,34540.19117,0.019714,0,0,0,3.9118,0,0,0,0,0,1.62018,2.474804353,0.048759245,0.004556957,0
44,243,4.394,546.0356583,34540.19117,0.71313,0,0,0,0,0,0,0,0,0,2.28174,13.06734301,0.048759245,0.004556957,0
44,243,4.394,546.0356583,34540.19117,0.018235,0,0,0.003821,0.00524,0,0.74966,0,0,0,18.1353,15.12102526,0.048759245,0.004556957,0
44,243,4.394,546.0356583,34540.19117,0,0,0,0.017238,0.005769,0,0,0,0,0,0,0.085689464,0.048759245,0.004556957,0
44,243,4.394,546.0356583,34540.19117,0.008333,0,0,0,16.858,0.77921,16.74,0,0,0,0.151728,6.472102045,0.048759245,0.004556957,0
44,243,4.394,546.0356583,34540.19117,0,0,0,0,0,0,0,0,0,0,36.924,0.219704697,0.048759245,0.004556957,0
44,243,4.394,546.0356583,34540.19117,0.00644,0,0,0.002031,0,0,0,0,0,0,0,0.301225485,0.048759245,0.004556957,0
44,243,4.394,546.0356583,34540.19117,0.008333,0,0,0.3488,0,0,0,0,0,0,0,0.99739448,0.048759245,0.004556957,0
44,243,4.394,546.0356583,34540.19117,0.016638,0,0,0,0.002139,0,0,0.009342,0,0,3.6423,4.278895437,0.048759245,0.004556957,0
44,243,4.394,546.0356583,34540.19117,0.008333,0,0,0,0.00524,0,0,0,0,0,0.151728,0.219704697,0.048759245,0.004556957,0
44,243,4.394,546.0356583,34540.19117,0.68217,0,0,0,0.0082165,2.879,0,0,0,0,61.47,0.219704697,0.048759245,0.004556957,0
44,243,4.394,546.0356583,34540.19117,23.582,0,2.4044,0,0,0,0,0,0,0,0,0.085689464,0.048759245,0.004556957,0
44,243,4.394,546.0356583,34540.19117,0.73427,0,0,0,16.858,0,0,0,0,0,0.273384,0.99739448,0.048759245,0.004556957,0
44,243,4.394,546.0356583,34540.19117,0.14297,0,0,0.27226,0,0,0,0,0,0,0,15.12102526,0.048759245,0.004556957,0
44,243,4.394,546.0356583,34540.19117,0.00524,0,0,0,1.1676,2.6216,0,0,0,0,0,0.99739448,0.048759245,0.004556957,0
44,243,4.394,546.0356583,34540.19117,0.023275,0,0,0,0.008335,0,9.6768,0,0,0,0.75174,1.035375756,0.048759245,0.004556957,0
44,243,4.394,546.0356583,34540.19117,0.10284,0,0,0,0.37101,0,0,0,0,0,0.151728,2.474804353,0.048759245,0.004556957,0
44,243,4.394,546.0356583,34540.19117,50.529,0,0,0,0,0,0,0,0,0,6.8079,2.124635517,0.048759245,0.004556957,0
44,243,4.394,546.0356583,34540.19117,0.050392,0,0,0,0,0,0.60778,0,0.0038845,0,1.02351,0.541773565,0.048759245,0.004556957,0
44,243,4.394,546.0356583,34540.19117,0.008321,0,0,0,0,0,0,0,0,0,0.151728,0.423815456,0.048759245,0.004556957,0
44,243,4.394,546.0356583,34540.19117,8.3439,0,0,0,0,0.027754,0,0,0,0,0.151728,17.60572724,0.048759245,0.004556957,0
44,243,4.394,546.0356583,34540.19117,0,0,0,0,0.64611,0,0,0,0.84352,0,1.74174,3.237208988,0.048759245,0.004556957,0
44,243,4.394,546.0356583,34540.19117,4.1811,0,0,0.00524,0,0,0,0,0,0,0.151728,0.301225485,0.048759245,0.004556957,0
44,243,4.394,546.0356583,34540.19117,0.019305,0,0,0.055562,0.47436,0,0,0,0,0,7.3638,17.60572724,0.048759245,0.004556957,0
44,243,4.394,546.0356583,34540.19117,0,0,0,0.008333,0.046926,0,0,0,0,0,15.8232,22.79016382,0.048759245,0.004556957,0
44,243,4.394,546.0356583,34540.19117,0.48229,0,0,0.44439,0.00524,0,0,0,0,0,0.33174,1.651413523,0.048759245,0.004556957,0
44,243,4.394,546.0356583,34540.19117,50.529,0,0,19.222,0,0,0,0,0,0,0.151728,2.124635517,0.048759245,0.004556957,0
44,243,4.394,546.0356583,34540.19117,0,0,0,0,0.1136,0,0,0,0,0,7.6407,2.124635517,0.048759245,0.004556957,0
44,243,4.394,546.0356583,34540.19117,0.00524,0,0,0,0,0.003718,0,0,0,0,0.151728,11.33524931,0.048759245,0.004556957,0
44,243,4.394,546.0356583,34540.19117,0.009056,0,0,0.80704,0,0,0,0,0,0,0,1.651413523,0.048759245,0.004556957,0
44,243,4.394,546.0356583,34540.19117,0,0,0,0,0.00524,0,0,0,0,0,0,3.789481443,0.048759245,0.004556957,0
44,243,4.394,546.0356583,34540.19117,0.003346,0,0,1.6635,0.007328,0,0.13028,0,0,0,0.151728,0.541773565,0.048759245,0.004556957,0
44,243,4.394,546.0356583,34540.19117,0.007353,0,0,0,0,0,0,0,0,0,0,0.541773565,0.048759245,0.004556957,0
44,243,4.394,546.0356583,34540.19117,0,0,0,0,0,0.17478,0,0,0,0,2.37174,0.219704697,0.048759245,0.004556957,0
44,243,4.394,546.0356583,34540.19117,0.017603,0,0,0,0,0,0,0,0,0,4.4313,0.99739448,0.048759245,0.004556957,0
44,243,4.394,546.0356583,34540.19117,0,0,0,0,12.686,0,0,0,0,0,0.37014,0.541773565,0.048759245,0.004556957,0
44,243,4.394,546.0356583,34540.19117,0.00644,0,0,51.422,0,0,0,0,0,0,10.4415,0.423815456,0.048759245,0.004556957,0
44,243,4.394,546.0356583,34540.19117,0,0,0,0,0,0,0,0,0,0,0.292407,1.035375756,0.048759245,0.004556957,0
44,243,4.394,546.0356583,34540.19117,2.1821,0,0,0,0,0,0.059897,0,0,0,0,3.237208988,0.048759245,0.004556957,0
44,243,4.394,546.0356583,34540.19117,0.022591,0,0,7.8979,0,0,0,0,0,0,44.763,11.33524931,0.048759245,0.004556957,0
44,243,4.394,546.0356583,34540.19117,0.003539,0,0,0,0.23265,0,0,0,0,0,0.36594,1.035375756,0.048759245,0.004556957,0
44,243,4.394,546.0356583,34540.19117,0.00062,0,0,0,0,0,0,0,0,0,0.151728,13.06734301,0.048759245,0.004556957,0
44,243,4.394,546.0356583,34540.19117,0,0,0,0,0.030964,0,0,0,0,0,0,11.33524931,0.048759245,0.004556957,0
44,243,4.394,546.0356583,34540.19117,0,0,0,0,0,0,0.13028,0,0,0,4.4313,10.04744876,0.048759245,0.004556957,0
44,243,4.394,546.0356583,34540.19117,0.00524,0,0,1.9259,0,0,0,0,0,0,7.1259,0.219704697,0.048759245,0.004556957,0
44,243,4.394,546.0356583,34540.19117,0.008335,0,0,0.012395,0,0,0,0,0,0,0.151728,2.124635517,0.048759245,0.004556957,0
44,243,4.394,546.0356583,34540.19117,0.060379,0,0,0.002031,0,0,0,0,0,0,0,6.472102045,0.048759245,0.004556957,0
44,243,4.394,546.0356583,34540.19117,0.002598,0,0,0.005239,0,0,0,0,0,0,61.47,3.237208988,0.048759245,0.004556957,0
44,243,4.394,546.0356583,34540.19117,0.27365,0,0,0.00247,0,0,0,0,0,0,3.3018,0.085689464,0.048759245,0.004556957,0
44,243,4.394,546.0356583,34540.19117,0.00014,0,0,0.049787,0,0.79321,0,3.4892,0,0,1.04805,2.124635517,0.048759245,0.004556957,0
44,243,4.394,546.0356583,34540.19117,2.0814,0,0,0,0,0,0,0,0,0,198.615,2.007567612,0.048759245,0.004556957,0
44,243,4.394,546.0356583,34540.19117,12.994,0,0.000124,0.17658,0.0072705,0,0,0,0,0,7.2111,1.651413523,0.048759245,0.004556957,0
44,243,4.394,546.0356583,34540.19117,0.00753,0,0,0,2.3147,0,0,0,0,0,2.96682,3.237208988,0.048759245,0.004556957,0
44,243,4.394,546.0356583,34540.19117,0,0,0,0.021906,0,0,0,0,0,0,0.275259,0.541773565,0.048759245,0.004556957,0
44,243,4.394,546.0356583,34540.19117,4.1811,0,0,0.27563,0,0.000012,0,0,0,0,0.151728,3.237208988,0.048759245,0.004556957,0
44,243,4.394,546.0356583,34540.19117,0.23451,0,0,0,0.00524,0,0,0,0,0,0.151728,0.219704697,0.048759245,0.004556957,0
44,243,4.394,546.0356583,34540.19117,0.011776,0,0,0,0,6.0658,0,0,0,0,1.09155,2.474804353,0.048759245,0.004556957,0
44,243,4.394,546.0356583,34540.19117,0,0,0,0.008333,9.3772,0,0,0.78451,0,0,0.151728,1.035375756,0.048759245,0.004556957,0
44,243,4.394,546.0356583,34540.19117,0.25548,0,0,0,0,0,0,0,0,0,11.0268,0.219704697,0.048759245,0.004556957,0
44,243,4.394,546.0356583,34540.19117,0.00524,0,0.19195,0,35.29,0,0,0,0,0,1.47252,0.423815456,0.048759245,0.004556957,0
44,243,4.394,546.0356583,34540.19117,0.005239,0,0,0,0,15.509,0,0,0,0,0.90174,2.474804353,0.048759245,0.004556957,0
44,243,4.394,546.0356583,34540.19117,0.0094073,0,0,0,0,0,0,0,0,0,0,0.301225485,0.048759245,0.004556957,0
44,243,4.394,546.0356583,34540.19117,0,0,0,0.007697,0,0,0,0,0,0,0.151728,1.035375756,0.048759245,0.004556957,0
44,243,4.394,546.0356583,34540.19117,0.00524,0,0,0,0,0,0,0,0,0,0.151728,1.035375756,0.048759245,0.004556957,0
44,243,4.394,546.0356583,34540.19117,4.282,0,0,0,0.00524,0,0,0,0,0,0.151728,3.789481443,0.048759245,0.004556957,0
44,243,4.394,546.0356583,34540.19117,0,0,0,0,0,8.1854,0,0,0,0,10.9077,2.124635517,0.048759245,0.004556957,0
44,243,4.394,546.0356583,34540.19117,0.023222,0,0,0,0,1.4857,0.059897,0,0,0,24.9618,6.472102045,0.048759245,0.004556957,0
44,243,4.394,546.0356583,34540.19117,0.00524,0,0,0,2.0594,0,0,0,0,0,17.2929,0.423815456,0.048759245,0.004556957,0
44,243,4.394,546.0356583,34540.19117,0.00824,0,0,0,0.001192,3.4338,0,0,0,0,0.151728,0.219704697,0.048759245,0.004556957,0
44,243,4.394,546.0356583,34540.19117,0.052214,0,0,0,0,0,0,0,0,0,0.75903,25.71929039,0.048759245,0.004556957,0
44,243,4.394,546.0356583,34540.19117,0,0,0,8.389,198.9,0,0,0,0,0,0.151728,3.789481443,0.048759245,0.004556957,0
44,243,4.394,546.0356583,34540.19117,0,0,0,2.4911,0.007328,0,0,0,0,0,24.9618,0.085689464,0.048759245,0.004556957,0
44,243,4.394,546.0356583,34540.19117,0,0,0,0,124.34,0,0,0,0,0,0.151728,0.219704697,0.048759245,0.004556957,0
44,243,4.394,546.0356583,34540.19117,4.282,0,0,0.014341,0.000739,0,0,0,0,0,0.151728,0.423815456,0.048759245,0.004556957,0
44,243,4.394,546.0356583,34540.19117,0,0,0,0,0,0,0,0,0,0,0,0.301225485,0.048759245,0.004556957,0
44,243,4.394,546.0356583,34540.19117,0.078253,0,0,0,0.00524,0,0,0,0,0,0.75903,1.651413523,0.048759245,0.004556957,0
44,243,4.394,546.0356583,34540.19117,0.000376,0,0,0,0.33405,0,0,0,0,0,0.151728,22.79016382,0.048759245,0.004556957,0
44,243,4.394,546.0356583,34540.19117,0.050392,0,0,0.008333,0,0,0,0,0,0,0.151728,0.219704697,0.048759245,0.004556957,0
44,243,4.394,546.0356583,34540.19117,0.16397,0,0,0,0,0,0,0,0,0,6.9018,25.71929039,0.048759245,0.004556957,0
44,243,4.394,546.0356583,34540.19117,0.0021738,0,1.2712,0,0.008953,0.006508,0,0,0,0,0.273384,11.68233493,0.048759245,0.004556957,0
44,243,4.394,546.0356583,34540.19117,0,0,0,0,0,0,0,0,0,0,0,0.085689464,0.048759245,0.004556957,0
44,243,4.394,546.0356583,34540.19117,0,0,0,0,0,0.79321,0,0,0,0,0.151728,0.99739448,0.048759245,0.004556957,0
44,243,4.394,546.0356583,34540.19117,9.3106,0,0,0.00524,1.1866,0,0,0,0,0,0.151728,6.472102045,0.048759245,0.004556957,0
44,243,4.394,546.0356583,34540.19117,0.008335,0,0,0.00524,0.00524,0,0.13028,0,0,0,14.8218,3.789481443,0.048759245,0.004556957,0
44,243,4.394,546.0356583,34540.19117,0,0,0,0,0.0099455,21.538,0,0,0,0,0.151728,0.99739448,0.048759245,0.004556957,0
44,243,4.394,546.0356583,34540.19117,0.008335,0,0,0,0.023106,0,0,0,0,0,13.494,0.99739448,0.048759245,0.004556957,0
44,243,4.394,546.0356583,34540.19117,0.018322,0,0,0.15168,6.873,0.0000095,0,0,0,0,0.151728,3.237208988,0.048759245,0.004556957,0
44,243,4.394,546.0356583,34540.19117,0,0,0,2.1625,0,0,0,0,0,0,1.38174,0.423815456,0.048759245,0.004556957,0
44,243,4.394,546.0356583,34540.19117,0,0,0,0,0.16189,0,0,0,0,0,0.151728,1.035375756,0.048759245,0.004556957,0
44,243,4.394,546.0356583,34540.19117,0,0,0,0,0.005239,0,0,0,0,0,1.84839,0.085689464,0.048759245,0.004556957,0
44,243,4.394,546.0356583,34540.19117,0,0,0,1.0487,0,0,0,0,0,0,0,6.472102045,0.048759245,0.004556957,0
44,243,4.394,546.0356583,34540.19117,0,0,0,0,0,0,0,0,0,0,0.151728,0.219704697,0.048759245,0.004556957,0
44,243,4.394,546.0356583,34540.19117,0,0,0,0,0,0,0,0,0,0,0.33174,0.301225485,0.048759245,0.004556957,0
44,243,4.394,546.0356583,34540.19117,0.021605,0,0,0,51.372,0,0,0,0,0,3.4635,22.79016382,0.048759245,0.004556957,0
44,243,4.394,546.0356583,34540.19117,0.008335,0,0,0.008333,0,0,0,0,0,0,0.42399,0.301225485,0.048759245,0.004556957,0
44,243,4.394,546.0356583,34540.19117,0,0,0,62.543,0.014719,0,0.13028,0,0,0,0.77829,2.007567612,0.048759245,0.004556957,0
44,243,4.394,546.0356583,34540.19117,0.0088426,0,0,0,0,0.99064,0,0,0,0,0.151728,3.237208988,0.048759245,0.004556957,0
44,243,4.394,546.0356583,34540.19117,0,0,0,0.45906,0,0.012727,0,0,0,0,0.151728,0.219704697,0.048759245,0.004556957,0
44,243,4.394,546.0356583,34540.19117,0,0,0,0,0,0.23142,0,0,0,0,25.3818,2.474804353,0.048759245,0.004556957,0
44,243,4.394,546.0356583,34540.19117,0,0,0,0.0306,0,0,0,0,0,0,0,2.124635517,0.048759245,0.004556957,0
44,243,4.394,546.0356583,34540.19117,0,0,0,0.010105,0,0,0,0,0,0,0.181728,2.474804353,0.048759245,0.004556957,0
44,243,4.394,546.0356583,34540.19117,0.011527,0,0,0,0,0,0,0,0,0,18.1353,11.33524931,0.048759245,0.004556957,0
44,243,4.394,546.0356583,34540.19117,0,0,0,0,0,0.63853,0,0.70822,0,0,0.36594,15.12102526,0.048759245,0.004556957,0
44,243,4.394,546.0356583,34540.19117,0,0,0,0.000716,0.00833,0,0,0,0,0,0.273357,22.79016382,0.048759245,0.004556957,0
44,243,4.394,546.0356583,34540.19117,0.014901,0,0,0.62945,0,0,0,0,0,0,0,2.124635517,0.048759245,0.004556957,0
44,243,4.394,546.0356583,34540.19117,0.00524,0,0,0,0,0,0.67845,0,0,0,0.151728,3.789481443,0.048759245,0.004556957,0
44,243,4.394,546.0356583,34540.19117,4.3384,0,0,0.00524,0.008333,0,0,0,0,0,0.151728,3.789481443,0.048759245,0.004556957,0
44,243,4.394,546.0356583,34540.19117,0.009056,0,0,0.00524,0,0,0,0,0,0,0.151728,0.085689464,0.048759245,0.004556957,0
44,243,4.394,546.0356583,34540.19117,0,0,0,0,0.042129,0,0,0,0,0,37.836,25.71929039,0.048759245,0.004556957,0
44,243,4.394,546.0356583,34540.19117,37.409,0,0,13.409,0,0,0,0,0,0,0,0.301225485,0.048759245,0.004556957,0
44,243,4.394,546.0356583,34540.19117,0,0,0,2.8113,0,0,0,0,0,0,17.1858,0.219704697,0.048759245,0.004556957,0
44,243,4.394,546.0356583,34540.19117,6.2048,0,0,0.008333,0,0,0,0,0,0,12.2682,6.495762651,0.048759245,0.004556957,0
44,243,4.394,546.0356583,34540.19117,0.052214,0,0,0,0.081175,0.95676,0,0,0,0,3.8946,15.12102526,0.048759245,0.004556957,0
44,243,4.394,546.0356583,34540.19117,0,0,0,0,0,0,0,0,0,0,0.151728,11.33524931,0.048759245,0.004556957,0
44,243,4.394,546.0356583,34540.19117,9.146,0,0,0.17658,1.6408,0,0,0,0,0,28.8018,0.541773565,0.048759245,0.004556957,0
44,243,4.394,546.0356583,34540.19117,0.043527,0,0,0.03272,0.001326,0,0,0,0,0,0,2.474804353,0.048759245,0.004556957,0
44,243,4.394,546.0356583,34540.19117,0.000078,0,0,0,0,0,0,0,0,0,0.151728,0.423815456,0.048759245,0.004556957,0
44,243,4.394,546.0356583,34540.19117,0.032101,0,0,0,6.4522,0,0.021726,0,0,0,0,3.237208988,0.048759245,0.004556957,0
44,243,4.394,546.0356583,34540.19117,0,0,0,0.02191,0.014078,0,51.57,0,0,0,12.3399,0.541773565,0.048759245,0.004556957,0
44,243,4.394,546.0356583,34540.19117,0,0,0,0,0,0,0,0,0,0,0.278526,3.237208988,0.048759245,0.004556957,0
44,243,4.394,546.0356583,34540.19117,0,0,0,0,0,0,0,0,0,0,5.2875,0.085689464,0.048759245,0.004556957,0
44,243,4.394,546.0356583,34540.19117,0,0,0,0.008332,1.0784,0,0,0,0,0,1.63956,6.495762651,0.048759245,0.004556957,0
44,243,4.394,546.0356583,34540.19117,15.758,0,1.6661,0.008335,0,0.000209,0,0,0,0,0,3.237208988,0.048759245,0.004556957,0
44,243,4.394,546.0356583,34540.19117,0,0,0,4.3441,0,0,0,0,0,0,8.7318,0.541773565,0.048759245,0.004556957,0
44,243,4.394,546.0356583,34540.19117,0.023786,0,0,0,0.16189,0,0.13028,0,0,0,0,2.124635517,0.048759245,0.004556957,0
44,243,4.394,546.0356583,34540.19117,0,0,0,0.00524,0,0,0,0,0,0,0,1.651413523,0.048759245,0.004556957,0
44,243,4.394,546.0356583,34540.19117,0.00524,0,0,17.76,0,0,0,0,0,0,1.86174,1.651413523,0.048759245,0.004556957,0
44,243,4.394,546.0356583,34540.19117,23.582,0,0,0.022218,0.00524,0,0,0,0,0,14.8218,2.474804353,0.048759245,0.004556957,0
44,243,4.394,546.0356583,34540.19117,0,0,0,0.00036,0,0,0,0,0,0,1.09647,13.06734301,0.048759245,0.004556957,0
44,243,4.394,546.0356583,34540.19117,0,0,0,0,0,0,0,0,0,0,9.4467,6.472102045,0.048759245,0.004556957,0
44,243,4.394,546.0356583,34540.19117,0,0,0,0,0.008333,0,0,0,0,0,34.872,22.79016382,0.048759245,0.004556957,0
44,243,4.394,546.0356583,34540.19117,0,0,0.003821,0.011074,0.002741,0,0,0,0,0,0,0.541773565,0.048759245,0.004556957,0
44,243,4.394,546.0356583,34540.19117,0,0,0,0.65249,0.008333,0,0,0,0,0,0,25.71929039,0.048759245,0.004556957,0
44,243,4.394,546.0356583,34540.19117,0,0,0,0,0.020274,0,0,0,0,0,0,2.124635517,0.048759245,0.004556957,0
44,243,4.394,546.0356583,34540.19117,0,0,0,0,0.008333,0,0,0,0,0,0.269961,6.472102045,0.048759245,0.004556957,0
44,243,4.394,546.0356583,34540.19117,2.1165,0,0,0.29765,8.8857,0,0,0,0,0,5.7318,0.99739448,0.048759245,0.004556957,0
44,243,4.394,546.0356583,34540.19117,0.013012,0,0,0,0,0,0,0,0,0,0,2.474804353,0.048759245,0.004556957,0
44,243,4.394,546.0356583,34540.19117,0,0,0,0,0.0021738,0,0,0,0,0,0,0.085689464,0.048759245,0.004556957,0
44,243,4.394,546.0356583,34540.19117,0,0,0,0.008333,0,0,15.202,0,0,0,0,0.219704697,0.048759245,0.004556957,0
44,243,4.394,546.0356583,34540.19117,0,0,0,0,0,0,0,0,0,0,2.68779,6.472102045,0.048759245,0.004556957,0
44,243,4.394,546.0356583,34540.19117,5.2762,0,0,0.0084875,0,0,0,0,0,0,0.151728,15.12102526,0.048759245,0.004556957,0
44,243,4.394,546.0356583,34540.19117,0.018322,0,0,0.008333,0,0,0,0,0,0,15.3204,0.085689464,0.048759245,0.004556957,0
44,243,4.394,546.0356583,34540.19117,0.013573,0,0,0,0,2.3282,0,0,0,0,0.151728,1.035375756,0.048759245,0.004556957,0
44,243,4.394,546.0356583,34540.19117,0.87352,0,0,0,1.2446,2.7565,0,0,0,0,38.517,11.33524931,0.048759245,0.004556957,0
44,243,4.394,546.0356583,34540.19117,3.619,0,0,0,3.0408,0,0,0,0,0,18.819,2.474804353,0.048759245,0.004556957,0
44,243,4.394,546.0356583,34540.19117,0.001192,0,0,0.008333,0,0,0,0,0,0,0.37014,2.474804353,0.048759245,0.004556957,0
44,243,4.394,546.0356583,34540.19117,0,0,0,0.088496,0,0.82806,0,0,0,0,11.7102,13.06734301,0.048759245,0.004556957,0
44,243,4.394,546.0356583,34540.19117,0.000739,0,0,0,0,0,0,0,0,0,0.151728,0.301225485,0.048759245,0.004556957,0
44,243,4.394,546.0356583,34540.19117,0.075337,0,0,0,0,0,0,0,0,0,123.993,3.789481443,0.048759245,0.004556957,0
44,243,4.394,546.0356583,34540.19117,1.2325,0,0,0,0,0,0,0,0,0,10.3692,0.219704697,0.048759245,0.004556957,0
44,243,4.394,546.0356583,34540.19117,0,0,0,0,0.93679,0,0,0,0,0,0.65616,17.60572724,0.048759245,0.004556957,0
44,243,4.394,546.0356583,34540.19117,0.024955,0,0,0,0,0,0,0,0,0,11.682,22.79016382,0.048759245,0.004556957,0
44,243,4.394,546.0356583,34540.19117,0.00524,0,0,3.0263,0.005239,0,29.229,0,0,0,0.271128,11.33524931,0.048759245,0.004556957,0
44,243,4.394,546.0356583,34540.19117,0.00387,0,0,0,0.008333,0,31.748,0,0,0,0,2.007567612,0.048759245,0.004556957,0
44,243,4.394,546.0356583,34540.19117,0,0,0,0.008333,0,0,0,0,0,0,18.849,0.085689464,0.048759245,0.004556957,0
44,243,4.394,546.0356583,34540.19117,0,0,0,0.008333,30.954,0,0,0,0,0,0,1.035375756,0.048759245,0.004556957,0
44,243,4.394,546.0356583,34540.19117,0.032101,0,0,1.2811,0,0,0,0,0,0,10.6335,1.035375756,0.048759245,0.004556957,0
44,243,4.394,546.0356583,34540.19117,8.933,0,0,0.00524,0.008333,0,0,0,0,0,78.063,0.301225485,0.048759245,0.004556957,0
44,243,4.394,546.0356583,34540.19117,0.0055799,0,0,0,0.008333,0,0,0,0,0,0,0.301225485,0.048759245,0.004556957,0
44,243,4.394,546.0356583,34540.19117,0.009056,0,0,0.008333,0.00524,0,0,0,0,0,0.273324,0.219704697,0.048759245,0.004556957,0
44,243,4.394,546.0356583,34540.19117,0,0,0,0,0,0,0,0,0,0,0.151728,11.68233493,0.048759245,0.004556957,0
44,243,4.394,546.0356583,34540.19117,0.82366,0,0,1.8563,0.042129,0,0,0,0,0,0,2.007567612,0.048759245,0.004556957,0
44,243,4.394,546.0356583,34540.19117,0,0,0,1.2021,0,0,0,0,0,0,1.05978,1.035375756,0.048759245,0.004556957,0
44,243,4.394,546.0356583,34540.19117,0,0,0,0,0.011527,0,0,0,0,0,3.6918,15.12102526,0.048759245,0.004556957,0
44,243,4.394,546.0356583,34540.19117,0,0,0.33343,0.70621,0,0,0,0,0,0,0.151728,17.60572724,0.048759245,0.004556957,0
44,243,4.394,546.0356583,34540.19117,0.001326,0,0,0,14.856,0,0,0,0,0,0,0.99739448,0.048759245,0.004556957,0
44,243,4.394,546.0356583,34540.19117,46.059,0,0,0,0,0.023853,0,0,0,0,46.293,4.278895437,0.048759245,0.004556957,0
44,243,4.394,546.0356583,34540.19117,0,0,0,0,0,1.0657,0,0,25.575,0,0.151728,0.99739448,0.048759245,0.004556957,0
44,243,4.394,546.0356583,34540.19117,0,0,0,0,0.035884,0,0,0,0,0,0.151728,0.99739448,0.048759245,0.004556957,0
44,243,4.394,546.0356583,34540.19117,0.019714,0,0,0,0,0,403.32,0,0,0,0.273384,4.278895437,0.048759245,0.004556957,0
44,243,4.394,546.0356583,34540.19117,0,0,0,0,246.96,0,0,0,0,0,6.5418,0.219704697,0.048759245,0.004556957,0
44,243,4.394,546.0356583,34540.19117,0.098565,0,0,0.034928,0.000063,0,0,6.5693,0,0,9.0018,1.651413523,0.048759245,0.004556957,0
44,243,4.394,546.0356583,34540.19117,2.2987,0,0,0.011074,0,0,0,0,0,0,15.3204,17.60572724,0.048759245,0.004556957,0
44,243,4.394,546.0356583,34540.19117,0,0,0,0,0,0,0,0,0,0,0,3.237208988,0.048759245,0.004556957,0
44,243,4.394,546.0356583,34540.19117,0,0,0,0,3.7624,0,0,0,0,0,45.933,107.6982002,0.048759245,0.004556957,0
44,243,4.394,546.0356583,34540.19117,0.028169,0,0,73.41,1.4612,0.80155,0,0,0,0,9.7158,3.789481443,0.048759245,0.004556957,0
44,243,4.394,546.0356583,34540.19117,7.5139,0,0,0.00524,0.005239,0,0,0,0,0,0,3.789481443,0.048759245,0.004556957,0
44,243,4.394,546.0356583,34540.19117,2.8708,0,0,0,0,0,0,0,0,0,7.8318,1.035375756,0.048759245,0.004556957,0
44,243,4.394,546.0356583,34540.19117,0.047912,0,0,0.008265,1.7912,0,0,0,0,0,0.70764,22.79016382,0.048759245,0.004556957,0
44,243,4.394,546.0356583,34540.19117,0.024955,0,0,35.501,0,0,0,0,0,0,0,0.99739448,0.048759245,0.004556957,0
44,243,4.394,546.0356583,34540.19117,0.17094,0,0,0,0.01564,0,0,0,0,0,0,11.33524931,0.048759245,0.004556957,0
44,243,4.394,546.0356583,34540.19117,0,0,0,0,0,5.6833,0,0,0,0,0,0.219704697,0.048759245,0.004556957,0
44,243,4.394,546.0356583,34540.19117,0,0,0,0,0,0,0,0,0,0,3.4635,0.219704697,0.048759245,0.004556957,0
44,243,4.394,546.0356583,34540.19117,0.10527,0,0,0,0,0,0,0,0,0,0.151728,3.237208988,0.048759245,0.004556957,0
44,243,4.394,546.0356583,34540.19117,0,0,0,0,0.13896,0,28.735,0,0,0,0.181728,10.04744876,0.048759245,0.004556957,0
44,243,4.394,546.0356583,34540.19117,5.2762,0,0,0,246.96,0,0,0,0,0,0.151728,1.651413523,0.048759245,0.004556957,0
44,243,4.394,546.0356583,34540.19117,0,0,0,0,0,0,0,0,0,0,11.1597,1.651413523,0.048759245,0.004556957,0
44,243,4.394,546.0356583,34540.19117,0.000063,0,0,0,0,0,0,0,0,0,0.151728,0.423815456,0.048759245,0.004556957,0
44,243,4.394,546.0356583,34540.19117,0.013012,0,0,0,0,0,0,0,0,0,9.4383,2.124635517,0.048759245,0.004556957,0
44,243,4.394,546.0356583,34540.19117,0.0067502,0,0,17.76,0,0,0,0,0,0,4.9119,2.007567612,0.048759245,0.004556957,0
44,243,4.394,546.0356583,34540.19117,36.945,0,0,0.69261,0,0,0,0,0,0,0,0.99739448,0.048759245,0.004556957,0
44,243,4.394,546.0356583,34540.19117,1.898,0,0,0,0,0,0.13028,0,0,0,1.91388,10.04744876,0.048759245,0.004556957,0
44,243,4.394,546.0356583,34540.19117,0,0,0,0.011652,43.956,0,0,0,0,0,83.223,0.541773565,0.048759245,0.004556957,0
44,243,4.394,546.0356583,34540.19117,0,0,0,0,0.00043,0.77921,7.6576,0,0,0,0.181728,22.79016382,0.048759245,0.004556957,0
44,243,4.394,546.0356583,34540.19117,0,0,0,9.5845,0,0,0,0,0,0,0,0.541773565,0.048759245,0.004556957,0
44,243,4.394,546.0356583,34540.19117,0.17481,0,0,16.48,0,0,45.114,0,0,0,0.151728,11.33524931,0.048759245,0.004556957,0
44,243,4.394,546.0356583,34540.19117,0.001267,0,0,2.1101,0.31016,0,0,0,0,0,0.151728,2.474804353,0.048759245,0.004556957,0
44,243,4.394,546.0356583,34540.19117,0.74435,0,0,0,0,0,0,0,0,0,0.31059,25.71929039,0.048759245,0.004556957,0
44,243,4.394,546.0356583,34540.19117,0.53043,0,0,2.7308,0.3855,0,0,0,0,0,0,1.035375756,0.048759245,0.004556957,0
44,243,4.394,546.0356583,34540.19117,0,0,13.427,0,0.008333,0,0,0,0,0,12.4689,0.219704697,0.048759245,0.004556957,0
44,243,4.394,546.0356583,34540.19117,10.309,0,0,223.54,0,0,0,0,0,0,81.042,15.12102526,0.048759245,0.004556957,0
44,243,4.394,546.0356583,34540.19117,4.282,0,0,0.03272,0,0,0,0,0,0,1.91388,3.789481443,0.048759245,0.004556957,0
44,243,4.394,546.0356583,34540.19117,0,0,0,0,0.01048,0,0,0,0,0,2.3544,143.9831763,0.048759245,0.004556957,0
44,243,4.394,546.0356583,34540.19117,0.55531,0,0,11.876,0.00524,0.34159,0.10863,0,0,0,12.3399,3.237208988,0.048759245,0.004556957,0
44,243,4.394,546.0356583,34540.19117,0,0,0,0.0088426,0,2.7565,0,0,0,0,9.7158,11.33524931,0.048759245,0.004556957,0
44,243,4.394,546.0356583,34540.19117,2.1571,0,0,0,0,0,0,0,0,0,0,3.237208988,0.048759245,0.004556957,0
44,243,4.394,546.0356583,34540.19117,0.002382,0,0.00524,0,0.034463,8.1854,0,0,0,0,0,11.33524931,0.048759245,0.004556957,0
44,243,4.394,546.0356583,34540.19117,2.7267,0,0,0,0,0,0.67053,0,3.7562,0,21.2118,2.124635517,0.048759245,0.004556957,0
44,243,4.394,546.0356583,34540.19117,0.012568,0,0,27.797,0,0,0,0,0,0,8.8155,2.474804353,0.048759245,0.004556957,0
44,243,4.394,546.0356583,34540.19117,0,0,0,0,0.15682,1.4271,0,0,0,0,13.1718,0.301225485,0.048759245,0.004556957,0
44,243,4.394,546.0356583,34540.19117,0.008333,0,0,0.11243,1.6408,0,0,0,0,0,0.72228,6.472102045,0.048759245,0.004556957,0
44,243,4.394,546.0356583,34540.19117,0.015667,0,0,0,5.9309,0,0.093171,0,0,0,1.09647,3.237208988,0.048759245,0.004556957,0
44,243,4.394,546.0356583,34540.19117,0,0,0,0,2.3758,0,0,0,0,0,0.151728,2.474804353,0.048759245,0.004556957,0
44,243,4.394,546.0356583,34540.19117,0.00644,0,0.4346,0.00043,0,0,0,0,0,0,32.442,3.237208988,0.048759245,0.004556957,0
44,243,4.394,546.0356583,34540.19117,0.0056,0,0,0,0.008333,0,0,0,0,0,0,15.12102526,0.048759245,0.004556957,0
44,243,4.394,546.0356583,34540.19117,0.013573,0,0,0.16809,0,0,0,0,0,0,1.17966,15.12102526,0.048759245,0.004556957,0
44,243,4.394,546.0356583,34540.19117,0,0,0,0.73108,0,0,8.872,0,0,0,0.151728,1.651413523,0.048759245,0.004556957,0
44,243,4.394,546.0356583,34540.19117,0,0,0,0,0.00833,0.77921,0,0,0,0,44.763,1.035375756,0.048759245,0.004556957,0
44,243,4.394,546.0356583,34540.19117,0.088719,0,0,0,0.003538,0,0,0.79384,0,0,18.5811,2.474804353,0.048759245,0.004556957,0
44,243,4.394,546.0356583,34540.19117,1.366,0,0,0.007148,5.6507,0.008333,49.829,0,0,0,0,0.423815456,0.048759245,0.004556957,0
44,243,4.394,546.0356583,34540.19117,0.3267,0,0,0,0,0,450.61,0,0,0,0,2.124635517,0.048759245,0.004556957,0
44,243,4.394,546.0356583,34540.19117,0,0,0,0,0,0,0,0,0,0,2.22174,0.541773565,0.048759245,0.004556957,0
44,243,4.394,546.0356583,34540.19117,0,0,0,0.31537,5.4878,0,0,0,0,0,0.241728,0.423815456,0.048759245,0.004556957,0
44,243,4.394,546.0356583,34540.19117,0,0,0,0,0,0,0,0,0,0,0.151728,0.301225485,0.048759245,0.004556957,0
44,243,4.394,546.0356583,34540.19117,0.016858,0,0,0,1.2446,0,0.002308,0,0,0,1.52439,2.007567612,0.048759245,0.004556957,0
44,243,4.394,546.0356583,34540.19117,0.00062,0,0,0,0,0.79321,0,0,0,0,73.308,0.541773565,0.048759245,0.004556957,0
44,243,4.394,546.0356583,34540.19117,0,0,0,0.69261,0,0.0016135,3.4784,0,0,0,0.51381,2.474804353,0.048759245,0.004556957,0
44,243,4.394,546.0356583,34540.19117,6.8591,0,0,0.008333,0.000063,0,0,0,0,0,0.151728,11.68233493,0.048759245,0.004556957,0
44,243,4.394,546.0356583,34540.19117,0.0964,0,0,5.4015,0,0,0,0,0,0,0.54798,0.219704697,0.048759245,0.004556957,0
44,243,4.394,546.0356583,34540.19117,177.88,0,0,0.38795,0.008333,0,0,0,0,0,6.8079,0.99739448,0.048759245,0.004556957,0
44,243,4.394,546.0356583,34540.19117,0,0,0,0.0021738,0,0.14124,0,0,0,0,0,0.541773565,0.048759245,0.004556957,0
44,243,4.394,546.0356583,34540.19117,0.007697,0,0,0,4.6346,0,0,0,0,0,16.6719,10.04744876,0.048759245,0.004556957,0
44,243,4.394,546.0356583,34540.19117,7.8157,0,0,0,0,0.79321,0,0,0,0,97.974,15.12102526,0.048759245,0.004556957,0
44,243,4.394,546.0356583,34540.19117,0,0,0.93655,0,0,0,0,0,0,0,0.92517,4.278895437,0.048759245,0.004556957,0
44,243,4.394,546.0356583,34540.19117,0.037775,0,0,0.008333,0,0,0,0,0,0,1.52439,1.035375756,0.048759245,0.004556957,0
44,243,4.394,546.0356583,34540.19117,0.3067,0,0,62.543,0,0,0,0,0,0,12.3399,1.035375756,0.048759245,0.004556957,0
44,243,4.394,546.0356583,34540.19117,0.01367,0,0,0,0,0,0,0,0,0,0.151728,3.789481443,0.048759245,0.004556957,0
44,243,4.394,546.0356583,34540.19117,0.67038,0,0,4.3441,0,0,0,0,0,0,0.151728,0.301225485,0.048759245,0.004556957,0
44,243,4.394,546.0356583,34540.19117,0.029004,0,0,0,44.94,0,0,0,0,0,4.1406,15.12102526,0.048759245,0.004556957,0
44,243,4.394,546.0356583,34540.19117,0.00644,0,0,0,0,0,0,0,0,0,0,25.71929039,0.048759245,0.004556957,0
44,243,4.394,546.0356583,34540.19117,0,0,0,0,0.64611,0,0,0,0,0,63.09,0.301225485,0.048759245,0.004556957,0
44,243,4.394,546.0356583,34540.19117,0.048638,0,0,0,0.93679,0,0,0,0,0,3.3018,15.12102526,0.048759245,0.004556957,0
44,243,4.394,546.0356583,34540.19117,0.008333,0,0,0,0.081175,0,0,0,0,0,0,0.99739448,0.048759245,0.004556957,0
44,243,4.394,546.0356583,34540.19117,1.4385,0,0,0,0,0,0,0,0,0,0,1.035375756,0.048759245,0.004556957,0
44,243,4.394,546.0356583,34540.19117,0.018381,0,0,0.008333,0.008332,0,385.54,0,0,0,0,2.124635517,0.048759245,0.004556957,0
44,243,4.394,546.0356583,34540.19117,0,0,0,0,0,0,0.13028,0,0,0,8.7918,0.541773565,0.048759245,0.004556957,0
44,243,4.394,546.0356583,34540.19117,0.002598,0,0,0,0,0,0,0,0,0,0.273357,11.68233493,0.048759245,0.004556957,0
44,243,4.394,546.0356583,34540.19117,0,0,0,0,0,0,0,0,0,0,0.151728,3.237208988,0.048759245,0.004556957,0
44,243,4.394,546.0356583,34540.19117,0,0,0,0.73108,8.5334,0,0,0,0,0,0,0.301225485,0.048759245,0.004556957,0
44,243,4.394,546.0356583,34540.19117,0,0,0,0.01254,0.007221,0,0,0,0,0,0,0.541773565,0.048759245,0.004556957,0
44,243,4.394,546.0356583,34540.19117,0,0,0,0.008265,0,0,0,0,0,0,12.8901,3.789481443,0.048759245,0.004556957,0
44,243,4.394,546.0356583,34540.19117,6.3539,0,0,0.038288,4.9078,0,0,0,0,0,2.52933,11.33524931,0.048759245,0.004556957,0
44,243,4.394,546.0356583,34540.19117,7.049,0,0,0,0.10115,0,0,0,0,0,0.28866,0.423815456,0.048759245,0.004556957,0
44,243,4.394,546.0356583,34540.19117,0.00644,0,0,0,0,0,0,0,0,0,0,0.301225485,0.048759245,0.004556957,0
44,243,4.394,546.0356583,34540.19117,0.001326,0,0,0,0,0,0,0,0,0,0.151728,11.33524931,0.048759245,0.004556957,0
44,243,4.394,546.0356583,34540.19117,0.013573,0,0,0,0,0.79079,0,0,0,0,6.258,0.541773565,0.048759245,0.004556957,0
44,243,4.394,546.0356583,34540.19117,0.001326,0,0,0,0,0,0,0,0,0,0.151728,0.423815456,0.048759245,0.004556957,0
44,243,4.394,546.0356583,34540.19117,0.002784,0,0,7.1031,0,0,0,0.78754,0,0,0.48174,0.301225485,0.048759245,0.004556957,0
44,243,4.394,546.0356583,34540.19117,0,0,0,0,0,13.897,0,0,0,0,4.1406,11.33524931,0.048759245,0.004556957,0
44,243,4.394,546.0356583,34540.19117,0.08383,0,0,11.552,0.008333,0,0,0,0,0,16.0221,6.495762651,0.048759245,0.004556957,0
44,243,4.394,546.0356583,34540.19117,3.3665,0,0,0.049787,4.4409,3.8342,0,0,0,0,8.3751,2.474804353,0.048759245,0.004556957,0
44,243,4.394,546.0356583,34540.19117,0,0,0,0.00043,0,0,27.706,0,0,0,0.278694,1.651413523,0.048759245,0.004556957,0
44,243,4.394,546.0356583,34540.19117,2.5147,0,0,0,3.0408,0,0,0,0,0,15.0003,0.219704697,0.048759245,0.004556957,0
44,243,4.394,546.0356583,34540.19117,0,0,10.101,0,0,0,0,0,0,0,0.280578,2.474804353,0.048759245,0.004556957,0
44,243,4.394,546.0356583,34540.19117,0.74435,0,0,0.005239,0.008333,0,0,0,0,0,2.21025,0.99739448,0.048759245,0.004556957,0
44,243,4.394,546.0356583,34540.19117,0.061767,0,0,0,0,0,0,0,0,0,0.181728,0.301225485,0.048759245,0.004556957,0
44,243,4.394,546.0356583,34540.19117,0.008333,0,0,0,0.008333,0.79321,0,0,0,0,17.1858,4.278895437,0.048759245,0.004556957,0
44,243,4.394,546.0356583,34540.19117,0.18449,0,0,0.0055291,0,2.1024,0,0,0,0,12.3399,4.278895437,0.048759245,0.004556957,0
44,243,4.394,546.0356583,34540.19117,14.115,0,0,0,0,0,0,0,0,0,0.151728,0.301225485,0.048759245,0.004556957,0
44,243,4.394,546.0356583,34540.19117,0,0,0,3.0263,0.4381,0,0,0,0,0,0.278532,3.237208988,0.048759245,0.004556957,0
44,243,4.394,546.0356583,34540.19117,6.8104,0,0,0,0,0,0.13028,0,0,0,0.151728,2.474804353,0.048759245,0.004556957,0
44,243,4.394,546.0356583,34540.19117,0,0,0,0,0,0,0,0,0,0,45.933,0.541773565,0.048759245,0.004556957,0
44,243,4.394,546.0356583,34540.19117,0,0,0,0,0,0,0,0,0,0,0,0.085689464,0.048759245,0.004556957,0
44,243,4.394,546.0356583,34540.19117,177.88,0,0,0.027172,0,0,5.7012,0,0,0,0.27432,0.99739448,0.048759245,0.004556957,0
44,243,4.394,546.0356583,34540.19117,3.0939,0,0,5.4764,0.014119,0,0,0,0,0,0,15.12102526,0.048759245,0.004556957,0
44,243,4.394,546.0356583,34540.19117,0.018235,0,0,0.02891,0.0022594,0,29.229,0,0,0,73.296,11.33524931,0.048759245,0.004556957,0
44,243,4.394,546.0356583,34540.19117,0,0,0,0,0,0,0,0,0,0,0.70764,15.12102526,0.048759245,0.004556957,0
44,243,4.394,546.0356583,34540.19117,0.19687,0,0,0,0,6.3468,0,0,0,0,97.974,0.423815456,0.048759245,0.004556957,0
44,243,4.394,546.0356583,34540.19117,0.15204,0,0,2.8607,0,0,0,0,0,0,0,0.219704697,0.048759245,0.004556957,0
44,243,4.394,546.0356583,34540.19117,0.018235,0,0,0,5.1226,0,0,0,0,0,0.151728,0.541773565,0.048759245,0.004556957,0
44,243,4.394,546.0356583,34540.19117,3.0116,0,0,0,0,0,0,0,0,0,0.151728,3.237208988,0.048759245,0.004556957,0
44,243,4.394,546.0356583,34540.19117,5.8431,0,0,3.2371,0,0,0,0,0,0,0.151728,0.085689464,0.048759245,0.004556957,0
44,243,4.394,546.0356583,34540.19117,0.008333,0,0,6.2716,0,0,0,0,0,0,12.8454,0.301225485,0.048759245,0.004556957,0
44,243,4.394,546.0356583,34540.19117,0,0,0,0,0,0,20.982,0,0,0,0.151728,2.124635517,0.048759245,0.004556957,0
44,243,4.394,546.0356583,34540.19117,0,0,0,0,4.2931,0,0,0,0,0,97.974,2.124635517,0.048759245,0.004556957,0
44,243,4.394,546.0356583,34540.19117,0.062652,0,0.01603,0,0,2.3282,0,0,0,0,0,3.237208988,0.048759245,0.004556957,0
44,243,4.394,546.0356583,34540.19117,0.001434,0,0,0,0.68784,0,0,0,0,0,30.885,6.472102045,0.048759245,0.004556957,0
44,243,4.394,546.0356583,34540.19117,43.218,0,0,0,0,0,0,0,0,0,4.3869,11.33524931,0.048759245,0.004556957,0
44,243,4.394,546.0356583,34540.19117,0.7988,0,0.0063895,0,0,0,0,0,0,0,0.151728,0.99739448,0.048759245,0.004556957,0
44,243,4.394,546.0356583,34540.19117,0,0,0,0.011074,0.00524,0.002355,0,0,0,0,0,3.789481443,0.048759245,0.004556957,0
44,243,4.394,546.0356583,34540.19117,13.595,0,0,0,0,0,0,0,0,0,41.715,0.99739448,0.048759245,0.004556957,0
44,243,4.394,546.0356583,34540.19117,1.8379,0,0,0,0.00524,0,0,0,0,0,7.431,15.12102526,0.048759245,0.004556957,0
44,243,4.394,546.0356583,34540.19117,0,0,0,32.687,0.046926,0,0,0,0,0,8.3751,22.79016382,0.048759245,0.004556957,0
44,243,4.394,546.0356583,34540.19117,0,0,0,8.389,0,0,0,0,0,0,0.151728,0.541773565,0.048759245,0.004556957,0
44,243,4.394,546.0356583,34540.19117,0.019714,0,0,0.0021738,0,0,0,0,0,0,0.151728,6.472102045,0.048759245,0.004556957,0
44,243,4.394,546.0356583,34540.19117,0,0,0,0.01377,0,0,0,0,0,0,0.151728,1.035375756,0.048759245,0.004556957,0
44,243,4.394,546.0356583,34540.19117,0.001434,0,0,0,0.15682,0,0,0,0,0,8.7918,0.423815456,0.048759245,0.004556957,0
44,243,4.394,546.0356583,34540.19117,0.27365,0,0,0.008333,0.0214,0,0.13028,0,0,0,0,6.472102045,0.048759245,0.004556957,0
44,243,4.394,546.0356583,34540.19117,0,0,0,0,0,0,0,0,0,0,2.34429,6.472102045,0.048759245,0.004556957,0
44,243,4.394,546.0356583,34540.19117,0.001192,0,0,0.000172,0.025169,53.202,0,0,0,0,0,0.541773565,0.048759245,0.004556957,0
44,243,4.394,546.0356583,34540.19117,0.18449,0,0.008064,0,0,0,0,0,0,0,13.494,0.219704697,0.048759245,0.004556957,0
44,243,4.394,546.0356583,34540.19117,0,0,0.1054,1.6635,0,0,0,0,0,0,6.108,0.541773565,0.048759245,0.004556957,0
44,243,4.394,546.0356583,34540.19117,0.00524,0,0,0,0.021909,0,0,0,0,0,0.151728,4.278895437,0.048759245,0.004556957,0
44,243,4.394,546.0356583,34540.19117,0,0,0,0.0025559,0,0,0,0,0,0,43.863,2.124635517,0.048759245,0.004556957,0
44,243,4.394,546.0356583,34540.19117,0,0,0,0,0,0,0.002308,0,0,0,0.151728,3.237208988,0.048759245,0.004556957,0
44,243,4.394,546.0356583,34540.19117,0.00644,0,0,0.00524,0.12099,0,0,0,0,0,3.7518,0.219704697,0.048759245,0.004556957,0
44,243,4.394,546.0356583,34540.19117,0.008332,0,0.80607,0,0.00524,0,0,0,0,0,0.151728,0.541773565,0.048759245,0.004556957,0
44,243,4.394,546.0356583,34540.19117,0,0,0,0,0,0,0,0,0,0,0,6.472102045,0.048759245,0.004556957,0
44,243,4.394,546.0356583,34540.19117,0.7988,0,0,0,0.009767,0,0,0,0,0,34.872,6.472102045,0.048759245,0.004556957,0
44,243,4.394,546.0356583,34540.19117,0,0,0,0.008333,76.072,0,0,0,0,0,0.151728,0.99739448,0.048759245,0.004556957,0
44,243,4.394,546.0356583,34540.19117,0.25336,0,0,2.7689,0,0,0,0,0,0,0.151728,3.789481443,0.048759245,0.004556957,0
44,243,4.394,546.0356583,34540.19117,0.0021738,0,0,0.010479,0,0.77904,0,0,0,0,0,0.99739448,0.048759245,0.004556957,0
44,243,4.394,546.0356583,34540.19117,0.25548,0,0,0,0,0,0,0,0,0,19.2864,0.085689464,0.048759245,0.004556957,0
44,243,4.394,546.0356583,34540.19117,5.5802,0,0,0,0,0,15.249,0,0,0,3.8823,15.12102526,0.048759245,0.004556957,0
44,243,4.394,546.0356583,34540.19117,4.119,0,0,0,0,0,0,0,0,0,0.151728,0.301225485,0.048759245,0.004556957,0
44,243,4.394,546.0356583,34540.19117,0,0,0.005239,0,0.005239,0.77921,0,0,0,0,0.151728,11.33524931,0.048759245,0.004556957,0
44,243,4.394,546.0356583,34540.19117,46.059,0,0.80135,0.038288,0.0306,0,0,0,0,0,176.907,2.474804353,0.048759245,0.004556957,0
44,243,4.394,546.0356583,34540.19117,0,0,0,0.038288,0,0,0,0,0,0,0.151728,3.789481443,0.048759245,0.004556957,0
44,243,4.394,546.0356583,34540.19117,0.018235,0,0,2.0429,0,0,0,0,0,0,0.211728,0.219704697,0.048759245,0.004556957,0
44,243,4.394,546.0356583,34540.19117,0.008333,0,0,0.086213,0,0,0,0,0,0,0.151728,3.237208988,0.048759245,0.004556957,0
44,243,4.394,546.0356583,34540.19117,189.16,0,0,0,0,0,0,0,0,0,1.57179,0.423815456,0.048759245,0.004556957,0
44,243,4.394,546.0356583,34540.19117,0.008332,0,0,0,0.52251,0,0,0,0,0,0.151728,3.237208988,0.048759245,0.004556957,0
44,243,4.394,546.0356583,34540.19117,0.008333,0,0,0.0059107,0,0,0.10863,0,0,0,0,6.472102045,0.048759245,0.004556957,0
44,243,4.394,546.0356583,34540.19117,0.23451,0,0,0.42984,0,0,0,0,0,0,0.285792,0.541773565,0.048759245,0.004556957,0
44,243,4.394,546.0356583,34540.19117,0,0,0,0.005239,0,0,0,0,0,0,0,0.301225485,0.048759245,0.004556957,0
44,243,4.394,546.0356583,34540.19117,0,0,0,0,0,0,0,0,0,0,0,15.12102526,0.048759245,0.004556957,0
44,243,4.394,546.0356583,34540.19117,0,0,0.005239,0,0,0,0,0,0,0,0,1.651413523,0.048759245,0.004556957,0
44,243,4.394,546.0356583,34540.19117,0.29343,0,0,1.4947,0,0,0,0,0,0,0,11.33524931,0.048759245,0.004556957,0
44,243,4.394,546.0356583,34540.19117,0,0,0,0.030237,0,0,0,0,0,0,81.042,0.219704697,0.048759245,0.004556957,0
44,243,4.394,546.0356583,34540.19117,0,0,0,0,22.461,0,0,0,0,0,8.8155,0.423815456,0.048759245,0.004556957,0
44,243,4.394,546.0356583,34540.19117,0.052214,0,3.8199,0,0.005239,0,0,0,0,0,1.86174,0.99739448,0.048759245,0.004556957,0
44,243,4.394,546.0356583,34540.19117,0.91229,0,0,0,0.79075,0,0,0,0,0,14.4507,2.474804353,0.048759245,0.004556957,0
44,243,4.394,546.0356583,34540.19117,0,0,0,0,2.3147,0.008333,0,0,0,0,0.151728,0.301225485,0.048759245,0.004556957,0
44,243,4.394,546.0356583,34540.19117,0.90611,0,0,0,10.721,0,0,0,0,0,9.4383,0.541773565,0.048759245,0.004556957,0
44,243,4.394,546.0356583,34540.19117,0.026942,0,0,0,0,0,0,0,0,0,0,1.651413523,0.048759245,0.004556957,0
44,243,4.394,546.0356583,34540.19117,2.8708,0,0,0,0.00062,0,0,337.61,0,0,0,1.035375756,0.048759245,0.004556957,0
44,243,4.394,546.0356583,34540.19117,0.000172,0,0,0,0,0,0.13028,0,0,0,0,15.12102526,0.048759245,0.004556957,0
44,243,4.394,546.0356583,34540.19117,18.306,0,0,0.00524,0,0,0,0,0,0,52.569,0.301225485,0.048759245,0.004556957,0
44,243,4.394,546.0356583,34540.19117,0.00524,0,0,0,0.002741,0,0,0,0,0,6.3561,2.474804353,0.048759245,0.004556957,0
44,243,4.394,546.0356583,34540.19117,0.008333,0,0,0,0.00524,0,0,0,0,0,0.181728,2.124635517,0.048759245,0.004556957,0
44,243,4.394,546.0356583,34540.19117,0,0,0,1.2811,0,0,0,0,0,0,0.151728,0.541773565,0.048759245,0.004556957,0
44,243,4.394,546.0356583,34540.19117,0,0,0,0,0.007328,0,0,0,0,0,0.78174,11.33524931,0.048759245,0.004556957,0
44,243,4.394,546.0356583,34540.19117,0.003485,0,0,0.22843,0,0,0,0,0,0,0,0.301225485,0.048759245,0.004556957,0
44,243,4.394,546.0356583,34540.19117,0.007835,0,0,0,2.0594,0,0,0,0,0,9.8421,3.789481443,0.048759245,0.004556957,0
44,243,4.394,546.0356583,34540.19117,0.3628,0,44.977,0.011406,0.041022,0,0,0,0,0,0.151728,1.651413523,0.048759245,0.004556957,0
44,243,4.394,546.0356583,34540.19117,0,0,0,0,0,0,20.9,0,0,0,0,0.219704697,0.048759245,0.004556957,0
44,243,4.394,546.0356583,34540.19117,0,0,0,0.75591,0,0,0,0,0,0,2.21025,0.423815456,0.048759245,0.004556957,0
44,243,4.394,546.0356583,34540.19117,10.309,0,0,0,0,0,15.249,0,0,0,1.33728,0.99739448,0.048759245,0.004556957,0
44,243,4.394,546.0356583,34540.19117,0.000063,0,0,0,0.67362,0,0,0,0,0,0.151728,3.789481443,0.048759245,0.004556957,0
44,243,4.394,546.0356583,34540.19117,0,0,0,0,0.026162,0,0,0,0,0,0.151728,1.651413523,0.048759245,0.004556957,0
44,243,4.394,546.0356583,34540.19117,4.1811,0,0,0,2.439,0,17.486,0,0,0,0.151728,0.085689464,0.048759245,0.004556957,0
44,243,4.394,546.0356583,34540.19117,0,0,0,0.0021738,0,0,0.021726,0,0,0,0.88596,0.301225485,0.048759245,0.004556957,0
44,243,4.394,546.0356583,34540.19117,0.0964,0,0,0.008333,20.177,0,0,0,0,0,44.763,3.789481443,0.048759245,0.004556957,0
44,243,4.394,546.0356583,34540.19117,0,0,0,0.020575,0,0,0,0,0,0,2.10972,0.99739448,0.048759245,0.004556957,0
44,243,4.394,546.0356583,34540.19117,0,0,0,0,0.008333,0,0,0,0,0,4.4787,1.035375756,0.048759245,0.004556957,0
44,243,4.394,546.0356583,34540.19117,0.013573,0,0,0.013546,0,0,0.13028,0,0,0,1.17456,0.423815456,0.048759245,0.004556957,0
44,243,4.394,546.0356583,34540.19117,0.040702,0,0,0,0.86472,0,0,0,0,0,5.2875,3.789481443,0.048759245,0.004556957,0
44,243,4.394,546.0356583,34540.19117,0,0,0,0,54.848,6.1311,0,0,0,0,58.353,0.541773565,0.048759245,0.004556957,0
44,243,4.394,546.0356583,34540.19117,0,0,0,0,0,0,0,0,0,0,0.151728,0.541773565,0.048759245,0.004556957,0
44,243,4.394,546.0356583,34540.19117,0,0,0,0,0.021909,0,0,0,0,0,0,1.651413523,0.048759245,0.004556957,0
44,243,4.394,546.0356583,34540.19117,0.0072895,0,0,0.008333,0.009767,0,0.10863,0,0,0,6.5418,11.33524931,0.048759245,0.004556957,0
44,243,4.394,546.0356583,34540.19117,0.0724,0,0,4.1588,0,0,0,0,0,0,1.57179,6.472102045,0.048759245,0.004556957,0
44,243,4.394,546.0356583,34540.19117,0.005769,0,0,0,0,0,97.067,0,0,0,3.0075,1.035375756,0.048759245,0.004556957,0
44,243,4.394,546.0356583,34540.19117,0.032537,0,0,0,0,0,0,0,0.001493,0,0.151728,0.301225485,0.048759245,0.004556957,0
44,243,4.394,546.0356583,34540.19117,0.032101,0,0,0,0,0,0,0,0,0,0.151728,0.219704697,0.048759245,0.004556957,0
44,243,4.394,546.0356583,34540.19117,0,0,0,0,0,0,0,0,0,0,2.05122,1.651413523,0.048759245,0.004556957,0
44,243,4.394,546.0356583,34540.19117,0,0,0,3.8959,0,0,0,0,0,0,0.151728,2.124635517,0.048759245,0.004556957,0
44,243,4.394,546.0356583,34540.19117,0.00524,0,0,0,0,0,0,0,0,0,0.151728,3.789481443,0.048759245,0.004556957,0
44,243,4.394,546.0356583,34540.19117,0,0,0,0,0,0,0,0,0,0,0.280587,0.085689464,0.048759245,0.004556957,0
44,243,4.394,546.0356583,34540.19117,0.98086,0,0.81046,0,0.37101,0,0,0,0,0,0,0.219704697,0.048759245,0.004556957,0
44,243,4.394,546.0356583,34540.19117,0.051828,0,0,0,0,0,0,0,0,0,4.6029,3.789481443,0.048759245,0.004556957,0
44,243,4.394,546.0356583,34540.19117,0.0055384,0,0,0,0,0,0,0,0,0,0,2.474804353,0.048759245,0.004556957,0
44,243,4.394,546.0356583,34540.19117,0.00062,0,0,0,0,0.014727,0,0,0,0,0.275259,1.035375756,0.048759245,0.004556957,0
44,243,4.394,546.0356583,34540.19117,9.5606,0,0,0,0,0.25468,0,0,0,0,4.4313,2.474804353,0.048759245,0.004556957,0
44,243,4.394,546.0356583,34540.19117,0,0,0,0,0.00328,0,0,0,0,0,0.290478,1.651413523,0.048759245,0.004556957,0
44,243,4.394,546.0356583,34540.19117,0,0,0,0.008335,5.0207,0,0,0.038293,0,0,0,1.035375756,0.048759245,0.004556957,0
44,243,4.394,546.0356583,34540.19117,0,0,0,0.008333,0,0,0,0,0,0,0,3.789481443,0.048759245,0.004556957,0
44,243,4.394,546.0356583,34540.19117,0,0,0,0,0,0.23142,0,0,0,0,0.70485,1.651413523,0.048759245,0.004556957,0
44,243,4.394,546.0356583,34540.19117,1.8115,0,0,8.389,0.007328,0,24.967,0,0,0,4.6158,3.237208988,0.048759245,0.004556957,0
44,243,4.394,546.0356583,34540.19117,0.008333,0,0,0.005769,0.3855,0,0,0,0,0,0,0.085689464,0.048759245,0.004556957,0
44,243,4.394,546.0356583,34540.19117,0,0,0,0,0,0,0,0,0,0,0,0.99739448,0.048759245,0.004556957,0
44,243,4.394,546.0356583,34540.19117,0,0,0,0,0,0,0,0,0,0,6.4536,0.541773565,0.048759245,0.004556957,0
44,243,4.394,546.0356583,34540.19117,0.18763,0,23.302,0.010479,5.9309,0,0,0,0,0,0,11.33524931,0.048759245,0.004556957,0
44,243,4.394,546.0356583,34540.19117,5.4818,0,1.9693,0,0.008953,0,0,0,0,0,8.9118,6.472102045,0.048759245,0.004556957,0
44,243,4.394,546.0356583,34540.19117,0.68217,0,0,0,0,0,0,0,0,0,0.151728,6.472102045,0.048759245,0.004556957,0
44,243,4.394,546.0356583,34540.19117,0,0,0,0,0,0,0,0,0,0,15.0003,2.474804353,0.048759245,0.004556957,0
44,243,4.394,546.0356583,34540.19117,0,0,0.58705,0.003416,0,0,0,0,0,0,0,0.219704697,0.048759245,0.004556957,0
44,243,4.394,546.0356583,34540.19117,0,0,0,0.37666,0.40097,0,0,0,0,0,20.8818,0.99739448,0.048759245,0.004556957,0
44,243,4.394,546.0356583,34540.19117,0.026827,0,0,1.2811,0.19458,2.9165,0,0,0,0,4.4403,11.33524931,0.048759245,0.004556957,0
44,243,4.394,546.0356583,34540.19117,0.008335,0,0,12.69,0,0,0,0,0,0,0.42399,0.99739448,0.048759245,0.004556957,0
44,243,4.394,546.0356583,34540.19117,4.3384,0,0,0,0,0.00158,0,0,0,0,0,11.33524931,0.048759245,0.004556957,0
44,243,4.394,546.0356583,34540.19117,0.024492,0,0,0,0.007102,0,0,0,0,0,7.2111,13.06734301,0.048759245,0.004556957,0
44,243,4.394,546.0356583,34540.19117,0,0,0,0,0.022119,0,0,0,0,0,0,0.219704697,0.048759245,0.004556957,0
44,243,4.394,546.0356583,34540.19117,0.007221,0,0,0.015045,62.065,0,0,0,0,0,0.151728,0.085689464,0.048759245,0.004556957,0
44,243,4.394,546.0356583,34540.19117,0,0,0,0.00524,0,0.03757,0,0,0,0,5.6418,0.99739448,0.048759245,0.004556957,0
44,243,4.394,546.0356583,34540.19117,0,0,0,0.0021738,0,0,0,0,0,0,0.151728,0.541773565,0.048759245,0.004556957,0
44,243,4.394,546.0356583,34540.19117,0.18244,0,0,0.00524,2.0298,0,0,0,0,0,12.8901,2.474804353,0.048759245,0.004556957,0
44,243,4.394,546.0356583,34540.19117,0.019152,0,0,0,0,0,0,0,0,0,4.9119,0.541773565,0.048759245,0.004556957,0
44,243,4.394,546.0356583,34540.19117,0.008333,0,2.1639,0.0088426,0.0041885,0.42818,0,0,0,0,14.1318,1.651413523,0.048759245,0.004556957,0
44,243,4.394,546.0356583,34540.19117,0.00524,0,0,7.0709,0,0,0,0,0,0,0,2.124635517,0.048759245,0.004556957,0
44,243,4.394,546.0356583,34540.19117,0.0064565,0,0,0,0,0,0,0,0,0,10.7733,0.423815456,0.048759245,0.004556957,0
44,243,4.394,546.0356583,34540.19117,0,0,0,0.0074133,2.7215,0,0,0,0,0,19.2864,0.541773565,0.048759245,0.004556957,0
44,243,4.394,546.0356583,34540.19117,1.8379,0,0,0,0.003468,0,0,0,0,0,0.151728,0.219704697,0.048759245,0.004556957,0
44,243,4.394,546.0356583,34540.19117,0,0,1.3121,0,0,5.0308,0,0,0,0,0,11.33524931,0.048759245,0.004556957,0
44,243,4.394,546.0356583,34540.19117,0.0068619,0,0,0,0,0,0,0,0,0,0.151728,1.035375756,0.048759245,0.004556957,0
44,243,4.394,546.0356583,34540.19117,0.00524,0,2.519,3.7669,0.007148,0.78099,0,0,0,0,0.181728,1.035375756,0.048759245,0.004556957,0
44,243,4.394,546.0356583,34540.19117,0.014402,0,0,0,3.3385,0.95676,0,0,0,0,29.4918,0.219704697,0.048759245,0.004556957,0
44,243,4.394,546.0356583,34540.19117,0,0,0.87797,0,0,0.044975,0,0,0,0,56.145,1.035375756,0.048759245,0.004556957,0
44,243,4.394,546.0356583,34540.19117,0,0,0,0.21079,0.18655,0,0,0,0,0,0.151728,0.085689464,0.048759245,0.004556957,0
44,243,4.394,546.0356583,34540.19117,0.010364,0,0,0,0,0,0,0,0,0,41.634,1.035375756,0.048759245,0.004556957,0
44,243,4.394,546.0356583,34540.19117,0.00524,0,0,7.0709,0,0,0,0,0,0,8.1576,0.541773565,0.048759245,0.004556957,0
44,243,4.394,546.0356583,34540.19117,2.8708,0,0,0.008333,0.008333,0,0,0,0,0,0,0.541773565,0.048759245,0.004556957,0
44,243,4.394,546.0356583,34540.19117,0,0,0,0,0,0,0,0,0,0,0.151728,0.301225485,0.048759245,0.004556957,0
44,243,4.394,546.0356583,34540.19117,0.00322,0,0,0,27.763,0,0,0,0,0,0.44541,6.472102045,0.048759245,0.004556957,0
44,243,4.394,546.0356583,34540.19117,0.028169,0,0,0,0,0,24.186,0,0,0,0,1.651413523,0.048759245,0.004556957,0
44,243,4.394,546.0356583,34540.19117,7.8157,0,0,0,0.50221,0,0,0,0,0,0,0.219704697,0.048759245,0.004556957,0
44,243,4.394,546.0356583,34540.19117,0,0,0,2.1625,0,0,0,0,0,0,116.517,6.495762651,0.048759245,0.004556957,0
44,243,4.394,546.0356583,34540.19117,0.000063,0,0,0.00524,0.008333,0,0,0,13.339,0,0.151728,1.651413523,0.048759245,0.004556957,0
44,243,4.394,546.0356583,34540.19117,0,0,0,0,0.001326,0.78033,0,0,0,0,0.181728,0.219704697,0.048759245,0.004556957,0
44,243,4.394,546.0356583,34540.19117,0,0,0,0.008333,0,0,0.13028,0,0,0,6.105,0.219704697,0.048759245,0.004556957,0
44,243,4.394,546.0356583,34540.19117,25.205,0,0,0,0,0,0,0,0,0,0,0.301225485,0.048759245,0.004556957,0
44,243,4.394,546.0356583,34540.19117,7.049,0,0,0,0,0,0.021726,0,0,0,28.8018,11.33524931,0.048759245,0.004556957,0
44,243,4.394,546.0356583,34540.19117,0,0,0,0,0,0.28057,0,0,0,0,0,11.33524931,0.048759245,0.004556957,0
44,243,4.394,546.0356583,34540.19117,0,0,0.80154,0.031407,0,0,0,0,0,0,27.6384,230.0573677,0.048759245,0.004556957,0
44,243,4.394,546.0356583,34540.19117,0.020885,0,0,0,0,0,0,0,0,0,2.06073,0.301225485,0.048759245,0.004556957,0
44,243,4.394,546.0356583,34540.19117,1.6989,0,0,0.015045,3.0408,0,0,0,0,0,73.296,3.237208988,0.048759245,0.004556957,0
44,243,4.394,546.0356583,34540.19117,0,0,0,0,0.008333,0,0,0,0,0,0.33174,15.12102526,0.048759245,0.004556957,0
44,243,4.394,546.0356583,34540.19117,0,0,0,0,0,0.18042,0,0,0,0,25.3818,0.219704697,0.048759245,0.004556957,0
44,243,4.394,546.0356583,34540.19117,0,0,0,0.008333,0.005239,0,0,0,0,0,0.9426,15.12102526,0.048759245,0.004556957,0
44,243,4.394,546.0356583,34540.19117,0.024955,0,0,0,0,0,0,0,0,0,0,0.541773565,0.048759245,0.004556957,0
44,243,4.394,546.0356583,34540.19117,0.0059107,0,0,0,0.014178,0,0,0,0,0,0,6.472102045,0.048759245,0.004556957,0
44,243,4.394,546.0356583,34540.19117,47.536,0,0,0.00524,0,0,0,0,0,0,14.8218,3.237208988,0.048759245,0.004556957,0
44,243,4.394,546.0356583,34540.19117,0.008333,0,0,0.008333,0.005239,0,0,0,0,0,0.181728,3.237208988,0.048759245,0.004556957,0
44,243,4.394,546.0356583,34540.19117,0,0,0.11086,0,0.00524,2.2708,0,0,0,0,37.836,0.219704697,0.048759245,0.004556957,0
44,243,4.394,546.0356583,34540.19117,0.001669,0,0,0,0.72843,0,0,0,0.005239,0,12.2682,1.651413523,0.048759245,0.004556957,0
44,243,4.394,546.0356583,34540.19117,11.135,0,325.8,0.003538,0,0,0,0,0,0,0,3.789481443,0.048759245,0.004556957,0
44,243,4.394,546.0356583,34540.19117,0.0055384,0,0,0,0.008333,0,0,0,0,0,7.8042,3.789481443,0.048759245,0.004556957,0
44,243,4.394,546.0356583,34540.19117,0.039743,0,0,3.8138,0,0,0,0,0,0,0.151728,4.278895437,0.048759245,0.004556957,0
44,243,4.394,546.0356583,34540.19117,0,0,0,0.013421,0.14346,0,0,0,0,0,3.6486,0.541773565,0.048759245,0.004556957,0
44,243,4.394,546.0356583,34540.19117,1.8154,0,0,0,0,0,13.103,0,0,0,0,2.124635517,0.048759245,0.004556957,0
44,243,4.394,546.0356583,34540.19117,0.000078,0,0,0,0,0,0,0,0,0,52.569,22.79016382,0.048759245,0.004556957,0
44,243,4.394,546.0356583,34540.19117,0.49815,0,0.02306,0.049787,0.008333,0,0,0,0,0,1.95174,1.651413523,0.048759245,0.004556957,0
44,243,4.394,546.0356583,34540.19117,0,0,0,0.007697,0.001326,0,21.515,0,0,0,0,2.007567612,0.048759245,0.004556957,0
44,243,4.394,546.0356583,34540.19117,0.00062,0,0,0,0,0,0,0,0,0,9.0018,0.99739448,0.048759245,0.004556957,0
44,243,4.394,546.0356583,34540.19117,0.026038,0,0,0,16,0,0,0,0,0,0.151728,0.423815456,0.048759245,0.004556957,0
44,243,4.394,546.0356583,34540.19117,0.045123,0,0,0,8.1751,0,0,0,0,0,58.353,0.99739448,0.048759245,0.004556957,0
44,243,4.394,546.0356583,34540.19117,19.622,0,0,0,0,0,0,0,0,0,0.151728,0.085689464,0.048759245,0.004556957,0
44,243,4.394,546.0356583,34540.19117,0.005979,0,0,32.687,0,0,0,0,0,0,0.151728,11.33524931,0.048759245,0.004556957,0
44,243,4.394,546.0356583,34540.19117,0,0,0,0,52.779,4.0019,0,0,0,0,0,0.219704697,0.048759245,0.004556957,0
44,243,4.394,546.0356583,34540.19117,0.20435,0,0,0,0.008333,0,0,0,0,0,5.0757,11.33524931,0.048759245,0.004556957,0
44,243,4.394,546.0356583,34540.19117,0.010338,0,0,0.030965,0.000251,0.020647,0,0,0,0,0.283572,11.33524931,0.048759245,0.004556957,0
44,243,4.394,546.0356583,34540.19117,0.032101,0,0,0,0,4.8967,0,0,0,0,0.151728,0.423815456,0.048759245,0.004556957,0
44,243,4.394,546.0356583,34540.19117,0.013573,0,1.332,0.14108,0,0,0,0,0,0,15.9147,0.541773565,0.048759245,0.004556957,0
44,243,4.394,546.0356583,34540.19117,0,0,0,0.0029965,1.2845,0,0,0,0,0,1.47333,10.04744876,0.048759245,0.004556957,0
44,243,4.394,546.0356583,34540.19117,0,0,0,0,0,2.1773,0.13028,0,0,0,58.353,15.12102526,0.048759245,0.004556957,0
44,243,4.394,546.0356583,34540.19117,0.002508,0,0,0.005202,0,0.29716,0,0,0,0,0.151728,0.301225485,0.048759245,0.004556957,0
44,243,4.394,546.0356583,34540.19117,0.00644,0,0,0.0081579,42.799,0,0,0.44912,0,0,0,11.68233493,0.048759245,0.004556957,0
44,243,4.394,546.0356583,34540.19117,8.6108,0,0,13.409,0.14105,6.9496,0,0,0,0,0.151728,13.06734301,0.048759245,0.004556957,0
44,243,4.394,546.0356583,34540.19117,0,0,0,0.005239,43.562,0,0,55.012,17.997,0,0.86343,15.12102526,0.048759245,0.004556957,0
44,243,4.394,546.0356583,34540.19117,0,0,0,0.67703,0,0,0,0,0,0,0.151728,0.99739448,0.048759245,0.004556957,0
44,243,4.394,546.0356583,34540.19117,0.3067,0,0.023102,0,0.001434,0.0006805,0,0,0,0,0,2.007567612,0.048759245,0.004556957,0
44,243,4.394,546.0356583,34540.19117,0,0,0,0,6.4522,0,0,0,0,0,0,3.237208988,0.048759245,0.004556957,0
44,243,4.394,546.0356583,34540.19117,6.7661,0,0,0,0.059735,4.2572,0,0,0,0,0,2.474804353,0.048759245,0.004556957,0
44,243,4.394,546.0356583,34540.19117,0.081094,0,0,0,0,0,13.456,0,0,0,0.151728,0.219704697,0.048759245,0.004556957,0
44,243,4.394,546.0356583,34540.19117,27.506,0,0,0.008333,0,0,0,0,0,0,3.6423,0.423815456,0.048759245,0.004556957,0
44,243,4.394,546.0356583,34540.19117,0,0,0,0,0,0,0,0,0,0,16.6719,15.12102526,0.048759245,0.004556957,0
44,243,4.394,546.0356583,34540.19117,0,0,0,2.1101,0.00014,0,0,0,0,0,0.75903,2.474804353,0.048759245,0.004556957,0
44,243,4.394,546.0356583,34540.19117,0.002139,0,0,0,0.003346,0,0,0,0,0,0.151728,2.124635517,0.048759245,0.004556957,0
44,243,4.394,546.0356583,34540.19117,0,0,0,0.000124,0,0,0,0,0,0,52.569,187.2408147,0.048759245,0.004556957,0
44,243,4.394,546.0356583,34540.19117,6.8591,0,0,0,0.78045,0,0,0,0,0,0,3.237208988,0.048759245,0.004556957,0
44,243,4.394,546.0356583,34540.19117,0.005372,0,0,0,0,0,0.67053,0,0,0,0.278532,0.085689464,0.048759245,0.004556957,0
44,243,4.394,546.0356583,34540.19117,0,0,0,0.036193,0.0082165,0,0,0,0,0,14.3958,0.219704697,0.048759245,0.004556957,0
44,243,4.394,546.0356583,34540.19117,0.15712,0,0,0,0,22.837,0,0,0,0,0.151728,11.33524931,0.048759245,0.004556957,0
44,243,4.394,546.0356583,34540.19117,0.16397,0,0,0.010479,0.008333,0,0,0,0,0,0,0.99739448,0.048759245,0.004556957,0
44,243,4.394,546.0356583,34540.19117,2.1218,0,0,8.5618,198.9,0,0,0,0,0,0.151728,25.71929039,0.048759245,0.004556957,0
44,243,4.394,546.0356583,34540.19117,0.00524,0,0,26.422,0.0072705,2.879,0,0,0,0,0,13.06734301,0.048759245,0.004556957,0
44,243,4.394,546.0356583,34540.19117,0,0,0,0,0,0,0.13028,0,0,0,0.151728,3.237208988,0.048759245,0.004556957,0
44,243,4.394,546.0356583,34540.19117,0,0,0,0,0,0,0,0,0,0,0.77829,15.12102526,0.048759245,0.004556957,0
44,243,4.394,546.0356583,34540.19117,0.67499,0,0,0,0.002741,0,0,0,0,0,0.151728,11.68233493,0.048759245,0.004556957,0
44,243,4.394,546.0356583,34540.19117,0.51613,0,0,3.4764,0.090777,0,0,0,0,0,18.1353,0.423815456,0.048759245,0.004556957,0
44,243,4.394,546.0356583,34540.19117,0.017603,0,0,0,0.027174,0,5.3904,0,0,0,0,2.474804353,0.048759245,0.004556957,0
44,243,4.394,546.0356583,34540.19117,0.011203,0,0,0,0,0,0,0,0,0,0,3.237208988,0.048759245,0.004556957,0
44,243,4.394,546.0356583,34540.19117,0,0,0,8.2296,0.0096305,0,0,0,0,0,0.273372,15.12102526,0.048759245,0.004556957,0
44,243,4.394,546.0356583,34540.19117,0.008333,0,0,0,1.5408,0,0,0,0,0,0,0.541773565,0.048759245,0.004556957,0
44,243,4.394,546.0356583,34540.19117,0.25336,0,0,0,0,0,0,0,0,0,0,0.219704697,0.048759245,0.004556957,0
44,243,4.394,546.0356583,34540.19117,0.00524,0,0,0,5.3243,0,0,0,0,0,0.151728,11.68233493,0.048759245,0.004556957,0
44,243,4.394,546.0356583,34540.19117,0,0,0,0,0.00524,0,0,0,0,0,0.151728,0.301225485,0.048759245,0.004556957,0
44,243,4.394,546.0356583,34540.19117,0.00524,0,0,0.2491,0.013476,0,0,0,0,0,0,1.035375756,0.048759245,0.004556957,0
44,243,4.394,546.0356583,34540.19117,0,0,0,0,0,0,0,0,0,0,0.151728,1.651413523,0.048759245,0.004556957,0
44,243,4.394,546.0356583,34540.19117,0,0,0,0,0.37101,0,0,0,0,0,0,0.219704697,0.048759245,0.004556957,0
44,243,4.394,546.0356583,34540.19117,0.060379,0,0,0,0.008133,0,0,0,0,0,1.72038,1.651413523,0.048759245,0.004556957,0
44,243,4.394,546.0356583,34540.19117,0.013404,0,0,0,0,0,0,0,0,0,107.403,2.124635517,0.048759245,0.004556957,0
44,243,4.394,546.0356583,34540.19117,0.043527,0,0,0.044269,0,0.80146,0,0,0,0,0.151728,0.423815456,0.048759245,0.004556957,0
44,243,4.394,546.0356583,34540.19117,0,0,0,0.00524,0.013973,0,0.59876,0,0,0,0,3.237208988,0.048759245,0.004556957,0
44,243,4.394,546.0356583,34540.19117,0,0,0,0.00036,0.0033865,0,0,0,0,0,29.4918,0.219704697,0.048759245,0.004556957,0
44,243,4.394,546.0356583,34540.19117,0.0083909,0,0,0,0,0,0,0,0,0,43.863,0.99739448,0.048759245,0.004556957,0
44,243,4.394,546.0356583,34540.19117,0,0,0,15.197,0,0,0,0,0,0,0,15.12102526,0.048759245,0.004556957,0
44,243,4.394,546.0356583,34540.19117,0.90611,0,0,0,0,0,0,0,0,0,0.273021,0.301225485,0.048759245,0.004556957,0
45,244,51.048,546.1323789,34546.30936,0.001478,0,0,0,1.8824,0.97535,225,0,0,0,1.08339,0,0.05875792,0.005491417,0
45,244,51.048,546.1323789,34546.30936,6.8591,0,0,0,42.799,0,0,0,0,0,12.8454,0,0.05875792,0.005491417,0
45,244,51.048,546.1323789,34546.30936,25.253,0,0,0,0.065813,0.79321,0,0,0,0,0,0,0.05875792,0.005491417,0
45,244,51.048,546.1323789,34546.30936,0.008333,0,0,0.005769,0.0057595,0,0,0,0,0,0,0,0.05875792,0.005491417,0
45,244,51.048,546.1323789,34546.30936,0.012671,0,0,0,0,0,0.13028,0,0,0,0.151728,0,0.05875792,0.005491417,0
45,244,51.048,546.1323789,34546.30936,3.4031,0,0,0,1.8144,0,0,0,0,0,0.151728,0,0.05875792,0.005491417,0
45,244,51.048,546.1323789,34546.30936,0,0,0,0,0,0,0,0,0,0,0,0,0.05875792,0.005491417,0
45,244,51.048,546.1323789,34546.30936,0.40788,0,0,0,0,0,0,0,0,0,0,0,0.05875792,0.005491417,0
45,244,51.048,546.1323789,34546.30936,0,0,0,0.00833,0,1.0289,0,0,0,0,5.0718,0,0.05875792,0.005491417,0
45,244,51.048,546.1323789,34546.30936,0.00524,0,0.000688,0,0.00524,0,0,0,0,0,3.3057,0,0.05875792,0.005491417,0
45,244,51.048,546.1323789,34546.30936,0.00524,0,29.879,0,0,0,0,0,0,0,0,0,0.05875792,0.005491417,0
45,244,51.048,546.1323789,34546.30936,1.5561,0,0,0,0.008763,0,0,0,0,0,0,0,0.05875792,0.005491417,0
45,244,51.048,546.1323789,34546.30936,10.582,0,0,0,0.42442,0,0,0,0,0,45.933,0,0.05875792,0.005491417,0
45,244,51.048,546.1323789,34546.30936,0.00062,0,0,0,0,0,0,0,0,0,0,0,0.05875792,0.005491417,0
45,244,51.048,546.1323789,34546.30936,0.3267,0,0,5.2482,0.021906,0,0,0,0,0,0.278532,0,0.05875792,0.005491417,0
45,244,51.048,546.1323789,34546.30936,0.053886,0,0,0,0.00524,0,0,0,0,0,0.151728,0,0.05875792,0.005491417,0
45,244,51.048,546.1323789,34546.30936,0,0,0,0,0,0.77921,0,0,0,0,34.872,0,0.05875792,0.005491417,0
45,244,51.048,546.1323789,34546.30936,43.218,0,0,0,0.00014,0,0,0,0,0,0.271728,0,0.05875792,0.005491417,0
45,244,51.048,546.1323789,34546.30936,2.3556,0,2.029,0.15168,0,0,0,0,0,0,0,0,0.05875792,0.005491417,0
45,244,51.048,546.1323789,34546.30936,0,0,0,0,7.544,0.000138,0,0,0,0,0,0,0.05875792,0.005491417,0
45,244,51.048,546.1323789,34546.30936,3.8952,0,0,0,9.3772,0,0,0,0,0,4.521,0,0.05875792,0.005491417,0
45,244,51.048,546.1323789,34546.30936,0,0,0,0,6.873,0,0,0,0,0,0.151728,0,0.05875792,0.005491417,0
45,244,51.048,546.1323789,34546.30936,0.007697,0,0,0,10.115,0.41195,0,0,0,0,0.57,0,0.05875792,0.005491417,0
45,244,51.048,546.1323789,34546.30936,0.000124,0,0,0,0,1.4271,0,0,0,0,0.151728,0,0.05875792,0.005491417,0
45,244,51.048,546.1323789,34546.30936,27.506,0,0,0.01409,0,3.8342,0,0,0,0,47.328,0,0.05875792,0.005491417,0
45,244,51.048,546.1323789,34546.30936,0,0,0,0,0.013973,0,0,0,0,0,0.271128,0,0.05875792,0.005491417,0
45,244,51.048,546.1323789,34546.30936,177.88,0,0,0,0,0,0,0,0,0,0,0,0.05875792,0.005491417,0
45,244,51.048,546.1323789,34546.30936,0,0,21.812,0,0,0,0,0,0,0,3.7518,0,0.05875792,0.005491417,0
45,244,51.048,546.1323789,34546.30936,0,0,0,0,0,0,0.67053,0,0,0,0,0,0.05875792,0.005491417,0
45,244,51.048,546.1323789,34546.30936,0.00524,0,0,0,0,0,0,0,0,0,0.2871,0,0.05875792,0.005491417,0
45,244,51.048,546.1323789,34546.30936,0.01367,0,0,0.37666,0.00524,0,0,0,0,0,12.4689,0,0.05875792,0.005491417,0
45,244,51.048,546.1323789,34546.30936,0.003539,0,0,0,7.544,0,0,0,0,0,0,0,0.05875792,0.005491417,0
45,244,51.048,546.1323789,34546.30936,0.018322,0,0,0,0.31016,0,0,0,0,0,0,0,0.05875792,0.005491417,0
45,244,51.048,546.1323789,34546.30936,1.6989,0,0,0,3.7158,0.000491,0,0,0,0,0.279942,0,0.05875792,0.005491417,0
45,244,51.048,546.1323789,34546.30936,0,0,0,0.012904,0,7.2949,0,0,0,0,1.04805,0,0.05875792,0.005491417,0
45,244,51.048,546.1323789,34546.30936,0,0,0,0,0,0,0,0,0,0,0,0,0.05875792,0.005491417,0
45,244,51.048,546.1323789,34546.30936,0,0,0,0.11797,0.52251,0,0,0,0,0,0.38949,0,0.05875792,0.005491417,0
45,244,51.048,546.1323789,34546.30936,1.898,0,0,0.00524,3.1339,0,0,0,0,0,0,0,0.05875792,0.005491417,0
45,244,51.048,546.1323789,34546.30936,0,0,0,8.8181,0.18217,0,0,0,0,0,11.6058,0,0.05875792,0.005491417,0
45,244,51.048,546.1323789,34546.30936,0,0,8.1624,0,0.0099455,2.9165,0,0,0.65334,0,22.7118,0,0.05875792,0.005491417,0
45,244,51.048,546.1323789,34546.30936,0.001309,0,4.3247,0,0,0,0,0,0,0,0.181728,0,0.05875792,0.005491417,0
45,244,51.048,546.1323789,34546.30936,0,0,0,0,0,0,0,0,0,0,0.181728,0,0.05875792,0.005491417,0
45,244,51.048,546.1323789,34546.30936,0,0,0,0.008333,0.98255,0,0,0,0,0,0,0,0.05875792,0.005491417,0
45,244,51.048,546.1323789,34546.30936,0,0,0,0,0,0,0.40452,0,0,0,1.91388,0,0.05875792,0.005491417,0
45,244,51.048,546.1323789,34546.30936,0.00524,0,0,0,0,0,0,0,0,0,0,0,0.05875792,0.005491417,0
45,244,51.048,546.1323789,34546.30936,0,0,0,0,0,0,0,0,0,0,7.6407,0,0.05875792,0.005491417,0
45,244,51.048,546.1323789,34546.30936,0.71246,0,0,0,0,0,0,0,0,0,0.151728,0,0.05875792,0.005491417,0
45,244,51.048,546.1323789,34546.30936,0.00644,0,0,0,0.008333,0,0,0,0,0,0.33174,0,0.05875792,0.005491417,0
45,244,51.048,546.1323789,34546.30936,0,0,0,0.000376,43.562,0.77806,0,0,0,0,0.34434,0,0.05875792,0.005491417,0
45,244,51.048,546.1323789,34546.30936,0.00062,0,0,0,0,0,0,0,0,0,65.781,0,0.05875792,0.005491417,0
45,244,51.048,546.1323789,34546.30936,0.001326,0,0,0,0,0,0,0,0,0,0,0,0.05875792,0.005491417,0
45,244,51.048,546.1323789,34546.30936,0,0,0,0.018806,0.041022,0,0,0,0,0,0,0,0.05875792,0.005491417,0
45,244,51.048,546.1323789,34546.30936,0.091719,0,0,0.047701,0,0.78033,14.079,0,0,0,0,0,0.05875792,0.005491417,0
45,244,51.048,546.1323789,34546.30936,0.008333,0,0,0.0067817,0,1.3939,0,0,0,0,0.181728,0,0.05875792,0.005491417,0
45,244,51.048,546.1323789,34546.30936,0.001267,0,0,0.83912,0,0,0,0,0,0,198.615,0,0.05875792,0.005491417,0
45,244,51.048,546.1323789,34546.30936,0.009261,0,0,0,0,0,0.13028,0,0,0,5.5146,0,0.05875792,0.005491417,0
45,244,51.048,546.1323789,34546.30936,0.22639,0,0.005239,0,0,0,0,0,0,0,0,0,0.05875792,0.005491417,0
45,244,51.048,546.1323789,34546.30936,1.8709,0,0,0,0.011532,0,0,0,0,0,10.1169,0,0.05875792,0.005491417,0
45,244,51.048,546.1323789,34546.30936,3.6358,0,0,0,0,0,0,0,0,0,30.648,0,0.05875792,0.005491417,0
45,244,51.048,546.1323789,34546.30936,0,0,0,0.18602,0,0,0,0,0,0,0.151728,0,0.05875792,0.005491417,0
45,244,51.048,546.1323789,34546.30936,0,0,0,0,0.009767,0,0,0,0,0,1.27794,0,0.05875792,0.005491417,0
45,244,51.048,546.1323789,34546.30936,3.2852,0,0,0,2.2481,0,439.12,0,0,0,0,0,0.05875792,0.005491417,0
45,244,51.048,546.1323789,34546.30936,0.030381,0,0,0,0,0,0,0,0,0,2.60853,0,0.05875792,0.005491417,0
45,244,51.048,546.1323789,34546.30936,0.00824,0,0,0.003539,0.069058,0,0,0,0,0,0.151728,0,0.05875792,0.005491417,0
45,244,51.048,546.1323789,34546.30936,0.003295,0,0,0.000251,0,0,0,0,0,0,0.151728,0,0.05875792,0.005491417,0
45,244,51.048,546.1323789,34546.30936,0.031802,0,0,0,0,0,0,0,0,0,0.151728,0,0.05875792,0.005491417,0
45,244,51.048,546.1323789,34546.30936,0.67038,0,0,0.2491,0.007102,0,0,0,0,0,0,0,0.05875792,0.005491417,0
45,244,51.048,546.1323789,34546.30936,0.030381,0,0,0,0,0,0.67845,0,0,0,0.273372,0,0.05875792,0.005491417,0
45,244,51.048,546.1323789,34546.30936,0.00524,0,0.00014,0,211.21,0,0,0,0,0,0,0,0.05875792,0.005491417,0
45,244,51.048,546.1323789,34546.30936,0,0,0,0,0,0,0,0,0,0,0.204657,0,0.05875792,0.005491417,0
45,244,51.048,546.1323789,34546.30936,0,0,0,0,0.00328,0,0,0,0,0,0.151728,0,0.05875792,0.005491417,0
45,244,51.048,546.1323789,34546.30936,0,0,0,0,0,0,0,0,0,0,0.151728,0,0.05875792,0.005491417,0
45,244,51.048,546.1323789,34546.30936,0.026038,0,0,68.713,0.00524,0,0,0,0,0,0.271128,0,0.05875792,0.005491417,0
45,244,51.048,546.1323789,34546.30936,0.00644,0,0,0,0,0,0,0,0,0,0,0,0.05875792,0.005491417,0
45,244,51.048,546.1323789,34546.30936,0.020885,0,0,0,3.7624,0,133.93,0,0,0,1.52439,0,0.05875792,0.005491417,0
45,244,51.048,546.1323789,34546.30936,12.994,0,0,0,0,0,0,0,0,0,0.151728,0,0.05875792,0.005491417,0
45,244,51.048,546.1323789,34546.30936,0.013573,0,0,0,0,0,0,0,0,0,1.57107,0,0.05875792,0.005491417,0
45,244,51.048,546.1323789,34546.30936,0.0068531,0,0,0.007697,0.0078558,0,5.0969,0,0,0,0.151728,0,0.05875792,0.005491417,0
45,244,51.048,546.1323789,34546.30936,52.722,0,0,0.002084,0,0,0,0,0,0,57.423,0,0.05875792,0.005491417,0
45,244,51.048,546.1323789,34546.30936,1.2894,0,0,9.5845,0,0,0,0,0,0,1.97832,0,0.05875792,0.005491417,0
45,244,51.048,546.1323789,34546.30936,0,0,0,0,4.5941,0,0,0,0,0,0.42399,0,0.05875792,0.005491417,0
45,244,51.048,546.1323789,34546.30936,0,0,0,0.15605,0.00014,0,0,0,0,0,0.67983,0,0.05875792,0.005491417,0
45,244,51.048,546.1323789,34546.30936,0.00644,0,0,0.7793,0,0,21.569,0,0,0,25.3818,0,0.05875792,0.005491417,0
45,244,51.048,546.1323789,34546.30936,0,0,0,11.552,3.2358,0,132.95,0,0,0,29.7048,0,0.05875792,0.005491417,0
45,244,51.048,546.1323789,34546.30936,0.2494,0,0,0,0,0,0,0,0,0,0.37014,0,0.05875792,0.005491417,0
45,244,51.048,546.1323789,34546.30936,0,0,0,0.82457,0.003538,0,0.60778,0,0,0,7.0518,0,0.05875792,0.005491417,0
45,244,51.048,546.1323789,34546.30936,0.013012,0,0,0,0,0,0,0,0,0,19.6818,0,0.05875792,0.005491417,0
45,244,51.048,546.1323789,34546.30936,0.0083909,0,0.65701,0,0.008953,0,0.059897,0,0,0,37.836,0,0.05875792,0.005491417,0
45,244,51.048,546.1323789,34546.30936,9.146,0,0,1.7556,0,0,0,0,0,0,1.96911,0,0.05875792,0.005491417,0
45,244,51.048,546.1323789,34546.30936,0.13903,0,0,1.1486,0,0,0,0,0,0,0.151728,0,0.05875792,0.005491417,0
45,244,51.048,546.1323789,34546.30936,0,0,0,0.008333,0,0,0,0,0,0,0,0,0.05875792,0.005491417,0
45,244,51.048,546.1323789,34546.30936,0.0056,0,0,0,0,0,0,0,0,0,0.286086,0,0.05875792,0.005491417,0
45,244,51.048,546.1323789,34546.30936,0.0031025,0,0,0.15605,0,0,0,0,0,0,15.9147,0,0.05875792,0.005491417,0
45,244,51.048,546.1323789,34546.30936,0.008699,0,0,0,0.0022594,0,0,0,0,0,0,0,0.05875792,0.005491417,0
45,244,51.048,546.1323789,34546.30936,3.0116,0,0,0,0.005239,0,24.967,0,0,0,8.9718,0,0.05875792,0.005491417,0
45,244,51.048,546.1323789,34546.30936,1.366,0,0,4.1588,0.041022,0,0,0,0,0,0,0,0.05875792,0.005491417,0
45,244,51.048,546.1323789,34546.30936,0.011527,0,0,0,0,0.017446,0,0,0,0,17.2929,0,0.05875792,0.005491417,0
45,244,51.048,546.1323789,34546.30936,0,0,0,0,0,75.3,0,0,0,0,4.0518,0,0.05875792,0.005491417,0
45,244,51.048,546.1323789,34546.30936,2.0814,0,0,0,0,0,0,0,0,0,0,0,0.05875792,0.005491417,0
45,244,51.048,546.1323789,34546.30936,0,0,0,2.8607,0,0,0,0,0,0,0,0,0.05875792,0.005491417,0
45,244,51.048,546.1323789,34546.30936,0,0,0,0,0,0,0,0,0.008513,0,2.94174,0,0.05875792,0.005491417,0
45,244,51.048,546.1323789,34546.30936,0,0,0,0,0.005769,0,0,0,0,0,0,0,0.05875792,0.005491417,0
45,244,51.048,546.1323789,34546.30936,0.00524,0,0,0,0.00524,0,8.872,0,0,0,0.273018,0,0.05875792,0.005491417,0
45,244,51.048,546.1323789,34546.30936,0.091719,0,0,0,0,0,25.715,0,0,0,3.1278,0,0.05875792,0.005491417,0
45,244,51.048,546.1323789,34546.30936,0.043506,0,0,0,0,0.0006805,0,0,0,0,2.52933,0,0.05875792,0.005491417,0
45,244,51.048,546.1323789,34546.30936,0.000063,0,0,0,0.00524,0,0,0,0,0,4.5105,0,0.05875792,0.005491417,0
45,244,51.048,546.1323789,34546.30936,0,0,0,0,0,0,137.34,0,0,0,0.36594,0,0.05875792,0.005491417,0
45,244,51.048,546.1323789,34546.30936,0.016858,0,0,0,0,1.0436,0,0,39.521,0,7.6407,0,0.05875792,0.005491417,0
45,244,51.048,546.1323789,34546.30936,0.0088426,0,0,5.0428,0,0,0,0,0,0,3.0075,0,0.05875792,0.005491417,0
45,244,51.048,546.1323789,34546.30936,0.057403,0,0,0,0.0062716,0,0,0,0,0,1.09155,0,0.05875792,0.005491417,0
45,244,51.048,546.1323789,34546.30936,0.010054,0,0,2.0817,3.7624,0,0,0,0,0,0.33174,0,0.05875792,0.005491417,0
45,244,51.048,546.1323789,34546.30936,0,0,0,0.008333,0,0,35.561,0,0,0,0.287505,0,0.05875792,0.005491417,0
45,244,51.048,546.1323789,34546.30936,0,0,0,0.041028,0,0,0,0,0,0,0,0,0.05875792,0.005491417,0
45,244,51.048,546.1323789,34546.30936,0,0,0,0.002508,0,0,0,0,0,0,0,0,0.05875792,0.005491417,0
45,244,51.048,546.1323789,34546.30936,2.6123,0,0,0.01391,0.353,0,0,0,0,0,14.8218,0,0.05875792,0.005491417,0
45,244,51.048,546.1323789,34546.30936,0.67499,0,0,0,0,0,0,0,0.017823,0,17.2929,0,0.05875792,0.005491417,0
45,244,51.048,546.1323789,34546.30936,0.002031,0,0,0,0,0,0,0,0,0,0.37014,0,0.05875792,0.005491417,0
45,244,51.048,546.1323789,34546.30936,45.509,0,0,0,0,0.0003,0,0,0,0,0.151728,0,0.05875792,0.005491417,0
45,244,51.048,546.1323789,34546.30936,0,0,0,0.0088426,52.779,0,0,0,0,0,0.151728,0,0.05875792,0.005491417,0
45,244,51.048,546.1323789,34546.30936,1.8905,0,0,5.1219,0,0,0,0,0,0,0.151728,0,0.05875792,0.005491417,0
45,244,51.048,546.1323789,34546.30936,1.2774,0,0,0.021906,0.010996,0,0,0,0,0,0,0,0.05875792,0.005491417,0
45,244,51.048,546.1323789,34546.30936,0.060379,0,0,0.002011,0.005239,0,0,0,0,0,0,0,0.05875792,0.005491417,0
45,244,51.048,546.1323789,34546.30936,0.007221,0,0,0,0,0,0,0,0,0,27.5562,0,0.05875792,0.005491417,0
45,244,51.048,546.1323789,34546.30936,0,0,0,0,0.021909,0,0,0,0,0,18.7944,0,0.05875792,0.005491417,0
45,244,51.048,546.1323789,34546.30936,2.1571,0,0,0.008333,0,0,0.10863,0,0,0,0,0,0.05875792,0.005491417,0
45,244,51.048,546.1323789,34546.30936,40.517,0,0,0,0.86472,0.40336,0,0,0,0,0,0,0.05875792,0.005491417,0
45,244,51.048,546.1323789,34546.30936,0,0,0,20.576,0.026162,0,0,0,0,0,0.151728,0,0.05875792,0.005491417,0
45,244,51.048,546.1323789,34546.30936,0.00524,0,0,0,0.007221,0.7814,0,0,0,0,4.3869,0,0.05875792,0.005491417,0
45,244,51.048,546.1323789,34546.30936,0,0,0.99914,0,0,0.42818,0,0,0,0,1.08339,0,0.05875792,0.005491417,0
45,244,51.048,546.1323789,34546.30936,0,0,0,0.025929,1.5895,0,0,0,0,0,0,0,0.05875792,0.005491417,0
45,244,51.048,546.1323789,34546.30936,0.071675,0,0,0,0,0,0,0,0,0,0.3897,0,0.05875792,0.005491417,0
45,244,51.048,546.1323789,34546.30936,9.7427,0,0,0,0.03958,0,0.13028,0,0,0,0,0,0.05875792,0.005491417,0
45,244,51.048,546.1323789,34546.30936,1.366,0,0,0.00524,0,1.9376,0,0,0,0,2.96682,0,0.05875792,0.005491417,0
45,244,51.048,546.1323789,34546.30936,0,0,0,0,0.0041885,0,0,0,0,0,0,0,0.05875792,0.005491417,0
45,244,51.048,546.1323789,34546.30936,0,0,0,0.11797,0,0,0,0,0,0,0,0,0.05875792,0.005491417,0
45,244,51.048,546.1323789,34546.30936,0,0,0,0.012904,6.9699,0,0,0,0,0,0,0,0.05875792,0.005491417,0
45,244,51.048,546.1323789,34546.30936,0.0056,0,0,0.001669,0.31656,0.56078,0,0,0,0,27.6384,0,0.05875792,0.005491417,0
45,244,51.048,546.1323789,34546.30936,0,0,0,0,0,0,0,0,0,0,0,0,0.05875792,0.005491417,0
45,244,51.048,546.1323789,34546.30936,0,0,0.3747,0.00833,0.010107,0,0,0,0,0,0.151728,0,0.05875792,0.005491417,0
45,244,51.048,546.1323789,34546.30936,3.4031,0,0,0,0.0078558,0,0.67053,0,0,0,0.151728,0,0.05875792,0.005491417,0
45,244,51.048,546.1323789,34546.30936,0,0,0,0.88687,0.001669,0,0,0,3.6654,0,37.53,0,0.05875792,0.005491417,0
45,244,51.048,546.1323789,34546.30936,0.039743,0,0,0,10.115,0,0.002308,0,0,0,0,0,0.05875792,0.005491417,0
45,244,51.048,546.1323789,34546.30936,0,0,0,0,0,0,0,0,0,0,0.151728,0,0.05875792,0.005491417,0
45,244,51.048,546.1323789,34546.30936,0,0,0,1.2811,0,0,0,0,0,0,28.0509,0,0.05875792,0.005491417,0
45,244,51.048,546.1323789,34546.30936,1.2325,0,0,0,0,0,0,0,0,0,0.181728,0,0.05875792,0.005491417,0
45,244,51.048,546.1323789,34546.30936,0,0,0,0,0,0,5.7969,0,0,0,0.151728,0,0.05875792,0.005491417,0
45,244,51.048,546.1323789,34546.30936,4.616,0,0,0.02762,0.00524,0,130.49,0,0,0,8.3751,0,0.05875792,0.005491417,0
45,244,51.048,546.1323789,34546.30936,0,0,0,0,0.034463,5.9264,0.76779,0,0,0,0,0,0.05875792,0.005491417,0
45,244,51.048,546.1323789,34546.30936,0.062194,0,0,0,0,0,0,0,0,0,0.151728,0,0.05875792,0.005491417,0
45,244,51.048,546.1323789,34546.30936,3.9799,0,0,0.041531,0.008333,0,0,0,0,0,0.279585,0,0.05875792,0.005491417,0
45,244,51.048,546.1323789,34546.30936,0.22639,0,0,0,0,0,109.35,0,0,0,0.279615,0,0.05875792,0.005491417,0
45,244,51.048,546.1323789,34546.30936,0,0,0,0,0.007102,0,0,0,0,0,6.9018,0,0.05875792,0.005491417,0
45,244,51.048,546.1323789,34546.30936,0.008333,0,0,0.008333,0,0,0,0,0,0,2.73105,0,0.05875792,0.005491417,0
45,244,51.048,546.1323789,34546.30936,184.67,0,0,0.0060235,0,0,41.34,0,0,0,0,0,0.05875792,0.005491417,0
45,244,51.048,546.1323789,34546.30936,0,0,0,0,0,0,0,0,0,0,30.885,0,0.05875792,0.005491417,0
45,244,51.048,546.1323789,34546.30936,3.6358,0,0,0,0.008335,0,0,0,0,0,0.270372,0,0.05875792,0.005491417,0
45,244,51.048,546.1323789,34546.30936,0.18449,0,0,0,0.011526,0,0,0,0,0,0,0,0.05875792,0.005491417,0
45,244,51.048,546.1323789,34546.30936,0.007697,0,0,0,0,0,0,0,0,0,1.97832,0,0.05875792,0.005491417,0
45,244,51.048,546.1323789,34546.30936,7.1711,0,0,0,0.041022,0,0,0,0,0,4.5897,0,0.05875792,0.005491417,0
45,244,51.048,546.1323789,34546.30936,0.46343,0,0,0,0.070777,0,0,0,0,0,29.2218,0,0.05875792,0.005491417,0
45,244,51.048,546.1323789,34546.30936,0,0,0,0.008333,0,0,10.349,0,0,0,0,0,0.05875792,0.005491417,0
45,244,51.048,546.1323789,34546.30936,0,0,0,0,0,0,0,0,0,0,0,0,0.05875792,0.005491417,0
45,244,51.048,546.1323789,34546.30936,0,0,0,0,0,0,0,0,0,0,0,0,0.05875792,0.005491417,0
45,244,51.048,546.1323789,34546.30936,3.2852,0,0,0.017238,0,0,0,0,0,0,0.151728,0,0.05875792,0.005491417,0
45,244,51.048,546.1323789,34546.30936,0.00524,0,0,0,14.569,0,0.059897,0,0,0,5.0406,0,0.05875792,0.005491417,0
45,244,51.048,546.1323789,34546.30936,0,0,0,0.01377,0,0,0,0,0,0,0.151728,0,0.05875792,0.005491417,0
45,244,51.048,546.1323789,34546.30936,0,0,2.8636,0.013565,0.00524,0,0,0,0,0,23.3337,0,0.05875792,0.005491417,0
45,244,51.048,546.1323789,34546.30936,0.22048,0,0,0,0,0,0,0,0,0,0.151728,0,0.05875792,0.005491417,0
45,244,51.048,546.1323789,34546.30936,0.008333,0,0,0,0,0,0.13028,0,0,0,0.151728,0,0.05875792,0.005491417,0
45,244,51.048,546.1323789,34546.30936,0,0,0,0.010105,0,0,0,0,0,0,7.431,0,0.05875792,0.005491417,0
45,244,51.048,546.1323789,34546.30936,0,0,0,0.37527,0,0,0,0,0,0,0,0,0.05875792,0.005491417,0
45,244,51.048,546.1323789,34546.30936,0,0,0,0.00524,0,0,0,0,0,0,1.09647,0,0.05875792,0.005491417,0
45,244,51.048,546.1323789,34546.30936,0,0,0,0,0.10502,0,0,0,0,0,1.57404,0,0.05875792,0.005491417,0
45,244,51.048,546.1323789,34546.30936,0.0059107,0,0,0.03272,0,0,0,0,0,0,45.663,0,0.05875792,0.005491417,0
45,244,51.048,546.1323789,34546.30936,10.582,0,0.11682,0,0,0,0,0,0,0,0.278694,0,0.05875792,0.005491417,0
45,244,51.048,546.1323789,34546.30936,0,0,0,0,0,0,0,0,0,0,0.78999,0,0.05875792,0.005491417,0
45,244,51.048,546.1323789,34546.30936,3.9799,0,0,0,10.721,0,0,0,0,0,0,0,0.05875792,0.005491417,0
45,244,51.048,546.1323789,34546.30936,0.67499,0,0.00062,0,0,0,0.13028,0,0,0,0.65616,0,0.05875792,0.005491417,0
45,244,51.048,546.1323789,34546.30936,0.020418,0,0,0.016837,0,0,0,0,0,0,0.241728,0,0.05875792,0.005491417,0
45,244,51.048,546.1323789,34546.30936,0.030048,0,0,0,1.5099,0.79321,0,0,0,0,12.3399,0,0.05875792,0.005491417,0
45,244,51.048,546.1323789,34546.30936,0.12208,0,0,0,0.008333,0,0,0,0,0,198.603,0,0.05875792,0.005491417,0
45,244,51.048,546.1323789,34546.30936,0.023705,0,0,0,0,0,0,0,0,0,15.3204,0,0.05875792,0.005491417,0
45,244,51.048,546.1323789,34546.30936,0.25336,0,0.015661,4.3441,26.765,0,24.831,0,0,0,0,0,0.05875792,0.005491417,0
45,244,51.048,546.1323789,34546.30936,0.21588,0,0,0.14108,0,0,0,0.79321,0,0,0,0,0.05875792,0.005491417,0
45,244,51.048,546.1323789,34546.30936,5.4818,0,0,0,0,0.79351,0,0,0,0,0,0,0.05875792,0.005491417,0
45,244,51.048,546.1323789,34546.30936,0.008585,0,0,0.014341,0,0,0,0,0,0,151.038,0,0.05875792,0.005491417,0
45,244,51.048,546.1323789,34546.30936,28.979,0,0,0,0,0,0,0,0,0,0,0,0.05875792,0.005491417,0
45,244,51.048,546.1323789,34546.30936,0,0,0,0,0,0.03757,172.66,0,0,0,6.8079,0,0.05875792,0.005491417,0
45,244,51.048,546.1323789,34546.30936,63.495,0,0,0,0,0,0,0,0,0,10.6818,0,0.05875792,0.005491417,0
45,244,51.048,546.1323789,34546.30936,0,0,0,0,0.008333,0,0,0,0,0,3.9402,0,0.05875792,0.005491417,0
45,244,51.048,546.1323789,34546.30936,0.004143,0,0,0,0,0,0,0,0,0,0,0,0.05875792,0.005491417,0
45,244,51.048,546.1323789,34546.30936,0.051828,0,0,1.6824,0,0,0,0,0,0,0,0,0.05875792,0.005491417,0
45,244,51.048,546.1323789,34546.30936,0,0,0,0.008333,0.026162,0,0,0,0,0,13.5342,0,0.05875792,0.005491417,0
45,244,51.048,546.1323789,34546.30936,0,0,0,0.008333,0.21192,0,0,0,0,0,0,0,0.05875792,0.005491417,0
45,244,51.048,546.1323789,34546.30936,0,0,0,0,0,0,0,0,0,0,0,0,0.05875792,0.005491417,0
45,244,51.048,546.1323789,34546.30936,0,0,0,0,0.21732,0,0,0,0,0,0.151728,0,0.05875792,0.005491417,0
45,244,51.048,546.1323789,34546.30936,0.031098,0,0,6.1619,0,0,0,0,0,0,30.648,0,0.05875792,0.005491417,0
45,244,51.048,546.1323789,34546.30936,0.10284,0,0,0,0,0,1.8682,0,0,0,0.286086,0,0.05875792,0.005491417,0
45,244,51.048,546.1323789,34546.30936,0.007221,0,10.101,0,0,0,0,0.81566,0,0,0,0,0.05875792,0.005491417,0
45,244,51.048,546.1323789,34546.30936,0,0,0.003538,1.0312,0.00036,0,0,0,0,0,0.283572,0,0.05875792,0.005491417,0
45,244,51.048,546.1323789,34546.30936,0,0,0,1.1831,0.0082165,3.1357,0,0,0,0,14.8218,0,0.05875792,0.005491417,0
45,244,51.048,546.1323789,34546.30936,0,0,0,0.011527,0,4.2572,0,0,0,0,11.1597,0,0.05875792,0.005491417,0
45,244,51.048,546.1323789,34546.30936,0.0055384,0,0,0,6.2079,0,0.10863,0,0,0,0,0,0.05875792,0.005491417,0
45,244,51.048,546.1323789,34546.30936,0.008699,0,0,0.67703,0,0,0,0,0,0,1.35936,0,0.05875792,0.005491417,0
45,244,51.048,546.1323789,34546.30936,0.000376,0,0,0.051994,0.065813,0,0.13028,0,0,0,9.5499,0,0.05875792,0.005491417,0
45,244,51.048,546.1323789,34546.30936,0.51613,0,0,0,0.005239,0.096353,0,0,0,0,0,0,0.05875792,0.005491417,0
45,244,51.048,546.1323789,34546.30936,0.00014,0,0,0.0002525,0.002031,0,0,0,0,0,0.151728,0,0.05875792,0.005491417,0
45,244,51.048,546.1323789,34546.30936,0,0,0,2.4172,0,0,6.0057,0,0,0,2.3544,0,0.05875792,0.005491417,0
45,244,51.048,546.1323789,34546.30936,1.8379,0,0,15.592,0,0,0,0,0,0,0,0,0.05875792,0.005491417,0
45,244,51.048,546.1323789,34546.30936,7.5139,0,0.57588,0,0,0.074131,0,0,0,0,0.151728,0,0.05875792,0.005491417,0
45,244,51.048,546.1323789,34546.30936,0.008335,0,185.73,0,1.6602,7.2949,0,0,0,0,2.76954,0,0.05875792,0.005491417,0
45,244,51.048,546.1323789,34546.30936,0,0,0,0,0,0,15.504,0,0,0,2.93637,0,0.05875792,0.005491417,0
45,244,51.048,546.1323789,34546.30936,0,0,0,0,0,6.9496,0,0,0,0,6.102,0,0.05875792,0.005491417,0
45,244,51.048,546.1323789,34546.30936,0,0,0,0.45906,0.002031,0,0,0,0,0,0.67983,0,0.05875792,0.005491417,0
45,244,51.048,546.1323789,34546.30936,0.026827,0,0,0.005239,514.83,0,0,0,0,0,0.151728,0,0.05875792,0.005491417,0
45,244,51.048,546.1323789,34546.30936,0.052214,0,0,0,0,0,0,0,0,0,8.5524,0,0.05875792,0.005491417,0
45,244,51.048,546.1323789,34546.30936,6.8591,0,0,0,0.008333,0,0,0,0,0,12.8454,0,0.05875792,0.005491417,0
45,244,51.048,546.1323789,34546.30936,0,0,0.00014,0.002868,0,0,0,0,0,0,0,0,0.05875792,0.005491417,0
45,244,51.048,546.1323789,34546.30936,0,0,0.72881,0,0,0,0,0,0,0,0.151728,0,0.05875792,0.005491417,0
45,244,51.048,546.1323789,34546.30936,0,0,0,0.011201,0,0,0,0,0,0,41.634,0,0.05875792,0.005491417,0
45,244,51.048,546.1323789,34546.30936,0,0,0,0,0.37101,0,0,0,0,0,16.0221,0,0.05875792,0.005491417,0
45,244,51.048,546.1323789,34546.30936,0,0,0,0,0.008335,0,0,0,0,0,7.6407,0,0.05875792,0.005491417,0
45,244,51.048,546.1323789,34546.30936,0,0,0,0,0,0,0,0,0,0,22.7118,0,0.05875792,0.005491417,0
45,244,51.048,546.1323789,34546.30936,0,0,0,0.012904,3.969,0,0,0,0,0,0.151728,0,0.05875792,0.005491417,0
45,244,51.048,546.1323789,34546.30936,0,0,0,0.14108,0.012452,0,0,0,0,0,58.353,0,0.05875792,0.005491417,0
45,244,51.048,546.1323789,34546.30936,0.55531,0,0,56.999,0,0.026505,0,0,0,0,0,0,0.05875792,0.005491417,0
45,244,51.048,546.1323789,34546.30936,0.013573,0,0,0,2.0594,0,0,0,0,0,0,0,0.05875792,0.005491417,0
45,244,51.048,546.1323789,34546.30936,0.003346,0,0,0,0,0,0,0,0,0,3.0075,0,0.05875792,0.005491417,0
45,244,51.048,546.1323789,34546.30936,0.10527,0,0,2.5863,0.001478,0,0,0,0,0,0,0,0.05875792,0.005491417,0
45,244,51.048,546.1323789,34546.30936,0,0,0,0.00524,0.001478,0,0,0,0,0,6.2754,0,0.05875792,0.005491417,0
45,244,51.048,546.1323789,34546.30936,21.068,0,0.0054435,0,0,0,0,0,0,0,0.151728,0,0.05875792,0.005491417,0
45,244,51.048,546.1323789,34546.30936,0,0,0,0,12.308,0,13.103,0,0,0,8.9718,0,0.05875792,0.005491417,0
45,244,51.048,546.1323789,34546.30936,0.7554,0,0,0,0,0,0,0,0,0,2.01174,0,0.05875792,0.005491417,0
45,244,51.048,546.1323789,34546.30936,8.1913,0,0,0,0.26036,28.381,0,0,0,0,69.483,0,0.05875792,0.005491417,0
45,244,51.048,546.1323789,34546.30936,5.2762,0,0,0,0.008333,0,0,0,6.6471,0,0.273018,0,0.05875792,0.005491417,0
45,244,51.048,546.1323789,34546.30936,0.00524,0,0.94963,0,0,0.77904,0,0,0,0,0.151728,0,0.05875792,0.005491417,0
45,244,51.048,546.1323789,34546.30936,21.068,0,0.00744,0.02891,0,0,0,0,0,0,61.47,0,0.05875792,0.005491417,0
45,244,51.048,546.1323789,34546.30936,0.009021,0,0,0,0,0.003718,0,0,0,0,0.151728,0,0.05875792,0.005491417,0
45,244,51.048,546.1323789,34546.30936,0.00644,0,7.7454,0,0,0,0,0,0,0,41.634,0,0.05875792,0.005491417,0
45,244,51.048,546.1323789,34546.30936,0.012423,0,0,0.00524,0,0,0,0,0,0,0,0,0.05875792,0.005491417,0
45,244,51.048,546.1323789,34546.30936,3.5296,0,0,0,0.008333,0,0,0,0,0,0.151728,0,0.05875792,0.005491417,0
45,244,51.048,546.1323789,34546.30936,0,0,0,0.00524,0,0,0,0,0,0,0.151728,0,0.05875792,0.005491417,0
45,244,51.048,546.1323789,34546.30936,0,0,0.00524,0,0,0,0.13028,0,0,0,5.2239,0,0.05875792,0.005491417,0
45,244,51.048,546.1323789,34546.30936,0,0,0,0.18118,0,0,0,0,0,0,0.181728,0,0.05875792,0.005491417,0
45,244,51.048,546.1323789,34546.30936,0,0,0,0,0,0,0,0,0,0,0.151728,0,0.05875792,0.005491417,0
45,244,51.048,546.1323789,34546.30936,0,0,0,0,0,0,0,0,0,0,0.151728,0,0.05875792,0.005491417,0
45,244,51.048,546.1323789,34546.30936,7.9784,0,0,0,0.003144,0,0,0,0,0,3.2364,0,0.05875792,0.005491417,0
45,244,51.048,546.1323789,34546.30936,24.337,0,0,0.00036,0,0.77921,0,0,0,0,0.31098,0,0.05875792,0.005491417,0
45,244,51.048,546.1323789,34546.30936,0.003822,0,0,0,0,0,0,0,0,0,16.0194,0,0.05875792,0.005491417,0
45,244,51.048,546.1323789,34546.30936,0,0,0,0,0,0,0,0,0,0,0.151728,0,0.05875792,0.005491417,0
45,244,51.048,546.1323789,34546.30936,0.10284,0,0,0.000376,0,0,0,0,0,0,0.273018,0,0.05875792,0.005491417,0
45,244,51.048,546.1323789,34546.30936,0,0,0,0.0060235,3.969,1.0436,0,0,0,0,0.151728,0,0.05875792,0.005491417,0
45,244,51.048,546.1323789,34546.30936,0.22208,0,0,0,0,0.62172,0,0,0,0,0.151728,0,0.05875792,0.005491417,0
45,244,51.048,546.1323789,34546.30936,0,0,4.1772,0.15168,0.014178,0,0,0,0,0,0,0,0.05875792,0.005491417,0
45,244,51.048,546.1323789,34546.30936,0.0021738,0,0,0.008336,5.1226,0,0,0,0,0,4.4787,0,0.05875792,0.005491417,0
45,244,51.048,546.1323789,34546.30936,0.002784,0,0,0,0,0,7.6576,0,0,0,0,0,0.05875792,0.005491417,0
45,244,51.048,546.1323789,34546.30936,0.002784,0,0,0,0,0.034291,0,0,0,0,0,0,0.05875792,0.005491417,0
45,244,51.048,546.1323789,34546.30936,0,0,0,77.417,0,1.0436,0,0,0,0,198.615,0,0.05875792,0.005491417,0
45,244,51.048,546.1323789,34546.30936,0,0,0,0,0,1.3939,0,0,0,0,0.9426,0,0.05875792,0.005491417,0
45,244,51.048,546.1323789,34546.30936,0,0,0,0,0.05414,0,0.74966,0,0,0,8.7318,0,0.05875792,0.005491417,0
45,244,51.048,546.1323789,34546.30936,0,0,0,0,0.050892,0,0,4.0761,0,0,8.5524,0,0.05875792,0.005491417,0
45,244,51.048,546.1323789,34546.30936,0,0,0.000078,0,0,0.10693,0,0,0,0,3.3018,0,0.05875792,0.005491417,0
45,244,51.048,546.1323789,34546.30936,0.00644,0,0,0.000251,0,0,0,0,0,0,0.151728,0,0.05875792,0.005491417,0
45,244,51.048,546.1323789,34546.30936,0.00524,0,0,0,10.115,3.1357,35.561,0,0,0,56.145,0,0.05875792,0.005491417,0
45,244,51.048,546.1323789,34546.30936,0,0,0,0,0.009056,0,0,0,0,0,0.151728,0,0.05875792,0.005491417,0
45,244,51.048,546.1323789,34546.30936,0,0,0,0,9.8934,0,0,0,0,0,1.19187,0,0.05875792,0.005491417,0
45,244,51.048,546.1323789,34546.30936,189.16,0,0,0,0,0,0,0,0,0,121.068,0,0.05875792,0.005491417,0
45,244,51.048,546.1323789,34546.30936,0,0,5.627,0,0.26036,0,0,0,0,0,0.151728,0,0.05875792,0.005491417,0
45,244,51.048,546.1323789,34546.30936,3.6358,0,0.028213,0.012154,0,0,0,0,0,0,4.4403,0,0.05875792,0.005491417,0
45,244,51.048,546.1323789,34546.30936,0,0,0,0.0089655,0.041022,0,0,0,0,0,29.2218,0,0.05875792,0.005491417,0
45,244,51.048,546.1323789,34546.30936,0,0,0.9608,0,0,0,0,0,0,0,1.05978,0,0.05875792,0.005491417,0
45,244,51.048,546.1323789,34546.30936,0.046194,0,0,0,0.84234,0,0,0,0,0,21.2118,0,0.05875792,0.005491417,0
45,244,51.048,546.1323789,34546.30936,0,0,0,0,0,0,0,0,0,0,0,0,0.05875792,0.005491417,0
45,244,51.048,546.1323789,34546.30936,5.2762,0,0,0,3.3777,0,0,0,0,0,0.151728,0,0.05875792,0.005491417,0
45,244,51.048,546.1323789,34546.30936,0,0,0,0,1.8824,0,0,0,0,0,0.151728,0,0.05875792,0.005491417,0
45,244,51.048,546.1323789,34546.30936,0,0,0,0,0,0,0,0,0,0,0,0,0.05875792,0.005491417,0
45,244,51.048,546.1323789,34546.30936,0.00833,0,0,0.006456,0,5.0308,0.13028,0,0,0,30.786,0,0.05875792,0.005491417,0
45,244,51.048,546.1323789,34546.30936,0.01061,0,0,0,0,0,0,0,0,0,0,0,0.05875792,0.005491417,0
45,244,51.048,546.1323789,34546.30936,0.0021738,0,0,0,0,0,0,0,0,0,0.151728,0,0.05875792,0.005491417,0
45,244,51.048,546.1323789,34546.30936,0.0031025,0,0,0.003538,0,0,9.1898,0,0,0,0.151728,0,0.05875792,0.005491417,0
45,244,51.048,546.1323789,34546.30936,8.3092,0,0,0,0,0,0,0,0,0,4.5105,0,0.05875792,0.005491417,0
45,244,51.048,546.1323789,34546.30936,0,0,0,0.0086135,6.9699,0,0,0,0,0,1.74174,0,0.05875792,0.005491417,0
45,244,51.048,546.1323789,34546.30936,0,0,0,2.5432,0,0,0,0.92683,0,0,0.151728,0,0.05875792,0.005491417,0
45,244,51.048,546.1323789,34546.30936,0,0,0,0.002508,0,0,0,0,0,0,0,0,0.05875792,0.005491417,0
45,244,51.048,546.1323789,34546.30936,0,0,0,0,124.34,0,0,0,0,0,11.9625,0,0.05875792,0.005491417,0
45,244,51.048,546.1323789,34546.30936,0.43058,0,0,0.02762,0,0,132.95,0,0,0,8.6688,0,0.05875792,0.005491417,0
45,244,51.048,546.1323789,34546.30936,0.13903,0,0,0,0,0,0,337.61,0,0,13.494,0,0.05875792,0.005491417,0
45,244,51.048,546.1323789,34546.30936,0,0,0,0,0.0056,0,0,0,0,0,0.151728,0,0.05875792,0.005491417,0
45,244,51.048,546.1323789,34546.30936,0.008333,0,0,0.007697,1.8824,0,0,0,0.055792,0,50.673,0,0.05875792,0.005491417,0
45,244,51.048,546.1323789,34546.30936,0,0,0,0.68671,0.018282,0,0,0,0,0,30.885,0,0.05875792,0.005491417,0
45,244,51.048,546.1323789,34546.30936,0,0,0,0.051994,0.00524,0,0,0,0,0,0.151728,0,0.05875792,0.005491417,0
45,244,51.048,546.1323789,34546.30936,0.020418,0,0,0,0,0.015921,0,0,0,0,2.73105,0,0.05875792,0.005491417,0
45,244,51.048,546.1323789,34546.30936,15.2,0,0,0.094899,7.0738,0,0,0,0,0,8.8155,0,0.05875792,0.005491417,0
45,244,51.048,546.1323789,34546.30936,0,0,0,51.422,0.001493,0,0,0,0,0,0,0,0.05875792,0.005491417,0
45,244,51.048,546.1323789,34546.30936,0,0,0,0.40202,0.00524,0.77904,0,0,0,0,2.21025,0,0.05875792,0.005491417,0
45,244,51.048,546.1323789,34546.30936,198.15,0,0,0,0,6.5672,0,0,0,0,2.34429,0,0.05875792,0.005491417,0
45,244,51.048,546.1323789,34546.30936,0.01357,0,0,0.22391,0,0,0,0,0,0,0.151728,0,0.05875792,0.005491417,0
45,244,51.048,546.1323789,34546.30936,0,0,0,0,1.7912,0,0,0,0,0,3.5568,0,0.05875792,0.005491417,0
45,244,51.048,546.1323789,34546.30936,46.878,0,0,0.00043,0.0096305,0,0,0,0,0,0.151728,0,0.05875792,0.005491417,0
45,244,51.048,546.1323789,34546.30936,0,0,0,0,0,0,0,0,0,0,0,0,0.05875792,0.005491417,0
45,244,51.048,546.1323789,34546.30936,0,0,0,0.00247,0.007697,0,0,0,0,0,0,0,0.05875792,0.005491417,0
45,244,51.048,546.1323789,34546.30936,0.001478,0,0,0,6.4522,0,0,0,0,0,0.151728,0,0.05875792,0.005491417,0
45,244,51.048,546.1323789,34546.30936,0,0,0,0,7.7396,0,0,0,0,0,2.05122,0,0.05875792,0.005491417,0
45,244,51.048,546.1323789,34546.30936,0.008335,0,0,0,0,0,20.151,0,0,0,12.6336,0,0.05875792,0.005491417,0
45,244,51.048,546.1323789,34546.30936,0,0,3.2536,0,0.014581,0,0,0,0,0,0,0,0.05875792,0.005491417,0
45,244,51.048,546.1323789,34546.30936,0.03314,0,0,0,0,0,0,0,0,0,7.3638,0,0.05875792,0.005491417,0
45,244,51.048,546.1323789,34546.30936,0.007102,0,0,0,0,0,0,0,0,0,0.151728,0,0.05875792,0.005491417,0
45,244,51.048,546.1323789,34546.30936,109.34,0,0,15.592,0.014941,0,0,128.38,0,0,0,0,0.05875792,0.005491417,0
45,244,51.048,546.1323789,34546.30936,0,0,0,0.47974,0,0,0,0,0,0,95.283,0,0.05875792,0.005491417,0
45,244,51.048,546.1323789,34546.30936,23.064,0,0,0,0,0,0,0,0,0,0,0,0.05875792,0.005491417,0
45,244,51.048,546.1323789,34546.30936,6.4349,0,0,0,4.6346,0,0,0,0,0,0,0,0.05875792,0.005491417,0
45,244,51.048,546.1323789,34546.30936,0,0,0,0.19366,0.008333,0,26.543,0,0,0,0,0,0.05875792,0.005491417,0
45,244,51.048,546.1323789,34546.30936,2.8708,0,0,68.713,0.01359,0,0,0,0,0,30.123,0,0.05875792,0.005491417,0
45,244,51.048,546.1323789,34546.30936,0.0097975,0,0,0.005239,0.016895,0,0.021726,0,0,0,2.06073,0,0.05875792,0.005491417,0
45,244,51.048,546.1323789,34546.30936,45.509,0,0,0,0,0,0,0,0,0,0.273357,0,0.05875792,0.005491417,0
45,244,51.048,546.1323789,34546.30936,0,0,0,0,0,0,0,0,0,0,0.151728,0,0.05875792,0.005491417,0
45,244,51.048,546.1323789,34546.30936,0.013573,0,0,0.0078558,0,0,0,0,0,0,0.151728,0,0.05875792,0.005491417,0
45,244,51.048,546.1323789,34546.30936,0,0,0,0.008321,0.003346,0,65.662,0,0,0,0,0,0.05875792,0.005491417,0
45,244,51.048,546.1323789,34546.30936,0.68217,0,0,0.99417,0.026162,0,0,0,0,0,0.33174,0,0.05875792,0.005491417,0
45,244,51.048,546.1323789,34546.30936,0.008333,0,6.6835,0,0,0,0,0,0,0,0,0,0.05875792,0.005491417,0
45,244,51.048,546.1323789,34546.30936,13.595,0,0,0,0.0082165,0,0,0,0,0,0.151728,0,0.05875792,0.005491417,0
45,244,51.048,546.1323789,34546.30936,2.6701,0,0,0.067813,0,0,0.021726,0,0.01178,0,2.37174,0,0.05875792,0.005491417,0
45,244,51.048,546.1323789,34546.30936,0,0,0,0.008333,0,0,0,0,0,0,0.151728,0,0.05875792,0.005491417,0
45,244,51.048,546.1323789,34546.30936,0.008333,0,0,27.797,0,0,0,0,0,0,9.7158,0,0.05875792,0.005491417,0
45,244,51.048,546.1323789,34546.30936,0.013575,0,0,0.65046,0,0.096353,0,0,0,0,47.328,0,0.05875792,0.005491417,0
45,244,51.048,546.1323789,34546.30936,0,0,0,0,0,0,0,0,0,0,16.6719,0,0.05875792,0.005491417,0
45,244,51.048,546.1323789,34546.30936,0.017603,0,0,0.0021738,0.14346,0,0,0,0,0,7.431,0,0.05875792,0.005491417,0
45,244,51.048,546.1323789,34546.30936,0.013572,0,0,46.554,0.01359,0,0,0,0,0,0,0,0.05875792,0.005491417,0
45,244,51.048,546.1323789,34546.30936,0.001326,0,0,0,0,0.000273,0,0,0,0,57.423,0,0.05875792,0.005491417,0
45,244,51.048,546.1323789,34546.30936,0,0,0,0,0,0,0,0,0,0,21.2118,0,0.05875792,0.005491417,0
45,244,51.048,546.1323789,34546.30936,0,0,0,0,0.005239,0,0,0,0,0,0.54798,0,0.05875792,0.005491417,0
45,244,51.048,546.1323789,34546.30936,0.003346,0,0,0.01048,6.4838,0,0,0,0,0,0,0,0.05875792,0.005491417,0
45,244,51.048,546.1323789,34546.30936,5.7412,0,0,0,21.429,0,0,0,0,0,0.151728,0,0.05875792,0.005491417,0
45,244,51.048,546.1323789,34546.30936,0.008333,0,0,0.82457,0.007697,0.78972,0,0,0,0,15.0003,0,0.05875792,0.005491417,0
45,244,51.048,546.1323789,34546.30936,0.000251,0,0,0,4.6346,0,0,0,0,0,68.145,0,0.05875792,0.005491417,0
45,244,51.048,546.1323789,34546.30936,0,0,0,0.000251,0,0,0,0,0,0,0.151728,0,0.05875792,0.005491417,0
45,244,51.048,546.1323789,34546.30936,0,0,0,0.009056,0,0,0,0,0,0,0.151728,0,0.05875792,0.005491417,0
45,244,51.048,546.1323789,34546.30936,0.0059107,0,0,0,14.569,0,0,0,0,0,0,0,0.05875792,0.005491417,0
45,244,51.048,546.1323789,34546.30936,0.004864,0,0,0.001434,0.0070165,0,0,0,0,0,0.271728,0,0.05875792,0.005491417,0
45,244,51.048,546.1323789,34546.30936,0,0,0,0,1.3024,0,0,0,0,0,0.151728,0,0.05875792,0.005491417,0
45,244,51.048,546.1323789,34546.30936,0.01367,0,0,0,0.001267,0.77921,17.486,0,0,0,0.45174,0,0.05875792,0.005491417,0
45,244,51.048,546.1323789,34546.30936,0,0,0.001493,0.94228,0,0.76551,0.93424,0,0,0,0,0,0.05875792,0.005491417,0
45,244,51.048,546.1323789,34546.30936,0.23451,0,0,0,0,0,0,0,0,0,0.151728,0,0.05875792,0.005491417,0
45,244,51.048,546.1323789,34546.30936,0,0,0,0,0,0,0,0,0,0,0.151728,0,0.05875792,0.005491417,0
45,244,51.048,546.1323789,34546.30936,0.0019345,0,0,0,0,0,0,0,0,0,0.27948,0,0.05875792,0.005491417,0
45,244,51.048,546.1323789,34546.30936,0.0059398,0,0,0,0,0,0,0,0,0,8.5434,0,0.05875792,0.005491417,0
45,244,51.048,546.1323789,34546.30936,0,0,0,0,0.1667,0,0,0,0,0,30.648,0,0.05875792,0.005491417,0
45,244,51.048,546.1323789,34546.30936,0.026827,0,0,0,0.010122,0,0,0,0,0,0.57,0,0.05875792,0.005491417,0
45,244,51.048,546.1323789,34546.30936,0.71246,0,0,0,0,0,0,0,0,0,43.863,0,0.05875792,0.005491417,0
45,244,51.048,546.1323789,34546.30936,0.014773,0,0,0,0,0,0,0,0,0,8.6688,0,0.05875792,0.005491417,0
45,244,51.048,546.1323789,34546.30936,0,0,0,0,0,0,0,0,0,0,1.19187,0,0.05875792,0.005491417,0
45,244,51.048,546.1323789,34546.30936,0,0,0,0,0.029406,0.18827,8.4952,0,0,0,0,0,0.05875792,0.005491417,0
45,244,51.048,546.1323789,34546.30936,10.582,0,0,4.4534,0,0,0.40452,0,0,0,0.151728,0,0.05875792,0.005491417,0
45,244,51.048,546.1323789,34546.30936,5.6933,0,0,0.83912,0,1.944,0,0,0,0,34.746,0,0.05875792,0.005491417,0
45,244,51.048,546.1323789,34546.30936,0.0066265,0,0,0.021906,0,0,0.74966,0,0,0,0,0,0.05875792,0.005491417,0
45,244,51.048,546.1323789,34546.30936,0,0,0,0,0,1.9376,0,0,0,0,0,0,0.05875792,0.005491417,0
45,244,51.048,546.1323789,34546.30936,0,0,0,0.008333,0,0,0,0,0,0,1.67382,0,0.05875792,0.005491417,0
45,244,51.048,546.1323789,34546.30936,36.159,0,0,1.0487,0,0,0,0,0,0,1.02351,0,0.05875792,0.005491417,0
45,244,51.048,546.1323789,34546.30936,0.012671,0,0,3.0889,0.1667,0,0,0,0,0,52.569,0,0.05875792,0.005491417,0
45,244,51.048,546.1323789,34546.30936,0.0068531,0,0,223.54,0,0,0,0,0,0,0.151728,0,0.05875792,0.005491417,0
45,244,51.048,546.1323789,34546.30936,0,0,0.009214,0,0,0,0.059897,0,0,0,39.753,0,0.05875792,0.005491417,0
45,244,51.048,546.1323789,34546.30936,0.034133,0,0,0,0,0,0.13028,0,0,0,0.151728,0,0.05875792,0.005491417,0
45,244,51.048,546.1323789,34546.30936,0.013012,0,0,0.0094528,0,0,0,0,0,0,0,0,0.05875792,0.005491417,0
45,244,51.048,546.1323789,34546.30936,1.385,0,1.5932,0,0,0,0,0,0,0,0.181728,0,0.05875792,0.005491417,0
45,244,51.048,546.1323789,34546.30936,0,0,0,0.010479,0,0,0,0,0,0,0.151728,0,0.05875792,0.005491417,0
45,244,51.048,546.1323789,34546.30936,11.506,0,5.3893,0.00036,0,0,0,0,0,0,0.151728,0,0.05875792,0.005491417,0
45,244,51.048,546.1323789,34546.30936,0,0,0,3.2371,0,0,10.2,0,0,0,0.151728,0,0.05875792,0.005491417,0
45,244,51.048,546.1323789,34546.30936,0,0,0,0,2.1125,0,0,0,0,0,0,0,0.05875792,0.005491417,0
45,244,51.048,546.1323789,34546.30936,0.008333,0,0,0,0.64611,0,0,0,0,0,8.7318,0,0.05875792,0.005491417,0
45,244,51.048,546.1323789,34546.30936,0.003416,0,0,0.002868,0,3.5685,0,0,0,0,0,0,0.05875792,0.005491417,0
45,244,51.048,546.1323789,34546.30936,0,0,0,0,0,0,0,0,0,0,4.4313,0,0.05875792,0.005491417,0
45,244,51.048,546.1323789,34546.30936,0,0,0,0,0,0,0,0,0,0,1.33368,0,0.05875792,0.005491417,0
45,244,51.048,546.1323789,34546.30936,0,0,0,0,0.73113,5.0308,0,0,0,0,4.4787,0,0.05875792,0.005491417,0
45,244,51.048,546.1323789,34546.30936,0.000172,0,0,0,0,0,0,0,0,0,0,0,0.05875792,0.005491417,0
45,244,51.048,546.1323789,34546.30936,0,0,0,0,0,0,0,0,0,0,0.151728,0,0.05875792,0.005491417,0
45,244,51.048,546.1323789,34546.30936,0,0,0,0.012904,0,0,0,0,0,0,0.34434,0,0.05875792,0.005491417,0
45,244,51.048,546.1323789,34546.30936,23.064,0,0,0,0.008333,0,0,0,0,0,0,0,0.05875792,0.005491417,0
45,244,51.048,546.1323789,34546.30936,0.38105,0,0,0,0,0,184.38,0,0,0,0,0,0.05875792,0.005491417,0
45,244,51.048,546.1323789,34546.30936,0,0,0,0,0,0.78972,0,0,0,0,3.6159,0,0.05875792,0.005491417,0
45,244,51.048,546.1323789,34546.30936,0.016699,0,0,0,0,0,20.673,0,0,0,0.84174,0,0.05875792,0.005491417,0
45,244,51.048,546.1323789,34546.30936,1.4262,0,1.6941,0,0,0,0,0,0,0,3.3018,0,0.05875792,0.005491417,0
45,244,51.048,546.1323789,34546.30936,0.000376,0,0,0,0,0,0,0,0,0,0,0,0.05875792,0.005491417,0
45,244,51.048,546.1323789,34546.30936,0,0,0,0.1451,0.000739,0,0,0,0,0,0,0,0.05875792,0.005491417,0
45,244,51.048,546.1323789,34546.30936,0,0,0,0,0,0,71.892,0,0.00644,0,11.9625,0,0.05875792,0.005491417,0
45,244,51.048,546.1323789,34546.30936,0,0,0,0.067813,0,0,0,0,0,0,0,0,0.05875792,0.005491417,0
45,244,51.048,546.1323789,34546.30936,0.10527,0,0,0,1.7249,0,0,0,0.002485,0,0.65616,0,0.05875792,0.005491417,0
45,244,51.048,546.1323789,34546.30936,0,0,0,6.4627,0.000376,0.79321,0,0,0,0,0,0,0.05875792,0.005491417,0
45,244,51.048,546.1323789,34546.30936,18.306,0,0,0.001326,0,0,61.211,0,0,0,2.37174,0,0.05875792,0.005491417,0
45,244,51.048,546.1323789,34546.30936,0,0,0,0,20.056,0,0,0,0,0,0,0,0.05875792,0.005491417,0
45,244,51.048,546.1323789,34546.30936,0.39529,0,0,0.69261,14.084,0,0,0,0,0,0.270372,0,0.05875792,0.005491417,0
45,244,51.048,546.1323789,34546.30936,15.2,0,0,11.876,0.030965,0,0,0,0,0,0,0,0.05875792,0.005491417,0
45,244,51.048,546.1323789,34546.30936,0.071675,0,0,0,0,0,0,0,0,0,0,0,0.05875792,0.005491417,0
45,244,51.048,546.1323789,34546.30936,0.00524,0,0,3.8138,0,0,0,0,0,0,7.2312,0,0.05875792,0.005491417,0
45,244,51.048,546.1323789,34546.30936,0,0,0,14.532,0,0,0.13028,0,0,0,7.6407,0,0.05875792,0.005491417,0
45,244,51.048,546.1323789,34546.30936,0,0,0,0,0,0,0,0,0,0,0,0,0.05875792,0.005491417,0
45,244,51.048,546.1323789,34546.30936,189.16,0,0,0,0,0,0,0,0,0,0,0,0.05875792,0.005491417,0
45,244,51.048,546.1323789,34546.30936,0.0072895,0,0,0,0,0,0,0,0,0,0.151728,0,0.05875792,0.005491417,0
45,244,51.048,546.1323789,34546.30936,0.042136,0,0,0.18118,0,0,0,0,0,0,0,0,0.05875792,0.005491417,0
45,244,51.048,546.1323789,34546.30936,4.3384,0,0,0,3.7624,0,0,0,0,0,3.4872,0,0.05875792,0.005491417,0
45,244,51.048,546.1323789,34546.30936,0,0,0,1.2811,0.88295,0,0,0,0,0,25.3818,0,0.05875792,0.005491417,0
45,244,51.048,546.1323789,34546.30936,0,0,0,0.0056478,0,0,0,0,0,0,0.269961,0,0.05875792,0.005491417,0
45,244,51.048,546.1323789,34546.30936,0.71246,0,197.21,0,0.003346,0,0.60778,0,0,0,0,0,0.05875792,0.005491417,0
45,244,51.048,546.1323789,34546.30936,0.023786,0,0,0,0.005769,0,0.59876,0,0,0,2.96682,0,0.05875792,0.005491417,0
45,244,51.048,546.1323789,34546.30936,5.15,0,20.16,12.69,0,0,0,0,0,0,0,0,0.05875792,0.005491417,0
45,244,51.048,546.1323789,34546.30936,0,0,0,0,0,0,0,0,0,0,0.65616,0,0.05875792,0.005491417,0
45,244,51.048,546.1323789,34546.30936,0,0,0,2.2017,0,0,0,0,0,0,0.44541,0,0.05875792,0.005491417,0
45,244,51.048,546.1323789,34546.30936,0,0,0,0,5.6507,0,0,0,0,0,116.517,0,0.05875792,0.005491417,0
45,244,51.048,546.1323789,34546.30936,7.9784,0,0,0,0.33405,0,0,0,0,0,60.207,0,0.05875792,0.005491417,0
45,244,51.048,546.1323789,34546.30936,52.722,0,0,0,0.003822,0,0,0,0,0,0,0,0.05875792,0.005491417,0
45,244,51.048,546.1323789,34546.30936,0,0,0,0,0.005239,0,91.335,0,0,0,0.151728,0,0.05875792,0.005491417,0
45,244,51.048,546.1323789,34546.30936,0,0,0,0.018806,0,0.34159,0,0,0,0,7.431,0,0.05875792,0.005491417,0
45,244,51.048,546.1323789,34546.30936,4.4514,0,0,0,0.047685,0,0,0,0,0,0,0,0.05875792,0.005491417,0
45,244,51.048,546.1323789,34546.30936,0.070781,0,0,0,0.011532,0,0,0,0,0,0,0,0.05875792,0.005491417,0
45,244,51.048,546.1323789,34546.30936,0,0,0,0,0,0,0,0,0,0,17.1858,0,0.05875792,0.005491417,0
45,244,51.048,546.1323789,34546.30936,0.003821,0,0,0,0,0,0,0,0,0,12.3399,0,0.05875792,0.005491417,0
45,244,51.048,546.1323789,34546.30936,13.595,0,0,0,0.008333,0,0,0,0,0,0.275259,0,0.05875792,0.005491417,0
45,244,51.048,546.1323789,34546.30936,0.0724,0,0,0.013455,0,0,0,0,0,0,17.1858,0,0.05875792,0.005491417,0
45,244,51.048,546.1323789,34546.30936,0.0097027,0,0,0,0,0,0,0,0,0,0.151728,0,0.05875792,0.005491417,0
45,244,51.048,546.1323789,34546.30936,0.0068619,0,0,0,0,0,0,0,0,0,4.5198,0,0.05875792,0.005491417,0
45,244,51.048,546.1323789,34546.30936,0.001326,0,0,68.713,0.008333,0,0,0,0,0,1.10577,0,0.05875792,0.005491417,0
45,244,51.048,546.1323789,34546.30936,0.000081,0,0,0,0,12.855,0,0,0,0,0,0,0.05875792,0.005491417,0
45,244,51.048,546.1323789,34546.30936,0,0,0,0.017468,6.9699,0,0,0,0,0,0,0,0.05875792,0.005491417,0
45,244,51.048,546.1323789,34546.30936,0,0,0,0,0,0,0,0,0,0,0,0,0.05875792,0.005491417,0
45,244,51.048,546.1323789,34546.30936,0.00524,0,0,0.00524,0.010479,0,0,0,0,0,11.5818,0,0.05875792,0.005491417,0
45,244,51.048,546.1323789,34546.30936,1.8115,0,0,0.003821,0.008332,0,0,0,0,0,13.3746,0,0.05875792,0.005491417,0
45,244,51.048,546.1323789,34546.30936,4.6688,0,0,0.007102,0,0,0,0,0.011464,0,0.151728,0,0.05875792,0.005491417,0
45,244,51.048,546.1323789,34546.30936,0,0,0,0,32.03,0.99064,0,0,0,0,4.8864,0,0.05875792,0.005491417,0
45,244,51.048,546.1323789,34546.30936,0.00524,0,0.61757,0,0,0,0,0,0,0,0,0,0.05875792,0.005491417,0
45,244,51.048,546.1323789,34546.30936,0.73427,0,0,0,0,0,0,0,0,0,0,0,0.05875792,0.005491417,0
45,244,51.048,546.1323789,34546.30936,0.013404,0,0,0,0,0,0,0,0,0,0.151728,0,0.05875792,0.005491417,0
45,244,51.048,546.1323789,34546.30936,7.9005,0,0,0,0,0,0,0,0,0,8.172,0,0.05875792,0.005491417,0
45,244,51.048,546.1323789,34546.30936,0.39529,0,0,0,3.5225,0,0,0,0,0,36.924,0,0.05875792,0.005491417,0
45,244,51.048,546.1323789,34546.30936,0,0,0,0,5.4878,13.442,0,0,0,0,0.151728,0,0.05875792,0.005491417,0
45,244,51.048,546.1323789,34546.30936,0,0,0,0.0021738,0.0072705,0,0,0,0,0,0.151728,0,0.05875792,0.005491417,0
45,244,51.048,546.1323789,34546.30936,0.008333,0,8.1304,0,0,0,0,0,0,0,1.65174,0,0.05875792,0.005491417,0
45,244,51.048,546.1323789,34546.30936,0.005372,0,0,0,0,0,0,0,0,0,2.06073,0,0.05875792,0.005491417,0
45,244,51.048,546.1323789,34546.30936,0,0,0,0,0,0,0,0,30.476,0,0.151728,0,0.05875792,0.005491417,0
45,244,51.048,546.1323789,34546.30936,10.582,0,0,0.37666,0,0,0,0,0,0,0.151728,0,0.05875792,0.005491417,0
45,244,51.048,546.1323789,34546.30936,0.011297,0,0,47.493,0.26036,0,0,0,0,0,0,0,0.05875792,0.005491417,0
45,244,51.048,546.1323789,34546.30936,0.008333,0,0,223.54,0,0,0,0,0,0,0,0,0.05875792,0.005491417,0
45,244,51.048,546.1323789,34546.30936,0,0,0,0,0,0,0,0,0,0,0.151728,0,0.05875792,0.005491417,0
45,244,51.048,546.1323789,34546.30936,0,0,0,11.552,0,0,0.60778,0,0,0,0.151728,0,0.05875792,0.005491417,0
45,244,51.048,546.1323789,34546.30936,0.000251,0,0,0.007328,0,0,0,0,0,0,149.193,0,0.05875792,0.005491417,0
45,244,51.048,546.1323789,34546.30936,0.00524,0,0,8.5618,4.2931,0,0,0,0,0,6.105,0,0.05875792,0.005491417,0
45,244,51.048,546.1323789,34546.30936,0.008333,0,0,0,56.549,0,0,0,0,0,0.151728,0,0.05875792,0.005491417,0
45,244,51.048,546.1323789,34546.30936,49.011,0,0,0,0,0,0.40452,0,0,0,0.90174,0,0.05875792,0.005491417,0
45,244,51.048,546.1323789,34546.30936,0,0,0,0.021906,10.721,0,0,0,0,0,0.279489,0,0.05875792,0.005491417,0
45,244,51.048,546.1323789,34546.30936,0,0,9.8554,0,0,0,0.002308,0,0,0,9.8421,0,0.05875792,0.005491417,0
45,244,51.048,546.1323789,34546.30936,0,0,0,0,0,0,0,0,0,0,0,0,0.05875792,0.005491417,0
45,244,51.048,546.1323789,34546.30936,0,0,0,0,14.569,0,0,0,0,0,7.1259,0,0.05875792,0.005491417,0
45,244,51.048,546.1323789,34546.30936,0.020885,0,0,0,0,0,0,0,0,0,0,0,0.05875792,0.005491417,0
45,244,51.048,546.1323789,34546.30936,0.00824,0,0,0,0,0,0,0,0,0,0,0,0.05875792,0.005491417,0
45,244,51.048,546.1323789,34546.30936,0.013012,0,0,0,0,0,0,0,0,0,0.151728,0,0.05875792,0.005491417,0
45,244,51.048,546.1323789,34546.30936,0.001493,0,0,0.008333,0,0,0,0,0,0,0.151728,0,0.05875792,0.005491417,0
45,244,51.048,546.1323789,34546.30936,4.4514,0,0,1.231,0.008333,0,0,0,0,0,151.038,0,0.05875792,0.005491417,0
45,244,51.048,546.1323789,34546.30936,1.366,0,0,0,0,0.30776,0,0,0,0,0.151728,0,0.05875792,0.005491417,0
45,244,51.048,546.1323789,34546.30936,3.7455,0,0,0.008333,0,0,0,0,0,0,0.151728,0,0.05875792,0.005491417,0
45,244,51.048,546.1323789,34546.30936,0.46343,0,0,0,0,0,0,0,0,0,17.1858,0,0.05875792,0.005491417,0
45,244,51.048,546.1323789,34546.30936,55.389,0,0,0,0.081175,0,0,0,0,0,0.151728,0,0.05875792,0.005491417,0
45,244,51.048,546.1323789,34546.30936,0.00021,0,0,0,0,0,0,0,0,0,7.6818,0,0.05875792,0.005491417,0
45,244,51.048,546.1323789,34546.30936,0.050392,0,0,31.038,0.73688,0,0,0,0,0,0.273324,0,0.05875792,0.005491417,0
45,244,51.048,546.1323789,34546.30936,0.46343,0,0.002031,0.011527,1.0171,0,0,0,0,0,1.26477,0,0.05875792,0.005491417,0
45,244,51.048,546.1323789,34546.30936,0,0,0,0,0.005239,0,0,0,0,0,30.123,0,0.05875792,0.005491417,0
45,244,51.048,546.1323789,34546.30936,0,0,0,3.5574,0,0,0,0,0,0,14.4507,0,0.05875792,0.005491417,0
45,244,51.048,546.1323789,34546.30936,0,0,0,0,0,0,124.31,0,0,0,17.1858,0,0.05875792,0.005491417,0
45,244,51.048,546.1323789,34546.30936,19.622,0,0,0,0,0,0,0,0,0,0.84174,0,0.05875792,0.005491417,0
45,244,51.048,546.1323789,34546.30936,0,0,0,0,0,0,0,0,0,0,0,0,0.05875792,0.005491417,0
45,244,51.048,546.1323789,34546.30936,0,0,0,0,3.2048,0,0,0,0,0,0.151728,0,0.05875792,0.005491417,0
45,244,51.048,546.1323789,34546.30936,0.003295,0,0,0,0,0,0,0,0,0,0,0,0.05875792,0.005491417,0
45,244,51.048,546.1323789,34546.30936,0,0,0,0,0,0,14.079,0,0,0,0.151728,0,0.05875792,0.005491417,0
45,244,51.048,546.1323789,34546.30936,0.008335,0,0,0,0,0,0,0,0,0,3.3018,0,0.05875792,0.005491417,0
45,244,51.048,546.1323789,34546.30936,49.011,0,0,0,1.5895,0,0,0,0,0,4.8687,0,0.05875792,0.005491417,0
45,244,51.048,546.1323789,34546.30936,4.9504,0,0,0.008333,3.8185,0,0,0,0,0,4.1943,0,0.05875792,0.005491417,0
45,244,51.048,546.1323789,34546.30936,0.005239,0,0,0,0,0,0,0,0,0,0,0,0.05875792,0.005491417,0
45,244,51.048,546.1323789,34546.30936,0.008333,0,0.24323,0,0,0,0,0,0,0,0,0,0.05875792,0.005491417,0
45,244,51.048,546.1323789,34546.30936,18.306,0,12.423,0.000172,4.2216,2.4302,0,0,0,0,0.286419,0,0.05875792,0.005491417,0
45,244,51.048,546.1323789,34546.30936,0,0,0,25.355,0,0.78188,0,0,0,0,0.30174,0,0.05875792,0.005491417,0
45,244,51.048,546.1323789,34546.30936,0.023705,0,0,0.008333,1.0363,0,0,0,0,0,0,0,0.05875792,0.005491417,0
45,244,51.048,546.1323789,34546.30936,0.005769,0,0,0.008333,0,0,0.10863,0,0,0,0.151728,0,0.05875792,0.005491417,0
45,244,51.048,546.1323789,34546.30936,0.013476,0,0.005248,0,15.439,0,0,0,0,0,121.068,0,0.05875792,0.005491417,0
45,244,51.048,546.1323789,34546.30936,0,0,0,0,0.2943,0,0,0,0,0,8.9718,0,0.05875792,0.005491417,0
45,244,51.048,546.1323789,34546.30936,0.011479,0,0,2.9167,0,0,0,0,0,0,0.151728,0,0.05875792,0.005491417,0
45,244,51.048,546.1323789,34546.30936,0.0019345,0,0,0,12.686,0,0,0,0.096447,0,0.151728,0,0.05875792,0.005491417,0
45,244,51.048,546.1323789,34546.30936,28.979,0,0,0.42984,0,0,0,0,0,0,5.1444,0,0.05875792,0.005491417,0
45,244,51.048,546.1323789,34546.30936,0,0,0,0,0.008333,0,0,0,0,0,1.42239,0,0.05875792,0.005491417,0
45,244,51.048,546.1323789,34546.30936,0.10284,0,0,0.37666,0,0,0,0,0,0,0,0,0.05875792,0.005491417,0
45,244,51.048,546.1323789,34546.30936,0.002139,0,0,0.53462,0.008333,0,0,0,0,0,0.293307,0,0.05875792,0.005491417,0
45,244,51.048,546.1323789,34546.30936,0,0,0,0.0067015,0.001434,0,0,0,0,0,6.1116,0,0.05875792,0.005491417,0
45,244,51.048,546.1323789,34546.30936,0.008335,0,0,0,0,0.79321,0,0,0,0,0.151728,0,0.05875792,0.005491417,0
45,244,51.048,546.1323789,34546.30936,0.12797,0,0,0,0,0,0,0,0,0,0,0,0.05875792,0.005491417,0
45,244,51.048,546.1323789,34546.30936,0,0,0,0,7.0738,0,0,0,0,0,0.151728,0,0.05875792,0.005491417,0
45,244,51.048,546.1323789,34546.30936,6.8272,0,0,0,0,0,0,0,0,0,0.151728,0,0.05875792,0.005491417,0
45,244,51.048,546.1323789,34546.30936,0,0,0,0,0.005239,0,0,0,0,0,0,0,0.05875792,0.005491417,0
45,244,51.048,546.1323789,34546.30936,0,0,0,0,1.1676,0,0.008333,0,0,0,0.151728,0,0.05875792,0.005491417,0
45,244,51.048,546.1323789,34546.30936,0.20881,0,0,0.82457,0,0.77921,19.544,0,0,0,0,0,0.05875792,0.005491417,0
45,244,51.048,546.1323789,34546.30936,0,0,0,0.80704,0,0,6.9551,0,0,0,0,0,0.05875792,0.005491417,0
45,244,51.048,546.1323789,34546.30936,0.001326,0,0,0.15605,0.0088426,0,0,0,0,0,0.273366,0,0.05875792,0.005491417,0
45,244,51.048,546.1323789,34546.30936,0.013573,0,0,0,0.68315,0,0,0,0,0,3.4872,0,0.05875792,0.005491417,0
45,244,51.048,546.1323789,34546.30936,0,0,0,0,0.030662,0,0,0,0,0,0,0,0.05875792,0.005491417,0
45,244,51.048,546.1323789,34546.30936,0.28712,0,0,0,0,0,0,0,0,0,1.52439,0,0.05875792,0.005491417,0
46,245,6.224,1123.454287,71065.5527,0.00524,0,0,0,0.008335,0,0,0,0,0,0.151728,2.626534064,0.101739081,0.009508364,0
46,245,6.224,1123.454287,71065.5527,3.5699,0,0,31.038,0,0,0,0,0,0,0.268926,6.438851272,0.101739081,0.009508364,0
46,245,6.224,1123.454287,71065.5527,2.2987,0,0,0.75591,0,0,0,0,0,0,15.0018,3.27635624,0.101739081,0.009508364,0
46,245,6.224,1123.454287,71065.5527,0,0,0,0.005239,0,0,0,0,0,0,21.2118,3.370698383,0.101739081,0.009508364,0
46,245,6.224,1123.454287,71065.5527,3.3665,0,0,4.7036,0,0,0,0,0,0,0.151728,1.926287639,0.101739081,0.009508364,0
46,245,6.224,1123.454287,71065.5527,0.0088426,0,0,0,0,0,0,0,0,0,14.8218,19.16080795,0.101739081,0.009508364,0
46,245,6.224,1123.454287,71065.5527,0.061886,0,0,0,0,0,0,0,0,0,0,4.862686845,0.101739081,0.009508364,0
46,245,6.224,1123.454287,71065.5527,0,0,0,0.008333,0.011131,0,0,0,0,0,3.4926,1.912461635,0.101739081,0.009508364,0
46,245,6.224,1123.454287,71065.5527,0,0,0,244.5,0,25.566,0,0,0,0,0,1.753869239,0.101739081,0.009508364,0
46,245,6.224,1123.454287,71065.5527,0.023222,0,0,0,0.008333,0,0,0,0,0,0.151728,6.438851272,0.101739081,0.009508364,0
46,245,6.224,1123.454287,71065.5527,0.00524,0,0,0,0,0,24.831,0,0,0,14.5008,8.563989377,0.101739081,0.009508364,0
46,245,6.224,1123.454287,71065.5527,36.945,0,0,9.5845,0,0,0,0,0,0,0,3.294248715,0.101739081,0.009508364,0
46,245,6.224,1123.454287,71065.5527,0,0,23.302,0,0,0,0,0,0,0,0,0.496109546,0.101739081,0.009508364,0
46,245,6.224,1123.454287,71065.5527,0.55531,0,0,0.030631,0,0.77904,0,0,0,0,4.1568,0.506275725,0.101739081,0.009508364,0
46,245,6.224,1123.454287,71065.5527,0,0,0,0,0.14829,0,0,0,0,0,0,2.473634728,0.101739081,0.009508364,0
46,245,6.224,1123.454287,71065.5527,0,0,0,2.6593,0,0,0,0,0,0,0.151728,3.50611189,0.101739081,0.009508364,0
46,245,6.224,1123.454287,71065.5527,47.536,0,0,0,0,0,0,0,0,0,0,2.626534064,0.101739081,0.009508364,0
46,245,6.224,1123.454287,71065.5527,0,0,0,0,0.0067709,0,0,0,9.3306,0,0.151728,3.27635624,0.101739081,0.009508364,0
46,245,6.224,1123.454287,71065.5527,0.008333,0,0,0,0,0,0,0,0,0,0.151728,0.496109546,0.101739081,0.009508364,0
46,245,6.224,1123.454287,71065.5527,0.001669,0,0,1.7274,0.013973,0,0,0,0,0,3.4635,3.27635624,0.101739081,0.009508364,0
46,245,6.224,1123.454287,71065.5527,0.01332,0,0,0.0084875,0.007102,0,0,0,0,0,8.3718,4.286874454,0.101739081,0.009508364,0
46,245,6.224,1123.454287,71065.5527,0,0,0,0,0.3855,0,0,0,0,0,0.87174,4.748825638,0.101739081,0.009508364,0
46,245,6.224,1123.454287,71065.5527,0.009056,0,0,0,12.308,0,0,0,0,0,87.522,1.600969904,0.101739081,0.009508364,0
46,245,6.224,1123.454287,71065.5527,0.00644,0,0,0,0,0,0,0,0,0,1.31526,3.370698383,0.101739081,0.009508364,0
46,245,6.224,1123.454287,71065.5527,0.008333,0,0,0,30.954,0,0,0,0,0,0.151728,0.677067536,0.101739081,0.009508364,0
46,245,6.224,1123.454287,71065.5527,0,0,0,0.0093259,0,0.026145,0,0,0,0,0.151728,0.403800639,0.101739081,0.009508364,0
46,245,6.224,1123.454287,71065.5527,0.1613,0,857.63,0,0,0,0,0,0,0,0,62.76023949,0.101739081,0.009508364,0
46,245,6.224,1123.454287,71065.5527,0.026827,0,0,0.000739,0,0,0,0,0,0,0.151728,0.533114438,0.101739081,0.009508364,0
46,245,6.224,1123.454287,71065.5527,1.1189,0,0,0,10.115,0,0,0,0,0,0,126.2789109,0.101739081,0.009508364,0
46,245,6.224,1123.454287,71065.5527,0.008333,0,0,0,0,0,0,0,0,0,0.72174,1.629841853,0.101739081,0.009508364,0
46,245,6.224,1123.454287,71065.5527,0,0,0,0.11621,30.954,0,0,0,0,0,2.96682,1.912461635,0.101739081,0.009508364,0
46,245,6.224,1123.454287,71065.5527,0,0,0,0.031407,0.64611,0,110.33,0,0,0,27.6384,3.539348854,0.101739081,0.009508364,0
46,245,6.224,1123.454287,71065.5527,0,0,0,0,0.13896,0,0,0,0,0,10.6818,19.16080795,0.101739081,0.009508364,0
46,245,6.224,1123.454287,71065.5527,0.008333,0,0,1.3632,0.24663,0,0,0,0,0,3.6159,10.8444667,0.101739081,0.009508364,0
46,245,6.224,1123.454287,71065.5527,0,0,0,3.0263,0,0,0,0,0,0,0,1.753869239,0.101739081,0.009508364,0
46,245,6.224,1123.454287,71065.5527,1.0344,0,0,0.2491,0,0,0,0,0,0,0.151728,14.97902997,0.101739081,0.009508364,0
46,245,6.224,1123.454287,71065.5527,0,0,0,0,0.010122,0.77921,0,0,0,0,10.3692,0.308645201,0.101739081,0.009508364,0
46,245,6.224,1123.454287,71065.5527,0.008333,0,0,0,211.21,0.95676,0,0,0,0,0.37014,2.473634728,0.101739081,0.009508364,0
46,245,6.224,1123.454287,71065.5527,0.00644,0,0,0,0.03958,0,0,0,0,0,4.5198,8.643285575,0.101739081,0.009508364,0
46,245,6.224,1123.454287,71065.5527,0.007221,0,0,0,0.002741,0,0,0,0,0,0,0.496109546,0.101739081,0.009508364,0
46,245,6.224,1123.454287,71065.5527,0,0,0,0,0,0,0,0,0,0,0,3.27635624,0.101739081,0.009508364,0
46,245,6.224,1123.454287,71065.5527,19.622,0,0,46.554,0.65463,0,0,0,0,0,0,0.403800639,0.101739081,0.009508364,0
46,245,6.224,1123.454287,71065.5527,0.93731,0,0,0,2.1125,0,1.7925,0,0,0,95.283,13.20935554,0.101739081,0.009508364,0
46,245,6.224,1123.454287,71065.5527,0.008333,0,0,0.000063,0.008333,0,0,0,0,0,0.151728,0.403800639,0.101739081,0.009508364,0
46,245,6.224,1123.454287,71065.5527,0,0,0,0,1.3821,0,0.13028,0,0,0,2.64756,19.16080795,0.101739081,0.009508364,0
46,245,6.224,1123.454287,71065.5527,0,0,0,0,0.88295,0,0,0,0,0,8.3718,0.51278208,0.101739081,0.009508364,0
46,245,6.224,1123.454287,71065.5527,0,0,0,0.011201,16,0,0,0,0,0,0.151728,3.50611189,0.101739081,0.009508364,0
46,245,6.224,1123.454287,71065.5527,14.661,0,0,0,0.0041885,0,0.13028,0,0,0,0,107.1285055,0.101739081,0.009508364,0
46,245,6.224,1123.454287,71065.5527,0.014662,0,0,0.001436,0,0,0,0,0,0,0.151728,0.533114438,0.101739081,0.009508364,0
46,245,6.224,1123.454287,71065.5527,0.000081,0,0,0,0.01359,0,0,0,0,0,0,3.37110503,0.101739081,0.009508364,0
46,245,6.224,1123.454287,71065.5527,0.00524,0,0,0,0,0.90378,0,0,0,0,0,6.438851272,0.101739081,0.009508364,0
46,245,6.224,1123.454287,71065.5527,46.878,0,0,4.3441,0,0,0,0,0,0,0.68376,1.611949377,0.101739081,0.009508364,0
46,245,6.224,1123.454287,71065.5527,0,0,0,0,0,0,0,0,0,0,3.6918,2.473634728,0.101739081,0.009508364,0
46,245,6.224,1123.454287,71065.5527,0.00524,0,0,0.27226,17.934,0,0.75031,0,0,0,0.151728,5.924849251,0.101739081,0.009508364,0
46,245,6.224,1123.454287,71065.5527,0.87352,0,0,0.008333,0,0,0,0,0,0,1.86174,3.66575417,0.101739081,0.009508364,0
46,245,6.224,1123.454287,71065.5527,0,0,0,0,0,0,0,0,0,0,0.151728,62.76023949,0.101739081,0.009508364,0
46,245,6.224,1123.454287,71065.5527,0.063798,0,0,0,0,0,0,0,0,0,14.8218,4.286874454,0.101739081,0.009508364,0
46,245,6.224,1123.454287,71065.5527,0,0,0,0,0,0,0,0,0,0,0,1.788434249,0.101739081,0.009508364,0
46,245,6.224,1123.454287,71065.5527,0,0,0,0.016337,0.13896,0,0,0,0,0,7.8318,459.9889457,0.101739081,0.009508364,0
46,245,6.224,1123.454287,71065.5527,0,0,0,0.008336,0,0,0,0,0,0,2.34429,20.03672595,0.101739081,0.009508364,0
46,245,6.224,1123.454287,71065.5527,0,0,0,0,0,0,0,0,0,0,1.41975,5.924849251,0.101739081,0.009508364,0
46,245,6.224,1123.454287,71065.5527,0.00524,0,0,21.886,0.00524,0,0.13028,0,0,0,47.328,1.480602342,0.101739081,0.009508364,0
46,245,6.224,1123.454287,71065.5527,0,0,0,0.003821,0,0.000668,8.1826,0,0,0,0,1.926287639,0.101739081,0.009508364,0
46,245,6.224,1123.454287,71065.5527,0,0,0,0.008333,0,0,24.186,0,0,0,0.151728,0.677067536,0.101739081,0.009508364,0
46,245,6.224,1123.454287,71065.5527,0,0,0,0.014206,0,0,0.002308,0,0,0,0.151728,20.03672595,0.101739081,0.009508364,0
46,245,6.224,1123.454287,71065.5527,0,0,0,0,0,0,0,0,0,0,1.64742,8.643285575,0.101739081,0.009508364,0
46,245,6.224,1123.454287,71065.5527,0,0,0,0.008333,0,0.78445,0,0,0,0,2.23266,8.563989377,0.101739081,0.009508364,0
46,245,6.224,1123.454287,71065.5527,9.9965,0,0,0,0,0,0,0,0,0,11.5818,8.563989377,0.101739081,0.009508364,0
46,245,6.224,1123.454287,71065.5527,0.50457,0,0,0,0,0,0,0,0,0,0.151728,2.550491043,0.101739081,0.009508364,0
46,245,6.224,1123.454287,71065.5527,0,0,0,0,5.7523,0,13.556,0,0,0,0.151728,5.924849251,0.101739081,0.009508364,0
46,245,6.224,1123.454287,71065.5527,0,0,0,1.4153,0,0.89381,0,7.7991,0,0,2.52933,0.533114438,0.101739081,0.009508364,0
46,245,6.224,1123.454287,71065.5527,1.0831,0,0.99914,0,1.0784,0.77921,0,0,0,0,0.151728,8.643285575,0.101739081,0.009508364,0
46,245,6.224,1123.454287,71065.5527,0,0,0,0,0,0,0.13028,0,0,0,0.72228,9.094257285,0.101739081,0.009508364,0
46,245,6.224,1123.454287,71065.5527,0.22208,0,0,0.003346,0,0,0,0,0,0,0.151728,0.51278208,0.101739081,0.009508364,0
46,245,6.224,1123.454287,71065.5527,0,0,0,0.0014795,0.008333,0,0,0,0,0,0,4.791523591,0.101739081,0.009508364,0
46,245,6.224,1123.454287,71065.5527,9.9965,0,0,0,0,0,0,0,0,0,0,0.533114438,0.101739081,0.009508364,0
46,245,6.224,1123.454287,71065.5527,0,0,0,0.008335,0,0,0,0,0,0,0.151728,0.403800639,0.101739081,0.009508364,0
46,245,6.224,1123.454287,71065.5527,0.029004,0,0,0.13825,0,0.77904,0,0,0,0,73.296,4.748825638,0.101739081,0.009508364,0
46,245,6.224,1123.454287,71065.5527,2.2987,0,0,0,0.008333,0,0.10863,0,0,0,2.13174,4.286874454,0.101739081,0.009508364,0
46,245,6.224,1123.454287,71065.5527,0.007221,0,0,0.044269,0,0,0,0,0,0,0,0.403800639,0.101739081,0.009508364,0
46,245,6.224,1123.454287,71065.5527,1.6091,0,0,0.002031,0,0,0,0,0,0,0.151728,62.76023949,0.101739081,0.009508364,0
46,245,6.224,1123.454287,71065.5527,11.344,0,0,0,0.00524,0,0,0,0,0,0.151728,1.480602342,0.101739081,0.009508364,0
46,245,6.224,1123.454287,71065.5527,0.001267,0,0,0.00524,0,0,0,0,0,0,1.17966,4.862686845,0.101739081,0.009508364,0
46,245,6.224,1123.454287,71065.5527,0.008333,0,0,0,0.0072705,0,0,0,0,0,0,17.06991896,0.101739081,0.009508364,0
46,245,6.224,1123.454287,71065.5527,0.00021,0,0,0,0,0,0,0,0,0,0,3.370698383,0.101739081,0.009508364,0
46,245,6.224,1123.454287,71065.5527,0.18244,0,0,1.1831,1.5895,0,0,0,0,0,0.151728,1.912461635,0.101739081,0.009508364,0
46,245,6.224,1123.454287,71065.5527,0,0,0,0,0.001478,0,0,0,0,0,3.9018,7.432290306,0.101739081,0.009508364,0
46,245,6.224,1123.454287,71065.5527,0.017603,0,0,0,0,0,0,0,0,0,16.3047,57.83043216,0.101739081,0.009508364,0
46,245,6.224,1123.454287,71065.5527,0.000376,0,0,0.000688,50.346,0,0,0,0,0,7.4118,1.629841853,0.101739081,0.009508364,0
46,245,6.224,1123.454287,71065.5527,0,0,0,0,0,0,0,0,0,0,0.151728,5.751441887,0.101739081,0.009508364,0
46,245,6.224,1123.454287,71065.5527,14.875,0,0,0,0,0,0,0,0,0,7.431,0.496109546,0.101739081,0.009508364,0
46,245,6.224,1123.454287,71065.5527,0,0,0,0,0,0,23.902,0,0,0,7.4118,1.953939646,0.101739081,0.009508364,0
46,245,6.224,1123.454287,71065.5527,0,0,0,0,0,4.4694,0,0,0,0,0,3.50611189,0.101739081,0.009508364,0
46,245,6.224,1123.454287,71065.5527,0,0,0,0,0,0.006508,0,0,0,0,8.7318,1.788434249,0.101739081,0.009508364,0
46,245,6.224,1123.454287,71065.5527,4.8879,0,0,0.012904,0.007221,0,0.67845,0,0,0,11.6058,0.496109546,0.101739081,0.009508364,0
46,245,6.224,1123.454287,71065.5527,0.008333,0,0,0,0,0,0,0,0,0,3.6918,57.83043216,0.101739081,0.009508364,0
46,245,6.224,1123.454287,71065.5527,7.8157,0,0,0,0.0088426,0,0,0,0,0,0.99864,0.090682319,0.101739081,0.009508364,0
46,245,6.224,1123.454287,71065.5527,0,0,0,0,0.001192,0.13286,0,0,0,0,0,1.611949377,0.101739081,0.009508364,0
46,245,6.224,1123.454287,71065.5527,0.005239,0,0,0,2.5837,0,0,0,0,0,0,8.643285575,0.101739081,0.009508364,0
46,245,6.224,1123.454287,71065.5527,0.00524,0,0,0.14395,0,0,0,0,0,0,1.86174,4.044970118,0.101739081,0.009508364,0
46,245,6.224,1123.454287,71065.5527,21.786,0,0,0,0,0.79321,0,0,0,0,0.151728,8.563989377,0.101739081,0.009508364,0
46,245,6.224,1123.454287,71065.5527,50.278,0,0,0,0,0,0,0,0,0,0,6.85281809,0.101739081,0.009508364,0
46,245,6.224,1123.454287,71065.5527,0.001434,0,0,0.011527,0.36581,0,0,0,0,0,0,6.509873784,0.101739081,0.009508364,0
46,245,6.224,1123.454287,71065.5527,3.9799,0,0,0,0.008333,0.77921,0,0,0,0,0,0.757177028,0.101739081,0.009508364,0
46,245,6.224,1123.454287,71065.5527,0.008333,0,0,0,0,0.77806,0,0,0,0,27.5562,1.753869239,0.101739081,0.009508364,0
46,245,6.224,1123.454287,71065.5527,0.005239,0,0,0,0.014178,0,0,0,0,0,0.276939,1.926287639,0.101739081,0.009508364,0
46,245,6.224,1123.454287,71065.5527,0.000688,0,0,0.53462,0,0,0.10863,0,0,0,3.9018,7.61406159,0.101739081,0.009508364,0
46,245,6.224,1123.454287,71065.5527,0.061886,0,0.000376,0.00524,0,0,0,0,0,0,11.6058,62.76023949,0.101739081,0.009508364,0
46,245,6.224,1123.454287,71065.5527,53.36,0,0,0,0,0,0,0,0,0,0,5.924849251,0.101739081,0.009508364,0
46,245,6.224,1123.454287,71065.5527,0,0,0,0,0,0,0,0,0,0,0.151728,4.862686845,0.101739081,0.009508364,0
46,245,6.224,1123.454287,71065.5527,0,0,0,0.42984,0.002139,0,0,0,0,0,0.151728,1.753869239,0.101739081,0.009508364,0
46,245,6.224,1123.454287,71065.5527,1.6744,0,0,0,62.065,0,0,0,0,0,3.0075,1.788434249,0.101739081,0.009508364,0
46,245,6.224,1123.454287,71065.5527,0,0,0,0.051994,0,0,0,0,0,0,0.211728,20.03672595,0.101739081,0.009508364,0
46,245,6.224,1123.454287,71065.5527,0.001267,0,0.35972,0,0.008333,0,0,0,0,0,65.781,0.51278208,0.101739081,0.009508364,0
46,245,6.224,1123.454287,71065.5527,0,0,0,12.981,0,0,0,0,0,0,0,544.8701155,0.101739081,0.009508364,0
46,245,6.224,1123.454287,71065.5527,0,0,0,0,0,0,67.986,0,0,0,2.28174,4.791523591,0.101739081,0.009508364,0
46,245,6.224,1123.454287,71065.5527,14.115,0,0,0.000063,1.2446,0,0,0,0,0,0.151728,62.76023949,0.101739081,0.009508364,0
46,245,6.224,1123.454287,71065.5527,0,0,0,0,70.761,0,0,0,0,0,4.4403,2.473634728,0.101739081,0.009508364,0
46,245,6.224,1123.454287,71065.5527,2.2987,0,0,0,0,0,0,0,0,0,8.9718,1.740043236,0.101739081,0.009508364,0
46,245,6.224,1123.454287,71065.5527,0,0,0,0,0.007148,0,0,0,0,0,1.62048,0.533114438,0.101739081,0.009508364,0
46,245,6.224,1123.454287,71065.5527,1.4804,0,0.002031,0,0,0,0,0,0,0,44.763,1.953939646,0.101739081,0.009508364,0
46,245,6.224,1123.454287,71065.5527,0.41786,0,0,0.26453,0,0,0,0,0,0,0.151728,1.740043236,0.101739081,0.009508364,0
46,245,6.224,1123.454287,71065.5527,0,0,1.9944,0.008333,0,0,0,0,0,0,0,3.933904712,0.101739081,0.009508364,0
46,245,6.224,1123.454287,71065.5527,0.00524,0,0,0,0,0,0,0,0,0,0.151728,1.740043236,0.101739081,0.009508364,0
46,245,6.224,1123.454287,71065.5527,1.2774,0,0,0.002084,0,0,0.42744,0,0,0,0,0.090682319,0.101739081,0.009508364,0
46,245,6.224,1123.454287,71065.5527,0.001493,0,0,1.1174,0.008333,0,0,0,0,0,0,4.862686845,0.101739081,0.009508364,0
46,245,6.224,1123.454287,71065.5527,0,0,0,0.84472,0.0064809,0,0.13028,0,0,0,0.151728,0.163878809,0.101739081,0.009508364,0
46,245,6.224,1123.454287,71065.5527,0.012568,0,0.017841,0,2.8291,0,0.059897,0,0,0,0.151728,1.082901411,0.101739081,0.009508364,0
46,245,6.224,1123.454287,71065.5527,0.000688,0,0,0,0,0,0,0,0,0,7.2168,0.677067536,0.101739081,0.009508364,0
46,245,6.224,1123.454287,71065.5527,0.030048,0,0.0063895,3.1662,0.00524,0,0,0,0,0,6.2754,57.83043216,0.101739081,0.009508364,0
46,245,6.224,1123.454287,71065.5527,0.0059398,0,0,0,30.954,0,0,0,0,0,3.1572,0.51278208,0.101739081,0.009508364,0
46,245,6.224,1123.454287,71065.5527,0,0,0,20.04,0,0,0.10863,0,0,0,14.4696,8.563989377,0.101739081,0.009508364,0
46,245,6.224,1123.454287,71065.5527,3.0116,0,0,0,2.7524,0,0,0,0,0,10.2414,20.03672595,0.101739081,0.009508364,0
46,245,6.224,1123.454287,71065.5527,0.075337,0,0,0.000739,0.008333,0,11.179,0,0,0,0.151728,1.788434249,0.101739081,0.009508364,0
46,245,6.224,1123.454287,71065.5527,0,0,0,0.073717,0,0,0,0,0,0,0,3.37110503,0.101739081,0.009508364,0
46,245,6.224,1123.454287,71065.5527,0.13074,0,0,0,0,0,0,0,0,0,0,0.757177028,0.101739081,0.009508364,0
46,245,6.224,1123.454287,71065.5527,0.062652,0,0,0,0,0,0,0,0,0,0.36594,2.473634728,0.101739081,0.009508364,0
46,245,6.224,1123.454287,71065.5527,0,0,0,0,0,0,0,0,0,0,4.4358,4.862686845,0.101739081,0.009508364,0
46,245,6.224,1123.454287,71065.5527,5.5802,0,0,0.000739,0.11608,0,0,0,0,0,4.8864,5.721119019,0.101739081,0.009508364,0
46,245,6.224,1123.454287,71065.5527,0,0,0,7.7379,0,0,0,0,0,0,0.151728,8.563989377,0.101739081,0.009508364,0
46,245,6.224,1123.454287,71065.5527,0.000124,0,0,0.9504,0.11608,0,0,0,0.001669,0,0,3.294248715,0.101739081,0.009508364,0
46,245,6.224,1123.454287,71065.5527,0.00524,0,0,0.0055291,0,0.79321,0.13028,0,0,0,78.063,3.27635624,0.101739081,0.009508364,0
46,245,6.224,1123.454287,71065.5527,0,0,0,0,0,0,0,0,0,0,0.151728,1.912461635,0.101739081,0.009508364,0
46,245,6.224,1123.454287,71065.5527,0.008333,0,0,0,0,0,0,0,0,0,0,81.9106449,0.101739081,0.009508364,0
46,245,6.224,1123.454287,71065.5527,0.030048,0,0,0,0.0084565,0,0,0,0,0,0,0.308645201,0.101739081,0.009508364,0
46,245,6.224,1123.454287,71065.5527,0,0,0,0,0,0,0,0,0,0,0.151728,5.721119019,0.101739081,0.009508364,0
46,245,6.224,1123.454287,71065.5527,0.007328,0,0,0,0,0,0,0,0,0,2.52933,5.924849251,0.101739081,0.009508364,0
46,245,6.224,1123.454287,71065.5527,0.047912,0,0,0,0,0,0.42744,0,0,0,30.123,2.282103912,0.101739081,0.009508364,0
46,245,6.224,1123.454287,71065.5527,0.7554,0,0,0,0,0,0,0,0,0,0.280587,1.926287639,0.101739081,0.009508364,0
46,245,6.224,1123.454287,71065.5527,0,0,0,0,0.090777,0,0,0,0,0,1.88184,0.51278208,0.101739081,0.009508364,0
46,245,6.224,1123.454287,71065.5527,0.0064565,0,0,0.008333,0,0,0,0.02831,0,0,0.285792,0.496109546,0.101739081,0.009508364,0
46,245,6.224,1123.454287,71065.5527,0,0,0,0,0,0,0,0,0,0,10.3692,20.03672595,0.101739081,0.009508364,0
46,245,6.224,1123.454287,71065.5527,0,0,0,0,1.5099,0,0,0,0,0,0,0.677067536,0.101739081,0.009508364,0
46,245,6.224,1123.454287,71065.5527,0,0,0,0,0.000124,0,0,0,0,0,0.151728,8.563989377,0.101739081,0.009508364,0
46,245,6.224,1123.454287,71065.5527,0,0,0,0.016837,0,0,0,0,0,0,0.73911,2.473634728,0.101739081,0.009508364,0
46,245,6.224,1123.454287,71065.5527,0.024955,0,0,0,6.78,0,0,0,0,0,0,83.74352198,0.101739081,0.009508364,0
46,245,6.224,1123.454287,71065.5527,0.001326,0,0,0,0.008333,78.459,0,0,0,0,0,2.742428507,0.101739081,0.009508364,0
46,245,6.224,1123.454287,71065.5527,3.2038,0,0,0,0.01359,12.816,0,0,0,0,58.353,459.9889457,0.101739081,0.009508364,0
46,245,6.224,1123.454287,71065.5527,0.008004,0,0,0,0,0,0,0,0,0,0,1.926287639,0.101739081,0.009508364,0
46,245,6.224,1123.454287,71065.5527,0.008335,0,0,0,0,0,0,0,0,0,0,0.090682319,0.101739081,0.009508364,0
46,245,6.224,1123.454287,71065.5527,0,0,0,0,0,0,0,0,0,0,0.151728,0.506275725,0.101739081,0.009508364,0
46,245,6.224,1123.454287,71065.5527,0.008333,0,0,0,0,0,0,0,0,0,0.27432,3.539348854,0.101739081,0.009508364,0
46,245,6.224,1123.454287,71065.5527,3.4031,0,0,0.86967,0.034463,0,0,0,0,0,2.3544,3.370698383,0.101739081,0.009508364,0
46,245,6.224,1123.454287,71065.5527,0.17962,0,0,0,0.37101,0,0,0,0,0,0.293307,1.458846718,0.101739081,0.009508364,0
46,245,6.224,1123.454287,71065.5527,0.071675,0,0,0.010558,0,0,0,2.9569,0,0,0.151728,0.090682319,0.101739081,0.009508364,0
46,245,6.224,1123.454287,71065.5527,0,0,0.01084,4.1106,0,0,0.13028,0,0,0,2.60853,1.912461635,0.101739081,0.009508364,0
46,245,6.224,1123.454287,71065.5527,0.005239,0,0,0,0.007102,0,0,0,0,0,8.7318,4.791523591,0.101739081,0.009508364,0
46,245,6.224,1123.454287,71065.5527,0.73427,0,0,0,0,0,0,0,0,0,0,1.480602342,0.101739081,0.009508364,0
46,245,6.224,1123.454287,71065.5527,14.875,0,0,0.00524,0,0,0,0,0.011464,0,0.151728,83.74352198,0.101739081,0.009508364,0
46,245,6.224,1123.454287,71065.5527,0.003355,0,0,0.047407,0,0,4.4928,0,0,0,34.746,10.8444667,0.101739081,0.009508364,0
46,245,6.224,1123.454287,71065.5527,0,0,0,0,0,0,0,0,0,0,0.151728,6.85281809,0.101739081,0.009508364,0
46,245,6.224,1123.454287,71065.5527,0.13903,0,0,0,0.0056,0,0,0,0,0,0.88596,1.753869239,0.101739081,0.009508364,0
46,245,6.224,1123.454287,71065.5527,0,0,0,0,0,0,0,0,0,0,0.151728,5.924849251,0.101739081,0.009508364,0
46,245,6.224,1123.454287,71065.5527,9.7427,0,0,0.011074,0,0,0,0,0,0,3.5568,19.16080795,0.101739081,0.009508364,0
46,245,6.224,1123.454287,71065.5527,0,0,0,0.18118,0.065813,0,0,0,0,0,0.151728,3.294248715,0.101739081,0.009508364,0
46,245,6.224,1123.454287,71065.5527,3.9799,0,0,0,0.002868,0,0,0,0,0,0.37014,4.286874454,0.101739081,0.009508364,0
46,245,6.224,1123.454287,71065.5527,16.603,0,0,0,0,0,130.49,0,0,0,1.85526,2.473634728,0.101739081,0.009508364,0
46,245,6.224,1123.454287,71065.5527,3.2038,0,0,0,0.008333,0,0,0,0,0,2.13174,5.751441887,0.101739081,0.009508364,0
46,245,6.224,1123.454287,71065.5527,0.008333,0,0,77.417,0.0306,0.79321,0,0,0,0,0.151728,6.85281809,0.101739081,0.009508364,0
46,245,6.224,1123.454287,71065.5527,0.0055384,0,0,0,0,0,0,0,0,0,0.151728,10.8444667,0.101739081,0.009508364,0
46,245,6.224,1123.454287,71065.5527,0.013404,0,0.008064,1.3632,0,0,0,0,0,0,0.33174,0.403800639,0.101739081,0.009508364,0
46,245,6.224,1123.454287,71065.5527,0.007353,0,0,0.00043,0,0,0,0,0,0,10.8618,1.926287639,0.101739081,0.009508364,0
46,245,6.224,1123.454287,71065.5527,0.048638,0,0,0.02647,0,0,0,0,0,0,0.151728,7.61406159,0.101739081,0.009508364,0
46,245,6.224,1123.454287,71065.5527,0.17094,0,0,0,0.32888,0,0,0,3.162,0,0.151728,7.432290306,0.101739081,0.009508364,0
46,245,6.224,1123.454287,71065.5527,0,0,0,0,0,13.442,450.61,0,0,0,8.8155,1.611949377,0.101739081,0.009508364,0
46,245,6.224,1123.454287,71065.5527,0.27066,0,0,0.15605,0.008335,0,0,0.18869,0,0,5.0757,1.953939646,0.101739081,0.009508364,0
46,245,6.224,1123.454287,71065.5527,52.722,0,0,0.84472,0,0,0,0,0,0,42.879,0.403800639,0.101739081,0.009508364,0
46,245,6.224,1123.454287,71065.5527,0,0,0,0,0,0,0,5.4346,0,0,0,4.044970118,0.101739081,0.009508364,0
46,245,6.224,1123.454287,71065.5527,0,0,0,0,0.008336,0,0,0,0,0,0,3.66575417,0.101739081,0.009508364,0
46,245,6.224,1123.454287,71065.5527,0,0,0,0,0,0,0,0,0,0,30.885,1.611949377,0.101739081,0.009508364,0
46,245,6.224,1123.454287,71065.5527,2.7267,0,0,0,0,0,0,0,0,0,0,3.370698383,0.101739081,0.009508364,0
46,245,6.224,1123.454287,71065.5527,0.00036,0,0,0,0,0,0,0,0,0,53.889,2.626534064,0.101739081,0.009508364,0
46,245,6.224,1123.454287,71065.5527,1.1984,0,0,0,0.014178,0.77921,0,0,0,0,1.03647,1.611949377,0.101739081,0.009508364,0
46,245,6.224,1123.454287,71065.5527,37.409,0,0,0,0,0,0,0,0,0,0.151728,6.438851272,0.101739081,0.009508364,0
46,245,6.224,1123.454287,71065.5527,0.008333,0,0,7.0709,0,0.79321,0,0,0,0,0.151728,1.437091095,0.101739081,0.009508364,0
46,245,6.224,1123.454287,71065.5527,0,0,0,8.0353,0,0,0,0,0,0,8.3928,4.748825638,0.101739081,0.009508364,0
46,245,6.224,1123.454287,71065.5527,0.00524,0,0,0.41548,0,0,0,0,0,0,0.151728,3.989437415,0.101739081,0.009508364,0
46,245,6.224,1123.454287,71065.5527,0.00524,0,0,3.0666,0,0,0,0,0,0,0.151728,13.58857149,0.101739081,0.009508364,0
46,245,6.224,1123.454287,71065.5527,0,0,0,0,0,0,0,0,0,0,0,0.496109546,0.101739081,0.009508364,0
46,245,6.224,1123.454287,71065.5527,0.3267,0,0,0.010105,0.01048,0,0,0,0,0,1.10577,0.403800639,0.101739081,0.009508364,0
46,245,6.224,1123.454287,71065.5527,0.014662,0,0,0,0.0078558,0,0,0,0,0,18.3318,7.432290306,0.101739081,0.009508364,0
46,245,6.224,1123.454287,71065.5527,1.8905,0,0,0,0.013573,0.00097,0,0,0,0,0,0.403800639,0.101739081,0.009508364,0
46,245,6.224,1123.454287,71065.5527,6.8104,0,0,0,1.3821,0,0,0,0,0,0,6.509873784,0.101739081,0.009508364,0
46,245,6.224,1123.454287,71065.5527,0.001669,0,0,9.5845,0,0,0,0,0,0,9.6318,7.432290306,0.101739081,0.009508364,0
46,245,6.224,1123.454287,71065.5527,0,0,0,0.00524,0,0,0,0,0,0,0.151728,5.751441887,0.101739081,0.009508364,0
46,245,6.224,1123.454287,71065.5527,0.008333,0,0,0,0.059735,0,0,0,0,0,0.151728,1.953939646,0.101739081,0.009508364,0
46,245,6.224,1123.454287,71065.5527,0,0,0,65.783,0,0,9.6768,0,11.318,0,2.28174,0.533114438,0.101739081,0.009508364,0
46,245,6.224,1123.454287,71065.5527,0,0,0,13.805,0,0,0.42744,0,0,0,0.151728,5.751441887,0.101739081,0.009508364,0
46,245,6.224,1123.454287,71065.5527,0.00524,0,0,0.00524,0.065813,0,0,0,0,0,0,7.432290306,0.101739081,0.009508364,0
46,245,6.224,1123.454287,71065.5527,0.0964,0,0,0.030631,0,0,0,0,0,0,0,1.740043236,0.101739081,0.009508364,0
46,245,6.224,1123.454287,71065.5527,0,0,0,0,0,0,0,0,0,0,0.151728,0.533114438,0.101739081,0.009508364,0
46,245,6.224,1123.454287,71065.5527,0,0,0,0.40202,1.649,0,0,0,0,0,1.41975,4.286874454,0.101739081,0.009508364,0
46,245,6.224,1123.454287,71065.5527,0.7554,0,0,0,0,0.13286,0,0,0,0,0.151728,83.74352198,0.101739081,0.009508364,0
46,245,6.224,1123.454287,71065.5527,0.022591,0,0.81848,0,0,0.79321,0,0,0,0,3.3018,3.37110503,0.101739081,0.009508364,0
46,245,6.224,1123.454287,71065.5527,0.008585,0,0,0.3488,0,0.77802,0.13028,0,0,0,0,6.438851272,0.101739081,0.009508364,0
46,245,6.224,1123.454287,71065.5527,0,0,0,0,0,0,0,0,0,0,0,1.740043236,0.101739081,0.009508364,0
46,245,6.224,1123.454287,71065.5527,0,0,0,0,0,0,0,14.027,0,0,0.151728,0.51278208,0.101739081,0.009508364,0
46,245,6.224,1123.454287,71065.5527,0.13903,0,0,0.33242,2.2481,0,0.74966,0,0,0,0.151728,3.933904712,0.101739081,0.009508364,0
46,245,6.224,1123.454287,71065.5527,0,0,0,0.15168,0.00062,0,0,0,0,0,8.1576,96.95287753,0.101739081,0.009508364,0
46,245,6.224,1123.454287,71065.5527,0.003539,0,0,0,1.0784,2.0442,0,0,0,0,55.917,5.924849251,0.101739081,0.009508364,0
46,245,6.224,1123.454287,71065.5527,0,0,0,0,0,0,0,0,0,0,29.7048,20.03672595,0.101739081,0.009508364,0
46,245,6.224,1123.454287,71065.5527,6.2048,0,0,0,0,0,0,0,0,0,11.7102,8.563989377,0.101739081,0.009508364,0
46,245,6.224,1123.454287,71065.5527,36.159,0,0,0.0059107,0.008333,0,0,0,0,0,8.9718,0.506275725,0.101739081,0.009508364,0
46,245,6.224,1123.454287,71065.5527,22.323,0,0,0,1.2845,0,0,0,0,0,121.068,7.432290306,0.101739081,0.009508364,0
46,245,6.224,1123.454287,71065.5527,0.010963,0,0,3.2371,0.008333,5.1571,0,0,0,0,1.33368,3.294248715,0.101739081,0.009508364,0
46,245,6.224,1123.454287,71065.5527,0,0,0,4.6787,0.0306,0.027754,0,0,0,0,14.4696,5.291902932,0.101739081,0.009508364,0
46,245,6.224,1123.454287,71065.5527,0,0,0,0.00524,0.016895,0,0,0,0,0,0,1.740043236,0.101739081,0.009508364,0
46,245,6.224,1123.454287,71065.5527,7.1711,0,0.01425,0.005341,1.1866,0,0,0,0,0,0,1.629841853,0.101739081,0.009508364,0
46,245,6.224,1123.454287,71065.5527,0,0,0,0.041531,0,0,0,0,0,0,0,1.611949377,0.101739081,0.009508364,0
46,245,6.224,1123.454287,71065.5527,0.011297,0,0,0,0,0,0.42744,0,76.355,0,11.6058,1.629841853,0.101739081,0.009508364,0
46,245,6.224,1123.454287,71065.5527,0,0,0,0,0,0,0,0,0,0,0.151728,0.403800639,0.101739081,0.009508364,0
46,245,6.224,1123.454287,71065.5527,0,0,0,7.8163,0,0,0,0,0,0,0.151728,2.742428507,0.101739081,0.009508364,0
46,245,6.224,1123.454287,71065.5527,0,0,0,0,0.00524,0,0,0,0,0,46.293,0.403800639,0.101739081,0.009508364,0
46,245,6.224,1123.454287,71065.5527,0.008335,0,0,0,0,0,0.74966,0,0,0,0,2.626534064,0.101739081,0.009508364,0
46,245,6.224,1123.454287,71065.5527,0,0,0,0,0,0,0,0,0,0,0.151728,8.563989377,0.101739081,0.009508364,0
46,245,6.224,1123.454287,71065.5527,0.87352,0,0.60303,0.011406,0,0,0.13028,0,0,0,2.06073,3.294248715,0.101739081,0.009508364,0
46,245,6.224,1123.454287,71065.5527,0,0,0,0,0,838,0,0,0,0,0,3.50611189,0.101739081,0.009508364,0
46,245,6.224,1123.454287,71065.5527,0,0,0,0.008333,0,0,0,0,0,0,0,1.953939646,0.101739081,0.009508364,0
46,245,6.224,1123.454287,71065.5527,6.0303,0,0.005264,0.097569,0.007102,0,0,0,0,0,0,0.757177028,0.101739081,0.009508364,0
46,245,6.224,1123.454287,71065.5527,0,0,0,0,7.0738,0,0,0,0,0,1.86174,2.742428507,0.101739081,0.009508364,0
46,245,6.224,1123.454287,71065.5527,0.0152,0,0,0,1.2845,0,0.13028,0,0,0,12.2682,0.677067536,0.101739081,0.009508364,0
46,245,6.224,1123.454287,71065.5527,40.517,0,0,0,0,0,0,0,0,0,0.151728,1.953939646,0.101739081,0.009508364,0
46,245,6.224,1123.454287,71065.5527,2.5147,0,0,0,0.022119,0,0,0,0,0,0.278532,8.643285575,0.101739081,0.009508364,0
46,245,6.224,1123.454287,71065.5527,0.008335,0,0,0,0,0,13.556,0,0,0,1.19187,107.1285055,0.101739081,0.009508364,0
46,245,6.224,1123.454287,71065.5527,0,0,0,0,0.012452,0,0,0,0,0,5.1363,544.8701155,0.101739081,0.009508364,0
46,245,6.224,1123.454287,71065.5527,0.17481,0,0,0,0,0,0,0,0,0,0.151728,6.509873784,0.101739081,0.009508364,0
46,245,6.224,1123.454287,71065.5527,0.005239,0,0,0.007102,0.008332,0,0,0,0,0,0,2.282103912,0.101739081,0.009508364,0
46,245,6.224,1123.454287,71065.5527,0.000376,0,0,0.011527,0.1136,0,0,0,0,0,66.645,20.03672595,0.101739081,0.009508364,0
46,245,6.224,1123.454287,71065.5527,0.002139,0,0,0.000251,0.64611,0,0,0,0,0,23.5818,3.933904712,0.101739081,0.009508364,0
46,245,6.224,1123.454287,71065.5527,0.00524,0,0,0,1.1866,0.032076,0,0,0,0,0,1.912461635,0.101739081,0.009508364,0
46,245,6.224,1123.454287,71065.5527,0,0,0,0,0.013476,0,0,0,0,0,22.8018,1.753869239,0.101739081,0.009508364,0
46,245,6.224,1123.454287,71065.5527,0.015667,0,0,0,0.23723,0,0,0,0,0,0,2.742428507,0.101739081,0.009508364,0
46,245,6.224,1123.454287,71065.5527,0,0,0,0.005341,0.008333,0,0,0,0,0,0.92517,2.282103912,0.101739081,0.009508364,0
46,245,6.224,1123.454287,71065.5527,0.002011,0,0,0.10345,0.008333,0,0,0,0,0,0,2.626534064,0.101739081,0.009508364,0
46,245,6.224,1123.454287,71065.5527,2.2494,0,0,0.0062753,0.074576,0,0,0,0,0,81.042,3.370698383,0.101739081,0.009508364,0
46,245,6.224,1123.454287,71065.5527,0,0,0,0,2.3758,0.2468,0,0,0,0,0,3.37110503,0.101739081,0.009508364,0
46,245,6.224,1123.454287,71065.5527,0.038936,0,0,0,0,0,0,0,0,0,8.6688,0.090682319,0.101739081,0.009508364,0
46,245,6.224,1123.454287,71065.5527,0,0,0,0,0,0,0,0,0,0,5.4765,3.37110503,0.101739081,0.009508364,0
46,245,6.224,1123.454287,71065.5527,0,0,0,0,0,0,0,0,0,0,18.723,3.539348854,0.101739081,0.009508364,0
46,245,6.224,1123.454287,71065.5527,0.00524,0,0,0,0.00833,0,0,0,0,0,0.151728,3.294248715,0.101739081,0.009508364,0
46,245,6.224,1123.454287,71065.5527,0,0,0,7.8163,0,0,0,0,0,0,0,3.933904712,0.101739081,0.009508364,0
46,245,6.224,1123.454287,71065.5527,0,0,0,0,0.005769,0,132.95,0,0,0,0.151728,2.626534064,0.101739081,0.009508364,0
46,245,6.224,1123.454287,71065.5527,0,0,0,0.0055919,0,0,0,0,0,0,0.279615,57.83043216,0.101739081,0.009508364,0
46,245,6.224,1123.454287,71065.5527,0.019714,0,0,0,20.177,0,0,0,0,0,0.151728,8.643285575,0.101739081,0.009508364,0
46,245,6.224,1123.454287,71065.5527,0,0,0,0,0.0033865,0,0,0,0,0,0,1.788434249,0.101739081,0.009508364,0
46,245,6.224,1123.454287,71065.5527,2.6123,0,0,0,0,0,0,0,0,0,0,4.862686845,0.101739081,0.009508364,0
46,245,6.224,1123.454287,71065.5527,0,0,0,0,0.008333,0,0,0,0,0,0.151728,1.629841853,0.101739081,0.009508364,0
46,245,6.224,1123.454287,71065.5527,0,0,0,0,0.013036,0,0,0,0,0,12.3399,1.437091095,0.101739081,0.009508364,0
46,245,6.224,1123.454287,71065.5527,0.000376,0,0,0.27312,0.008332,0,0,0,0,0,0,0.51278208,0.101739081,0.009508364,0
46,245,6.224,1123.454287,71065.5527,0.008333,0,0.01168,0.012904,0.008763,0.014181,0,0,0,0,47.883,0.403800639,0.101739081,0.009508364,0
46,245,6.224,1123.454287,71065.5527,0.00524,0,0,0,0.37101,0,0,0,0,0,18.7944,14.97902997,0.101739081,0.009508364,0
46,245,6.224,1123.454287,71065.5527,0.00524,0,0,0,0,0,0,0,0,0,0.151728,7.61406159,0.101739081,0.009508364,0
46,245,6.224,1123.454287,71065.5527,1.385,0,0,0.007102,0,0,0,0,0,0,0.151728,1.753869239,0.101739081,0.009508364,0
46,245,6.224,1123.454287,71065.5527,0.013408,0,0,0,0,0,0,0,0,0,0.151728,8.153142895,0.101739081,0.009508364,0
46,245,6.224,1123.454287,71065.5527,0,0,0,0,0,0,0,0,0,0,4.8618,3.37110503,0.101739081,0.009508364,0
46,245,6.224,1123.454287,71065.5527,0.0152,0,0,0.00247,26.765,0,0,0,0,0,53.889,0.677067536,0.101739081,0.009508364,0
46,245,6.224,1123.454287,71065.5527,0.001669,0,0,0,0,0.79079,0,0,0,0,0.151728,1.437091095,0.101739081,0.009508364,0
46,245,6.224,1123.454287,71065.5527,0.008333,0,0,5.7854,0.0078558,0.000157,0,0,0,0,0,3.50611189,0.101739081,0.009508364,0
46,245,6.224,1123.454287,71065.5527,0,0,0,0.008333,0.008321,0,0,0,0,0,3.0075,1.437091095,0.101739081,0.009508364,0
46,245,6.224,1123.454287,71065.5527,0,0,0,0,0,0,0,0,0,0,0.151728,4.748825638,0.101739081,0.009508364,0
46,245,6.224,1123.454287,71065.5527,0,0,0,0.37527,12.686,0.77921,0,0,0,0,4.6029,6.85281809,0.101739081,0.009508364,0
46,245,6.224,1123.454287,71065.5527,872.97,0,0,0,0,0,0,0,0,0,0,7.61406159,0.101739081,0.009508364,0
46,245,6.224,1123.454287,71065.5527,0.003295,0,0,0,0.001326,0.0083335,0,0,0,0,0.151728,27.05073767,0.101739081,0.009508364,0
46,245,6.224,1123.454287,71065.5527,1.4804,0,0,0.15605,0,0,0,0,0,0,0,1.788434249,0.101739081,0.009508364,0
46,245,6.224,1123.454287,71065.5527,0,0,0,0,0,0,0.67845,0,0,0,0.273366,4.044970118,0.101739081,0.009508364,0
46,245,6.224,1123.454287,71065.5527,22.449,0,0,0,1.3821,0,0,0,0,0,0.84174,5.924849251,0.101739081,0.009508364,0
46,245,6.224,1123.454287,71065.5527,0,0,0,1.7274,0.98255,0,0,0,0,0,0.151728,13.20935554,0.101739081,0.009508364,0
46,245,6.224,1123.454287,71065.5527,0.01367,0,0,0,0.0062156,0,0,0,0,0,13.494,1.082901411,0.101739081,0.009508364,0
46,245,6.224,1123.454287,71065.5527,9.3106,0,0,2.853,0,0,0,0,0,0,0.151728,9.094257285,0.101739081,0.009508364,0
46,245,6.224,1123.454287,71065.5527,1.6091,0,0,17.949,0.000739,0,0,0,0,0,0,1.629841853,0.101739081,0.009508364,0
46,245,6.224,1123.454287,71065.5527,0,0,0,0.005239,0,0,10.2,0,0,0,0.241728,10.8444667,0.101739081,0.009508364,0
46,245,6.224,1123.454287,71065.5527,0,0,0,0.23606,0.000376,0,0,0,0,0,0,0.677067536,0.101739081,0.009508364,0
46,245,6.224,1123.454287,71065.5527,0.008333,0,0,0,0.013681,0,0,0,0,0,0.36174,3.37110503,0.101739081,0.009508364,0
46,245,6.224,1123.454287,71065.5527,1.898,0,0.80135,835.4,0.008335,0,0,0,0,0,38.517,4.862686845,0.101739081,0.009508364,0
46,245,6.224,1123.454287,71065.5527,0,0,0,0,10.361,0.34845,0,0,0,0,0.151728,0.533114438,0.101739081,0.009508364,0
46,245,6.224,1123.454287,71065.5527,0.0059107,0,0,0,0,0,0,0,0,0,0.151728,1.082901411,0.101739081,0.009508364,0
46,245,6.224,1123.454287,71065.5527,16.8,0,0,0.00524,0,0,0,0,0,0,0.151728,0.403800639,0.101739081,0.009508364,0
46,245,6.224,1123.454287,71065.5527,0.00014,0,0,0,0.000063,0,0,0,0,0,0.34593,5.924849251,0.101739081,0.009508364,0
46,245,6.224,1123.454287,71065.5527,0,0,0,0.0074133,0.001326,0,0,0,0,0,0,1.480602342,0.101739081,0.009508364,0
46,245,6.224,1123.454287,71065.5527,0,0,0,0,0.00524,0,13.556,0,0,0,3.2364,0.496109546,0.101739081,0.009508364,0
46,245,6.224,1123.454287,71065.5527,0,0,10.101,0,0,0,4.3529,0,0,0,0.285792,3.50611189,0.101739081,0.009508364,0
46,245,6.224,1123.454287,71065.5527,177.88,0,0,0,68.77,0,0,0,0,0,0.151728,4.791523591,0.101739081,0.009508364,0
46,245,6.224,1123.454287,71065.5527,0.070781,0,0,2.8113,0.001669,0,0,0,0,0,1.09155,19.16080795,0.101739081,0.009508364,0
46,245,6.224,1123.454287,71065.5527,5.8431,0,0,0,0,1.0992,0,0,0,0,0.151728,1.480602342,0.101739081,0.009508364,0
46,245,6.224,1123.454287,71065.5527,0.7554,0,0,0,0,0,0,0,0,0,0.151728,0.403800639,0.101739081,0.009508364,0
46,245,6.224,1123.454287,71065.5527,0,0,0,0,0,0,0,0,0,0,0.53757,7.432290306,0.101739081,0.009508364,0
46,245,6.224,1123.454287,71065.5527,0,0,0,0,0.008333,0,0,0,0,0,0.151728,9.094257285,0.101739081,0.009508364,0
46,245,6.224,1123.454287,71065.5527,0.68217,0,0,0,0.00043,0,0,0,0,0,107.403,41.65055169,0.101739081,0.009508364,0
46,245,6.224,1123.454287,71065.5527,872.97,0,0,197.85,8.688,0,0,0,0.93359,0,0,10.8444667,0.101739081,0.009508364,0
46,245,6.224,1123.454287,71065.5527,0.000376,0,0,1.8563,0.14346,0,0,0,0,0,1.72038,20.03672595,0.101739081,0.009508364,0
46,245,6.224,1123.454287,71065.5527,1.4804,0,0,0,0.030662,0,0,0,0,0,0.77829,3.332473549,0.101739081,0.009508364,0
46,245,6.224,1123.454287,71065.5527,0.062652,0,0,0.19366,0,0,0,0,0,0,0.151728,1.629841853,0.101739081,0.009508364,0
46,245,6.224,1123.454287,71065.5527,0.043506,0,0,5.7154,0.070777,0,0,0,0,0,0.53757,1.629841853,0.101739081,0.009508364,0
46,245,6.224,1123.454287,71065.5527,5.6933,0,0,1.6635,0,0,0,0,0,0,8.9418,96.95287753,0.101739081,0.009508364,0
46,245,6.224,1123.454287,71065.5527,6.5562,0,0,2.9167,0.028193,0,0,0,0,0,0.151728,0.677067536,0.101739081,0.009508364,0
46,245,6.224,1123.454287,71065.5527,0,0,0,0.042858,5.6507,0,0,0,0,0,3.4818,4.791523591,0.101739081,0.009508364,0
46,245,6.224,1123.454287,71065.5527,0.030381,0,0,0,0.0306,0,0,0,0,0,0.151728,2.282103912,0.101739081,0.009508364,0
46,245,6.224,1123.454287,71065.5527,3.0939,0,0,0.002011,0,0,0,0,0,0,0,107.1285055,0.101739081,0.009508364,0
46,245,6.224,1123.454287,71065.5527,0.013572,0,0.82178,0,0,0,0,0.024865,0,0,0,3.27635624,0.101739081,0.009508364,0
46,245,6.224,1123.454287,71065.5527,0.040702,0,0,0,0,0,0,0,0,0,16.3047,62.76023949,0.101739081,0.009508364,0
46,245,6.224,1123.454287,71065.5527,0,0,0,0.0088426,0,0,0,0,0,0,11.0037,0.308645201,0.101739081,0.009508364,0
46,245,6.224,1123.454287,71065.5527,25.205,0,0,0,0,0,0,0,0,0,0,4.791523591,0.101739081,0.009508364,0
46,245,6.224,1123.454287,71065.5527,0.034133,0,0,0,0,0,0,0,0,0,6.2754,8.643285575,0.101739081,0.009508364,0
46,245,6.224,1123.454287,71065.5527,0.73427,0,0,0.008333,0,0,0,0,0,0,0.151728,2.742428507,0.101739081,0.009508364,0
46,245,6.224,1123.454287,71065.5527,53.36,0,0,0.008335,0,0,0,0,0,0,0.151728,3.37110503,0.101739081,0.009508364,0
46,245,6.224,1123.454287,71065.5527,0.1789,0,0,0,0,0,0,0,0,0,0,57.7672295,0.101739081,0.009508364,0
46,245,6.224,1123.454287,71065.5527,0.053886,0,0,4.0096,1.0363,0,0,0,0,0,0.151728,34.6982593,0.101739081,0.009508364,0
46,245,6.224,1123.454287,71065.5527,0,0,0,0.82457,6.9699,0.79678,0,0,0,0,0.151728,293.1339283,0.101739081,0.009508364,0
46,245,6.224,1123.454287,71065.5527,189.16,0,0,0.83912,0,0,0.76779,0,0,0,35.547,10.8444667,0.101739081,0.009508364,0
46,245,6.224,1123.454287,71065.5527,0.000376,0,0,1.2021,0,0,0,0,0,0,0.151728,0.533114438,0.101739081,0.009508364,0
46,245,6.224,1123.454287,71065.5527,0,0,0,0,16.858,0,0,0,0,0,0,4.791523591,0.101739081,0.009508364,0
46,245,6.224,1123.454287,71065.5527,7.9784,0,0,0.007697,0,0,0,0,0,0,16.4517,8.563989377,0.101739081,0.009508364,0
46,245,6.224,1123.454287,71065.5527,0.016699,0,0.008064,0,3.3385,0,0,0,0,0,0.151728,57.7672295,0.101739081,0.009508364,0
46,245,6.224,1123.454287,71065.5527,0.00524,0,0,0,0.002139,0,0,0,0,0,0,1.912461635,0.101739081,0.009508364,0
46,245,6.224,1123.454287,71065.5527,0,0,0,0.00524,3.3385,0,0,0,0,0,0,4.791523591,0.101739081,0.009508364,0
46,245,6.224,1123.454287,71065.5527,0,0,0,0.025929,0,0,0,0,0,0,5.6418,1.437091095,0.101739081,0.009508364,0
46,245,6.224,1123.454287,71065.5527,0,0,0,0,0,0,0,0,0,0,0.151728,1.082901411,0.101739081,0.009508364,0
46,245,6.224,1123.454287,71065.5527,0,0,0.19491,0,0,0.7125,0,0,0,0,0.151728,20.03672595,0.101739081,0.009508364,0
46,245,6.224,1123.454287,71065.5527,0.74435,0,0,0.008333,0.008333,0,0,0,0,0,1.09155,0.308645201,0.101739081,0.009508364,0
46,245,6.224,1123.454287,71065.5527,0,0,0,0,0,0,0.13028,0,0,0,0,83.74352198,0.101739081,0.009508364,0
46,245,6.224,1123.454287,71065.5527,0.51774,0,0,0.000124,3.1902,0,0,0,0,0,0.151728,3.539348854,0.101739081,0.009508364,0
46,245,6.224,1123.454287,71065.5527,0,0,0,0,0,0,0,0,0,0,0,0.677067536,0.101739081,0.009508364,0
46,245,6.224,1123.454287,71065.5527,0.005979,0,0,0,1.8144,0,0,0,0,0,1.65174,9.094257285,0.101739081,0.009508364,0
46,245,6.224,1123.454287,71065.5527,0.0031025,0,0,0,3.0251,0,0,0,0,0,0.273357,2.282103912,0.101739081,0.009508364,0
46,245,6.224,1123.454287,71065.5527,0.0097027,0,0,0,0,0,0,0,0,0,29.7048,4.862686845,0.101739081,0.009508364,0
46,245,6.224,1123.454287,71065.5527,0,0,0,0.000739,0.074576,0,0,0,0,0,0,19.16080795,0.101739081,0.009508364,0
46,245,6.224,1123.454287,71065.5527,0.67038,0,0,0,7.0738,0,0,0,0,0,0.151728,3.27635624,0.101739081,0.009508364,0
46,245,6.224,1123.454287,71065.5527,6.8104,0,0,0,0.047685,0,0,0,0,0,0.151728,3.66575417,0.101739081,0.009508364,0
46,245,6.224,1123.454287,71065.5527,0,0,0.094579,0,0,0,0,0,0,0,6.105,3.37110503,0.101739081,0.009508364,0
46,245,6.224,1123.454287,71065.5527,1.0831,0,0,0,1.3478,0,0,0,0,0,2.13174,0.403800639,0.101739081,0.009508364,0
46,245,6.224,1123.454287,71065.5527,0,0,0,0.003416,0.61065,0.004625,0.40452,0,1.0438,0,0.36174,0.757177028,0.101739081,0.009508364,0
46,245,6.224,1123.454287,71065.5527,0,0,0,0,11.928,0,0,0,0,0,15.3204,4.791523591,0.101739081,0.009508364,0
46,245,6.224,1123.454287,71065.5527,0,0,0,0,4.9078,3.5685,0,0,0,0,10.4415,7.61406159,0.101739081,0.009508364,0
46,245,6.224,1123.454287,71065.5527,0.009021,0,0,0,0,0,21.515,0.60083,0,0,0.279585,1.611949377,0.101739081,0.009508364,0
46,245,6.224,1123.454287,71065.5527,0,0,0,0,0,0,0,0,0,0,20.2284,1.753869239,0.101739081,0.009508364,0
46,245,6.224,1123.454287,71065.5527,0,0,0,1.244,0,0,0,0,0,0,0,3.66575417,0.101739081,0.009508364,0
46,245,6.224,1123.454287,71065.5527,0.1613,0,0,1.0205,0,0,0,0,0,0,0.271728,6.85281809,0.101739081,0.009508364,0
46,245,6.224,1123.454287,71065.5527,0.008335,0,0,9.5845,0.005239,0,0,0,0,0,0,0.496109546,0.101739081,0.009508364,0
46,245,6.224,1123.454287,71065.5527,0.08029,0,0,0,0,0.060187,0,0,0,0,10.2414,8.153142895,0.101739081,0.009508364,0
46,245,6.224,1123.454287,71065.5527,0,0,0,0,0,0,0,0,0,0,10.4415,2.626534064,0.101739081,0.009508364,0
46,245,6.224,1123.454287,71065.5527,0,0,0,0.007221,0,0.093315,0,0,0,0,0,3.539348854,0.101739081,0.009508364,0
46,245,6.224,1123.454287,71065.5527,0.062194,0,0,0,0,0,0,0,0,0,0,0.308645201,0.101739081,0.009508364,0
46,245,6.224,1123.454287,71065.5527,3.8952,0,0,0.008333,0.1667,0,0,0,0,0,0,1.437091095,0.101739081,0.009508364,0
46,245,6.224,1123.454287,71065.5527,2.6123,0,0,0,0.008333,0.78099,0,0,0,0,30.885,2.626534064,0.101739081,0.009508364,0
46,245,6.224,1123.454287,71065.5527,0.34912,0,0,0,0.008333,0.78188,0,0,0,0,1.62048,19.71922933,0.101739081,0.009508364,0
46,245,6.224,1123.454287,71065.5527,0,0,0,0.88687,0.001326,0,0,0,0,0,3.3057,3.27635624,0.101739081,0.009508364,0
46,245,6.224,1123.454287,71065.5527,0.0097027,0,0,7.5633,0.52251,0,0,0,0,0,1.64742,3.294248715,0.101739081,0.009508364,0
46,245,6.224,1123.454287,71065.5527,0,0,0,0.67703,0,0,0,0,0,0,0.151728,6.438851272,0.101739081,0.009508364,0
46,245,6.224,1123.454287,71065.5527,0.90611,0,0,0.94228,0.065813,0,0,0,0,0,0.151728,1.753869239,0.101739081,0.009508364,0
46,245,6.224,1123.454287,71065.5527,14.115,0,0,0,0,0,0,0,0,0,7.3257,1.480602342,0.101739081,0.009508364,0
46,245,6.224,1123.454287,71065.5527,0.051828,0,0,0,0.019035,0,0,0,0,0,6.561,96.95287753,0.101739081,0.009508364,0
46,245,6.224,1123.454287,71065.5527,3.7455,0,0,0,0.002741,0,0,0,0,0,2.3544,34.6982593,0.101739081,0.009508364,0
46,245,6.224,1123.454287,71065.5527,0.081094,0,0,0,0,0,0,0,0,0,7.6818,2.473634728,0.101739081,0.009508364,0
46,245,6.224,1123.454287,71065.5527,0.014402,0,0,0,0,0,0,0,0,0,30.885,8.643285575,0.101739081,0.009508364,0
46,245,6.224,1123.454287,71065.5527,0.010479,0,0,20.576,0.00833,0.85442,0,0,0,0,0.151728,20.03672595,0.101739081,0.009508364,0
46,245,6.224,1123.454287,71065.5527,0.010054,0,0,0,0,0,0,0,0,0,0.151728,1.480602342,0.101739081,0.009508364,0
46,245,6.224,1123.454287,71065.5527,0,0,0,0,0.002156,0.59584,0,0,0,0,19.2864,5.721119019,0.101739081,0.009508364,0
46,245,6.224,1123.454287,71065.5527,0,0,0,0,4.8466,0.80155,0,0,0,0,0.279489,0.496109546,0.101739081,0.009508364,0
46,245,6.224,1123.454287,71065.5527,0,0,0,0.005769,0.007328,0,0,0,0,0,0.151728,1.753869239,0.101739081,0.009508364,0
46,245,6.224,1123.454287,71065.5527,0.27066,0,0,5.0428,0.008333,0,0,0,0,0,0,34.6982593,0.101739081,0.009508364,0
46,245,6.224,1123.454287,71065.5527,0,0,0,0,0.566,0,0,0,0.0057415,0,0.68376,0.757177028,0.101739081,0.009508364,0
46,245,6.224,1123.454287,71065.5527,0,0,0,7.8979,1.2072,2.0371,0,0,0,0,0.35643,0.677067536,0.101739081,0.009508364,0
46,245,6.224,1123.454287,71065.5527,0.048638,0,0,0.0012795,3.1339,0,0,0,0,0,0,3.370698383,0.101739081,0.009508364,0
46,245,6.224,1123.454287,71065.5527,0,0,0,0,0,0,0,0,0,0,7.5918,0.677067536,0.101739081,0.009508364,0
46,245,6.224,1123.454287,71065.5527,0,0,0,0,0.008333,0,0.10863,0,0,0,2.37174,0.757177028,0.101739081,0.009508364,0
46,245,6.224,1123.454287,71065.5527,0.15204,0,0,0,0.013573,0,0,0,0,0,0.151728,1.753869239,0.101739081,0.009508364,0
46,245,6.224,1123.454287,71065.5527,0,0,0,0,0,0.77921,0,0,0,0,0.280578,8.643285575,0.101739081,0.009508364,0
46,245,6.224,1123.454287,71065.5527,0,0,0,0,0.008333,0,0,0,0,0,53.889,10.8444667,0.101739081,0.009508364,0
46,245,6.224,1123.454287,71065.5527,0,0,0,0,0,0,0,0,0,0,6.5418,0.090682319,0.101739081,0.009508364,0
46,245,6.224,1123.454287,71065.5527,22.323,0,0,7.1031,0,0,0,0,0,0,0.241728,0.163878809,0.101739081,0.009508364,0
46,245,6.224,1123.454287,71065.5527,43.218,0,0,0.030966,0.21732,0,15.481,0,0,0,0,1.912461635,0.101739081,0.009508364,0
46,245,6.224,1123.454287,71065.5527,0,0,0,0,0.32888,0,0,0,0,0,13.3746,4.862686845,0.101739081,0.009508364,0
46,245,6.224,1123.454287,71065.5527,0.85316,0,0,0,0,0.78972,76.126,0,0,0,29.7018,0.403800639,0.101739081,0.009508364,0
46,245,6.224,1123.454287,71065.5527,0.17962,0,0,0,0,0.12353,0,0,0,0,0.290478,6.85281809,0.101739081,0.009508364,0
46,245,6.224,1123.454287,71065.5527,0.070781,0,0,0.077265,0,0.77921,0,0,0,0,0,0.533114438,0.101739081,0.009508364,0
46,245,6.224,1123.454287,71065.5527,0.28712,0,0,0,4.6708,0,0,0,0,0,0.151728,19.16080795,0.101739081,0.009508364,0
46,245,6.224,1123.454287,71065.5527,12.38,0,47.107,0.007251,1.6868,0,0,0,0,0,0.181728,293.1339283,0.101739081,0.009508364,0
46,245,6.224,1123.454287,71065.5527,0,0,0,0,0.011532,0,0,0,0,0,3.6159,8.563989377,0.101739081,0.009508364,0
46,245,6.224,1123.454287,71065.5527,0,0,0,0,0,0,0,0,0,0,0,3.294248715,0.101739081,0.009508364,0
46,245,6.224,1123.454287,71065.5527,0,0,0,0,0,0,0.74966,0,0,0,12.4689,1.437091095,0.101739081,0.009508364,0
46,245,6.224,1123.454287,71065.5527,0.053886,0,0,0,0,0,0,0,0,0,0.290478,0.757177028,0.101739081,0.009508364,0
46,245,6.224,1123.454287,71065.5527,0,0,0,0,4.1692,0,0.13028,0,0,0,2.6931,8.563989377,0.101739081,0.009508364,0
46,245,6.224,1123.454287,71065.5527,0.10994,0,0,0,2.9298,0,0.13028,0,0,0,0.151728,4.791523591,0.101739081,0.009508364,0
46,245,6.224,1123.454287,71065.5527,0.001326,0,0,0.0025559,0.21732,0,0.13028,0,0,0,0,8.563989377,0.101739081,0.009508364,0
46,245,6.224,1123.454287,71065.5527,0.008333,0,0,0,0,0.13226,14.556,0,0,0,5.7318,4.862686845,0.101739081,0.009508364,0
46,245,6.224,1123.454287,71065.5527,0,0,19.593,0,0,0,0,0,0,0,0.151728,2.550491043,0.101739081,0.009508364,0
46,245,6.224,1123.454287,71065.5527,0,0,0,0,0,0.10693,0.42744,0,0,0,29.7018,2.473634728,0.101739081,0.009508364,0
46,245,6.224,1123.454287,71065.5527,0.00524,0,0.8007,0,3.6586,0,0,0,0.00014,0,0,7.61406159,0.101739081,0.009508364,0
46,245,6.224,1123.454287,71065.5527,0.028169,0,0,0,4.3986,0,133.93,0,0,0,81.042,1.926287639,0.101739081,0.009508364,0
46,245,6.224,1123.454287,71065.5527,0.004143,0,0,0,0,0,0,0,0,0,1.33728,1.480602342,0.101739081,0.009508364,0
46,245,6.224,1123.454287,71065.5527,0.011527,0,0,0.010479,0,0,0,0,0,0,0,0.308645201,0.101739081,0.009508364,0
46,245,6.224,1123.454287,71065.5527,0.002011,0,0.010345,0.011074,0,0,0,0,0,0,35.547,5.924849251,0.101739081,0.009508364,0
46,245,6.224,1123.454287,71065.5527,0.001493,0,0,0.00524,0,6.9496,0,0,0,0,0.151728,1.480602342,0.101739081,0.009508364,0
46,245,6.224,1123.454287,71065.5527,0,0,0,0,0,0,0,0,0,0,0.151728,0.533114438,0.101739081,0.009508364,0
46,245,6.224,1123.454287,71065.5527,6.3539,0,0,10.612,0,0,0,0,0,0,0.151728,3.37110503,0.101739081,0.009508364,0
46,245,6.224,1123.454287,71065.5527,0,0,0,0,0.018484,0,0,0,0,0,0,1.953939646,0.101739081,0.009508364,0
46,245,6.224,1123.454287,71065.5527,0,0,0,0,0.009056,0,0,0,1.1387,0,0,1.629841853,0.101739081,0.009508364,0
46,245,6.224,1123.454287,71065.5527,0.000376,0,0,0.018806,2.1344,0,0,0,0,0,69.483,1.600969904,0.101739081,0.009508364,0
46,245,6.224,1123.454287,71065.5527,0.008333,0,0,0,0,0,0,0.73345,0,0,0.151728,1.953939646,0.101739081,0.009508364,0
46,245,6.224,1123.454287,71065.5527,0,0,0,0,0,0,0,0,0,0,0,0.163878809,0.101739081,0.009508364,0
46,245,6.224,1123.454287,71065.5527,109.34,0,0,25.355,0,0.12353,110.33,0,0,0,15.252,41.65055169,0.101739081,0.009508364,0
46,245,6.224,1123.454287,71065.5527,3.9799,0,0,0.054581,0.15682,0,0,0,0,0,0.271128,2.550491043,0.101739081,0.009508364,0
46,245,6.224,1123.454287,71065.5527,36.945,0,0,0.029402,0,0,0,9.0678,0,0,0.87174,1.788434249,0.101739081,0.009508364,0
46,245,6.224,1123.454287,71065.5527,0.67499,0,0,0.001326,0.0094073,0,0,0,0,0,0,1.912461635,0.101739081,0.009508364,0
46,245,6.224,1123.454287,71065.5527,9.9965,0,0,0,0.007148,0,5.0969,0,0,0,0,5.751441887,0.101739081,0.009508364,0
46,245,6.224,1123.454287,71065.5527,0.3067,0,0,0,0,0,0,0,0,0,121.068,1.753869239,0.101739081,0.009508364,0
46,245,6.224,1123.454287,71065.5527,0.008333,0,0,0.0089655,0,0,0,0,0,0,1.47333,62.76023949,0.101739081,0.009508364,0
46,245,6.224,1123.454287,71065.5527,0,0,0,0,0,0,0,0,0,0,0,1.912461635,0.101739081,0.009508364,0
46,245,6.224,1123.454287,71065.5527,0,0,0,2.4911,0,0.001655,0,0,0,0,58.353,0.403800639,0.101739081,0.009508364,0
46,245,6.224,1123.454287,71065.5527,0.74435,0,0,44.381,0,0,0,0,0,0,0,1.926287639,0.101739081,0.009508364,0
46,245,6.224,1123.454287,71065.5527,0,0,0.1414,0,0,8.9216,0,0,0,0,3.9402,0.677067536,0.101739081,0.009508364,0
46,245,6.224,1123.454287,71065.5527,0.000078,0,0,0,0,0,0,0,0,0,7.3638,3.37110503,0.101739081,0.009508364,0
46,245,6.224,1123.454287,71065.5527,2.1821,0,0,0.67703,0.005239,0,547,0,0,0,0,3.294248715,0.101739081,0.009508364,0
46,245,6.224,1123.454287,71065.5527,0,0,0,0,5.3243,0,0.42744,0,0,0,0.273021,3.933904712,0.101739081,0.009508364,0
46,245,6.224,1123.454287,71065.5527,0.023275,0,0.2087,0,43.956,0,0,0,0,0,8.7918,5.721119019,0.101739081,0.009508364,0
46,245,6.224,1123.454287,71065.5527,0,0,0,62.543,43.562,0,0,0,0,0,0.151728,1.437091095,0.101739081,0.009508364,0
46,245,6.224,1123.454287,71065.5527,0,0,0,0,10.444,0.089117,0,0,0,0,0.279585,2.550491043,0.101739081,0.009508364,0
46,245,6.224,1123.454287,71065.5527,0,0,0,0.17658,0.097858,0,0,0,0,0,0.151728,1.629841853,0.101739081,0.009508364,0
46,245,6.224,1123.454287,71065.5527,0,0,0,45.052,0,0,0.002308,0,0,0,0,6.438851272,0.101739081,0.009508364,0
46,245,6.224,1123.454287,71065.5527,0.00524,0,0,0,0,0,0,0,0,0,0.151728,6.438851272,0.101739081,0.009508364,0
46,245,6.224,1123.454287,71065.5527,0,0,0,0,27.763,0,0,0,0,0,52.569,2.626534064,0.101739081,0.009508364,0
46,245,6.224,1123.454287,71065.5527,0.013408,0,0,7.5633,0.000078,0,3.6446,0,1.0175,0,2.73105,1.082901411,0.101739081,0.009508364,0
46,245,6.224,1123.454287,71065.5527,0.019714,0,0,0,0.0096305,0,0,0,0,0,0.65616,34.6982593,0.101739081,0.009508364,0
46,245,6.224,1123.454287,71065.5527,0.008333,0,0,0,813.22,15.509,0,0,0,0,0,3.27635624,0.101739081,0.009508364,0
46,245,6.224,1123.454287,71065.5527,0.00524,0,0.87797,0.077265,0,0,0.10863,0,0,0,0,0.403800639,0.101739081,0.009508364,0
46,245,6.224,1123.454287,71065.5527,0,0,0,0,0.028193,0.49503,0,0,0,0,0,19.16080795,0.101739081,0.009508364,0
46,245,6.224,1123.454287,71065.5527,0.00644,0,0,0,0,0,0,0,0,0,4.2768,10.8444667,0.101739081,0.009508364,0
46,245,6.224,1123.454287,71065.5527,0,0,0,208.31,0,0,0,0,0,0,13.1718,1.437091095,0.101739081,0.009508364,0
46,245,6.224,1123.454287,71065.5527,0,0,0,0,0,0,0,0,0,0,0,0.308645201,0.101739081,0.009508364,0
46,245,6.224,1123.454287,71065.5527,0,0,0,0.008333,14.269,0,0,0,0,0,0,3.933904712,0.101739081,0.009508364,0
46,245,6.224,1123.454287,71065.5527,0,0,0,0,5.3243,0,0,0,0,0,0,62.76023949,0.101739081,0.009508364,0
46,245,6.224,1123.454287,71065.5527,0.01332,0,0,24.36,26.765,0,0,0,0,0,30.786,126.2789109,0.101739081,0.009508364,0
46,245,6.224,1123.454287,71065.5527,0,0,0,0.008335,2.7215,0,0,0,0,0,1.86174,7.61406159,0.101739081,0.009508364,0
46,245,6.224,1123.454287,71065.5527,0,0,0,0.68671,0.000739,0,0.13028,0,0,0,0.75903,7.432290306,0.101739081,0.009508364,0
46,245,6.224,1123.454287,71065.5527,0.005769,0,0,0.62945,7.8711,0.78445,0,0,0,0,0,4.862686845,0.101739081,0.009508364,0
46,245,6.224,1123.454287,71065.5527,0,0,0,23.551,0,0,0,0,0,0,7.0518,1.611949377,0.101739081,0.009508364,0
46,245,6.224,1123.454287,71065.5527,0.061886,0,0,0,0,0,0,0,0,0,0.78174,1.611949377,0.101739081,0.009508364,0
46,245,6.224,1123.454287,71065.5527,0.35231,0,0,0,0,0,0,0,1.0175,0,1.52439,3.50611189,0.101739081,0.009508364,0
46,245,6.224,1123.454287,71065.5527,0,0,0,0,0,0,0,0,0,0,0,5.721119019,0.101739081,0.009508364,0
46,245,6.224,1123.454287,71065.5527,0.029004,0,0,0.001493,0,0,0,0,0,0,0.151728,1.600969904,0.101739081,0.009508364,0
46,245,6.224,1123.454287,71065.5527,0,0,0,0.0027505,0,0,0,0,0,0,0,0.501192636,0.101739081,0.009508364,0
46,245,6.224,1123.454287,71065.5527,0,0,0.41764,0,0,0,0,0,0,0,8.7318,0.090682319,0.101739081,0.009508364,0
46,245,6.224,1123.454287,71065.5527,0.00524,0,0,0,0.031711,0,0,0,0,0,0.151728,1.437091095,0.101739081,0.009508364,0
46,245,6.224,1123.454287,71065.5527,0.002011,0,0,0,0,2.0371,0,0,0,0,0.181728,4.044970118,0.101739081,0.009508364,0
46,245,6.224,1123.454287,71065.5527,0.005239,0,0,0.33642,0.005239,0,0,0,0,0,0.151728,0.757177028,0.101739081,0.009508364,0
46,245,6.224,1123.454287,71065.5527,0.008333,0,0,0,0,0,0,0,0,0,11.682,14.97902997,0.101739081,0.009508364,0
46,245,6.224,1123.454287,71065.5527,0,0,0,0.011527,0,0,0,0,0,0,0.273357,0.677067536,0.101739081,0.009508364,0
46,245,6.224,1123.454287,71065.5527,0.005979,0,0,0,0,0,0,0,0,0,0.30174,9.094257285,0.101739081,0.009508364,0
46,245,6.224,1123.454287,71065.5527,0.0094528,0,0,0,0,0.77927,0,0,0,0,3.8946,0.506275725,0.101739081,0.009508364,0
46,245,6.224,1123.454287,71065.5527,0.51613,0,0,0.006674,246.96,0,91.701,0.081842,0,0,1.52439,0.677067536,0.101739081,0.009508364,0
46,245,6.224,1123.454287,71065.5527,0.021605,0,0,0.91042,0.008333,4.6961,0,0,0,0,27.5562,0.403800639,0.101739081,0.009508364,0
46,245,6.224,1123.454287,71065.5527,0.00524,0,0,0.0086135,0,0,0,0,0,0,1.17432,20.03672595,0.101739081,0.009508364,0
46,245,6.224,1123.454287,71065.5527,0,0,0,0.00036,0.008333,0.043533,0,0,0,0,0.151728,1.611949377,0.101739081,0.009508364,0
46,245,6.224,1123.454287,71065.5527,0,0,0,0.011406,0,0,0,0,0,0,1.57107,27.05073767,0.101739081,0.009508364,0
46,245,6.224,1123.454287,71065.5527,0,0,0,0,0,0,0,0,0,0,0,3.37110503,0.101739081,0.009508364,0
46,245,6.224,1123.454287,71065.5527,0,0,0,0.007221,13.549,0,0,0,0,0,0.67983,17.06991896,0.101739081,0.009508364,0
46,245,6.224,1123.454287,71065.5527,0,0,0,0,0,0.14124,0.13028,0,0,0,0.285792,0.533114438,0.101739081,0.009508364,0
46,245,6.224,1123.454287,71065.5527,8.933,0,0,0,0,0,0,0,0,0,0.270372,7.432290306,0.101739081,0.009508364,0
46,245,6.224,1123.454287,71065.5527,0,0,0,0.001436,0.002139,0,0,0,0,0,2.22174,3.37110503,0.101739081,0.009508364,0
46,245,6.224,1123.454287,71065.5527,0,0,0,29.05,0.076792,0,0,0,0,0,0,5.721119019,0.101739081,0.009508364,0
46,245,6.224,1123.454287,71065.5527,0.008333,0,0,0,0,0,0,0,0,0,1.65174,0.163878809,0.101739081,0.009508364,0
46,245,6.224,1123.454287,71065.5527,0.013892,0,0,0.077265,0.065813,0,0.74966,0,0,0,3.3018,0.506275725,0.101739081,0.009508364,0
46,245,6.224,1123.454287,71065.5527,0,0,0,0,0,0.79321,0.40452,0,0,0,0,2.473634728,0.101739081,0.009508364,0
46,245,6.224,1123.454287,71065.5527,0.005239,0,0,0,0,0,0,0,0,0,0,4.862686845,0.101739081,0.009508364,0
46,245,6.224,1123.454287,71065.5527,0.032101,0,0,0.008335,0,0,0,0,0,0,0.151728,12.02691112,0.101739081,0.009508364,0
46,245,6.224,1123.454287,71065.5527,0,0,0,0.0098389,0,0,0,0,0,0,0,14.97902997,0.101739081,0.009508364,0
46,245,6.224,1123.454287,71065.5527,0.003821,0,0,0.015552,0,0.78033,0,0,0,0,0.181728,8.643285575,0.101739081,0.009508364,0
46,245,6.224,1123.454287,71065.5527,0.060379,0,0,0,0,0,0,0,0,0,34.746,8.643285575,0.101739081,0.009508364,0
46,245,6.224,1123.454287,71065.5527,0,0,0,0.008335,0,0,0,0,0,0,9.8421,1.082901411,0.101739081,0.009508364,0
46,245,6.224,1123.454287,71065.5527,0.72108,0,0,0,0,0,0,0,0,0,0.37014,459.9889457,0.101739081,0.009508364,0
46,245,6.224,1123.454287,71065.5527,0.000063,0,0,1.0312,1.5408,0,0,0,0,0,1.1697,1.437091095,0.101739081,0.009508364,0
46,245,6.224,1123.454287,71065.5527,0.002784,0,0,0,0,0,27.06,0,0,0,0,1.753869239,0.101739081,0.009508364,0
46,245,6.224,1123.454287,71065.5527,0.005239,0,0,0,0,0,0,0,0,0,2.94174,544.8701155,0.101739081,0.009508364,0
46,245,6.224,1123.454287,71065.5527,0.25336,0,0,0,3.2358,0,0,0,0,0,0.151728,2.742428507,0.101739081,0.009508364,0
46,245,6.224,1123.454287,71065.5527,0.00524,0,0,0,0.003346,0,0,0,0,0,0.151728,41.65055169,0.101739081,0.009508364,0
46,245,6.224,1123.454287,71065.5527,0,0,0,0.0076281,0.67362,0,0,0,0,0,39.753,3.27635624,0.101739081,0.009508364,0
46,245,6.224,1123.454287,71065.5527,0.39529,0,0,0,0,0,6.9504,0,0,0,24.5118,8.563989377,0.101739081,0.009508364,0
46,245,6.224,1123.454287,71065.5527,13.595,0,0,0,2.529,0.080373,0,0,0,0,0.151728,2.550491043,0.101739081,0.009508364,0
46,245,6.224,1123.454287,71065.5527,0,0,0,0,0,0,0,0,0,0,0,1.912461635,0.101739081,0.009508364,0
46,245,6.224,1123.454287,71065.5527,0.061886,0,0,0.007214,0,0,16.305,0,0,0,0,4.862686845,0.101739081,0.009508364,0
47,246,4.25,1123.210279,71050.11765,1.6989,0,0,0,0,0,0.13028,0,0,0,0.181728,2.007567612,0.100460387,0.00938886,0
47,246,4.25,1123.210279,71050.11765,0,0,0,0,0,0,0,0,0,0,9.5499,0.301225485,0.100460387,0.00938886,0
47,246,4.25,1123.210279,71050.11765,0.008489,0,0,0,6.9699,0,0,0,0,0,0,0.085689464,0.100460387,0.00938886,0
47,246,4.25,1123.210279,71050.11765,0,0,0,1.788,0,0,0,0,0,0,0.70503,3.237208988,0.100460387,0.00938886,0
47,246,4.25,1123.210279,71050.11765,0.010521,0,0,55.04,0.44929,0,0,0,0,0,0.151728,0.541773565,0.100460387,0.00938886,0
47,246,4.25,1123.210279,71050.11765,0,0,0,0.14395,0,0,0,0,0,0,0,0.99739448,0.100460387,0.00938886,0
47,246,4.25,1123.210279,71050.11765,0.008333,0,0,0.008335,0,0,0,0,0,0,0.151728,25.71929039,0.100460387,0.00938886,0
47,246,4.25,1123.210279,71050.11765,0,0,0,0,0,0,0,0,0,0,0.151728,1.035375756,0.100460387,0.00938886,0
47,246,4.25,1123.210279,71050.11765,1.366,0,0,0.29765,0,0.014982,0,2.5894,0,0,12.8022,11.33524931,0.100460387,0.00938886,0
47,246,4.25,1123.210279,71050.11765,0.035255,0,0,0,0,0,0,0,0,0,0,6.495762651,0.100460387,0.00938886,0
47,246,4.25,1123.210279,71050.11765,0,0,0,0,1.3821,0,0,0,0,0,0.293307,1.035375756,0.100460387,0.00938886,0
47,246,4.25,1123.210279,71050.11765,0,0,0,0.0059107,0.005239,0,0,0,0,0,0.151728,0.99739448,0.100460387,0.00938886,0
47,246,4.25,1123.210279,71050.11765,0.03314,0,0,0.003821,0,0,0,0,0,0,0,0.219704697,0.100460387,0.00938886,0
47,246,4.25,1123.210279,71050.11765,0.08029,0,0,0,0.008333,0.77864,0,0,0,0,6.1116,0.219704697,0.100460387,0.00938886,0
47,246,4.25,1123.210279,71050.11765,2.9666,0,0,0.003539,0.0062716,0,0,0,0,0,0.151728,2.124635517,0.100460387,0.00938886,0
47,246,4.25,1123.210279,71050.11765,2.1165,0,0,0,0.003468,0.77921,0,0,0,0,0,0.423815456,0.100460387,0.00938886,0
47,246,4.25,1123.210279,71050.11765,0,0,0,0.0002525,0.005239,0,0,0,0,0,0,6.472102045,0.100460387,0.00938886,0
47,246,4.25,1123.210279,71050.11765,0,0,1.5397,0,0.042129,0.0024365,0,0,0,0,121.068,0.301225485,0.100460387,0.00938886,0
47,246,4.25,1123.210279,71050.11765,185.11,0,0,0,0.029406,6.5672,0,0,0,0,0,2.124635517,0.100460387,0.00938886,0
47,246,4.25,1123.210279,71050.11765,0.0055384,0,0,0,5.6507,1.0436,0,0,0,0,0.48174,0.423815456,0.100460387,0.00938886,0
47,246,4.25,1123.210279,71050.11765,0.011527,0,0,43.946,0,0,0,0,0,0,7.3257,15.12102526,0.100460387,0.00938886,0
47,246,4.25,1123.210279,71050.11765,0.0064565,0,6.8868,0.033648,0,0,0,0,0,0,0,15.12102526,0.100460387,0.00938886,0
47,246,4.25,1123.210279,71050.11765,0.008333,0,0,30.329,0,0,0,0.058089,0,0,0.151728,3.237208988,0.100460387,0.00938886,0
47,246,4.25,1123.210279,71050.11765,0,0,0,0,0,0,0,0,0,0,0.78174,13.06734301,0.100460387,0.00938886,0
47,246,4.25,1123.210279,71050.11765,0.22639,0,0,5.6081,0.018484,0,0.13028,0,0,0,0,0.219704697,0.100460387,0.00938886,0
47,246,4.25,1123.210279,71050.11765,51.143,0,0,0,0,0,0,0,0,0,78.063,0.219704697,0.100460387,0.00938886,0
47,246,4.25,1123.210279,71050.11765,0,0,0,3.4764,0,0,0,0,0,0,4.5198,11.68233493,0.100460387,0.00938886,0
47,246,4.25,1123.210279,71050.11765,0.46343,0,0,0.00524,5.4878,0,0,0,0,0,7.2111,2.474804353,0.100460387,0.00938886,0
47,246,4.25,1123.210279,71050.11765,0.005979,0,0,0,0.011841,0,0,0,0,0,0,2.474804353,0.100460387,0.00938886,0
47,246,4.25,1123.210279,71050.11765,0.002382,0,0,0,0,0,0,0,0,0,0,1.035375756,0.100460387,0.00938886,0
47,246,4.25,1123.210279,71050.11765,74.841,0,0,0,0,0,0,0,0,0,198.603,0.423815456,0.100460387,0.00938886,0
47,246,4.25,1123.210279,71050.11765,8.3092,0,0,0,1.1453,0,0,0,0,0,28.1349,0.301225485,0.100460387,0.00938886,0
47,246,4.25,1123.210279,71050.11765,0.010364,0,0,0.25593,0,0,0,0,0,0,1.63956,0.99739448,0.100460387,0.00938886,0
47,246,4.25,1123.210279,71050.11765,0,0,0,0,0.007148,0,0,0,0,0,1.88184,0.085689464,0.100460387,0.00938886,0
47,246,4.25,1123.210279,71050.11765,0,0,0,0.011652,0,0,0,0,0,0,0.273018,6.495762651,0.100460387,0.00938886,0
47,246,4.25,1123.210279,71050.11765,0.002031,0,0,0.000688,0,0.54889,0.13028,0,0,0,10.2414,11.33524931,0.100460387,0.00938886,0
47,246,4.25,1123.210279,71050.11765,0,0,0,0,0,0,0,0,0,0,8.9718,0.99739448,0.100460387,0.00938886,0
47,246,4.25,1123.210279,71050.11765,0.000081,0,0,0.016837,0,0,0,0,0,0,0.151728,1.651413523,0.100460387,0.00938886,0
47,246,4.25,1123.210279,71050.11765,0.001309,0,0,0.00524,2.1125,0.7828,0,0,0,0,0,2.474804353,0.100460387,0.00938886,0
47,246,4.25,1123.210279,71050.11765,0,0,0,0.009056,0,0.31917,0,0,0,0,28.0509,22.79016382,0.100460387,0.00938886,0
47,246,4.25,1123.210279,71050.11765,1.4804,0,0.011238,0,0.008333,8.6074,0,0,0,0,2.94174,0.423815456,0.100460387,0.00938886,0
47,246,4.25,1123.210279,71050.11765,0,0,0,0.002031,0,8.0819,0,0,0,0,1.65174,11.33524931,0.100460387,0.00938886,0
47,246,4.25,1123.210279,71050.11765,0,0,0,0,0.01787,0,0,0,0,0,0,4.278895437,0.100460387,0.00938886,0
47,246,4.25,1123.210279,71050.11765,0,0,0,0,0,0,0.13028,0,0,0,0.78999,3.237208988,0.100460387,0.00938886,0
47,246,4.25,1123.210279,71050.11765,0.00021,0,0,0.000716,3.8185,0,0,0,0,0,0,0.541773565,0.100460387,0.00938886,0
47,246,4.25,1123.210279,71050.11765,0,0,0,0.007148,5.2021,0,71.996,0,0,0,0.151728,2.124635517,0.100460387,0.00938886,0
47,246,4.25,1123.210279,71050.11765,0,0,0.0052445,0.000688,0,0,25.715,0,0,0,0,1.651413523,0.100460387,0.00938886,0
47,246,4.25,1123.210279,71050.11765,0,0,0,0,0.008333,0,0,0,0,0,0.151728,0.085689464,0.100460387,0.00938886,0
47,246,4.25,1123.210279,71050.11765,0.050392,0,0,4.6787,0.046926,0,0.021726,0,0,0,5.7318,0.423815456,0.100460387,0.00938886,0
47,246,4.25,1123.210279,71050.11765,2.2494,0,0,17.373,0,0,0,0,0,0,0,0.99739448,0.100460387,0.00938886,0
47,246,4.25,1123.210279,71050.11765,0,0,0,0,0,0.060187,0,0,0,0,0.151728,0.219704697,0.100460387,0.00938886,0
47,246,4.25,1123.210279,71050.11765,0.008333,0,0,0.00014,0,0,0,0,0,0,0.151728,0.301225485,0.100460387,0.00938886,0
47,246,4.25,1123.210279,71050.11765,12.994,0,0,0,0,0,20.78,0,0,0,121.068,0.423815456,0.100460387,0.00938886,0
47,246,4.25,1123.210279,71050.11765,0.002598,0,0,0.009064,0.17103,0.000182,0,0,0,0,0,2.474804353,0.100460387,0.00938886,0
47,246,4.25,1123.210279,71050.11765,0.008333,0,0,0,9.8934,0,0,0,0,0,0.151728,2.124635517,0.100460387,0.00938886,0
47,246,4.25,1123.210279,71050.11765,12.38,0,0,0,0,0.0004275,0.40452,0,0,0,2.22174,0.423815456,0.100460387,0.00938886,0
47,246,4.25,1123.210279,71050.11765,0,0,0,0,0.0088426,0,0,10.023,0,0,15.9147,3.789481443,0.100460387,0.00938886,0
47,246,4.25,1123.210279,71050.11765,0.005372,0,0,0,0,0,0,0,0,0,6.5418,0.085689464,0.100460387,0.00938886,0
47,246,4.25,1123.210279,71050.11765,0.001326,0,0,0.013415,0.014078,0,0,0,0,0,10.4415,0.423815456,0.100460387,0.00938886,0
47,246,4.25,1123.210279,71050.11765,0,0,0,0,0.008333,0,24.831,0,0,0,0,2.474804353,0.100460387,0.00938886,0
47,246,4.25,1123.210279,71050.11765,0,0,0,0,0.013476,0,0,0,0,0,0,0.301225485,0.100460387,0.00938886,0
47,246,4.25,1123.210279,71050.11765,0.11748,0,0,2.3519,0,0,0,0,0,0,0,2.124635517,0.100460387,0.00938886,0
47,246,4.25,1123.210279,71050.11765,0.042136,0,0,0.00524,2.439,0,0,0,0,0,3.6486,3.237208988,0.100460387,0.00938886,0
47,246,4.25,1123.210279,71050.11765,0.014773,0,0,0.013024,0,0,0,0,0,0,0.151728,3.237208988,0.100460387,0.00938886,0
47,246,4.25,1123.210279,71050.11765,0,0,0,0,0.046032,0,0,0,0,0,1.21974,6.472102045,0.100460387,0.00938886,0
47,246,4.25,1123.210279,71050.11765,0,0,0,6.376,0,0,0,0,0,0,2.52933,1.651413523,0.100460387,0.00938886,0
47,246,4.25,1123.210279,71050.11765,0.18244,0,0,0.003538,0.002772,0,0,0,0,0,0,17.60572724,0.100460387,0.00938886,0
47,246,4.25,1123.210279,71050.11765,0,0,0,0,0.002492,0,0,0,0,0,0.151728,6.472102045,0.100460387,0.00938886,0
47,246,4.25,1123.210279,71050.11765,0,0,0,0,7.0112,0,0,0,0,0,0.151728,3.237208988,0.100460387,0.00938886,0
47,246,4.25,1123.210279,71050.11765,7.9784,0,0,0,0,0,0,0,0,0,0.78174,3.237208988,0.100460387,0.00938886,0
47,246,4.25,1123.210279,71050.11765,0.008335,0,0,0,0.000124,0.014181,0,0,0,0,0,2.474804353,0.100460387,0.00938886,0
47,246,4.25,1123.210279,71050.11765,0.005372,0,0,0,16.858,0,21.569,0,0,0,19.6818,3.789481443,0.100460387,0.00938886,0
47,246,4.25,1123.210279,71050.11765,0,0,3.8199,0,0.72843,0,0,0,0,0,43.602,1.035375756,0.100460387,0.00938886,0
47,246,4.25,1123.210279,71050.11765,0,0,0,0,0.90312,0,0,0,0,0,0.151728,6.472102045,0.100460387,0.00938886,0
47,246,4.25,1123.210279,71050.11765,0,0,0,0.008333,0,0,14.556,0,0,0,0.151728,0.423815456,0.100460387,0.00938886,0
47,246,4.25,1123.210279,71050.11765,0.29343,0,0,0,0.041022,0,0,0,0,0,0,0.423815456,0.100460387,0.00938886,0
47,246,4.25,1123.210279,71050.11765,0,0,0,0,0.008333,0,0,0,0,0,1.17966,4.278895437,0.100460387,0.00938886,0
47,246,4.25,1123.210279,71050.11765,0.4515,0,0,0,0.005239,0,0,0,0,0,0.151728,0.219704697,0.100460387,0.00938886,0
47,246,4.25,1123.210279,71050.11765,0.15204,0,0,29.05,0,0,0,0,0,0,35.547,4.278895437,0.100460387,0.00938886,0
47,246,4.25,1123.210279,71050.11765,9.3106,0,0,0,13.549,0,0,0,0,0,0.151728,0.99739448,0.100460387,0.00938886,0
47,246,4.25,1123.210279,71050.11765,0.043527,0,0,0,0,0,0.13028,0,0,0,6.258,11.33524931,0.100460387,0.00938886,0
47,246,4.25,1123.210279,71050.11765,0,0,0,0,0.003538,0,338.29,0,0,0,0,2.007567612,0.100460387,0.00938886,0
47,246,4.25,1123.210279,71050.11765,1.3203,0,0,0,0,0,91.335,0,0,0,0.50493,3.237208988,0.100460387,0.00938886,0
47,246,4.25,1123.210279,71050.11765,0.0056,0,0,0.58718,0.010373,0,0,0,0,0,0.151728,0.085689464,0.100460387,0.00938886,0
47,246,4.25,1123.210279,71050.11765,0,0,0,1.3632,0,0,0,0,0,0,0.151728,0.423815456,0.100460387,0.00938886,0
47,246,4.25,1123.210279,71050.11765,0.012423,0,0,0,0.002156,0,0,0,0,0,15.3204,3.237208988,0.100460387,0.00938886,0
47,246,4.25,1123.210279,71050.11765,3.8421,0,0,0,0.008333,0,0,0,0,0,0,4.278895437,0.100460387,0.00938886,0
47,246,4.25,1123.210279,71050.11765,0.006702,0,0,0.13825,0,0,0,0,0,0,0,0.219704697,0.100460387,0.00938886,0
47,246,4.25,1123.210279,71050.11765,0.50457,0,0,0,0,0,0,0,0,0,2.41287,3.789481443,0.100460387,0.00938886,0
47,246,4.25,1123.210279,71050.11765,0.0045845,0,0,0.65046,0.18217,0,0,0,0,0,198.615,1.035375756,0.100460387,0.00938886,0
47,246,4.25,1123.210279,71050.11765,0.009261,0,0,0.03272,0,0,52.175,0,0,0,1.67382,0.541773565,0.100460387,0.00938886,0
47,246,4.25,1123.210279,71050.11765,5.7412,0,0,0,0,0,0,0,0,0,0.151728,0.541773565,0.100460387,0.00938886,0
47,246,4.25,1123.210279,71050.11765,0,0,0,4.7441,0.0088426,0,0,0,0,0,0.151728,0.423815456,0.100460387,0.00938886,0
47,246,4.25,1123.210279,71050.11765,0.011957,0,0,0,0,9.7428,0,0,0,0,1.47252,11.68233493,0.100460387,0.00938886,0
47,246,4.25,1123.210279,71050.11765,0.00753,0,1.0507,0,1.3478,0.79321,0.67845,0,47.196,0,0.151728,0.541773565,0.100460387,0.00938886,0
47,246,4.25,1123.210279,71050.11765,0.005239,0,0,0.0011005,0.014941,0,0,0,0,0,0,6.472102045,0.100460387,0.00938886,0
47,246,4.25,1123.210279,71050.11765,0.012154,0,0,0.000716,0,0,77.672,0.80785,0.12296,0,2.94174,17.60572724,0.100460387,0.00938886,0
47,246,4.25,1123.210279,71050.11765,0.005769,0,0,0,0.52251,0,118.54,0,0,0,0,2.124635517,0.100460387,0.00938886,0
47,246,4.25,1123.210279,71050.11765,0.90611,0,0,25.355,0,0,0.13028,0,0,0,0.151728,0.541773565,0.100460387,0.00938886,0
47,246,4.25,1123.210279,71050.11765,0,0,0,0,0,0,0,0,0,0,44.763,0.219704697,0.100460387,0.00938886,0
47,246,4.25,1123.210279,71050.11765,2.9666,0,0,0,0,0,0.13028,0,0,0,22.6218,13.06734301,0.100460387,0.00938886,0
47,246,4.25,1123.210279,71050.11765,0.00524,0,0,0,0.27367,0,0,0,0,0,0,11.33524931,0.100460387,0.00938886,0
47,246,4.25,1123.210279,71050.11765,0.041249,0,0,0,0,0,0,0,3.4106,0,0,10.04744876,0.100460387,0.00938886,0
47,246,4.25,1123.210279,71050.11765,0.010521,0,0,0,0,0,0,0,0,0,0.151728,11.33524931,0.100460387,0.00938886,0
47,246,4.25,1123.210279,71050.11765,0.016058,0,0,0,50.346,0.00524,0,0,0,0,0.280446,1.651413523,0.100460387,0.00938886,0
47,246,4.25,1123.210279,71050.11765,0.022279,0,0,0.1451,0.009056,0,0,0,0,0,8.3751,10.04744876,0.100460387,0.00938886,0
47,246,4.25,1123.210279,71050.11765,0.071675,0,0,0,0,0,0,0,0,0,10.6086,15.12102526,0.100460387,0.00938886,0
47,246,4.25,1123.210279,71050.11765,0,0,0,0,2.1344,0,0,0,0,0,29.4918,1.651413523,0.100460387,0.00938886,0
47,246,4.25,1123.210279,71050.11765,19.622,0,0,0.48873,0,0,0,0,0,0,0,13.06734301,0.100460387,0.00938886,0
47,246,4.25,1123.210279,71050.11765,6.8104,0,0,5.1219,9.0733,0.7814,0,0,0,0,29.2218,3.789481443,0.100460387,0.00938886,0
47,246,4.25,1123.210279,71050.11765,3.2852,0,0,0,0,0,0,0,0,0,0,11.68233493,0.100460387,0.00938886,0
47,246,4.25,1123.210279,71050.11765,0.008333,0,0,0.000739,5.3243,0,0,0,0,0,0.151728,3.789481443,0.100460387,0.00938886,0
47,246,4.25,1123.210279,71050.11765,0,0,0,0.008333,0,0,0,0,0,0,0,17.60572724,0.100460387,0.00938886,0
47,246,4.25,1123.210279,71050.11765,0.008585,0,0,0.008333,0,0,0,0,0,0,0.151728,1.035375756,0.100460387,0.00938886,0
47,246,4.25,1123.210279,71050.11765,0,0,0,0,0,0,0,0,0,0,1.09647,2.474804353,0.100460387,0.00938886,0
47,246,4.25,1123.210279,71050.11765,0,0,0,0.008333,0.00524,0.78548,0.021726,0,0,0,0,0.423815456,0.100460387,0.00938886,0
47,246,4.25,1123.210279,71050.11765,0.006702,0,0,2.2778,813.22,0,0,0,0,0,9.5499,6.472102045,0.100460387,0.00938886,0
47,246,4.25,1123.210279,71050.11765,0,0,0,0,0,0,0,0,0,0,4.8687,3.237208988,0.100460387,0.00938886,0
47,246,4.25,1123.210279,71050.11765,0,0,0,0,0,0,0,0,0,0,0.77829,0.99739448,0.100460387,0.00938886,0
47,246,4.25,1123.210279,71050.11765,0.51613,0,0,0,3.0408,0,0,0,0,0,0.151728,0.99739448,0.100460387,0.00938886,0
47,246,4.25,1123.210279,71050.11765,0,0,0,0.38795,0.010122,0,15.481,0,0,0,0,0.541773565,0.100460387,0.00938886,0
47,246,4.25,1123.210279,71050.11765,1.1984,0,0,0,0.33405,0,0,0,0,0,63.09,0.541773565,0.100460387,0.00938886,0
47,246,4.25,1123.210279,71050.11765,0,0,0,0.003821,14.569,0,0,0,0,0,0,10.04744876,0.100460387,0.00938886,0
47,246,4.25,1123.210279,71050.11765,0.007148,0,0,0,0.000688,0,0,0,0,0,151.038,0.99739448,0.100460387,0.00938886,0
47,246,4.25,1123.210279,71050.11765,0,0,0,0,0.63967,0,0,0,0,0,0.283572,0.99739448,0.100460387,0.00938886,0
47,246,4.25,1123.210279,71050.11765,8.6108,0,0,0.008333,0,0,0,0,0,0,198.615,2.007567612,0.100460387,0.00938886,0
47,246,4.25,1123.210279,71050.11765,0,0,0,0.008332,0,0,0.021726,0,0,0,0.151728,11.33524931,0.100460387,0.00938886,0
47,246,4.25,1123.210279,71050.11765,0,0,0,0,0,0.77921,0,0,0,0,0,15.12102526,0.100460387,0.00938886,0
47,246,4.25,1123.210279,71050.11765,3.0939,0,0,0,0,0,18.58,0,0,0,4.6029,0.541773565,0.100460387,0.00938886,0
47,246,4.25,1123.210279,71050.11765,0,0,0,0,4.3986,0,0,0.79315,0,0,0.151728,2.474804353,0.100460387,0.00938886,0
47,246,4.25,1123.210279,71050.11765,0,0,0,0.29765,0,0.79385,0,0,0,0,1.5003,1.651413523,0.100460387,0.00938886,0
47,246,4.25,1123.210279,71050.11765,0.0068531,0,0,0,0.0033865,0,0,0,0,0,0.75174,0.301225485,0.100460387,0.00938886,0
47,246,4.25,1123.210279,71050.11765,0,0,0,0.1455,0,0,71.892,0,0,0,23.3337,2.474804353,0.100460387,0.00938886,0
47,246,4.25,1123.210279,71050.11765,0.01357,0,0,0.00315,0.0001875,0,0,0,0,0,1.57179,6.472102045,0.100460387,0.00938886,0
47,246,4.25,1123.210279,71050.11765,0.0088426,0,0,0.029402,0.10115,0.77921,0.10863,0,0,0,0.151728,3.237208988,0.100460387,0.00938886,0
47,246,4.25,1123.210279,71050.11765,0.00524,0,0,0.002011,0,0,0,0,0,0,0,1.035375756,0.100460387,0.00938886,0
47,246,4.25,1123.210279,71050.11765,0,0,0,0,0.000251,0,0.67053,0,0,0,0.151728,0.423815456,0.100460387,0.00938886,0
47,246,4.25,1123.210279,71050.11765,21.786,0,0,0,0,0,0,0,0,0,9.0018,10.04744876,0.100460387,0.00938886,0
47,246,4.25,1123.210279,71050.11765,2.6701,0,0,0.11797,0.000063,0,0,0,0,0,0.151728,6.472102045,0.100460387,0.00938886,0
47,246,4.25,1123.210279,71050.11765,0.008333,0,0,0.70621,0,0,0,0,0,0,0.151728,15.12102526,0.100460387,0.00938886,0
47,246,4.25,1123.210279,71050.11765,0.007221,0,0,0,0,0,26.325,0,0,0,0.151728,0.99739448,0.100460387,0.00938886,0
47,246,4.25,1123.210279,71050.11765,0.39409,0,0,0.008332,0,0,0,0,0,0,0.151728,15.12102526,0.100460387,0.00938886,0
47,246,4.25,1123.210279,71050.11765,0,0,0,0.01048,0.0068531,0,0,0,0,0,14.4696,2.474804353,0.100460387,0.00938886,0
47,246,4.25,1123.210279,71050.11765,0,0,0,0,514.83,0,0,0,0,0,0,10.04744876,0.100460387,0.00938886,0
47,246,4.25,1123.210279,71050.11765,21.786,0,0,0.00043,0,0,0,0,0,0,0.151728,0.301225485,0.100460387,0.00938886,0
47,246,4.25,1123.210279,71050.11765,0.00062,0,0,0,0,0,0,0,0,0,0,0.541773565,0.100460387,0.00938886,0
47,246,4.25,1123.210279,71050.11765,5.865,0,0,0.008333,0,0,0,0,0,0,1.42239,2.474804353,0.100460387,0.00938886,0
47,246,4.25,1123.210279,71050.11765,8.933,0,0,0,0,0,0,0,0,0,9.8421,107.6982002,0.100460387,0.00938886,0
47,246,4.25,1123.210279,71050.11765,0,0,0,47.493,0,1.944,0,0,0,0,8.8155,0.301225485,0.100460387,0.00938886,0
47,246,4.25,1123.210279,71050.11765,0.00036,0,0,853.16,0,0,0,0,0,0,0,2.124635517,0.100460387,0.00938886,0
47,246,4.25,1123.210279,71050.11765,872.97,0,0,0,0,0,0,0,0,0,0.151728,1.035375756,0.100460387,0.00938886,0
47,246,4.25,1123.210279,71050.11765,0,0,0,0,0,0,0,0,0,0,0.6021,3.237208988,0.100460387,0.00938886,0
47,246,4.25,1123.210279,71050.11765,0.0094528,0,0,0,0.065813,0,0,0,0,0,0,1.651413523,0.100460387,0.00938886,0
47,246,4.25,1123.210279,71050.11765,0.00014,0,0,0,0.005395,0,0.59876,0,0,0,0,15.12102526,0.100460387,0.00938886,0
47,246,4.25,1123.210279,71050.11765,0,0,0,0,0,0,0,0,0,0,0,0.301225485,0.100460387,0.00938886,0
47,246,4.25,1123.210279,71050.11765,0,0,0,0,0,0,0,0,0,0,0.151728,2.124635517,0.100460387,0.00938886,0
47,246,4.25,1123.210279,71050.11765,0,0,0.57588,0,0,0,0,0,0,0,0.151728,1.035375756,0.100460387,0.00938886,0
47,246,4.25,1123.210279,71050.11765,0,0,0,0,0,0,0,0,0,0,0.151728,3.237208988,0.100460387,0.00938886,0
47,246,4.25,1123.210279,71050.11765,6.5562,0,0,0,0,0,0,0,0,0,0,11.33524931,0.100460387,0.00938886,0
47,246,4.25,1123.210279,71050.11765,0.012154,0,0,0,1.2072,0,0,0,0,0,0.45174,0.219704697,0.100460387,0.00938886,0
47,246,4.25,1123.210279,71050.11765,0.070781,0,0,11.876,0,0,0,0,0,0,11.1597,2.007567612,0.100460387,0.00938886,0
47,246,4.25,1123.210279,71050.11765,184.67,0,0,52.922,0,0,0.10863,0,0,0,0,0.085689464,0.100460387,0.00938886,0
47,246,4.25,1123.210279,71050.11765,0,0,0,0.055562,0,0,0.67053,0,0,0,3.3057,2.124635517,0.100460387,0.00938886,0
47,246,4.25,1123.210279,71050.11765,0.026038,0,0,0.80704,0.00524,13.442,0,0,0,0,5.1363,2.124635517,0.100460387,0.00938886,0
47,246,4.25,1123.210279,71050.11765,0,0,0,0,0,0,0,0,0,0,0,2.474804353,0.100460387,0.00938886,0
47,246,4.25,1123.210279,71050.11765,0.00524,0,0,0,0.0070165,0,0,0,0,0,0,2.124635517,0.100460387,0.00938886,0
47,246,4.25,1123.210279,71050.11765,0.008321,0,0,0,0,0,9.1898,0,0,0,0.151728,0.541773565,0.100460387,0.00938886,0
47,246,4.25,1123.210279,71050.11765,0,0,0,0.008333,0.076792,2.6999,0,0,0,0,0,0.541773565,0.100460387,0.00938886,0
47,246,4.25,1123.210279,71050.11765,0.15204,0,0,0.010165,0.008333,0,0,0,0,0,0,3.789481443,0.100460387,0.00938886,0
47,246,4.25,1123.210279,71050.11765,0.027357,0,0,0,0,0.89381,0,0,0,0,0.151728,0.423815456,0.100460387,0.00938886,0
47,246,4.25,1123.210279,71050.11765,0.12797,0,0,0.33642,0.010373,0,0.13028,0,0,0,0,0.219704697,0.100460387,0.00938886,0
47,246,4.25,1123.210279,71050.11765,2.6123,0,0,0.99417,0,0,0,0,0,0,12.3399,2.474804353,0.100460387,0.00938886,0
47,246,4.25,1123.210279,71050.11765,0.008333,0,0,0,5.2021,0,0,0,0,0,0.151728,3.789481443,0.100460387,0.00938886,0
47,246,4.25,1123.210279,71050.11765,0.20881,0,0,0,0,0,0,0,0,0,1.52439,0.219704697,0.100460387,0.00938886,0
47,246,4.25,1123.210279,71050.11765,7.9005,0,0,0,0,0,0,0,0,0,8.9418,3.237208988,0.100460387,0.00938886,0
47,246,4.25,1123.210279,71050.11765,0.39529,0,0,0,0,0,0,0,0,0,28.8018,6.472102045,0.100460387,0.00938886,0
47,246,4.25,1123.210279,71050.11765,0,0,0.003346,4.1588,5.6507,0,0,0,0,0,0.151728,1.035375756,0.100460387,0.00938886,0
47,246,4.25,1123.210279,71050.11765,0,0,0,0.1451,0,0,0,0,0,0,8.5524,3.237208988,0.100460387,0.00938886,0
47,246,4.25,1123.210279,71050.11765,2.6701,0,0,0,10.361,0,0,0,0,0,4.5198,11.33524931,0.100460387,0.00938886,0
47,246,4.25,1123.210279,71050.11765,0.71313,0,0,0,0,0,0,0,0,0,0.151728,15.12102526,0.100460387,0.00938886,0
47,246,4.25,1123.210279,71050.11765,1.5202,0,0,0.008333,0.26036,0,0,0,0,0,2.21025,230.0573677,0.100460387,0.00938886,0
47,246,4.25,1123.210279,71050.11765,0.72108,0,0,0,0,0,0.74966,0,0,0,0.151728,6.472102045,0.100460387,0.00938886,0
47,246,4.25,1123.210279,71050.11765,0,0,0,0.01377,0,0,0,0,0,0,0,1.651413523,0.100460387,0.00938886,0
47,246,4.25,1123.210279,71050.11765,0.034133,0,0,31.038,0,0,0,0,0,0,2.52933,6.495762651,0.100460387,0.00938886,0
47,246,4.25,1123.210279,71050.11765,13.595,0,0,0,0,20.64,0,0,0,0,0,2.474804353,0.100460387,0.00938886,0
47,246,4.25,1123.210279,71050.11765,2.5794,0,0,0,0,0,0,0,0,0,0.151728,3.789481443,0.100460387,0.00938886,0
47,246,4.25,1123.210279,71050.11765,0.00524,0,0,0,0.001326,0.77921,0.13028,0,0,0,0,1.035375756,0.100460387,0.00938886,0
47,246,4.25,1123.210279,71050.11765,0,0,0.4922,0,0.008333,0,44.799,0,0,0,5.7318,2.124635517,0.100460387,0.00938886,0
47,246,4.25,1123.210279,71050.11765,0.0083909,0,0,4.4257,0.0022594,0,0,0,0,0,0.276939,4.278895437,0.100460387,0.00938886,0
47,246,4.25,1123.210279,71050.11765,0,0,0,0,1.649,0,0,0,0,0,0.151728,15.12102526,0.100460387,0.00938886,0
47,246,4.25,1123.210279,71050.11765,0.000545,0,0,0.000063,0.027077,0,0,0,0,0,0.181728,2.474804353,0.100460387,0.00938886,0
47,246,4.25,1123.210279,71050.11765,0,0,0,0.047407,0,0,38.932,0,0,0,0,3.789481443,0.100460387,0.00938886,0
47,246,4.25,1123.210279,71050.11765,0,0,5.2658,0,0.00524,0,0,0,0,0,0,0.219704697,0.100460387,0.00938886,0
47,246,4.25,1123.210279,71050.11765,0.00524,0,0,0,0,0,0,0,0,0,0,0.541773565,0.100460387,0.00938886,0
47,246,4.25,1123.210279,71050.11765,0.039743,0,0,0,0,0,0,128.38,0,0,0,17.60572724,0.100460387,0.00938886,0
47,246,4.25,1123.210279,71050.11765,0,0,0.016815,0,0,0,8.872,0,0,0,0.70341,3.789481443,0.100460387,0.00938886,0
47,246,4.25,1123.210279,71050.11765,0.034133,0,0,0,0,0,0,0,0,0,0.279615,6.472102045,0.100460387,0.00938886,0
47,246,4.25,1123.210279,71050.11765,0.061886,0,0,0,0.008332,0,0,0,0,0,0.151728,11.33524931,0.100460387,0.00938886,0
47,246,4.25,1123.210279,71050.11765,0,0,0,0,0.010122,0,0,0,0,0,38.517,2.124635517,0.100460387,0.00938886,0
47,246,4.25,1123.210279,71050.11765,46.878,0,0,6.6789,0,0,0,0,0,0,1.52439,15.12102526,0.100460387,0.00938886,0
47,246,4.25,1123.210279,71050.11765,0,0,0,0,6.78,0,0,0,0,0,22.6218,2.124635517,0.100460387,0.00938886,0
47,246,4.25,1123.210279,71050.11765,3.2227,0,0,4.2796,0,3.5685,0,0,0,0,0.151728,3.237208988,0.100460387,0.00938886,0
47,246,4.25,1123.210279,71050.11765,0,0,0,0,0.026162,0,0,0,0,0,0.285792,15.12102526,0.100460387,0.00938886,0
47,246,4.25,1123.210279,71050.11765,0.029004,0,0,0.00524,0.005239,0,0.059897,0,0,0,0,3.789481443,0.100460387,0.00938886,0
47,246,4.25,1123.210279,71050.11765,0,0,0,0.02762,0.44929,0,0,0,0,0,0.151728,3.237208988,0.100460387,0.00938886,0
47,246,4.25,1123.210279,71050.11765,0.011297,0,1.3736,0,1.0363,0.79678,0,0,0,0,8.3751,0.99739448,0.100460387,0.00938886,0
47,246,4.25,1123.210279,71050.11765,0.011957,0,0,0,0,0,0,0,0,0,0,0.085689464,0.100460387,0.00938886,0
47,246,4.25,1123.210279,71050.11765,0,0,0,0,0.008333,0,0,0,0,0,123.993,0.085689464,0.100460387,0.00938886,0
47,246,4.25,1123.210279,71050.11765,1.5561,0,0,0,0.002031,0,0,0,0,0,0.151728,1.651413523,0.100460387,0.00938886,0
47,246,4.25,1123.210279,71050.11765,0.018381,0,0,0,0.21081,0,0,0,0,0,0.151728,25.71929039,0.100460387,0.00938886,0
47,246,4.25,1123.210279,71050.11765,0.007697,0,0,0.005769,0,0,0,0,0,0,3.2364,22.79016382,0.100460387,0.00938886,0
47,246,4.25,1123.210279,71050.11765,0.0083909,0,0,0,0,0,0,0,0,0,0,0.541773565,0.100460387,0.00938886,0
47,246,4.25,1123.210279,71050.11765,0.013573,0,0,0.008333,0,0,0.13028,0,0,0,0.151728,15.12102526,0.100460387,0.00938886,0
47,246,4.25,1123.210279,71050.11765,0,0,0,0.003538,0.25607,0,0,0,0,0,0.33174,2.007567612,0.100460387,0.00938886,0
47,246,4.25,1123.210279,71050.11765,0.19126,0,0,0,0.005239,0,0.13028,0,0,0,6.5418,0.219704697,0.100460387,0.00938886,0
47,246,4.25,1123.210279,71050.11765,1.1697,0,0,0.9504,0,0,0,0,0,0,0,0.99739448,0.100460387,0.00938886,0
47,246,4.25,1123.210279,71050.11765,0.18449,0,0,0,0.00524,13.237,0,0,0,0,34.746,0.301225485,0.100460387,0.00938886,0
47,246,4.25,1123.210279,71050.11765,0.5201,0,0,0,198.9,0,0,11.835,0,0,0.151728,0.219704697,0.100460387,0.00938886,0
47,246,4.25,1123.210279,71050.11765,16.8,0,0,0.071721,0,0,0,0,0,0,0,1.651413523,0.100460387,0.00938886,0
47,246,4.25,1123.210279,71050.11765,0.011297,0,0,0.008333,0,0,0.13028,0,0,0,0.151728,6.472102045,0.100460387,0.00938886,0
47,246,4.25,1123.210279,71050.11765,0,0,0,0,0,0,0,0,0.00062,0,0.151728,2.124635517,0.100460387,0.00938886,0
47,246,4.25,1123.210279,71050.11765,0.00524,0,0,0.013976,0.00062,0,0,0,0,0,7.0518,2.124635517,0.100460387,0.00938886,0
47,246,4.25,1123.210279,71050.11765,0.3267,0,0,0,0.73688,0,0.74966,0,0,0,0,0.301225485,0.100460387,0.00938886,0
47,246,4.25,1123.210279,71050.11765,2.6701,0,0,0,0.49136,0,0,0,0,0,1.65174,2.474804353,0.100460387,0.00938886,0
47,246,4.25,1123.210279,71050.11765,0.22208,0,0,0,0.65463,0,0,0,0,0,2.10972,2.124635517,0.100460387,0.00938886,0
47,246,4.25,1123.210279,71050.11765,0.0068531,0,0,1.1486,0,0,0,0,0,0,0.151728,0.541773565,0.100460387,0.00938886,0
47,246,4.25,1123.210279,71050.11765,0,0,0,0.18118,0,0,0,0,0,0,0,10.04744876,0.100460387,0.00938886,0
47,246,4.25,1123.210279,71050.11765,0,0,0,0,0.21081,0,0,0,0,0,0,15.12102526,0.100460387,0.00938886,0
47,246,4.25,1123.210279,71050.11765,0,0,1.2266,0.008333,0,0,51.57,0,0,0,60.207,2.124635517,0.100460387,0.00938886,0
47,246,4.25,1123.210279,71050.11765,0,0,0,0,0,0,0,0,0,0,27.5562,3.237208988,0.100460387,0.00938886,0
47,246,4.25,1123.210279,71050.11765,0.026038,0,0,10.118,0,0.79385,28.076,0,0,0,0,3.237208988,0.100460387,0.00938886,0
47,246,4.25,1123.210279,71050.11765,0,0,0,0,0,0,0.13028,0,0,0,0,0.423815456,0.100460387,0.00938886,0
47,246,4.25,1123.210279,71050.11765,0,0,0,0,0,0,0,0,0,0,0.151728,4.278895437,0.100460387,0.00938886,0
47,246,4.25,1123.210279,71050.11765,0,0,0,0,0,3.2273,0,0,0,0,42.996,0.085689464,0.100460387,0.00938886,0
47,246,4.25,1123.210279,71050.11765,14.115,0,0,0.1075,0.52975,0,0,0,0,0,0.278532,0.541773565,0.100460387,0.00938886,0
47,246,4.25,1123.210279,71050.11765,0,0,0,0,0,0,0.60778,1.5395,0,0,123.459,15.12102526,0.100460387,0.00938886,0
47,246,4.25,1123.210279,71050.11765,6.7661,0,0,12.981,0,0,0,0,0,0,0.279942,0.541773565,0.100460387,0.00938886,0
47,246,4.25,1123.210279,71050.11765,0.0152,0,0,0,0.0094073,0,0,0,0,0,0.151728,0.99739448,0.100460387,0.00938886,0
47,246,4.25,1123.210279,71050.11765,0.11748,0,0,0,0,0,24.479,0,0,0,0,0.99739448,0.100460387,0.00938886,0
47,246,4.25,1123.210279,71050.11765,0.2494,0,0,0.008333,0.000063,0,0,0,0,0,3.3018,3.237208988,0.100460387,0.00938886,0
47,246,4.25,1123.210279,71050.11765,0,0,0,0.01377,0.79075,0,0,0,0,0,13.5936,0.085689464,0.100460387,0.00938886,0
47,246,4.25,1123.210279,71050.11765,6.5562,0,0,0.25593,0,0,0,0,12.418,0,0,3.789481443,0.100460387,0.00938886,0
47,246,4.25,1123.210279,71050.11765,0,0,0,0.01254,0,0,0.74966,0,0,0,0.151728,0.301225485,0.100460387,0.00938886,0
47,246,4.25,1123.210279,71050.11765,0.061767,0,0,0,14.269,0,0,0,0,0,0,11.68233493,0.100460387,0.00938886,0
47,246,4.25,1123.210279,71050.11765,0,0,0,0,0,0,13.103,0,0,0,0.276939,0.301225485,0.100460387,0.00938886,0
47,246,4.25,1123.210279,71050.11765,0,0,0,1.3632,0,0,0,0,0,0,4.6839,22.79016382,0.100460387,0.00938886,0
47,246,4.25,1123.210279,71050.11765,0.013573,0,0,0,0.00524,0,0,0,0,0,1.10577,0.541773565,0.100460387,0.00938886,0
47,246,4.25,1123.210279,71050.11765,0,0,0,0,0.008333,0,0,0,0,0,0.151728,0.423815456,0.100460387,0.00938886,0
47,246,4.25,1123.210279,71050.11765,0,0,0,0,0,0.31917,0,0,0,0,0.151728,2.124635517,0.100460387,0.00938886,0
47,246,4.25,1123.210279,71050.11765,0,0,0,0.05917,0,0,0,0,0,0,0,4.278895437,0.100460387,0.00938886,0
47,246,4.25,1123.210279,71050.11765,0.018338,0,0,0,0.17886,0,0,0,0,0,0,0.085689464,0.100460387,0.00938886,0
47,246,4.25,1123.210279,71050.11765,0,0,0,13.805,4.2931,0,0,0,0,0,0,6.495762651,0.100460387,0.00938886,0
47,246,4.25,1123.210279,71050.11765,0,0,0,0,0.78045,0,0,0,0,0,0,3.789481443,0.100460387,0.00938886,0
47,246,4.25,1123.210279,71050.11765,0,0,0,30.329,0,0,0,0,0,0,0,3.789481443,0.100460387,0.00938886,0
47,246,4.25,1123.210279,71050.11765,0.045123,0,0,0,0.86472,0,0,0,0,0,176.907,1.035375756,0.100460387,0.00938886,0
47,246,4.25,1123.210279,71050.11765,0,0,0,0,0,0.015921,0,0,0,0,0,6.472102045,0.100460387,0.00938886,0
47,246,4.25,1123.210279,71050.11765,0,0,0,0.077265,0.035884,0,0,0,0,0,0.151728,3.789481443,0.100460387,0.00938886,0
47,246,4.25,1123.210279,71050.11765,0.000752,0,0,35.501,0,0.014982,0,0,0,0,2.21025,143.9831763,0.100460387,0.00938886,0
47,246,4.25,1123.210279,71050.11765,0,0,0,0.008333,0,0,0,0,0,0,0,0.99739448,0.100460387,0.00938886,0
47,246,4.25,1123.210279,71050.11765,0.00644,0,0,0,0,0,0,0,0,0,0,1.035375756,0.100460387,0.00938886,0
47,246,4.25,1123.210279,71050.11765,0,0,0,0,0,10.661,5.3904,0,0,0,69.483,11.33524931,0.100460387,0.00938886,0
47,246,4.25,1123.210279,71050.11765,0.0031025,0,0,0,0.005239,0,0,0,0,0,17.1858,10.04744876,0.100460387,0.00938886,0
47,246,4.25,1123.210279,71050.11765,0,0,0,0,0,0.78144,0,0,0,0,0,3.237208988,0.100460387,0.00938886,0
47,246,4.25,1123.210279,71050.11765,0,0,0,0.008333,0,0,705.16,0,0,0,81.042,15.12102526,0.100460387,0.00938886,0
47,246,4.25,1123.210279,71050.11765,0,0,0,0.005239,0.1098,0,0,0,0,0,4.6839,143.9831763,0.100460387,0.00938886,0
47,246,4.25,1123.210279,71050.11765,0,0,0,0,0,0,0,0,0,0,0.151728,17.60572724,0.100460387,0.00938886,0
47,246,4.25,1123.210279,71050.11765,0.035255,0,0,0,23.272,0,0,0,0,0,1.62048,6.472102045,0.100460387,0.00938886,0
47,246,4.25,1123.210279,71050.11765,10.309,0,0,0.007251,0,0.79678,0,0,0,0,0,0.085689464,0.100460387,0.00938886,0
47,246,4.25,1123.210279,71050.11765,63.495,0,0,56.999,0,0,0,0,0,0,0,3.237208988,0.100460387,0.00938886,0
47,246,4.25,1123.210279,71050.11765,0.032537,0,0,0,0.013973,0,0,1.465,0,0,0.151728,1.035375756,0.100460387,0.00938886,0
47,246,4.25,1123.210279,71050.11765,0,0,0,0.02191,0,0,25.715,0,0,0,0,3.789481443,0.100460387,0.00938886,0
47,246,4.25,1123.210279,71050.11765,0,0,0,0.009064,0,0,0,0,0,0,23.3337,1.651413523,0.100460387,0.00938886,0
47,246,4.25,1123.210279,71050.11765,0.000739,0,0,0.015045,1.0363,0,0,0,0,0,0.151728,0.301225485,0.100460387,0.00938886,0
47,246,4.25,1123.210279,71050.11765,0.29343,0,0,3.7669,0.31656,0,0,0,0,0,0.151728,0.99739448,0.100460387,0.00938886,0
47,246,4.25,1123.210279,71050.11765,0,0,0,0.002011,0,0,19.544,0,0,0,0,1.651413523,0.100460387,0.00938886,0
47,246,4.25,1123.210279,71050.11765,37.409,0,0,0.00524,0,1.0992,27.706,0,0,0,0.151728,11.33524931,0.100460387,0.00938886,0
47,246,4.25,1123.210279,71050.11765,6.2048,0,0,0,0.008333,0,0,0,0,0,97.974,1.035375756,0.100460387,0.00938886,0
47,246,4.25,1123.210279,71050.11765,0,0,0,0.008333,0.21732,0,0,0,0,0,12.4689,22.79016382,0.100460387,0.00938886,0
47,246,4.25,1123.210279,71050.11765,0,0,0,0,0,0,0,0,0,0,0.84174,4.278895437,0.100460387,0.00938886,0
47,246,4.25,1123.210279,71050.11765,0,0,0,0,0,0,0,0,0,0,0,1.035375756,0.100460387,0.00938886,0
47,246,4.25,1123.210279,71050.11765,0,0,0,0,0,0,0,0,0,0,0,6.472102045,0.100460387,0.00938886,0
47,246,4.25,1123.210279,71050.11765,4.4514,0,0,0.008332,0,0,0,0,0,0,0.3897,2.474804353,0.100460387,0.00938886,0
47,246,4.25,1123.210279,71050.11765,0,0,0,244.5,0.008333,1.3521,0,0,0,0,0.151728,3.789481443,0.100460387,0.00938886,0
47,246,4.25,1123.210279,71050.11765,0,0,0,0.011201,0.36581,0,0,0,0,0,17.1858,0.99739448,0.100460387,0.00938886,0
47,246,4.25,1123.210279,71050.11765,0.27365,0,0.57588,3.7669,0.046032,0,0,0,0,0,2.96682,22.79016382,0.100460387,0.00938886,0
47,246,4.25,1123.210279,71050.11765,0,0,0,0,0,0,0,0,0,0,41.715,11.33524931,0.100460387,0.00938886,0
47,246,4.25,1123.210279,71050.11765,0,0,0,0.82457,0,0,0,0,0,0,0,1.651413523,0.100460387,0.00938886,0
47,246,4.25,1123.210279,71050.11765,0,0,0,0.030631,0,0,0,0,0,0,0,6.472102045,0.100460387,0.00938886,0
47,246,4.25,1123.210279,71050.11765,0.008333,0,0,0,2.1344,0.005198,0,0,0,0,0.280587,1.651413523,0.100460387,0.00938886,0
47,246,4.25,1123.210279,71050.11765,0.0098678,0,0,0,0,0.012727,0,0,0,0,0.151728,0.301225485,0.100460387,0.00938886,0
47,246,4.25,1123.210279,71050.11765,3.3665,0,0,0,0,3.738,0,0,0,0,5.0406,1.651413523,0.100460387,0.00938886,0
47,246,4.25,1123.210279,71050.11765,0.011203,0,0,0,4.5283,0,0.60778,0,0,0,0,15.12102526,0.100460387,0.00938886,0
47,246,4.25,1123.210279,71050.11765,0.0056959,0,0,0,0,0,0,0,0,0,3.4818,0.301225485,0.100460387,0.00938886,0
47,246,4.25,1123.210279,71050.11765,0.0031025,0,0,0.26453,0.353,0,0.67053,0,0,0,10.2414,0.219704697,0.100460387,0.00938886,0
47,246,4.25,1123.210279,71050.11765,0,0,0,0.0098389,0.008335,0,0,0,0,0,0,11.33524931,0.100460387,0.00938886,0
47,246,4.25,1123.210279,71050.11765,0.011957,0,0,0.0089655,0,0,0,0,0,0,5.2239,0.085689464,0.100460387,0.00938886,0
47,246,4.25,1123.210279,71050.11765,8.3439,0,0,0,0,0,0,0,0,0,0,4.278895437,0.100460387,0.00938886,0
47,246,4.25,1123.210279,71050.11765,14.115,0,0,0.011941,0.007148,0.89381,0,0,0,0,0.151728,11.33524931,0.100460387,0.00938886,0
47,246,4.25,1123.210279,71050.11765,0,0,0,0,0.069058,0,0,0,0,0,7.2168,1.035375756,0.100460387,0.00938886,0
47,246,4.25,1123.210279,71050.11765,0.008333,0,0,0,0,0,0,0,0,0,1.62048,10.04744876,0.100460387,0.00938886,0
47,246,4.25,1123.210279,71050.11765,0.0067502,0,0,0,0,0.77921,0,0,0,0,0.2871,143.9831763,0.100460387,0.00938886,0
47,246,4.25,1123.210279,71050.11765,0,0,0,0.008333,0,0,0.002308,0,0,0,5.0718,2.124635517,0.100460387,0.00938886,0
47,246,4.25,1123.210279,71050.11765,0,0,0,0,0,0,0,0,0,0,0.151728,2.474804353,0.100460387,0.00938886,0
47,246,4.25,1123.210279,71050.11765,0,0,0,0.007214,0,0,0,0,0,0,0.151728,1.651413523,0.100460387,0.00938886,0
47,246,4.25,1123.210279,71050.11765,0.013573,0,0,0,0.25503,0,0,0,0,0,3.0075,0.219704697,0.100460387,0.00938886,0
47,246,4.25,1123.210279,71050.11765,0,0,0,1.3952,0,0,5.3904,0,0,0,4.1568,1.651413523,0.100460387,0.00938886,0
47,246,4.25,1123.210279,71050.11765,1.0702,0,0,0.011527,0,0,0,0,0,0,0.30174,2.474804353,0.100460387,0.00938886,0
47,246,4.25,1123.210279,71050.11765,0,0,0,5.6081,0,0,0,0,0,0,0,0.423815456,0.100460387,0.00938886,0
47,246,4.25,1123.210279,71050.11765,0.000124,0,0,0,0.000063,0,0,0,0,0,0,6.495762651,0.100460387,0.00938886,0
47,246,4.25,1123.210279,71050.11765,0,0,0,0,0.000124,0,0,0,0,0,25.56,2.007567612,0.100460387,0.00938886,0
47,246,4.25,1123.210279,71050.11765,0.90611,0,0,0,2.0529,0,19.664,0,0,0,0,0.085689464,0.100460387,0.00938886,0
47,246,4.25,1123.210279,71050.11765,872.97,0,0,0,0,5.0956,0,0,0,0,198.603,0.423815456,0.100460387,0.00938886,0
47,246,4.25,1123.210279,71050.11765,4.8879,0,0,0.65249,0,0,0,0,15.763,0,4.6029,1.651413523,0.100460387,0.00938886,0
47,246,4.25,1123.210279,71050.11765,0.73427,0,0,0.00524,0,0,0,0,0,0,10.7733,3.237208988,0.100460387,0.00938886,0
47,246,4.25,1123.210279,71050.11765,0,0,0,0,0,0,0,0,0,0,0,11.33524931,0.100460387,0.00938886,0
47,246,4.25,1123.210279,71050.11765,0.000376,0,0,0,0,0,1.7925,0,0,0,30.885,1.651413523,0.100460387,0.00938886,0
47,246,4.25,1123.210279,71050.11765,0,0,0,0,0.003538,0,0,0,0,0,0,230.0573677,0.100460387,0.00938886,0
47,246,4.25,1123.210279,71050.11765,0,0,0,21.886,0,0,0,0,0,0,1.52439,13.06734301,0.100460387,0.00938886,0
47,246,4.25,1123.210279,71050.11765,0.00014,0,0.79843,0.008333,2.7215,0,0,0,0,0,1.57107,0.541773565,0.100460387,0.00938886,0
47,246,4.25,1123.210279,71050.11765,0,0,0,0.005202,0,0,0,0,0,0,0.151728,6.495762651,0.100460387,0.00938886,0
47,246,4.25,1123.210279,71050.11765,0,0,0,0.65046,0.003346,0,0,0,0,0,0.151728,2.124635517,0.100460387,0.00938886,0
47,246,4.25,1123.210279,71050.11765,0.16583,0,0,0.005239,0,0,0,0,0,0,0.151728,0.99739448,0.100460387,0.00938886,0
47,246,4.25,1123.210279,71050.11765,0,0,0,0,0.000251,0,0,0,0,0,4.5198,2.007567612,0.100460387,0.00938886,0
47,246,4.25,1123.210279,71050.11765,0,0,0,0,6.4838,0.77421,0,0,0,0,0,0.301225485,0.100460387,0.00938886,0
47,246,4.25,1123.210279,71050.11765,0.013575,0,0,0,0,0,0,0,0,0,0.151728,2.474804353,0.100460387,0.00938886,0
47,246,4.25,1123.210279,71050.11765,0.075337,0,0.41385,0.17658,3.9118,0,0,0,0,0,0,0.219704697,0.100460387,0.00938886,0
47,246,4.25,1123.210279,71050.11765,2.2602,0,0,0.008333,0,0,0,0,0,0,65.781,0.423815456,0.100460387,0.00938886,0
47,246,4.25,1123.210279,71050.11765,0.00644,0,0,0,3.3385,0,0,0,0,0,0,11.33524931,0.100460387,0.00938886,0
47,246,4.25,1123.210279,71050.11765,0.015764,0,0,0,0.0022594,1.2403,0.13028,0,0,0,39.096,1.035375756,0.100460387,0.00938886,0
47,246,4.25,1123.210279,71050.11765,24.337,0,0,0.005239,0.000376,3.8342,0,0,0,0,0,1.035375756,0.100460387,0.00938886,0
47,246,4.25,1123.210279,71050.11765,0,0,0,0,0,0.79321,0,0,0,0,0,6.472102045,0.100460387,0.00938886,0
47,246,4.25,1123.210279,71050.11765,0,0,0,0,0,0,0,0,0,0,0.28509,0.423815456,0.100460387,0.00938886,0
47,246,4.25,1123.210279,71050.11765,0.008699,0,0,0.081032,6.0919,0.77921,0,0,0,0,0,2.474804353,0.100460387,0.00938886,0
47,246,4.25,1123.210279,71050.11765,0,0,0,0,0,0,0,0,0,0,30.648,0.423815456,0.100460387,0.00938886,0
47,246,4.25,1123.210279,71050.11765,0,0,0,0,0,0,0,0,0,0,18.849,0.085689464,0.100460387,0.00938886,0
47,246,4.25,1123.210279,71050.11765,0.000739,0,0,0,0,0,0,0,0,0,1.91388,0.541773565,0.100460387,0.00938886,0
47,246,4.25,1123.210279,71050.11765,0,0,0,0.15168,0.00524,0,0,0,0,0,1.57107,3.237208988,0.100460387,0.00938886,0
47,246,4.25,1123.210279,71050.11765,1.0702,0,0,0,14.269,0,0,0,0,0,8.8155,0.219704697,0.100460387,0.00938886,0
47,246,4.25,1123.210279,71050.11765,27.506,0,0,0,0,0,0,0,0,0,25.56,1.035375756,0.100460387,0.00938886,0
47,246,4.25,1123.210279,71050.11765,0.93731,0,0,0,0,0,0.021726,0,0,0,0,2.474804353,0.100460387,0.00938886,0
47,246,4.25,1123.210279,71050.11765,0.005239,0,0,0,0.005239,0,0,0,0,0,10.8618,2.124635517,0.100460387,0.00938886,0
47,246,4.25,1123.210279,71050.11765,0.0067502,0,0,0,0,0,0.002308,0,0,0,0,11.33524931,0.100460387,0.00938886,0
47,246,4.25,1123.210279,71050.11765,1.6989,0,0,0,1.6868,0,0,0,0,0,63.09,1.035375756,0.100460387,0.00938886,0
47,246,4.25,1123.210279,71050.11765,0.008333,0,0,1.3084,0,0,28.852,0,0,0,8.3751,6.472102045,0.100460387,0.00938886,0
47,246,4.25,1123.210279,71050.11765,0.019305,0,0,0,0,0,0,0,0,0,0.151728,15.12102526,0.100460387,0.00938886,0
47,246,4.25,1123.210279,71050.11765,0.13074,0,0,0,0,0,0.059897,0,0,0,0,2.474804353,0.100460387,0.00938886,0
47,246,4.25,1123.210279,71050.11765,8.3439,0,0,0,0,0,0,0,0,0,0.151728,1.035375756,0.100460387,0.00938886,0
47,246,4.25,1123.210279,71050.11765,0,0,0,3.7171,0,0,0,0,0,0,0.151728,2.474804353,0.100460387,0.00938886,0
47,246,4.25,1123.210279,71050.11765,0,0,0,0,0.001493,0,0,0,0,0,0,15.12102526,0.100460387,0.00938886,0
47,246,4.25,1123.210279,71050.11765,0,0,0,0,0.005239,0,0.42744,0,0,0,2.73105,0.541773565,0.100460387,0.00938886,0
47,246,4.25,1123.210279,71050.11765,0.008335,0,0,223.54,4.5283,0,0,0,0,0,0.151728,11.68233493,0.100460387,0.00938886,0
47,246,4.25,1123.210279,71050.11765,0.017603,0,0.021503,0.0025559,0,0,0,0,0,0,5.4381,17.60572724,0.100460387,0.00938886,0
47,246,4.25,1123.210279,71050.11765,0.008333,0,0,0,0,0,0,0,0,0,0.151728,0.541773565,0.100460387,0.00938886,0
47,246,4.25,1123.210279,71050.11765,0,0,0,0.00524,0.93679,0,0,0,0,0,4.6029,25.71929039,0.100460387,0.00938886,0
47,246,4.25,1123.210279,71050.11765,0.27365,0,2.0895,0,0,0,0,0,0,0,0.75903,6.472102045,0.100460387,0.00938886,0
47,246,4.25,1123.210279,71050.11765,0.19687,0,0,0.000716,1.0171,0,0,0,0,0,0,15.12102526,0.100460387,0.00938886,0
47,246,4.25,1123.210279,71050.11765,0.027357,0,0,0,0.86472,0,0,0,0,0,43.863,3.789481443,0.100460387,0.00938886,0
47,246,4.25,1123.210279,71050.11765,0,0,0,0,0.069058,1.0166,0,0,0,0,1.57179,2.474804353,0.100460387,0.00938886,0
47,246,4.25,1123.210279,71050.11765,0.008335,0,0,10.118,0,0.78058,0,0,0,0,1.64742,0.219704697,0.100460387,0.00938886,0
47,246,4.25,1123.210279,71050.11765,0,0,0,0,0,0.77921,0,0,0,0,0,10.04744876,0.100460387,0.00938886,0
47,246,4.25,1123.210279,71050.11765,0.008699,0,0,0.0060235,0.009056,0,0,0,0,0,0.151728,2.474804353,0.100460387,0.00938886,0
47,246,4.25,1123.210279,71050.11765,1.1984,0,0,0,0,0,0,0,0,0,1.47252,6.472102045,0.100460387,0.00938886,0
47,246,4.25,1123.210279,71050.11765,6.87,0,0,4.8058,0,0,0,0,0,0,0.78999,1.035375756,0.100460387,0.00938886,0
47,246,4.25,1123.210279,71050.11765,0.3267,0,0.005704,0,0,0,0,0,0,0,0,11.33524931,0.100460387,0.00938886,0
47,246,4.25,1123.210279,71050.11765,16.8,0,0,0,0,0,0,0,0,0,0.151728,2.124635517,0.100460387,0.00938886,0
47,246,4.25,1123.210279,71050.11765,15.758,0,0,0,0,0,0,0,0,0,0,11.33524931,0.100460387,0.00938886,0
47,246,4.25,1123.210279,71050.11765,0.71246,0,0,0.019748,0.008335,0,0,0,0,0,8.7318,6.472102045,0.100460387,0.00938886,0
47,246,4.25,1123.210279,71050.11765,9.7427,0,0,0,0.008763,0,0.13028,0,0,0,0,6.472102045,0.100460387,0.00938886,0
47,246,4.25,1123.210279,71050.11765,189.16,0,0,0.030631,0,0,0.13028,0,0.00524,0,14.5008,1.035375756,0.100460387,0.00938886,0
47,246,4.25,1123.210279,71050.11765,50.529,0,0,0.011527,0,0,0,0,0,0,2.68779,1.651413523,0.100460387,0.00938886,0
47,246,4.25,1123.210279,71050.11765,0.44516,0,0,0,0,0,0,0,0,0,7.2051,2.124635517,0.100460387,0.00938886,0
47,246,4.25,1123.210279,71050.11765,0,0,16.247,0,0.000124,0,0,0,0,0,14.5008,0.085689464,0.100460387,0.00938886,0
47,246,4.25,1123.210279,71050.11765,0,0,0,0,0,0,0,0,0,0,0,1.651413523,0.100460387,0.00938886,0
47,246,4.25,1123.210279,71050.11765,0.00021,0,0,0,0,0,0,0,0,0,43.602,6.472102045,0.100460387,0.00938886,0
47,246,4.25,1123.210279,71050.11765,0.007353,0,0,0,0,0.34845,0,0,0,0,6.8079,0.219704697,0.100460387,0.00938886,0
47,246,4.25,1123.210279,71050.11765,1.7741,0,0,0,0,0,0,0,0,0,0.78174,3.789481443,0.100460387,0.00938886,0
47,246,4.25,1123.210279,71050.11765,0.10994,0,0,0,0,0,0,0,0,0,0.151728,6.472102045,0.100460387,0.00938886,0
47,246,4.25,1123.210279,71050.11765,0,0,0,0,0.003822,0,0,0,0,0,0.151728,15.12102526,0.100460387,0.00938886,0
47,246,4.25,1123.210279,71050.11765,0.035255,0,0,0,0,0,0,0,0,0,0.151728,0.085689464,0.100460387,0.00938886,0
47,246,4.25,1123.210279,71050.11765,1.2774,0,0,0,0,0,0,0,0,0,7.2168,2.474804353,0.100460387,0.00938886,0
47,246,4.25,1123.210279,71050.11765,0.008333,0,0,0,0,0,6.9551,0,0,0,14.3958,10.04744876,0.100460387,0.00938886,0
47,246,4.25,1123.210279,71050.11765,0,0,0,0.011527,0,34.192,0,0,0,0,0.151728,11.33524931,0.100460387,0.00938886,0
47,246,4.25,1123.210279,71050.11765,2.1473,0,0,0,0.12938,0,0,0,0,0,4.4313,1.651413523,0.100460387,0.00938886,0
47,246,4.25,1123.210279,71050.11765,0,0,0,0.83912,0.001434,1.0992,0,0,0,0,0,0.301225485,0.100460387,0.00938886,0
47,246,4.25,1123.210279,71050.11765,0.001478,0,0,0.0076281,0,0,0.13028,0,0,0,7.3257,3.237208988,0.100460387,0.00938886,0
47,246,4.25,1123.210279,71050.11765,253.52,0,0,0,0,0,0,0,0,0,0,0.219704697,0.100460387,0.00938886,0
47,246,4.25,1123.210279,71050.11765,0,0,0,0,1.1453,0,0,0,0,0,0,2.007567612,0.100460387,0.00938886,0
47,246,4.25,1123.210279,71050.11765,0.000752,0,0,0.010986,0,0,0,0,0,0,0.44541,22.79016382,0.100460387,0.00938886,0
47,246,4.25,1123.210279,71050.11765,0.13903,0,0,0.005239,0,1.0657,0,0,0,0,22.7118,2.124635517,0.100460387,0.00938886,0
47,246,4.25,1123.210279,71050.11765,0,0,0,0,6.4838,0,0,0,0,0,0,0.219704697,0.100460387,0.00938886,0
47,246,4.25,1123.210279,71050.11765,0.00524,0,0,0,0.008333,0,0,0,0,0,0,0.423815456,0.100460387,0.00938886,0
47,246,4.25,1123.210279,71050.11765,0.001434,0,0,1.1174,0.008333,0,0,0,0,0,0,11.68233493,0.100460387,0.00938886,0
47,246,4.25,1123.210279,71050.11765,0.27365,0,0,0.83912,4.2216,0.78972,0,0,0,0,0.73911,1.035375756,0.100460387,0.00938886,0
47,246,4.25,1123.210279,71050.11765,0.021605,0,0,0,0.062887,0,0,0,0,0,0.151728,13.06734301,0.100460387,0.00938886,0
47,246,4.25,1123.210279,71050.11765,0,0,0,0.008265,0,0,0,0,0,0,18.723,0.301225485,0.100460387,0.00938886,0
47,246,4.25,1123.210279,71050.11765,0.0064565,0,0,0,0.008333,0,0,0,0,0,0.151728,3.789481443,0.100460387,0.00938886,0
47,246,4.25,1123.210279,71050.11765,853.14,0,0,0.025929,0,0,0,0,0,0,58.353,2.474804353,0.100460387,0.00938886,0
47,246,4.25,1123.210279,71050.11765,0.000063,0,0,1.2164,0.78045,0,0,0,0,0,0,0.99739448,0.100460387,0.00938886,0
47,246,4.25,1123.210279,71050.11765,0,0,0,0,4.6708,0.95676,0,0,0,0,0,0.219704697,0.100460387,0.00938886,0
47,246,4.25,1123.210279,71050.11765,0,0,0,0,0,0,0,0,0,0,1.19187,0.085689464,0.100460387,0.00938886,0
47,246,4.25,1123.210279,71050.11765,0.017603,0,0,0.00524,0,0,8.4952,0.90463,0,0,0.75174,0.219704697,0.100460387,0.00938886,0
47,246,4.25,1123.210279,71050.11765,0.024492,0,0,0,0,0,0,0,0,0,0,2.124635517,0.100460387,0.00938886,0
47,246,4.25,1123.210279,71050.11765,0.23451,0,0,0,0,0,0,0,0,0,0.151728,2.124635517,0.100460387,0.00938886,0
47,246,4.25,1123.210279,71050.11765,0,0,0,17.949,0,0,0,0,0,0,0.151728,3.789481443,0.100460387,0.00938886,0
47,246,4.25,1123.210279,71050.11765,3.9799,0,0,0,0,0,0,0,0,0,0.151728,0.301225485,0.100460387,0.00938886,0
47,246,4.25,1123.210279,71050.11765,0,0,0,0,0.008335,0,0,0,0,0,0.211728,2.474804353,0.100460387,0.00938886,0
47,246,4.25,1123.210279,71050.11765,0,0,0,0,0,0,0,0,0,0,30.648,6.472102045,0.100460387,0.00938886,0
47,246,4.25,1123.210279,71050.11765,0.002011,0,0,0,70.761,0,0,0,0,0,0.151728,0.085689464,0.100460387,0.00938886,0
47,246,4.25,1123.210279,71050.11765,0.0068619,0,0,849.21,51.372,0.79321,0.002308,0,0,0,87.522,25.71929039,0.100460387,0.00938886,0
47,246,4.25,1123.210279,71050.11765,0,0,0,0,0,0,0,0,0,0,0.151728,0.219704697,0.100460387,0.00938886,0
47,246,4.25,1123.210279,71050.11765,0,0,0,0.013606,0.008333,0,0,0,0,0,0,2.124635517,0.100460387,0.00938886,0
47,246,4.25,1123.210279,71050.11765,0.00036,0,0,0,0,0,0,0,0,0,41.715,2.124635517,0.100460387,0.00938886,0
47,246,4.25,1123.210279,71050.11765,12.084,0,0,10.744,0.008333,0,0,0,0,0,0.151728,2.474804353,0.100460387,0.00938886,0
47,246,4.25,1123.210279,71050.11765,0.008321,0,0,0.007148,0,0,0,0.007551,0,0,0,1.651413523,0.100460387,0.00938886,0
47,246,4.25,1123.210279,71050.11765,0,0,0,0,0,0,0,0,0,0,0,0.301225485,0.100460387,0.00938886,0
47,246,4.25,1123.210279,71050.11765,0,0,0,0,0.008333,0.79321,0,0,0,0,30.123,6.472102045,0.100460387,0.00938886,0
47,246,4.25,1123.210279,71050.11765,0,0,0,0,0,0,0,0,0,0,0.279942,230.0573677,0.100460387,0.00938886,0
47,246,4.25,1123.210279,71050.11765,0,0,0,0,1.0784,0,0,0,0,0,0.151728,1.651413523,0.100460387,0.00938886,0
47,246,4.25,1123.210279,71050.11765,0.018381,0,0,26.422,23.272,0,0,0,0,0,10.6086,1.035375756,0.100460387,0.00938886,0
47,246,4.25,1123.210279,71050.11765,0.00524,0,0,0.0078558,0,0,0,0,0,0,39.753,11.33524931,0.100460387,0.00938886,0
47,246,4.25,1123.210279,71050.11765,0,0,0,0,0,0,0.42744,0,0,0,7.8042,0.541773565,0.100460387,0.00938886,0
47,246,4.25,1123.210279,71050.11765,0,0,0,0.0068531,0,0,0,0,0,0,0.279585,10.04744876,0.100460387,0.00938886,0
47,246,4.25,1123.210279,71050.11765,0.014402,0,0,0.000376,0.011131,0,0,0,0,0,0.181728,3.237208988,0.100460387,0.00938886,0
47,246,4.25,1123.210279,71050.11765,0.00644,0,0,0.003346,0,0,0,0,0,0,0,6.495762651,0.100460387,0.00938886,0
47,246,4.25,1123.210279,71050.11765,0,0,0,0,68.77,0,27.295,0,0,0,0.151728,25.71929039,0.100460387,0.00938886,0
47,246,4.25,1123.210279,71050.11765,0,0,0,0,0.007328,0,0,0,0,0,0,0.423815456,0.100460387,0.00938886,0
47,246,4.25,1123.210279,71050.11765,0.078253,0,0,0,0,0,0,0,0,0,0.151728,11.33524931,0.100460387,0.00938886,0
47,246,4.25,1123.210279,71050.11765,0,0,0,0,0.002772,0.006508,0,0,0,0,3.2364,1.035375756,0.100460387,0.00938886,0
47,246,4.25,1123.210279,71050.11765,0,0,0,0,0.000739,0,0,0,0,0,68.145,0.219704697,0.100460387,0.00938886,0
47,246,4.25,1123.210279,71050.11765,0.63883,0,0,0,0.0056,0,0,0,0,0,2.39871,1.651413523,0.100460387,0.00938886,0
47,246,4.25,1123.210279,71050.11765,0,0,0,0.015045,0,0,0,0,0,0,0.151728,1.035375756,0.100460387,0.00938886,0
47,246,4.25,1123.210279,71050.11765,0,0,0,0,0,0,0,0,0,0,0,6.495762651,0.100460387,0.00938886,0
47,246,4.25,1123.210279,71050.11765,872.97,0,0,0,8.5334,0,82.366,0,0,0,0,143.9831763,0.100460387,0.00938886,0
47,246,4.25,1123.210279,71050.11765,0,0,0,0,0.008335,0.90378,0,0,0,0,0.151728,2.007567612,0.100460387,0.00938886,0
47,246,4.25,1123.210279,71050.11765,0.25548,0,0,0.008333,5.2863,0,0,0,0,0,0.75903,0.541773565,0.100460387,0.00938886,0
47,246,4.25,1123.210279,71050.11765,0,0,0,0,0,0,0,0,0,0,1.33728,10.04744876,0.100460387,0.00938886,0
47,246,4.25,1123.210279,71050.11765,0.008333,0,0,20.04,0,0,0,0,0,0,0.151728,15.12102526,0.100460387,0.00938886,0
47,246,4.25,1123.210279,71050.11765,0,0,0,0,0.00644,0,0,0,0,0,4.8618,4.278895437,0.100460387,0.00938886,0
47,246,4.25,1123.210279,71050.11765,0.17713,0,0.14787,0.021603,0,0,0,0,0,0,2.60853,1.035375756,0.100460387,0.00938886,0
47,246,4.25,1123.210279,71050.11765,0,0,0,0,0,0,0,0,0,0,0.151728,0.085689464,0.100460387,0.00938886,0
47,246,4.25,1123.210279,71050.11765,0.016638,0,0,0,0,0,0,0,0,0,0,1.651413523,0.100460387,0.00938886,0
47,246,4.25,1123.210279,71050.11765,0.005769,0,0.075605,0,0.008335,0,0,0,0,0,0,11.33524931,0.100460387,0.00938886,0
47,246,4.25,1123.210279,71050.11765,0.01048,0,0,0,0.007148,0,0,0,0,0,0,1.035375756,0.100460387,0.00938886,0
47,246,4.25,1123.210279,71050.11765,0.023786,0,0,13.805,0.0067709,0,0,0,0,0,0.151728,0.301225485,0.100460387,0.00938886,0
47,246,4.25,1123.210279,71050.11765,0.016858,0,0,0,0,0,0,0,0,0,5.2239,15.12102526,0.100460387,0.00938886,0
47,246,4.25,1123.210279,71050.11765,0.001192,0,0,0.007148,46.767,0,0,0,0,0,4.6839,0.219704697,0.100460387,0.00938886,0
47,246,4.25,1123.210279,71050.11765,0,0,0,0.015552,0,0,0,0,0,0,0,0.219704697,0.100460387,0.00938886,0
47,246,4.25,1123.210279,71050.11765,0,0,0,0,0,0,0,0,0,0,0.286419,11.33524931,0.100460387,0.00938886,0
47,246,4.25,1123.210279,71050.11765,0.93731,0,0,0.008335,0,0.80945,0,0,0,0,0,2.124635517,0.100460387,0.00938886,0
47,246,4.25,1123.210279,71050.11765,11.135,0,0,0.0067015,52.779,0.017446,0,0,0,0,0.276939,0.219704697,0.100460387,0.00938886,0
47,246,4.25,1123.210279,71050.11765,0.043506,0,0,0,0,0,0,0,0,0,42.996,3.237208988,0.100460387,0.00938886,0
47,246,4.25,1123.210279,71050.11765,0,0,0,0,0,0,0,0,0,0,0.151728,0.301225485,0.100460387,0.00938886,0
47,246,4.25,1123.210279,71050.11765,0,0,0,0.67703,0.23723,0,0,0.0062605,0,0,12.0405,3.789481443,0.100460387,0.00938886,0
47,246,4.25,1123.210279,71050.11765,0.031098,0,0,0.0094528,1.0363,0,0,0,0,0,7.1259,1.651413523,0.100460387,0.00938886,0
47,246,4.25,1123.210279,71050.11765,0,0,0,0,0,0,0,0,0,0,0,0.423815456,0.100460387,0.00938886,0
47,246,4.25,1123.210279,71050.11765,0.008333,0,0,0.00833,0.060787,0,0,0,0,0,30.885,3.789481443,0.100460387,0.00938886,0
47,246,4.25,1123.210279,71050.11765,0,0,0,0.7793,5.7523,0,0,0,0,0,7.1259,0.219704697,0.100460387,0.00938886,0
47,246,4.25,1123.210279,71050.11765,0,0,0,0,0,0,0,0,0,0,0.151728,15.12102526,0.100460387,0.00938886,0
47,246,4.25,1123.210279,71050.11765,0.008333,0,0,0.005239,0.008333,0,0,0,0,0,0.273384,11.33524931,0.100460387,0.00938886,0
47,246,4.25,1123.210279,71050.11765,0.001669,0,0,0.00524,0,0,0,0,0,0,0.42399,2.124635517,0.100460387,0.00938886,0
47,246,4.25,1123.210279,71050.11765,0.040702,0,0,0.15605,0,0,0,0,0,0,3.5568,2.124635517,0.100460387,0.00938886,0
47,246,4.25,1123.210279,71050.11765,1.2894,0,0,0,0,0,0,0,0,0,2.94174,0.99739448,0.100460387,0.00938886,0
47,246,4.25,1123.210279,71050.11765,7.8157,0,0,0,0.00833,0,0,0,0,0,8.6688,17.60572724,0.100460387,0.00938886,0
47,246,4.25,1123.210279,71050.11765,0,0,0,0,0.013746,0,0,0,0,0,0,0.423815456,0.100460387,0.00938886,0
47,246,4.25,1123.210279,71050.11765,0,0,0,0,0,0,0,0,0,0,22.617,11.68233493,0.100460387,0.00938886,0
47,246,4.25,1123.210279,71050.11765,0.008333,0,0,0,0,0,0,0,0,0,0.279585,0.219704697,0.100460387,0.00938886,0
47,246,4.25,1123.210279,71050.11765,1.4385,0,0,0,0.000124,0.002355,0,0,0,0,198.615,3.237208988,0.100460387,0.00938886,0
47,246,4.25,1123.210279,71050.11765,0,0,0,0.86967,17.217,0,0,0,0,0,0.151728,0.423815456,0.100460387,0.00938886,0
47,246,4.25,1123.210279,71050.11765,0.008333,0,0,0,0,1.1637,0,0,0,0,0.151728,25.71929039,0.100460387,0.00938886,0
47,246,4.25,1123.210279,71050.11765,0.000376,0,0,0,8.0698,0,0,0,0,0,8.3928,2.474804353,0.100460387,0.00938886,0
47,246,4.25,1123.210279,71050.11765,0,0,0,0.000124,1.5099,0,0,0,0,0,0,2.007567612,0.100460387,0.00938886,0
47,246,4.25,1123.210279,71050.11765,0,0,0,15.197,0.069058,0,0,0,0,0,0,11.68233493,0.100460387,0.00938886,0
47,246,4.25,1123.210279,71050.11765,0.008335,0,0,0,0,0,0,0,0,0,2.3544,0.99739448,0.100460387,0.00938886,0
47,246,4.25,1123.210279,71050.11765,0.001434,0,0,0,1.7249,0,72.717,0,24.412,0,15.252,0.085689464,0.100460387,0.00938886,0
47,246,4.25,1123.210279,71050.11765,7.5139,0,0,0.0067817,0,0,22.25,0,0,0,0,0.541773565,0.100460387,0.00938886,0
47,246,4.25,1123.210279,71050.11765,0.008335,0,0,0,0,0,0,0,0,0,16.3047,1.651413523,0.100460387,0.00938886,0
47,246,4.25,1123.210279,71050.11765,0.008333,0,59.109,0,0,0,0,0,0,0,0.151728,143.9831763,0.100460387,0.00938886,0
47,246,4.25,1123.210279,71050.11765,0.010963,0,0,0,0,0,0,0,0,0,0.151728,0.219704697,0.100460387,0.00938886,0
47,246,4.25,1123.210279,71050.11765,0,0,0,0,0,0.000138,0.008333,0,0,0,123.993,0.541773565,0.100460387,0.00938886,0
47,246,4.25,1123.210279,71050.11765,0.008333,0,0,0,0.032706,0,0,0,0,0,2.7027,11.33524931,0.100460387,0.00938886,0
47,246,4.25,1123.210279,71050.11765,3.8421,0,0,0.008336,0,0,0,0,0,0,2.28174,1.651413523,0.100460387,0.00938886,0
47,246,4.25,1123.210279,71050.11765,50.529,0,0,1.1486,0.008333,0.82806,0,1.0581,0,0,0.151728,6.495762651,0.100460387,0.00938886,0
47,246,4.25,1123.210279,71050.11765,0,0,0,0.008333,0.003538,0,0,0,0,0,0.276939,10.04744876,0.100460387,0.00938886,0
47,246,4.25,1123.210279,71050.11765,0,0,0,0,0,0,0.021726,0,0,0,0.75903,2.474804353,0.100460387,0.00938886,0
47,246,4.25,1123.210279,71050.11765,0.000078,0,0,0,0.00524,0.78392,0,0,0,0,0,15.12102526,0.100460387,0.00938886,0
47,246,4.25,1123.210279,71050.11765,0,0,0,0,8.8857,0,0,0,0,0,16.0194,0.301225485,0.100460387,0.00938886,0
47,246,4.25,1123.210279,71050.11765,0.00062,0,0,0.00043,0.00524,0,0,0,0,0,0,0.99739448,0.100460387,0.00938886,0
47,246,4.25,1123.210279,71050.11765,0.21588,0,0,0,0.008333,0,0,0,0,0,0.151728,11.68233493,0.100460387,0.00938886,0
47,246,4.25,1123.210279,71050.11765,0.44516,0,0,0,0,0,0,0,0,0,0.75903,0.301225485,0.100460387,0.00938886,0
47,246,4.25,1123.210279,71050.11765,0,0,0,0,0,0,0,0,0,0,0,0.219704697,0.100460387,0.00938886,0
47,246,4.25,1123.210279,71050.11765,0.008335,0,0,0,0,0.78189,0,0,0,0,0.151728,17.60572724,0.100460387,0.00938886,0
47,246,4.25,1123.210279,71050.11765,0,0,0,0,0,0,0.13028,0,0,0,3.8946,22.79016382,0.100460387,0.00938886,0
47,246,4.25,1123.210279,71050.11765,0,0,0,0,0.002741,0,0,0,0,0,15.0018,1.651413523,0.100460387,0.00938886,0
47,246,4.25,1123.210279,71050.11765,0.000688,0,0,0,0,0,0,0,0,0,0,13.06734301,0.100460387,0.00938886,0
47,246,4.25,1123.210279,71050.11765,0.18244,0,0,0.71875,0,0,0.67845,0,0,0,0.151728,0.541773565,0.100460387,0.00938886,0
47,246,4.25,1123.210279,71050.11765,6.87,0,0,0,0,0,0,0,0,0,1.05978,3.237208988,0.100460387,0.00938886,0
47,246,4.25,1123.210279,71050.11765,0.00524,0,0,0,0,0,0,0,0,0,0,17.60572724,0.100460387,0.00938886,0
47,246,4.25,1123.210279,71050.11765,0,0,0,0,0.10115,0,1.8833,0,0,0,65.781,6.472102045,0.100460387,0.00938886,0
47,246,4.25,1123.210279,71050.11765,5.15,0,0,0,0.030073,0,0,0,0,0,0.75903,0.541773565,0.100460387,0.00938886,0
47,246,4.25,1123.210279,71050.11765,0,0,0,0.15874,0,0,0,0,0,0,0.151728,2.124635517,0.100460387,0.00938886,0
48,247,49.362,1123.706392,71081.49994,0.00524,0,0,0,0,0,0,0,0,0,0.151728,0,0.120915425,0.011300553,0
48,247,49.362,1123.706392,71081.49994,0,0,0,0,3.0251,0,0,0,0,0,0.271128,0,0.120915425,0.011300553,0
48,247,49.362,1123.706392,71081.49994,0,0,0,0,0,0.25468,0,0,0,0,0,0,0.120915425,0.011300553,0
48,247,49.362,1123.706392,71081.49994,12.084,0,0,0.00524,0.008333,0,0,0,0,0,27.5562,0,0.120915425,0.011300553,0
48,247,49.362,1123.706392,71081.49994,0.034133,0,0,0,4.2931,0,0,0,0,0,46.293,0,0.120915425,0.011300553,0
48,247,49.362,1123.706392,71081.49994,0,0,0,0,0,0.79678,0,0,0,0,0.151728,0,0.120915425,0.011300553,0
48,247,49.362,1123.706392,71081.49994,0.27365,0,0,0.68671,0,0,0,0,0,0,0.151728,0,0.120915425,0.011300553,0
48,247,49.362,1123.706392,71081.49994,46.059,0,0,0.14897,0,0,0.002308,0,0,0,0.28509,0,0.120915425,0.011300553,0
48,247,49.362,1123.706392,71081.49994,0.061886,0,0,0,0,0.91771,0,0,0,0,5.7318,0,0.120915425,0.011300553,0
48,247,49.362,1123.706392,71081.49994,0,0,0,0,0,0,0.74966,0,0,0,0.288579,0,0.120915425,0.011300553,0
48,247,49.362,1123.706392,71081.49994,0.000063,0,0,0,0.013973,0,0,0,0,0,8.1576,0,0.120915425,0.011300553,0
48,247,49.362,1123.706392,71081.49994,7.2682,0,0,0,0.001326,0,5.7012,0,0,0,0,0,0.120915425,0.011300553,0
48,247,49.362,1123.706392,71081.49994,0,0,0,0.0055291,0,53.202,0,0,0,0,12.2682,0,0.120915425,0.011300553,0
48,247,49.362,1123.706392,71081.49994,0.006702,0,0,0.003346,0,0,13.103,0,0,0,0,0,0.120915425,0.011300553,0
48,247,49.362,1123.706392,71081.49994,0,0,0,0.003538,0,2.4302,0,0,0,0,2.22174,0,0.120915425,0.011300553,0
48,247,49.362,1123.706392,71081.49994,0.27365,0,0,0.001493,43.956,0,0,0,0,0,0,0,0.120915425,0.011300553,0
48,247,49.362,1123.706392,71081.49994,0.050392,0,0,0,0,0.23142,0,0,0,0,56.145,0,0.120915425,0.011300553,0
48,247,49.362,1123.706392,71081.49994,1.4385,0,0,0.002031,0,0,0,0,0,0,0.151728,0,0.120915425,0.011300553,0
48,247,49.362,1123.706392,71081.49994,0.71246,0,0,0,0,0,0,0,0,0,0,0,0.120915425,0.011300553,0
48,247,49.362,1123.706392,71081.49994,0.008333,0,0.000251,0,0.008333,0,0,0,0,0,0.151728,0,0.120915425,0.011300553,0
48,247,49.362,1123.706392,71081.49994,0,0,0.000739,0,0,2.5002,0,0.006972,0,0,0,0,0.120915425,0.011300553,0
48,247,49.362,1123.706392,71081.49994,0,0,0,0,0,0,0.67053,0,0,0,0,0,0.120915425,0.011300553,0
48,247,49.362,1123.706392,71081.49994,0,0,0,0,0.00524,0,0,0,0,0,0.67983,0,0.120915425,0.011300553,0
48,247,49.362,1123.706392,71081.49994,6.8272,0,0,62.543,0,5.1571,0.74966,0,0,0,61.47,0,0.120915425,0.011300553,0
48,247,49.362,1123.706392,71081.49994,27.506,0,0,0.077265,0,0,0,0,0,0,0,0,0.120915425,0.011300553,0
48,247,49.362,1123.706392,71081.49994,0.008335,0,0,0,0,0,118.54,0,0,0,0.151728,0,0.120915425,0.011300553,0
48,247,49.362,1123.706392,71081.49994,0,0,0.000688,0.034928,0,2.3282,0,0,0,0,8.3928,0,0.120915425,0.011300553,0
48,247,49.362,1123.706392,71081.49994,0.008333,0,0,0,3.9118,0,0,0,0,0,116.517,0,0.120915425,0.011300553,0
48,247,49.362,1123.706392,71081.49994,1.6744,0,0,0.0056478,4.3986,0,0,0,0,0,83.223,0,0.120915425,0.011300553,0
48,247,49.362,1123.706392,71081.49994,0,0,0,0.0025559,0,0,0,0,0,0,0,0,0.120915425,0.011300553,0
48,247,49.362,1123.706392,71081.49994,5.15,0,9.0569,0,1.5895,0,0,0,0,0,0.151728,0,0.120915425,0.011300553,0
48,247,49.362,1123.706392,71081.49994,0,0,0.007332,0.0011005,0,0,0,0,0,0,1.08174,0,0.120915425,0.011300553,0
48,247,49.362,1123.706392,71081.49994,0,0,0,9.5845,0.00524,0,0,0,0,0,0.151728,0,0.120915425,0.011300553,0
48,247,49.362,1123.706392,71081.49994,7.1711,0,0,0,52.779,28.381,0,0,0,0,3.1572,0,0.120915425,0.011300553,0
48,247,49.362,1123.706392,71081.49994,0,0,0,0.00524,0,0,0,0,0,0,0,0,0.120915425,0.011300553,0
48,247,49.362,1123.706392,71081.49994,2.1473,0,0,0.18118,0.022119,0,0,0,0,0,0,0,0.120915425,0.011300553,0
48,247,49.362,1123.706392,71081.49994,0,0,0,0.00524,0,0,0,0,0,0,0,0,0.120915425,0.011300553,0
48,247,49.362,1123.706392,71081.49994,0,0,0.021503,0,2.557,0,0,0,0,0,0.27948,0,0.120915425,0.011300553,0
48,247,49.362,1123.706392,71081.49994,0.008333,0,0,0.015258,0,0.78033,25.715,0,0,0,56.145,0,0.120915425,0.011300553,0
48,247,49.362,1123.706392,71081.49994,0.008333,0,0,0,0,0,0,0,0,0,8.1576,0,0.120915425,0.011300553,0
48,247,49.362,1123.706392,71081.49994,6.8104,0,0,0,3.1902,0,20.673,0,0,0,0.151728,0,0.120915425,0.011300553,0
48,247,49.362,1123.706392,71081.49994,0.20881,0,0,1.7556,0,0,0,0,0,0,0,0,0.120915425,0.011300553,0
48,247,49.362,1123.706392,71081.49994,0,0,0,0.03272,0.0062716,0,45.746,0,0,0,0,0,0.120915425,0.011300553,0
48,247,49.362,1123.706392,71081.49994,0,0,0,0.00524,3.969,0,0,0,0,0,0.276924,0,0.120915425,0.011300553,0
48,247,49.362,1123.706392,71081.49994,0.51613,0,0,0,514.83,0,0,0,0,0,1.5003,0,0.120915425,0.011300553,0
48,247,49.362,1123.706392,71081.49994,0.005239,0,1.129,0.013415,0.008333,0,0,0,0,0,60.207,0,0.120915425,0.011300553,0
48,247,49.362,1123.706392,71081.49994,0.046194,0,0,0,2.3147,2.879,0,0,0,0,5.0757,0,0.120915425,0.011300553,0
48,247,49.362,1123.706392,71081.49994,0,0,0.010014,0.01172,0,0,0,0,0,0,0,0,0.120915425,0.011300553,0
48,247,49.362,1123.706392,71081.49994,0.023275,0,0,0,3.3385,0,0,0,0,0,0,0,0.120915425,0.011300553,0
48,247,49.362,1123.706392,71081.49994,0.11399,0,0,0,514.83,5.0308,0,0,0,0,0.151728,0,0.120915425,0.011300553,0
48,247,49.362,1123.706392,71081.49994,0.008333,0,0,9.0645,0.13092,0,0,0,0,0,0.151728,0,0.120915425,0.011300553,0
48,247,49.362,1123.706392,71081.49994,0,0,0,0,0,0,0,0,0,0,0.73911,0,0.120915425,0.011300553,0
48,247,49.362,1123.706392,71081.49994,11.506,0,0,0,0,0,0,0,0,0,0,0,0.120915425,0.011300553,0
48,247,49.362,1123.706392,71081.49994,9.146,0,0,0,2.8091,0,29.564,0,0,0,3.5568,0,0.120915425,0.011300553,0
48,247,49.362,1123.706392,71081.49994,0,0,0,0,0,0,0,0,0,0,10.3692,0,0.120915425,0.011300553,0
48,247,49.362,1123.706392,71081.49994,0.00387,0,0,0.0014795,0,6.9496,0,0,0,0,6.8079,0,0.120915425,0.011300553,0
48,247,49.362,1123.706392,71081.49994,0.075337,0,0,0,0.001434,0,0,0,0,0,116.517,0,0.120915425,0.011300553,0
48,247,49.362,1123.706392,71081.49994,0,0,0.049251,0,0,0,0,0,0,0,6.102,0,0.120915425,0.011300553,0
48,247,49.362,1123.706392,71081.49994,0,0,0,0,0,0.77904,0,0,0,0,0,0,0.120915425,0.011300553,0
48,247,49.362,1123.706392,71081.49994,0,0,0,0.016837,0.002772,0,0,0,0,0,0.33174,0,0.120915425,0.011300553,0
48,247,49.362,1123.706392,71081.49994,0.00644,0,0,0,0,0,0,0,0,0,13.5342,0,0.120915425,0.011300553,0
48,247,49.362,1123.706392,71081.49994,0,0,0,0,0.007102,0,0,0,0,0,0.151728,0,0.120915425,0.011300553,0
48,247,49.362,1123.706392,71081.49994,0,0,0,0,0,0,705.16,0,0,0,0,0,0.120915425,0.011300553,0
48,247,49.362,1123.706392,71081.49994,0.0059398,0,0,0.055562,0,0,0,0,0,0,5.0406,0,0.120915425,0.011300553,0
48,247,49.362,1123.706392,71081.49994,0.0068531,0,0,0,0,4.4694,0,0,0,0,0.181728,0,0.120915425,0.011300553,0
48,247,49.362,1123.706392,71081.49994,0,0,0,0,0,0,0.10863,0,0,0,7.2312,0,0.120915425,0.011300553,0
48,247,49.362,1123.706392,71081.49994,0.00524,0,0,3.325,0,0,0,0,0,0,0,0,0.120915425,0.011300553,0
48,247,49.362,1123.706392,71081.49994,0,0,0,0.008333,0.010107,0,0,0,0,0,11.0268,0,0.120915425,0.011300553,0
48,247,49.362,1123.706392,71081.49994,0.013573,0,0,0,0.00524,0,0,0,0,0,0,0,0.120915425,0.011300553,0
48,247,49.362,1123.706392,71081.49994,0.000688,0,0,0,0.002031,0,0,0,0,0,0.151728,0,0.120915425,0.011300553,0
48,247,49.362,1123.706392,71081.49994,0.000078,0,0,0.1455,0.008333,1.6459,0,0,0,0,4.5198,0,0.120915425,0.011300553,0
48,247,49.362,1123.706392,71081.49994,7.9784,0,0,0,0,0,0,0,0,0,0.151728,0,0.120915425,0.011300553,0
48,247,49.362,1123.706392,71081.49994,0.038936,0,0,0.01172,0,0,0,0,0,0,0,0,0.120915425,0.011300553,0
48,247,49.362,1123.706392,71081.49994,0,0,0,0,0.016012,0.76551,0,0,0,0,60.207,0,0.120915425,0.011300553,0
48,247,49.362,1123.706392,71081.49994,43.218,0,0,0,0,0,0,0,0,0,0.87174,0,0.120915425,0.011300553,0
48,247,49.362,1123.706392,71081.49994,0.007102,0,0,0.17658,0,0,0.67053,0,0,0,1.74174,0,0.120915425,0.011300553,0
48,247,49.362,1123.706392,71081.49994,0.00833,0,0,10.744,0,0,0,0,0,0,0,0,0.120915425,0.011300553,0
48,247,49.362,1123.706392,71081.49994,6.8272,0,0,0,0.0088426,0,0.13028,0,0,0,0,0,0.120915425,0.011300553,0
48,247,49.362,1123.706392,71081.49994,0.003538,0,0,0,0,0,0,0,0,0,0.275259,0,0.120915425,0.011300553,0
48,247,49.362,1123.706392,71081.49994,0.080184,0,0,0,0.0306,0.014982,3.4784,0,0,0,0,0,0.120915425,0.011300553,0
48,247,49.362,1123.706392,71081.49994,0,0,0,9.0645,0,0,49.829,0,0,0,1.09647,0,0.120915425,0.011300553,0
48,247,49.362,1123.706392,71081.49994,0.001326,0,0,0,0,0,0,0,0,0,0.151728,0,0.120915425,0.011300553,0
48,247,49.362,1123.706392,71081.49994,0.00524,0,0.7988,0,0,0,0,0,0,0,0.151728,0,0.120915425,0.011300553,0
48,247,49.362,1123.706392,71081.49994,0.72108,0,0,0,0.003821,0,0,0,0,0,0,0,0.120915425,0.011300553,0
48,247,49.362,1123.706392,71081.49994,0.40788,0,0,0,0.000251,0,0,0,0,0,0.151728,0,0.120915425,0.011300553,0
48,247,49.362,1123.706392,71081.49994,0.20881,0,0,0,0.23723,4.2572,0,0,0,0,0.286419,0,0.120915425,0.011300553,0
48,247,49.362,1123.706392,71081.49994,0.00644,0,0,0.008333,6.2079,0,0,0,0,0,0,0,0.120915425,0.011300553,0
48,247,49.362,1123.706392,71081.49994,0.014773,0,0,0,0,0,0,0,0,0,0.75903,0,0.120915425,0.011300553,0
48,247,49.362,1123.706392,71081.49994,0,0,0.005312,0,0,1.3521,0,0,0,0,0.33174,0,0.120915425,0.011300553,0
48,247,49.362,1123.706392,71081.49994,0.00524,0,0,0.27226,0,0,0,0,0,0,0.151728,0,0.120915425,0.011300553,0
48,247,49.362,1123.706392,71081.49994,0,0,0,0,0,0.77921,0,0,0,0,0.151728,0,0.120915425,0.011300553,0
48,247,49.362,1123.706392,71081.49994,0,0,0,0.081032,0.008335,2.4162,0,0,0,0,1.08174,0,0.120915425,0.011300553,0
48,247,49.362,1123.706392,71081.49994,0.008335,0,0,0.005239,0.007221,0,0,0,0,0,0,0,0.120915425,0.011300553,0
48,247,49.362,1123.706392,71081.49994,0,0,0,0,14.569,0,0,0,0,0,18.1353,0,0.120915425,0.011300553,0
48,247,49.362,1123.706392,71081.49994,0,0,0,0.008333,0.78045,0,0,0,0,0,6.102,0,0.120915425,0.011300553,0
48,247,49.362,1123.706392,71081.49994,0,0,0,0.005202,0.013573,0,0,0,0,0,0,0,0.120915425,0.011300553,0
48,247,49.362,1123.706392,71081.49994,0.013476,0,0,0,0,0,0,0,0,0,0,0,0.120915425,0.011300553,0
48,247,49.362,1123.706392,71081.49994,0,0,0,4.7441,0,0,0,0,0,0,7.0518,0,0.120915425,0.011300553,0
48,247,49.362,1123.706392,71081.49994,0,0,0,0,0,0,0,0,0,0,0,0,0.120915425,0.011300553,0
48,247,49.362,1123.706392,71081.49994,0.007102,0,0,0,1.0363,0,0,0,0,0,13.1718,0,0.120915425,0.011300553,0
48,247,49.362,1123.706392,71081.49994,0,0,0.82183,0.008333,0,0,0.13028,0,0,0,30.885,0,0.120915425,0.011300553,0
48,247,49.362,1123.706392,71081.49994,0.40788,0,0,0.022218,0,0,0,0,0,0,1.35936,0,0.120915425,0.011300553,0
48,247,49.362,1123.706392,71081.49994,0,0,0,0.0068531,0.13896,0,0,0,0,0,6.4536,0,0.120915425,0.011300553,0
48,247,49.362,1123.706392,71081.49994,109.34,0,0,0,0,0,0,0,0,0,0,0,0.120915425,0.011300553,0
48,247,49.362,1123.706392,71081.49994,0.005239,0,0,0.40202,0.008333,0,0,0,0,0,0.36174,0,0.120915425,0.011300553,0
48,247,49.362,1123.706392,71081.49994,0.93731,0,0,0,1.3024,0,0,0,0,0,0,0,0.120915425,0.011300553,0
48,247,49.362,1123.706392,71081.49994,0,0,0,0.0065058,0,0,0,0,0,0,16.6719,0,0.120915425,0.011300553,0
48,247,49.362,1123.706392,71081.49994,7.1711,0,0,0,0,0,0,0,0,0,1.62018,0,0.120915425,0.011300553,0
48,247,49.362,1123.706392,71081.49994,0,0,0,0,0.25607,0,0,0,0,0,12.8901,0,0.120915425,0.011300553,0
48,247,49.362,1123.706392,71081.49994,5.7412,0,0,0.00062,0.005239,0,0,0,0,0,0,0,0.120915425,0.011300553,0
48,247,49.362,1123.706392,71081.49994,0.008333,0,0,0,0,0,0,0,0,0,0,0,0.120915425,0.011300553,0
48,247,49.362,1123.706392,71081.49994,3.5296,0,0,0,0.060787,0,0,0,0,0,0.151728,0,0.120915425,0.011300553,0
48,247,49.362,1123.706392,71081.49994,0,0,0,0,0,0,1.8682,0,0,0,0,0,0.120915425,0.011300553,0
48,247,49.362,1123.706392,71081.49994,0.27066,0,0,0.008333,0.1098,0,0.74966,0,0,0,0,0,0.120915425,0.011300553,0
48,247,49.362,1123.706392,71081.49994,0,0,0,0.12252,0,0,0,0,0,0,27.5562,0,0.120915425,0.011300553,0
48,247,49.362,1123.706392,71081.49994,0,0,0,0,0.21732,0,20.151,0,0,0,0.151728,0,0.120915425,0.011300553,0
48,247,49.362,1123.706392,71081.49994,0,0,0,0,8.3856,0,0,0,0,0,0,0,0.120915425,0.011300553,0
48,247,49.362,1123.706392,71081.49994,0.008333,0,0,0.22843,0.000688,0,0,0,0,0,0.151728,0,0.120915425,0.011300553,0
48,247,49.362,1123.706392,71081.49994,0.87352,0,0,0,0.00036,0,0,0,0,0,0,0,0.120915425,0.011300553,0
48,247,49.362,1123.706392,71081.49994,0.008333,0,0,123.21,0,0.0024365,0,0,0,0,0.151728,0,0.120915425,0.011300553,0
48,247,49.362,1123.706392,71081.49994,3.4031,0,0,0.013606,0.008321,0,0,0,0,0,0,0,0.120915425,0.011300553,0
48,247,49.362,1123.706392,71081.49994,0,0,0,0.0088426,0,0,0,0,0,0,1.63956,0,0.120915425,0.011300553,0
48,247,49.362,1123.706392,71081.49994,0.00524,0,0,0,0,0.18827,0,0,0,0,0,0,0.120915425,0.011300553,0
48,247,49.362,1123.706392,71081.49994,0,0,0,0,0,0,0,0,0,0,0.36174,0,0.120915425,0.011300553,0
48,247,49.362,1123.706392,71081.49994,0,0,0,0,0,0,0,0,0,0,83.223,0,0.120915425,0.011300553,0
48,247,49.362,1123.706392,71081.49994,0.00524,0,0,0,0.027306,0,28.471,0,0.01058,0,0,0,0.120915425,0.011300553,0
48,247,49.362,1123.706392,71081.49994,2.5147,0,0.41975,0,0.011841,0,0,0,0,0,1.65174,0,0.120915425,0.011300553,0
48,247,49.362,1123.706392,71081.49994,0.29343,0,0,0,0.018282,0,0,0,0,0,0.279489,0,0.120915425,0.011300553,0
48,247,49.362,1123.706392,71081.49994,0,0,0,0,0.023106,0,0,0,0,0,0.151728,0,0.120915425,0.011300553,0
48,247,49.362,1123.706392,71081.49994,0,0,0,0,0,0,0,0,0,0,0,0,0.120915425,0.011300553,0
48,247,49.362,1123.706392,71081.49994,8.1913,0,0,0,0,0,0,0,0,0,0.151728,0,0.120915425,0.011300553,0
48,247,49.362,1123.706392,71081.49994,0.85316,0,0,0,0.00524,0,0,0,0,0,6.2754,0,0.120915425,0.011300553,0
48,247,49.362,1123.706392,71081.49994,0,0,0,0,0.008333,0,0,0,0,0,0.151728,0,0.120915425,0.011300553,0
48,247,49.362,1123.706392,71081.49994,0,0,0,0,0.025169,0,0,0,0,0,0,0,0.120915425,0.011300553,0
48,247,49.362,1123.706392,71081.49994,0,0,0,0.011201,1.0363,0,0,0,0,0,0.151728,0,0.120915425,0.011300553,0
48,247,49.362,1123.706392,71081.49994,0.73427,0,0,0,0,0,0,0,0,0,46.353,0,0.120915425,0.011300553,0
48,247,49.362,1123.706392,71081.49994,0.008333,0,0,0,1.4315,0,124.31,0,0,0,0.151728,0,0.120915425,0.011300553,0
48,247,49.362,1123.706392,71081.49994,0.002784,0,0,0,0,0,0,0,0,0,0.151728,0,0.120915425,0.011300553,0
48,247,49.362,1123.706392,71081.49994,0.00062,0,0,0.002868,0,78.459,0,0,0,0,5.787,0,0.120915425,0.011300553,0
48,247,49.362,1123.706392,71081.49994,0.037775,0,0,0.022218,0,0,0,0,0,0,2.52933,0,0.120915425,0.011300553,0
48,247,49.362,1123.706392,71081.49994,0.48229,0,0,0,0,0.77921,0,0,0,0,0.151728,0,0.120915425,0.011300553,0
48,247,49.362,1123.706392,71081.49994,0.005769,0,0,0,0,0,0,0,0,0,0.151728,0,0.120915425,0.011300553,0
48,247,49.362,1123.706392,71081.49994,0,0,0,0,0,0,171.91,0,0,0,0,0,0.120915425,0.011300553,0
48,247,49.362,1123.706392,71081.49994,0.27365,0,0,0.008321,0.008333,0,0,0,0,0,0.151728,0,0.120915425,0.011300553,0
48,247,49.362,1123.706392,71081.49994,184.67,0,0.25792,0.0068531,0,0,0,0,0,0,0.151728,0,0.120915425,0.011300553,0
48,247,49.362,1123.706392,71081.49994,0.008333,0,0,2.1101,70.761,0,0,0,0,0,2.21025,0,0.120915425,0.011300553,0
48,247,49.362,1123.706392,71081.49994,0.062652,0,0,0.077265,0,1.1965,0,0,0,0,2.21025,0,0.120915425,0.011300553,0
48,247,49.362,1123.706392,71081.49994,0,0,0,0.002031,0,0,0,0,0,0,0.75174,0,0.120915425,0.011300553,0
48,247,49.362,1123.706392,71081.49994,0.001669,0,0,0.010471,0,0,0,0,0,0,73.296,0,0.120915425,0.011300553,0
48,247,49.362,1123.706392,71081.49994,177.88,0,0,0.008332,0,0,0,0,0,0,0,0,0.120915425,0.011300553,0
48,247,49.362,1123.706392,71081.49994,0,0,0,0,0,2.8066,0,0,0,0,0,0,0.120915425,0.011300553,0
48,247,49.362,1123.706392,71081.49994,0,0,0,0,0.086094,0.78642,0,0,0,0,176.907,0,0.120915425,0.011300553,0
48,247,49.362,1123.706392,71081.49994,0.000251,0,0,0,0,0,0,0,0,0,0.151728,0,0.120915425,0.011300553,0
48,247,49.362,1123.706392,71081.49994,0.005239,0,0,0.0055919,0.005395,0,0,0,0,0,0.181728,0,0.120915425,0.011300553,0
48,247,49.362,1123.706392,71081.49994,0.014662,0,0,0,0,0.77921,45.114,0,0,0,8.3718,0,0.120915425,0.011300553,0
48,247,49.362,1123.706392,71081.49994,0,0,0,0.0027505,0.005239,0,0,0,0,0,69.483,0,0.120915425,0.011300553,82.03658537
48,247,49.362,1123.706392,71081.49994,0.008321,0,0,0.16809,0,0,0,0,0,0,0.151728,0,0.120915425,0.011300553,0
48,247,49.362,1123.706392,71081.49994,0,0,0,197.85,0,0,0,0,0,0,6.3561,0,0.120915425,0.011300553,0
48,247,49.362,1123.706392,71081.49994,0,0,0,1.5394,0,0,0,0,0,0,0.27711,0,0.120915425,0.011300553,0
48,247,49.362,1123.706392,71081.49994,0.003295,0,0,0,0.008333,0,0,0,0,0,17.2929,0,0.120915425,0.011300553,0
48,247,49.362,1123.706392,71081.49994,0,0,0,0,0,0,0,0,0,0,0,0,0.120915425,0.011300553,0
48,247,49.362,1123.706392,71081.49994,0,0,0,223.54,0.93679,0,0,0,0,0,0,0,0.120915425,0.011300553,0
48,247,49.362,1123.706392,71081.49994,51.143,0,13.427,0.008321,0,1.5693,9.569,0,0,0,0.268926,0,0.120915425,0.011300553,0
48,247,49.362,1123.706392,71081.49994,5.7412,0,0,0.008333,2.7524,0,0,0,0,0,0.151728,0,0.120915425,0.011300553,0
48,247,49.362,1123.706392,71081.49994,0,0,0,0,2.6315,0.79321,0,0,0,0,0,0,0.120915425,0.011300553,0
48,247,49.362,1123.706392,71081.49994,0,0,0,1.7274,0.00524,0.79321,0,0,0,0,0,0,0.120915425,0.011300553,0
48,247,49.362,1123.706392,71081.49994,0.005239,0,0,0,0,0.79385,0,0,0,0,0,0,0.120915425,0.011300553,0
48,247,49.362,1123.706392,71081.49994,0.17713,0,0,0,0,0,0,0,0,0,2.10972,0,0.120915425,0.011300553,0
48,247,49.362,1123.706392,71081.49994,0.19126,0,0,0,0.008332,0,0,0,0,0,0.92517,0,0.120915425,0.011300553,0
48,247,49.362,1123.706392,71081.49994,0,0,0,1.7274,0,0,0,0,0,0,3.5568,0,0.120915425,0.011300553,0
48,247,49.362,1123.706392,71081.49994,0,0,0,0,14.569,0,76.126,0,0,0,0.273018,0,0.120915425,0.011300553,0
48,247,49.362,1123.706392,71081.49994,0.16583,0,0,0,0.1098,0,0,0,0,0,0.27432,0,0.120915425,0.011300553,0
48,247,49.362,1123.706392,71081.49994,0,0,0,0,0,0,0,0.78496,0,0,198.603,0,0.120915425,0.011300553,0
48,247,49.362,1123.706392,71081.49994,0.00524,0,0,0,2.3147,0,0,0,0.84352,0,8.3718,0,0.120915425,0.011300553,0
48,247,49.362,1123.706392,71081.49994,0,0,0,3.5574,0,0,0.59876,0,0,0,7.8318,0,0.120915425,0.011300553,0
48,247,49.362,1123.706392,71081.49994,0.003485,0,0,0,0,0,0,0,0,0,0,0,0.120915425,0.011300553,0
48,247,49.362,1123.706392,71081.49994,0,0,0,0.000739,20.653,0.000668,0,0,0,0,1.26477,0,0.120915425,0.011300553,0
48,247,49.362,1123.706392,71081.49994,0,0,0,9.9,0,0,0,0,0,0,0.151728,0,0.120915425,0.011300553,0
48,247,49.362,1123.706392,71081.49994,0,0,0,0.0067817,0.003346,0,0,0,0,0,0.151728,0,0.120915425,0.011300553,0
48,247,49.362,1123.706392,71081.49994,0,0,0,0.0014795,0.70741,0,0,0,0,0,0,0,0.120915425,0.011300553,0
48,247,49.362,1123.706392,71081.49994,0,0,0,0.002868,1.2845,0,0.021726,0,0,0,2.22174,0,0.120915425,0.011300553,0
48,247,49.362,1123.706392,71081.49994,0,0,0,0,0,0.781,0,0,0,0,0,0,0.120915425,0.011300553,0
48,247,49.362,1123.706392,71081.49994,0,0,0,0.008333,0,0,0,0,0,0,10.2414,0,0.120915425,0.011300553,0
48,247,49.362,1123.706392,71081.49994,6.5562,0,0,0,0,0,0,0,0,0,0.78174,0,0.120915425,0.011300553,0
48,247,49.362,1123.706392,71081.49994,17.385,0,0,2.6593,0.062887,0,0,0,0,0,0,0,0.120915425,0.011300553,0
48,247,49.362,1123.706392,71081.49994,0,0,0,0,0.007102,0,0,0,0,0,0.268926,0,0.120915425,0.011300553,0
48,247,49.362,1123.706392,71081.49994,0.00524,0,0,0,0,0,0,0,0,0,1.64742,0,0.120915425,0.011300553,0
48,247,49.362,1123.706392,71081.49994,1.4262,0,0,0,0.00833,0,44.799,0,0,0,0.151728,0,0.120915425,0.011300553,0
48,247,49.362,1123.706392,71081.49994,2.2256,0,0,0,0.008333,0,0,0,0,0,0,0,0.120915425,0.011300553,0
48,247,49.362,1123.706392,71081.49994,13.595,0,0,0,14.692,0.78189,0,0,0,0,2.7027,0,0.120915425,0.011300553,0
48,247,49.362,1123.706392,71081.49994,0.088719,0,0,0,1.3478,0,0,0,0,0,0.151728,0,0.120915425,0.011300553,0
48,247,49.362,1123.706392,71081.49994,0.030003,0,0,0.0081579,0,0,0,0,0,0,1.57179,0,0.120915425,0.011300553,0
48,247,49.362,1123.706392,71081.49994,0.027357,0,0,4.8058,0,0,0,0,0,0,0,0,0.120915425,0.011300553,0
48,247,49.362,1123.706392,71081.49994,0.002011,0,0,0,0,0,0,0,0,0,1.03647,0,0.120915425,0.011300553,0
48,247,49.362,1123.706392,71081.49994,3.4031,0,0,0,0.005239,0,0,0,0,0,0,0,0.120915425,0.011300553,0
48,247,49.362,1123.706392,71081.49994,49.592,0,0,11.325,0,0,0,0,0,0,0,0,0.120915425,0.011300553,0
48,247,49.362,1123.706392,71081.49994,0,0,0,0,0.008333,0,0,0,0,0,0,0,0.120915425,0.011300553,0
48,247,49.362,1123.706392,71081.49994,0.0088108,0,0,0.001434,0.090777,0,0,0,0,0,0,0,0.120915425,0.011300553,0
48,247,49.362,1123.706392,71081.49994,2.2987,0,0,0.001669,0,0,0,0,0,0,24.5118,0,0.120915425,0.011300553,0
48,247,49.362,1123.706392,71081.49994,0,0,0,0,0.003346,2.4162,0,0,0,0,0,0,0.120915425,0.011300553,0
48,247,49.362,1123.706392,71081.49994,0.00524,0,0,0,0.003821,0,0,0,0,0,0,0,0.120915425,0.011300553,0
48,247,49.362,1123.706392,71081.49994,1.2548,0,0,0,0.032706,0,0,0,0,0,0,0,0.120915425,0.011300553,0
48,247,49.362,1123.706392,71081.49994,0,0,0,0,0.52975,0,0,0,0,0,0,0,0.120915425,0.011300553,0
48,247,49.362,1123.706392,71081.49994,0.018381,0,0,0.37666,0.001669,0,0,0,0,0,10.1169,0,0.120915425,0.011300553,0
48,247,49.362,1123.706392,71081.49994,0.00021,0,0,0,0,0,0,59.212,0,0,4.9119,0,0.120915425,0.011300553,0
48,247,49.362,1123.706392,71081.49994,0,0,0,0,0.00524,0,0,0,0,0,0.151728,0,0.120915425,0.011300553,0
48,247,49.362,1123.706392,71081.49994,0.003821,0,0,0.0029965,0.008133,0,0,0,0,0,0,0,0.120915425,0.011300553,0
48,247,49.362,1123.706392,71081.49994,0.01332,0,0,7.1031,0.0057595,0,0,0,0,0,23.3337,0,0.120915425,0.011300553,0
48,247,49.362,1123.706392,71081.49994,0,0,0,1.8563,0.000739,0,0,0,0,0,0.276939,0,0.120915425,0.011300553,0
48,247,49.362,1123.706392,71081.49994,22.323,0,0,0,0,0.13286,0,0,0,0,1.85526,0,0.120915425,0.011300553,0
48,247,49.362,1123.706392,71081.49994,0,0,0,0,0,0,0,0,0,0,8.5644,0,0.120915425,0.011300553,0
48,247,49.362,1123.706392,71081.49994,0.4515,0,0,0,0.0085875,0,0,0,0,0,1.35936,0,0.120915425,0.011300553,0
48,247,49.362,1123.706392,71081.49994,0,0,0,0,14.084,0,0,0,0,0,0.151728,0,0.120915425,0.011300553,0
48,247,49.362,1123.706392,71081.49994,0.011776,0,0.003346,0,3.2358,0.91771,0,0,0,0,0.273021,0,0.120915425,0.011300553,0
48,247,49.362,1123.706392,71081.49994,0.067102,0,0,244.5,850.39,0,0,0,0,0,0.151728,0,0.120915425,0.011300553,0
48,247,49.362,1123.706392,71081.49994,0.0097027,0,0,0.00524,0.008333,0,0,0,0,0,7.3257,0,0.120915425,0.011300553,0
48,247,49.362,1123.706392,71081.49994,1.6744,0,0,0.021603,0.67961,0.79321,0,0,0,0,8.172,0,0.120915425,0.011300553,0
48,247,49.362,1123.706392,71081.49994,36.945,0,0,0.008333,0.11608,0,0,0,0,0,0.151728,0,0.120915425,0.011300553,0
48,247,49.362,1123.706392,71081.49994,0,0,0,0,1.7912,0,0,0,0,0,0,0,0.120915425,0.011300553,0
48,247,49.362,1123.706392,71081.49994,0.008333,0,0,0,0.028193,0,0.13028,0,0,0,0.9426,0,0.120915425,0.011300553,0
48,247,49.362,1123.706392,71081.49994,0.0064565,0,0,0,0.008335,0,0,0,0,0,0,0,0.120915425,0.011300553,0
48,247,49.362,1123.706392,71081.49994,0,0,0,0.86967,0.021907,0.008333,0,0,0,0,0.151728,0,0.120915425,0.011300553,0
48,247,49.362,1123.706392,71081.49994,0.007221,0,0,0,0,1.5693,0,0,0,0,0,0,0.120915425,0.011300553,0
48,247,49.362,1123.706392,71081.49994,0,0,0,31.038,0,0,0,0,0,0,5.4381,0,0.120915425,0.011300553,0
48,247,49.362,1123.706392,71081.49994,0.0068531,0,0,7.8163,0,0,0,0,0,0,15.252,0,0.120915425,0.011300553,0
48,247,49.362,1123.706392,71081.49994,7.1711,0,0,0.0059107,0,0.2468,0,0,0,0,0.151728,0,0.120915425,0.011300553,0
48,247,49.362,1123.706392,71081.49994,0.013476,0,0,0,0,0,0,0,0,0,7.3638,0,0.120915425,0.011300553,0
48,247,49.362,1123.706392,71081.49994,0,0,0,0,0,0,4.0851,0,0,0,6.8079,0,0.120915425,0.011300553,0
48,247,49.362,1123.706392,71081.49994,47.536,0,0,11.552,0.00524,0,0,0,0,0,0.78174,0,0.120915425,0.011300553,0
48,247,49.362,1123.706392,71081.49994,4.8879,0,0,0,0,0,0,0,7.4081,0,6.1116,0,0.120915425,0.011300553,0
48,247,49.362,1123.706392,71081.49994,1.7472,0,0,0,0,3.5685,0,0,0,0,0,0,0.120915425,0.011300553,0
48,247,49.362,1123.706392,71081.49994,21.068,0,0.14658,0.011941,0,0,0,0,0,0,2.7027,0,0.120915425,0.011300553,0
48,247,49.362,1123.706392,71081.49994,0,0,0,0,0,0,0,0,0,0,12.3399,0,0.120915425,0.011300553,0
48,247,49.362,1123.706392,71081.49994,0,0,0,2.0817,0,0,0,0,0,0,4.8618,0,0.120915425,0.011300553,0
48,247,49.362,1123.706392,71081.49994,0.00524,0,0,0,0.14993,0,0,0,0,0,0.151728,0,0.120915425,0.011300553,0
48,247,49.362,1123.706392,71081.49994,4.5748,0,0,0,0.008333,0,0,0,0,0,0.151728,0,0.120915425,0.011300553,0
48,247,49.362,1123.706392,71081.49994,0.0068619,0,0,7.4028,0.68784,0,0,0,0,0,23.5818,0,0.120915425,0.011300553,0
48,247,49.362,1123.706392,71081.49994,0.040702,0,0,0,0,0,0,0,0,0,0.151728,0,0.120915425,0.011300553,0
48,247,49.362,1123.706392,71081.49994,0.00524,0,0,0.008333,2.8091,0,0,0,0,0,0.151728,0,0.120915425,0.011300553,0
48,247,49.362,1123.706392,71081.49994,0.009261,0,0,0,3.6586,0,0.059897,0,0,0,1.65174,0,0.120915425,0.011300553,0
48,247,49.362,1123.706392,71081.49994,0.037775,0,0,0,0,0,0,0,0,0,0.268926,0,0.120915425,0.011300553,0
48,247,49.362,1123.706392,71081.49994,0.080184,0,0,0.007328,0,0,0,0,0,0,4.8507,0,0.120915425,0.011300553,0
48,247,49.362,1123.706392,71081.49994,0.008333,0,0,0.83912,0.0057595,0,0,0,0,0,0,0,0.120915425,0.011300553,0
48,247,49.362,1123.706392,71081.49994,57.072,0,0,0.00524,0,0,0,0,0,0,0.93561,0,0.120915425,0.011300553,0
48,247,49.362,1123.706392,71081.49994,0,0,0,0.2491,4.2216,0,0,0,0,0,73.296,0,0.120915425,0.011300553,0
48,247,49.362,1123.706392,71081.49994,0,0,0,17.76,50.346,0,5.9575,0,0,0,4.4787,0,0.120915425,0.011300553,0
48,247,49.362,1123.706392,71081.49994,0.002598,0,0,0,0.00043,0,0,0,0,0,0,0,0.120915425,0.011300553,0
48,247,49.362,1123.706392,71081.49994,0.062194,0,0,0,29.422,0,0,0,0,0,0.151728,0,0.120915425,0.011300553,0
48,247,49.362,1123.706392,71081.49994,0,0,0,1.3084,0,0,0,0,0,0,0,0,0.120915425,0.011300553,0
48,247,49.362,1123.706392,71081.49994,0.007697,0,0,0.0012795,0,0.42818,0,0,0,0,0.151728,0,0.120915425,0.011300553,0
48,247,49.362,1123.706392,71081.49994,1.1394,0,0,0,6.78,0,0,0,0,0,0,0,0.120915425,0.011300553,0
48,247,49.362,1123.706392,71081.49994,0,0,0,0,0.008333,0,0,0,0,0,14.4696,0,0.120915425,0.011300553,0
48,247,49.362,1123.706392,71081.49994,0.19126,0,0,0.003416,0,0.77921,0,0,0,0,0,0,0.120915425,0.011300553,0
48,247,49.362,1123.706392,71081.49994,0,0,0,0,0.05414,0,0,0,0,0,0,0,0.120915425,0.011300553,0
48,247,49.362,1123.706392,71081.49994,0.000124,0,0,32.687,0,0,0.60778,0,0,0,0,0,0.120915425,0.011300553,0
48,247,49.362,1123.706392,71081.49994,0.025372,0,0,0,0,0.044975,0,0,0,0,0,0,0.120915425,0.011300553,0
48,247,49.362,1123.706392,71081.49994,0.015487,0,0,0.088496,0,0.79321,0,0,0,0,0,0,0.120915425,0.011300553,0
48,247,49.362,1123.706392,71081.49994,0.0152,0,0,0.14395,0,0,0,0,0,0,10.6818,0,0.120915425,0.011300553,0
48,247,49.362,1123.706392,71081.49994,0,0,0,0,0.42442,0,0,0,0,0,0,0,0.120915425,0.011300553,0
48,247,49.362,1123.706392,71081.49994,0.00524,0,0,0,0.013518,0,0,4.5386,0,0,0,0,0.120915425,0.011300553,0
48,247,49.362,1123.706392,71081.49994,0,0,0,0,0.0078558,0,0,0,0,0,8.9118,0,0.120915425,0.011300553,0
48,247,49.362,1123.706392,71081.49994,3.7455,0,0,0.0055291,2.006,0,0,0,0,0,1.05978,0,0.120915425,0.011300553,0
48,247,49.362,1123.706392,71081.49994,0,0,0,0.030631,0.05414,0,0,0,0,0,0,0,0.120915425,0.011300553,0
48,247,49.362,1123.706392,71081.49994,0.070781,0,0,0,0.008333,0,0,0,0,0,0,0,0.120915425,0.011300553,0
48,247,49.362,1123.706392,71081.49994,0,0,0,3.5574,0,0,0,10.318,0,0,0,0,0.120915425,0.011300553,0
48,247,49.362,1123.706392,71081.49994,0,0,0,0.030965,0.00524,0,30.781,0,0,0,0,0,0.120915425,0.011300553,0
48,247,49.362,1123.706392,71081.49994,0.08029,0,0,0,0.005239,1.9376,0,0,0,0,12.2682,0,0.120915425,0.011300553,0
48,247,49.362,1123.706392,71081.49994,3.8952,0,0,0.002031,0,0,0,0,0.46929,0,0,0,0.120915425,0.011300553,0
48,247,49.362,1123.706392,71081.49994,8.6108,0,0,8.0353,0,0,0,0,0,0,4.8687,0,0.120915425,0.011300553,0
48,247,49.362,1123.706392,71081.49994,0.008335,0,0,0,0.019681,0,0,0,0,0,0,0,0.120915425,0.011300553,0
48,247,49.362,1123.706392,71081.49994,0.35231,0,0,0,0.008333,0,0,0,0,0,0.273384,0,0.120915425,0.011300553,0
48,247,49.362,1123.706392,71081.49994,0,0,0,0,0,0,0,0,0,0,0.151728,0,0.120915425,0.011300553,0
48,247,49.362,1123.706392,71081.49994,0.008333,0,0,0,0,0,0,0,0,0,2.22174,0,0.120915425,0.011300553,0
48,247,49.362,1123.706392,71081.49994,0,0,0,0,0,0,0,0,0,0,0.151728,0,0.120915425,0.011300553,0
48,247,49.362,1123.706392,71081.49994,0.012423,0,0,0,0,0.002355,0,0,0,0,0.151728,0,0.120915425,0.011300553,0
48,247,49.362,1123.706392,71081.49994,0.067102,0,3.002,0.12679,0,0,0,0,0,0,4.8507,0,0.120915425,0.011300553,0
48,247,49.362,1123.706392,71081.49994,10.309,0,0,0,0.000251,0,0,0,0,0,0,0,0.120915425,0.011300553,0
48,247,49.362,1123.706392,71081.49994,0.015379,0,0,0,0,0,0.008333,0,0,0,42.879,0,0.120915425,0.011300553,0
48,247,49.362,1123.706392,71081.49994,0.001478,0,0,0.000063,0.63967,0,0,0,0,0,1.98174,0,0.120915425,0.011300553,0
48,247,49.362,1123.706392,71081.49994,0.00524,0,0.33343,0,0,0.077537,0,0,0,0,0,0,0.120915425,0.011300553,0
48,247,49.362,1123.706392,71081.49994,0.51613,0,14.166,0,0,0,0,0,0,0,0,0,0.120915425,0.011300553,0
48,247,49.362,1123.706392,71081.49994,0.005769,0,0,0,0,0,0,0,0,0,0.151728,0,0.120915425,0.011300553,0
48,247,49.362,1123.706392,71081.49994,0.006702,0,0,0,0.008335,0,9.6768,0,0,0,0.151728,0,0.120915425,0.011300553,0
48,247,49.362,1123.706392,71081.49994,0,0,0,0.029402,0,0,0,0,0,0,0.151728,0,0.120915425,0.011300553,0
48,247,49.362,1123.706392,71081.49994,0,0,0,0,0.84234,0,0,0,0,0,6.8079,0,0.120915425,0.011300553,0
48,247,49.362,1123.706392,71081.49994,0,0,0,0.37527,7.0738,0,0,0,0,0,0,0,0.120915425,0.011300553,0
48,247,49.362,1123.706392,71081.49994,0.10527,0,0,0,0,0.78972,0,0.44912,0,0,16.6719,0,0.120915425,0.011300553,0
48,247,49.362,1123.706392,71081.49994,0,0,0,0.000124,5.7523,0,0,0,0,0,0.151728,0,0.120915425,0.011300553,0
48,247,49.362,1123.706392,71081.49994,0,0,0,0,0,0,130.49,0,0,0,4.8618,0,0.120915425,0.011300553,0
48,247,49.362,1123.706392,71081.49994,0.00322,0,0,0.000124,1.7509,0.001185,0,0,0,0,0,0,0.120915425,0.011300553,0
48,247,49.362,1123.706392,71081.49994,1.8379,0,0,0,0.4786,0,0,0,0,0,0,0,0.120915425,0.011300553,0
48,247,49.362,1123.706392,71081.49994,0.041249,0,0,0,0,0,0,0,0,0,4.4313,0,0.120915425,0.011300553,0
48,247,49.362,1123.706392,71081.49994,0.00524,0,0,0,0,0,0,0,0,0,0.151728,0,0.120915425,0.011300553,0
48,247,49.362,1123.706392,71081.49994,0,0,0,0.02891,0.00043,0,0,0,0,0,0,0,0.120915425,0.011300553,0
48,247,49.362,1123.706392,71081.49994,0.00524,0,0,0.003346,0,0,0,0,0,0,0.28866,0,0.120915425,0.011300553,0
48,247,49.362,1123.706392,71081.49994,0,0,0,0.001493,0,0,0,0,0,0,0,0,0.120915425,0.011300553,0
48,247,49.362,1123.706392,71081.49994,0.017603,0,0,0.013455,0,0,0,0,0,0,1.70622,0,0.120915425,0.011300553,0
48,247,49.362,1123.706392,71081.49994,0.7554,0,0,0.016337,0,0,30.781,0,0,0,9.0018,0,0.120915425,0.011300553,0
48,247,49.362,1123.706392,71081.49994,0.010338,0,0,0,0,0,0,0,0,0,3.3018,0,0.120915425,0.011300553,0
48,247,49.362,1123.706392,71081.49994,0.008333,0,0,0,0,0,0,0,0,0,14.0655,0,0.120915425,0.011300553,0
48,247,49.362,1123.706392,71081.49994,0.008333,0,0,0.008333,0.008333,0,0,0,0,0,0,0,0.120915425,0.011300553,0
48,247,49.362,1123.706392,71081.49994,0.016858,0,0,0.008333,0,0,0,0,0,0,4.0518,0,0.120915425,0.011300553,0
48,247,49.362,1123.706392,71081.49994,0,0,0,8.5618,0.021909,0,0,0,0,0,0,0,0.120915425,0.011300553,0
48,247,49.362,1123.706392,71081.49994,5.8431,0,0,1.1486,0,0,0,0,0,0,0.77829,0,0.120915425,0.011300553,0
48,247,49.362,1123.706392,71081.49994,0.00524,0,0,7.8979,0,0,0,0,0,0,0,0,0.120915425,0.011300553,0
48,247,49.362,1123.706392,71081.49994,0.019152,0,0,0.008333,0.14346,0,0,0,0,0,1.72038,0,0.120915425,0.011300553,0
48,247,49.362,1123.706392,71081.49994,0.000081,0,0,0,0,0,7.2385,0,0,0,0.151728,0,0.120915425,0.011300553,0
48,247,49.362,1123.706392,71081.49994,0.008333,0,0,0,0.008333,0.79385,0,0,0,0,0,0,0.120915425,0.011300553,0
48,247,49.362,1123.706392,71081.49994,0.005239,0,0,0.014043,0,0,0,0,0,0,0,0,0.120915425,0.011300553,0
48,247,49.362,1123.706392,71081.49994,5.6933,0,0,0,0,9.7428,0,0,0,0,0.151728,0,0.120915425,0.011300553,0
48,247,49.362,1123.706392,71081.49994,0,0,0.87797,1.2164,0,0,0,0,0,0,11.682,0,0.120915425,0.011300553,0
48,247,49.362,1123.706392,71081.49994,37.409,0,0,0,0,0,0,0,0,0,0,0,0.120915425,0.011300553,0
48,247,49.362,1123.706392,71081.49994,0.48229,0,0,0,0.065813,0,0,0,0,0,0,0,0.120915425,0.011300553,0
48,247,49.362,1123.706392,71081.49994,51.143,0,0,0,0,0,0,0,0,0,0,0,0.120915425,0.011300553,0
48,247,49.362,1123.706392,71081.49994,43.218,0,0,0,0,0,0,0,0,0,0,0,0.120915425,0.011300553,0
48,247,49.362,1123.706392,71081.49994,0,0,0,0.0027505,0.008333,0,0,0,0,0,0.286419,0,0.120915425,0.011300553,0
48,247,49.362,1123.706392,71081.49994,0,0,0,0,0.001326,0,0,0,0,0,0.28509,0,0.120915425,0.011300553,0
48,247,49.362,1123.706392,71081.49994,0,0,0.19491,0.013455,0.008321,0,0.059897,0,0,0,23.5818,0,0.120915425,0.011300553,0
48,247,49.362,1123.706392,71081.49994,0.013476,0,0,0.081032,0,0,0,1.7578,0,0,0.286419,0,0.120915425,0.011300553,0
48,247,49.362,1123.706392,71081.49994,0,0,0,0,0,0,0,49.928,0,0,0,0,0.120915425,0.011300553,0
48,247,49.362,1123.706392,71081.49994,0,0,0,0,0.011131,0.77921,0,0,0,0,0.278526,0,0.120915425,0.011300553,0
48,247,49.362,1123.706392,71081.49994,0.00524,0,0,0.020093,0,0,0,0,0,0,0.151728,0,0.120915425,0.011300553,0
48,247,49.362,1123.706392,71081.49994,0.0097975,0,0,0,0,0,0.42744,0,0,0,41.715,0,0.120915425,0.011300553,0
48,247,49.362,1123.706392,71081.49994,0,0,0,5.5669,0.37101,0,0,0,0,0,0,0,0.120915425,0.011300553,0
48,247,49.362,1123.706392,71081.49994,0,0,0,0,0,0,0,0,0,0,0.92517,0,0.120915425,0.011300553,0
48,247,49.362,1123.706392,71081.49994,0.002868,0,0,0,0,0.77921,0.008333,0,0,0,19.6818,0,0.120915425,0.011300553,0
48,247,49.362,1123.706392,71081.49994,0,0,0,0,0,0,0,0,0,0,0.151728,0,0.120915425,0.011300553,0
48,247,49.362,1123.706392,71081.49994,0,0,0,0,0,0,0,0,0,0,0.151728,0,0.120915425,0.011300553,0
48,247,49.362,1123.706392,71081.49994,0,0,0,1.4572,0.000063,0,0,0,0,0,0.279615,0,0.120915425,0.011300553,0
48,247,49.362,1123.706392,71081.49994,0,0,0,0.1075,0,0,0,0,0,0,0.151728,0,0.120915425,0.011300553,0
48,247,49.362,1123.706392,71081.49994,0,0,0,0,0,0,0,0,0,0,2.52933,0,0.120915425,0.011300553,0
48,247,49.362,1123.706392,71081.49994,0,0,0,0,0.011841,0,0,0,0,0,2.41287,0,0.120915425,0.011300553,0
48,247,49.362,1123.706392,71081.49994,0,0,0,0,0.062887,0,0,0,0,0,0,0,0.120915425,0.011300553,0
48,247,49.362,1123.706392,71081.49994,0,0,0,0,0.031711,0,0.13028,0,0,0,17.2929,0,0.120915425,0.011300553,0
48,247,49.362,1123.706392,71081.49994,0.000251,0,0,0.008333,3.7158,4.6961,0,0,0,0,0,0,0.120915425,0.011300553,0
48,247,49.362,1123.706392,71081.49994,0.002139,0,0,0,0.0214,0,0,0,0,0,116.517,0,0.120915425,0.011300553,0
48,247,49.362,1123.706392,71081.49994,0.00524,0,0,0.008333,0,0.77921,0,0,0,0,0,0,0.120915425,0.011300553,0
48,247,49.362,1123.706392,71081.49994,0.022279,0,0,0.65249,0,0.78189,0,0,0,0,0.151728,0,0.120915425,0.011300553,0
48,247,49.362,1123.706392,71081.49994,0,0,0.007613,21.209,0,0,0,0,0,0,0.86343,0,0.120915425,0.011300553,0
48,247,49.362,1123.706392,71081.49994,0,0,0,0,0,0,0.13028,0,0,0,0.276939,0,0.120915425,0.011300553,0
48,247,49.362,1123.706392,71081.49994,0.000251,0,0,0,0,0,150.43,0,0,0,0.151728,0,0.120915425,0.011300553,0
48,247,49.362,1123.706392,71081.49994,0.00524,0,0.001669,0.034928,0.002031,0,0.13028,0,0,0,6.105,0,0.120915425,0.011300553,0
48,247,49.362,1123.706392,71081.49994,12.38,0,0,0.007102,0,0,0,0,0,0,0.151728,0,0.120915425,0.011300553,0
48,247,49.362,1123.706392,71081.49994,2.3556,0,0,0,0,0,0,0,0,0,0,0,0.120915425,0.011300553,0
48,247,49.362,1123.706392,71081.49994,0,0,0,0,0.002741,0,0,0,0,0,2.64756,0,0.120915425,0.011300553,0
48,247,49.362,1123.706392,71081.49994,7.049,0,0,0,0.0085875,0,0,0,0,0,0.151728,0,0.120915425,0.011300553,0
48,247,49.362,1123.706392,71081.49994,0,0,0,0,0,0,0,0,0,0,13.494,0,0.120915425,0.011300553,0
48,247,49.362,1123.706392,71081.49994,9.7427,0,0,0,0.00524,0,0,0,0,0,0.151728,0,0.120915425,0.011300553,0
48,247,49.362,1123.706392,71081.49994,0.00524,0,0,0,0.090777,10.284,0,0,6.1482,0,0.151728,0,0.120915425,0.011300553,0
48,247,49.362,1123.706392,71081.49994,0,0,0,0.0083909,0,1.1637,0,0,0,0,1.47252,0,0.120915425,0.011300553,0
48,247,49.362,1123.706392,71081.49994,23.582,0,0,0,0,0,0,0,0,0,1.62048,0,0.120915425,0.011300553,0
48,247,49.362,1123.706392,71081.49994,0,0,0,1.3084,0.25607,0,0,0,0,0,0.151728,0,0.120915425,0.011300553,0
48,247,49.362,1123.706392,71081.49994,0,0,0,0,6.873,0,0,0,0,0,0.151728,0,0.120915425,0.011300553,0
48,247,49.362,1123.706392,71081.49994,0,0,0,23.551,0.0306,0,0,0,0,0,0.151728,0,0.120915425,0.011300553,0
48,247,49.362,1123.706392,71081.49994,0.015379,0,0,5.8999,0,4.4694,0,0,0,0,28.113,0,0.120915425,0.011300553,0
48,247,49.362,1123.706392,71081.49994,8.2504,0,0,0.0081579,17.934,0,0.88059,0,0,0,0,0,0.120915425,0.011300553,0
48,247,49.362,1123.706392,71081.49994,0,0,0,0,0,0,0,0,0,0,0,0,0.120915425,0.011300553,0
48,247,49.362,1123.706392,71081.49994,0.013575,0,0,0,0,0,0,0,0,0,0.151728,0,0.120915425,0.011300553,0
48,247,49.362,1123.706392,71081.49994,0.008333,0,0,15.197,0,0,0,0,0,0,0.278526,0,0.120915425,0.011300553,0
48,247,49.362,1123.706392,71081.49994,0,0,0,0.030966,0,0,0,0,0,0,9.0018,0,0.120915425,0.011300553,0
48,247,49.362,1123.706392,71081.49994,0,0,0,0.0062753,0,0,0,0,0,0,0.151728,0,0.120915425,0.011300553,0
48,247,49.362,1123.706392,71081.49994,0.011479,0,0,0,0,0,3.015,0,0,0,0.77829,0,0.120915425,0.011300553,0
48,247,49.362,1123.706392,71081.49994,0,0,0,0,0,0,0,0,0,0,0,0,0.120915425,0.011300553,0
48,247,49.362,1123.706392,71081.49994,0.00753,0,0,0,0,0,0,0,0,0,0.151728,0,0.120915425,0.011300553,0
48,247,49.362,1123.706392,71081.49994,0,0,0,0,0,0,0,0,0,0,0.92517,0,0.120915425,0.011300553,0
48,247,49.362,1123.706392,71081.49994,0,0,0,0,0,0,0.42744,0,0,0,12.3399,0,0.120915425,0.011300553,0
48,247,49.362,1123.706392,71081.49994,0,0,0,0.008335,0.21192,0,0,0,0,0,0,0,0.120915425,0.011300553,0
48,247,49.362,1123.706392,71081.49994,2.2494,0,0,0,0,0,0,0,0,0,0.151728,0,0.120915425,0.011300553,0
48,247,49.362,1123.706392,71081.49994,0.41786,0,0,17.76,2.7524,0,0,0,0,0,78.063,0,0.120915425,0.011300553,0
48,247,49.362,1123.706392,71081.49994,0,0,0,0.00524,0,0.77921,0,0,0,0,1.52439,0,0.120915425,0.011300553,0
48,247,49.362,1123.706392,71081.49994,0,0,0,0.53462,0.003821,0,0,0,0,0,18.1353,0,0.120915425,0.011300553,0
48,247,49.362,1123.706392,71081.49994,0,0,0,0,0,0,0,0,0,0,0.151728,0,0.120915425,0.011300553,0
48,247,49.362,1123.706392,71081.49994,0,0,0,0,0,0,265.12,0,0,0,0.181728,0,0.120915425,0.011300553,0
48,247,49.362,1123.706392,71081.49994,0.011569,0,0,0.19366,0,0,0.13028,0,0,0,0.151728,0,0.120915425,0.011300553,0
48,247,49.362,1123.706392,71081.49994,0,0,0,0.0088426,0,0,0,0,0,0,0,0,0.120915425,0.011300553,0
48,247,49.362,1123.706392,71081.49994,0,0,0,0,0.008133,0,0,0,0,0,0,0,0.120915425,0.011300553,0
48,247,49.362,1123.706392,71081.49994,0,0,0,0,15.439,0,0,0,0,0,0,0,0.120915425,0.011300553,0
48,247,49.362,1123.706392,71081.49994,872.97,0,0,0,0,0,0.42744,0,0,0,1.5003,0,0.120915425,0.011300553,0
48,247,49.362,1123.706392,71081.49994,0.008333,0,0,0,0.01564,0,0,0,0,0,0,0,0.120915425,0.011300553,0
48,247,49.362,1123.706392,71081.49994,0,0,0,7.7379,0,0,0,0,0,0,2.66157,0,0.120915425,0.011300553,0
48,247,49.362,1123.706392,71081.49994,0.003538,0,0,0,0,0,0,0,0,0,2.06073,0,0.120915425,0.011300553,0
48,247,49.362,1123.706392,71081.49994,0.007835,0,0,0,0,0,6.9504,0,0,0,2.06073,0,0.120915425,0.011300553,0
48,247,49.362,1123.706392,71081.49994,0.042738,0,0,0.000739,0,0,0,0,0,0,0,0,0.120915425,0.011300553,0
48,247,49.362,1123.706392,71081.49994,0,0,0,1.3952,0,0,0,0,0,0,0.151728,0,0.120915425,0.011300553,0
48,247,49.362,1123.706392,71081.49994,0,0,0,0.015045,0.001493,0,0,0,0,0,0.273324,0,0.120915425,0.011300553,0
48,247,49.362,1123.706392,71081.49994,0,0,0,0,7.544,0.77921,0,0,0,0,4.7865,0,0.120915425,0.011300553,0
48,247,49.362,1123.706392,71081.49994,0,0,0,7.1341,0.12938,0.022157,10.2,0,0,0,0.151728,0,0.120915425,0.011300553,0
48,247,49.362,1123.706392,71081.49994,0.008333,0,0,0,0,0,0,0.13657,0,0,0,0,0.120915425,0.011300553,0
48,247,49.362,1123.706392,71081.49994,0.018381,0,1.1754,0,0.008333,0,0,0,0,0,0.151728,0,0.120915425,0.011300553,0
48,247,49.362,1123.706392,71081.49994,0.008333,0,0,0.055562,0,0,0,0,0,0,0.278526,0,0.120915425,0.011300553,0
48,247,49.362,1123.706392,71081.49994,0.0094073,0,0,0,0,0,0,0,0,0,73.296,0,0.120915425,0.011300553,0
48,247,49.362,1123.706392,71081.49994,6.7661,0,0,0,0,0,0.84965,0,0,0,8.172,0,0.120915425,0.011300553,0
48,247,49.362,1123.706392,71081.49994,6.3539,0,0,0,0,0,0,0,0,0,0.65616,0,0.120915425,0.011300553,0
48,247,49.362,1123.706392,71081.49994,0.00524,0,0,0,0.000251,0,0,0,0,0,0,0,0.120915425,0.011300553,0
48,247,49.362,1123.706392,71081.49994,21.068,0,0,0,0,22.837,0,0,0,0,6.8154,0,0.120915425,0.011300553,0
48,247,49.362,1123.706392,71081.49994,0,0,0,0.000124,0,0,0.67845,15.565,0,0,1.96911,0,0.120915425,0.011300553,0
48,247,49.362,1123.706392,71081.49994,2.6123,0,0,0,0,0,0,0,0,0,1.72038,0,0.120915425,0.011300553,0
48,247,49.362,1123.706392,71081.49994,0,0,0,6.9518,0.007102,0,0,0,0,0,0.151728,0,0.120915425,0.011300553,0
48,247,49.362,1123.706392,71081.49994,0.00644,0,0,0,0.00524,0,0,0,0,0,44.073,0,0.120915425,0.011300553,0
48,247,49.362,1123.706392,71081.49994,0.27365,0,0,0,0,0.79321,0,0,0,0,1.97832,0,0.120915425,0.011300553,0
48,247,49.362,1123.706392,71081.49994,0.00524,0,0,0,0,0,0,0,0,0,0,0,0.120915425,0.011300553,0
48,247,49.362,1123.706392,71081.49994,0.001493,0,0,0,0.028193,0,0,0,0,0,0.151728,0,0.120915425,0.011300553,0
48,247,49.362,1123.706392,71081.49994,3.619,0,0,0,0.008333,0,0,0,0,0,0,0,0.120915425,0.011300553,0
48,247,49.362,1123.706392,71081.49994,0,0,0,0,0.000376,0,130.49,0,0,0,0.151728,0,0.120915425,0.011300553,0
48,247,49.362,1123.706392,71081.49994,0,0,0,0,0,0,0,0,0,0,0.151728,0,0.120915425,0.011300553,0
48,247,49.362,1123.706392,71081.49994,0,0,0,1.1174,0,0,0,0,0,0,0.151728,0,0.120915425,0.011300553,0
48,247,49.362,1123.706392,71081.49994,0,0,0,0.011201,0,0,0,0,0,0,0.241728,0,0.120915425,0.011300553,0
48,247,49.362,1123.706392,71081.49994,0.34912,0,0,0.20517,0.008333,0,0,0,0,0,56.145,0,0.120915425,0.011300553,0
48,247,49.362,1123.706392,71081.49994,0,0,0,0,0,0,0,0,0,0,0,0,0.120915425,0.011300553,0
48,247,49.362,1123.706392,71081.49994,0.008333,0,0,0,0,0.000064,0,0,0,0,0.286419,0,0.120915425,0.011300553,0
48,247,49.362,1123.706392,71081.49994,0.005769,0,0,0.0068531,0,0,0,0,0,0,0,0,0.120915425,0.011300553,0
48,247,49.362,1123.706392,71081.49994,0,0,0,10.118,0.00524,0,0,0,0,0,50.673,0,0.120915425,0.011300553,0
48,247,49.362,1123.706392,71081.49994,0,0,0,0,12.686,0,0,0,0,0,151.038,0,0.120915425,0.011300553,0
48,247,49.362,1123.706392,71081.49994,0,0,0,2.2778,0.005239,0,0,0,0,0,45.663,0,0.120915425,0.011300553,0
48,247,49.362,1123.706392,71081.49994,0,0,0,0,0,0,0,0,0,0,0,0,0.120915425,0.011300553,0
48,247,49.362,1123.706392,71081.49994,0,0,0,0.008335,0,0,0,0,0,0,0,0,0.120915425,0.011300553,0
48,247,49.362,1123.706392,71081.49994,0.063798,0,0,0.005769,0,0,0,0,0,0,0.151728,0,0.120915425,0.011300553,0
48,247,49.362,1123.706392,71081.49994,49.592,0,0,0,58.159,0,0,0,0,0,0,0,0.120915425,0.011300553,0
48,247,49.362,1123.706392,71081.49994,0,0,0,0,0.52251,0,0,0,0,0,8.6688,0,0.120915425,0.011300553,0
48,247,49.362,1123.706392,71081.49994,0.0097975,0,0,0,0.008333,0,0,0,0,0,0,0,0.120915425,0.011300553,0
48,247,49.362,1123.706392,71081.49994,0,0,0,0,0,0,0,0,0,0,0.151728,0,0.120915425,0.011300553,0
48,247,49.362,1123.706392,71081.49994,0,0,0,0,0,0,0,0,0,0,4.5198,0,0.120915425,0.011300553,0
48,247,49.362,1123.706392,71081.49994,0.013572,0,0,0,0.020274,0,0,0,0,0,1.02366,0,0.120915425,0.011300553,0
48,247,49.362,1123.706392,71081.49994,0.0724,0,0,0,0,0,0,0,0,0,0.151728,0,0.120915425,0.011300553,0
48,247,49.362,1123.706392,71081.49994,0,0,0,9.9,0,0,0,0,0,0,8.9418,0,0.120915425,0.011300553,0
48,247,49.362,1123.706392,71081.49994,0,0,0.012389,0.0055919,0,0,0,0,0,0,2.7027,0,0.120915425,0.011300553,0
48,247,49.362,1123.706392,71081.49994,0,0,0,0,4.6708,0,0.42744,0,0,0,0.45174,0,0.120915425,0.011300553,0
48,247,49.362,1123.706392,71081.49994,0.17713,0,0,0.003821,0,0,0,0,0,0,6.105,0,0.120915425,0.011300553,0
48,247,49.362,1123.706392,71081.49994,0.053886,0,0,0,0.0084565,0,0,0,0,0,0,0,0.120915425,0.011300553,0
48,247,49.362,1123.706392,71081.49994,0.008333,0,0,0,0,0,0,0,0,0,1.72038,0,0.120915425,0.011300553,0
48,247,49.362,1123.706392,71081.49994,0,0,0,2.1101,0,0,0,0,0,0,0.93561,0,0.120915425,0.011300553,0
48,247,49.362,1123.706392,71081.49994,0.002011,0,0,1.1486,0,0,0,0,0,0,0.65616,0,0.120915425,0.011300553,0
48,247,49.362,1123.706392,71081.49994,0,0,0,0,0,0,0,0.097617,0,0,0.151728,0,0.120915425,0.011300553,0
48,247,49.362,1123.706392,71081.49994,0,0,0,0,0.00833,0,0.13028,0,0,0,39.753,0,0.120915425,0.011300553,0
48,247,49.362,1123.706392,71081.49994,0.014402,0,0,0.062249,0,0,0,0,0,0,0,0,0.120915425,0.011300553,0
48,247,49.362,1123.706392,71081.49994,14.875,0,0,0.19366,0,0,0,0,0,0,0.151728,0,0.120915425,0.011300553,0
48,247,49.362,1123.706392,71081.49994,24.337,0,0,0,0,0,26.325,0,0,0,0,0,0.120915425,0.011300553,0
48,247,49.362,1123.706392,71081.49994,0.27066,0,0,0,0,0,0,0,0,0,34.872,0,0.120915425,0.011300553,0
48,247,49.362,1123.706392,71081.49994,0.009261,0,0,0,0.00524,0,0.10863,0,0,0,0.151728,0,0.120915425,0.011300553,0
48,247,49.362,1123.706392,71081.49994,0,0,0,0,18.998,0,0,0,0,0,47.328,0,0.120915425,0.011300553,0
48,247,49.362,1123.706392,71081.49994,0,0,0.01603,0,0.73113,0,0,1.9707,0,0,0.84174,0,0.120915425,0.011300553,0
48,247,49.362,1123.706392,71081.49994,0.38105,0,0,0.002011,0.0214,0,0,0,0,0,10.4415,0,0.120915425,0.011300553,0
48,247,49.362,1123.706392,71081.49994,0,0,0,0.29765,0.034463,0.79321,0,0,0,0,0.151728,0,0.120915425,0.011300553,0
48,247,49.362,1123.706392,71081.49994,0.020418,0,0,0.23606,76.072,0,0,0,0,0,0.84174,0,0.120915425,0.011300553,0
48,247,49.362,1123.706392,71081.49994,0,0,0,0,0.031711,0,3.015,0,0,0,0,0,0.120915425,0.011300553,0
48,247,49.362,1123.706392,71081.49994,0,0,0,0,0,2.3282,0,0,0,0,0.28509,0,0.120915425,0.011300553,0
48,247,49.362,1123.706392,71081.49994,0,0,0,0,0,0,0,0,0,0,0.151728,0,0.120915425,0.011300553,0
48,247,49.362,1123.706392,71081.49994,0.015333,0,0.00524,0.002011,0.002868,0,0,0,0,0,0,0,0.120915425,0.011300553,0
48,247,49.362,1123.706392,71081.49994,0,0,0,2.0817,0,0.000024,0,0,0,0,0,0,0.120915425,0.011300553,0
48,247,49.362,1123.706392,71081.49994,4.8879,0,0,0.031407,0,0,0,0,0,0,73.308,0,0.120915425,0.011300553,0
48,247,49.362,1123.706392,71081.49994,0,0,0.002011,0,0,0,0,0,0,0,0.44541,0,0.120915425,0.011300553,0
48,247,49.362,1123.706392,71081.49994,0.00014,0,0,0,0.1098,0,0,0,0,0,0.151728,0,0.120915425,0.011300553,0
48,247,49.362,1123.706392,71081.49994,0.34912,0,0,5.8999,0.00524,0,0,0,0,0,0,0,0.120915425,0.011300553,0
48,247,49.362,1123.706392,71081.49994,0,0,0,0,10.721,0,0,0,0,0,0,0,0.120915425,0.011300553,0
48,247,49.362,1123.706392,71081.49994,0,0,0,0.010165,0,0,0,0,0,0,0,0,0.120915425,0.011300553,0
48,247,49.362,1123.706392,71081.49994,6.0739,0,0,8.0353,0,0,0,0,0,0,0,0,0.120915425,0.011300553,0
48,247,49.362,1123.706392,71081.49994,0,0,0,0.013976,1.3024,0,0,0,0,0,0.151728,0,0.120915425,0.011300553,0
48,247,49.362,1123.706392,71081.49994,0,0,0,0,0,0.05486,0,0,0,0,0,0,0.120915425,0.011300553,0
48,247,49.362,1123.706392,71081.49994,0,0,0,0,0,0,8.0913,0.79321,0,0,0,0,0.120915425,0.011300553,0
48,247,49.362,1123.706392,71081.49994,0,0,0,0,0,0,0.13028,0,0,0,16.0221,0,0.120915425,0.011300553,0
48,247,49.362,1123.706392,71081.49994,0.067102,0,0,0,0,0,0,0,0,0,0,0,0.120915425,0.011300553,0
48,247,49.362,1123.706392,71081.49994,0.18244,0,0,0.008333,0,0,0,0,0,0,18.5811,0,0.120915425,0.011300553,0
48,247,49.362,1123.706392,71081.49994,0,0,0,0.000688,0,0,0,0,0,0,0.151728,0,0.120915425,0.011300553,0
48,247,49.362,1123.706392,71081.49994,0.29343,0,0,0,21.064,0,0.13028,0,0,0,0.151728,0,0.120915425,0.011300553,0
48,247,49.362,1123.706392,71081.49994,0.008333,0,0,0.1451,0,0,0,0,0,0,0.2871,0,0.120915425,0.011300553,0
48,247,49.362,1123.706392,71081.49994,0.001326,0,0,0.008333,32.03,0,0,0,0,0,0,0,0.120915425,0.011300553,0
48,247,49.362,1123.706392,71081.49994,1.898,0,0,0,10.444,0,0,0,0,0,12.8901,0,0.120915425,0.011300553,0
48,247,49.362,1123.706392,71081.49994,0,0,0,0,0,0,0,0,0,0,0,0,0.120915425,0.011300553,0
48,247,49.362,1123.706392,71081.49994,0,0,0,0,0,0,454.11,0,0,0,0.279615,0,0.120915425,0.011300553,0
48,247,49.362,1123.706392,71081.49994,0.91229,0,0,0,0.086094,0,403.32,0,0,0,14.1318,0,0.120915425,0.011300553,0
48,247,49.362,1123.706392,71081.49994,0.17713,0,0,0,0.0085875,0,0,0,0,0,0.211728,0,0.120915425,0.011300553,0
48,247,49.362,1123.706392,71081.49994,0.005239,0,0,0,0.0001875,0.29716,0,0,0,0,11.682,0,0.120915425,0.011300553,0
48,247,49.362,1123.706392,71081.49994,7.8157,0,0,0.008333,0,0,0,0,0,0,0.151728,0,0.120915425,0.011300553,0
48,247,49.362,1123.706392,71081.49994,0,0,0,0,0.003468,0,0,0,0,0,0,0,0.120915425,0.011300553,0
48,247,49.362,1123.706392,71081.49994,0.0094528,0,0,0,0,0,0,0,0,0,0.151728,0,0.120915425,0.011300553,0
48,247,49.362,1123.706392,71081.49994,0,0,0,0,0.013036,0,0,0,0,0,0,0,0.120915425,0.011300553,0
48,247,49.362,1123.706392,71081.49994,0.039743,0,0,0,0.013681,0,0,0,0,0,0.278526,0,0.120915425,0.011300553,0
48,247,49.362,1123.706392,71081.49994,0,0,0,0,0.0059348,0,23.619,0,0,0,0,0,0.120915425,0.011300553,0
48,247,49.362,1123.706392,71081.49994,0,0,0,0,0,0,0,0,0,0,0.151728,0,0.120915425,0.011300553,0
48,247,49.362,1123.706392,71081.49994,0,0,0,0.008333,0,0.42818,0,0,0,0,0.151728,0,0.120915425,0.011300553,0
48,247,49.362,1123.706392,71081.49994,0,0,0,0.38795,0,0,0,0,0,0,8.7318,0,0.120915425,0.011300553,0
48,247,49.362,1123.706392,71081.49994,1.8379,0,0,0,0,0.41253,0,0,0,0,0.151728,0,0.120915425,0.011300553,0
48,247,49.362,1123.706392,71081.49994,0,0,0,0,5.6507,0,0.40452,0,0,0,1.67382,0,0.120915425,0.011300553,0
48,247,49.362,1123.706392,71081.49994,0.003821,0,0,0.030965,0,0,0,0,0,0,1.08798,0,0.120915425,0.011300553,0
48,247,49.362,1123.706392,71081.49994,0.023275,0,0,0,0.007221,0,0,17.618,0,0,123.993,0,0.120915425,0.011300553,0
48,247,49.362,1123.706392,71081.49994,1.0344,0,0,0,0.64611,0,0,0,0,0,4.3869,0,0.120915425,0.011300553,0
48,247,49.362,1123.706392,71081.49994,0,0,0,0.009064,0,0,0,0,0,0,0,0,0.120915425,0.011300553,0
48,247,49.362,1123.706392,71081.49994,0,0,0,0,0,0,0,0,0,0,0.151728,0,0.120915425,0.011300553,0
48,247,49.362,1123.706392,71081.49994,0.01332,0,0,223.54,0,0.010345,0,0,0,0,2.37174,0,0.120915425,0.011300553,0
48,247,49.362,1123.706392,71081.49994,0,0,0,0,2.8821,0,0,0,0,0,1.98174,0,0.120915425,0.011300553,0
48,247,49.362,1123.706392,71081.49994,0.013012,0,0,0,0,0,0,0,0,0,0.90174,0,0.120915425,0.011300553,0
48,247,49.362,1123.706392,71081.49994,0.031098,0,0,10.418,0.008333,0,0,0,0,0,6.8079,0,0.120915425,0.011300553,0
48,247,49.362,1123.706392,71081.49994,0,0,0,0.008333,0.00524,0,0,0,0,0,0.57,0,0.120915425,0.011300553,0
48,247,49.362,1123.706392,71081.49994,4.4514,0,0,0,0,0,15.593,0,0,0,0.44541,0,0.120915425,0.011300553,0
48,247,49.362,1123.706392,71081.49994,0.002031,0,0,1.1174,0.00036,0,24.479,0.16814,0,0,0,0,0.120915425,0.011300553,0
48,247,49.362,1123.706392,71081.49994,0,0,0,0,0,0,0,0,0,0,0.73911,0,0.120915425,0.011300553,0
48,247,49.362,1123.706392,71081.49994,0.65673,0,0,0.008333,0,0,0,0,0,0,29.7048,0,0.120915425,0.011300553,0
48,247,49.362,1123.706392,71081.49994,0.098565,0,0,4.1588,0,0,0,0,0,0,4.3869,0,0.120915425,0.011300553,0
48,247,49.362,1123.706392,71081.49994,0,0,0,0,0.007148,0,0.60778,0,0,0,0.151728,0,0.120915425,0.011300553,0
48,247,49.362,1123.706392,71081.49994,0.67499,0,0,0,0,0,0,0,0,0,17.3325,0,0.120915425,0.011300553,0
49,248,6.248,3128.168052,197876.3124,0,0,0,0,0,0,0,0,0,0,0.65616,13.58857149,0.33900036,0.031682406,0
49,248,6.248,3128.168052,197876.3124,0,0,0,1.5394,0,0.29716,0,0,0,0,28.8018,1.600969904,0.33900036,0.031682406,0
49,248,6.248,3128.168052,197876.3124,0,0,0,0.011527,0.007697,0,0,0,0,0,73.296,96.95287753,0.33900036,0.031682406,0
49,248,6.248,3128.168052,197876.3124,0,0,0,0,0,0,0,0,0,0,12.4689,0.677067536,0.33900036,0.031682406,0
49,248,6.248,3128.168052,197876.3124,872.97,0,0,0,0,0,0,0,0,0,0,2.742428507,0.33900036,0.031682406,0
49,248,6.248,3128.168052,197876.3124,2.5147,0,0,123.21,0,0,0,3.4997,0,0,1.02366,0.757177028,0.33900036,0.031682406,0
49,248,6.248,3128.168052,197876.3124,0,0,0,0,0.00524,0,0,0,0,0,24.5118,4.791523591,0.33900036,0.031682406,0
49,248,6.248,3128.168052,197876.3124,0.00524,0,0,2.3519,7.544,0,0.13028,0,0,0,1.62048,5.721119019,0.33900036,0.031682406,0
49,248,6.248,3128.168052,197876.3124,0,0,0,0,0.001493,0,0,0,0,0,0,7.432290306,0.33900036,0.031682406,0
49,248,6.248,3128.168052,197876.3124,0.008333,0,0,17.949,0,0,21.515,0,0,0,20.8818,5.924849251,0.33900036,0.031682406,0
49,248,6.248,3128.168052,197876.3124,0.008335,0,0,0.002139,0,0,0.13028,0,0,0,0,544.8701155,0.33900036,0.031682406,0
49,248,6.248,3128.168052,197876.3124,3.7455,0,0,0.44439,0,0,12.553,0,0,0,0.151728,0.090682319,0.33900036,0.031682406,0
49,248,6.248,3128.168052,197876.3124,0,0,0,0.0088426,0.001192,0,0,0,0,0,22.8018,8.643285575,0.33900036,0.031682406,0
49,248,6.248,3128.168052,197876.3124,0.008333,0,69.387,0,0,0,0,0,0,0,0.275769,3.37110503,0.33900036,0.031682406,0
49,248,6.248,3128.168052,197876.3124,0.34912,0,0,0,30.954,5.3213,0,0,0,0,11.6058,4.044970118,0.33900036,0.031682406,0
49,248,6.248,3128.168052,197876.3124,0,0,0,0,9.0733,0,1.5219,0,0,0,0.78174,1.753869239,0.33900036,0.031682406,0
49,248,6.248,3128.168052,197876.3124,5.7412,0,0,0.088496,0,0,0,0,0,0,0,57.7672295,0.33900036,0.031682406,0
49,248,6.248,3128.168052,197876.3124,3.7455,0,0,0,0,0,0,0,0,0,55.917,3.27635624,0.33900036,0.031682406,0
49,248,6.248,3128.168052,197876.3124,1.5561,0,0,0,0.67362,0,0,0,0,0,121.068,3.933904712,0.33900036,0.031682406,0
49,248,6.248,3128.168052,197876.3124,1.6091,0,0,0.55992,0.008333,0,0,0,0,0,37.836,0.506275725,0.33900036,0.031682406,0
49,248,6.248,3128.168052,197876.3124,0,0,0,0.00644,5.0207,0,0.13028,0,0,0,3.4818,2.473634728,0.33900036,0.031682406,0
49,248,6.248,3128.168052,197876.3124,0.008333,0,0,0,0,0,0,0,0,0,1.33368,8.643285575,0.33900036,0.031682406,0
49,248,6.248,3128.168052,197876.3124,0.00524,0,0.65701,0.044269,0.018484,0.59584,0,0,0,0,18.9018,0.403800639,0.33900036,0.031682406,0
49,248,6.248,3128.168052,197876.3124,0,0,0,0.70621,2.6315,0,0,0,0,0,0,2.473634728,0.33900036,0.031682406,0
49,248,6.248,3128.168052,197876.3124,0,0,0,0,1.3821,0,0,0,0,0,107.403,4.748825638,0.33900036,0.031682406,0
49,248,6.248,3128.168052,197876.3124,0.29003,0,0,0,0,0,0,0,0,0,0,3.294248715,0.33900036,0.031682406,0
49,248,6.248,3128.168052,197876.3124,0.51613,0,0,0.005239,0,0,0,0,0,0,0,1.753869239,0.33900036,0.031682406,0
49,248,6.248,3128.168052,197876.3124,0.034521,0,0.3747,0.65046,0,0,13.103,0,0,0,0,7.432290306,0.33900036,0.031682406,0
49,248,6.248,3128.168052,197876.3124,0,0,0,0.0086135,0,0,0,0,0,0,11.1597,0.496109546,0.33900036,0.031682406,0
49,248,6.248,3128.168052,197876.3124,0,0,0,0,0.000739,0,0,0,0,0,0.151728,1.600969904,0.33900036,0.031682406,0
49,248,6.248,3128.168052,197876.3124,189.16,0,9.3896,0,0,0,0,0,0,0,0.279585,19.16080795,0.33900036,0.031682406,0
49,248,6.248,3128.168052,197876.3124,0.0094528,0,0,0.011201,0.011532,0,0,0,0,0,0.75174,4.748825638,0.33900036,0.031682406,0
49,248,6.248,3128.168052,197876.3124,0,0,0,0,0,0,0,0,0,0,1.97832,0.506275725,0.33900036,0.031682406,0
49,248,6.248,3128.168052,197876.3124,0.0055384,0,0,0.008333,0.93395,0,0,0,0,0,11.0268,1.611949377,0.33900036,0.031682406,0
49,248,6.248,3128.168052,197876.3124,0,0,0,0,0,0,0,0,0,0,11.1597,3.933904712,0.33900036,0.031682406,0
49,248,6.248,3128.168052,197876.3124,0,0,0,0,0,32.552,0,0,0,0,3.5568,1.912461635,0.33900036,0.031682406,0
49,248,6.248,3128.168052,197876.3124,0,0,0,0.99417,0,1.0657,0,0,0,0,0.151728,7.432290306,0.33900036,0.031682406,0
49,248,6.248,3128.168052,197876.3124,0.01367,0,0,0,0,0,0,0,0,0,11.6058,6.85281809,0.33900036,0.031682406,0
49,248,6.248,3128.168052,197876.3124,0.00524,0,0,0.008333,0,0,0,0,0,0,28.8018,5.721119019,0.33900036,0.031682406,0
49,248,6.248,3128.168052,197876.3124,0.005372,0,0,0,0.010373,0,0,0,0,0,3.9402,38.6168241,0.33900036,0.031682406,0
49,248,6.248,3128.168052,197876.3124,0.005239,0,0,0,0.009056,0,0,0,0,0,2.39772,1.926287639,0.33900036,0.031682406,0
49,248,6.248,3128.168052,197876.3124,0,0,0,0.0306,0.008333,0,0,0,0,0,0.279822,13.58857149,0.33900036,0.031682406,0
49,248,6.248,3128.168052,197876.3124,0.11748,0,0,2.1625,0,0,0,0,0,0,0.34593,3.27635624,0.33900036,0.031682406,0
49,248,6.248,3128.168052,197876.3124,0.00043,0,0,0,0,0,14.489,0,0,0,0.73911,9.094257285,0.33900036,0.031682406,0
49,248,6.248,3128.168052,197876.3124,0.00524,0,0,0,0,0,0,4.6849,0,0,0,8.643285575,0.33900036,0.031682406,0
49,248,6.248,3128.168052,197876.3124,43.218,0,0,23.551,0,0,0,0,0,0,0.151728,3.933904712,0.33900036,0.031682406,0
49,248,6.248,3128.168052,197876.3124,0.003539,0,0,0,0,0,0,0,0,0,0,0.308645201,0.33900036,0.031682406,0
49,248,6.248,3128.168052,197876.3124,0,0,0,197.85,0,0,0,0,0,0,3.6486,0.757177028,0.33900036,0.031682406,0
49,248,6.248,3128.168052,197876.3124,0.15204,0,0,0,0.005239,0,0,0,0,0,0,7.432290306,0.33900036,0.031682406,0
49,248,6.248,3128.168052,197876.3124,0.016058,0,0,0,17.64,0,0.60778,0,0,0,0.88596,0.090682319,0.33900036,0.031682406,0
49,248,6.248,3128.168052,197876.3124,0.17713,0,0,0,0.005239,0,0,0,0,0,3.3018,0.308645201,0.33900036,0.031682406,0
49,248,6.248,3128.168052,197876.3124,0.013573,0,0,0,0,0,0,0,0,0,10.4415,2.282103912,0.33900036,0.031682406,0
49,248,6.248,3128.168052,197876.3124,21.068,0,0,0.019748,0,0,0,0,0,0,0,6.85281809,0.33900036,0.031682406,0
49,248,6.248,3128.168052,197876.3124,0,0,0,0,0,0,0,0,0,0,0.151728,0.496109546,0.33900036,0.031682406,0
49,248,6.248,3128.168052,197876.3124,0,0,0,27.797,0.002031,0,0,0,0,0,37.836,3.294248715,0.33900036,0.031682406,0
49,248,6.248,3128.168052,197876.3124,0.010364,0,0,0,0,0.77921,0,0,0,0,0,0.506275725,0.33900036,0.031682406,0
49,248,6.248,3128.168052,197876.3124,0.13903,0,0,0,0,0,0.13028,0,0,0,0,0.308645201,0.33900036,0.031682406,0
49,248,6.248,3128.168052,197876.3124,3.3665,0,0,0.00014,0,0,0,0,0,0,0,6.438851272,0.33900036,0.031682406,0
49,248,6.248,3128.168052,197876.3124,0,0,0,0.00524,1.1039,0.77921,0,0,0,0,2.21025,0.677067536,0.33900036,0.031682406,0
49,248,6.248,3128.168052,197876.3124,0,0,0,0,0.00062,0,16.83,0,0,0,0.151728,1.629841853,0.33900036,0.031682406,0
49,248,6.248,3128.168052,197876.3124,0,0,0,5.1219,0.00524,0,0,0,0,0,13.5342,19.71922933,0.33900036,0.031682406,0
49,248,6.248,3128.168052,197876.3124,0,0,0,1.9259,68.77,0,0,0,0,0,0.88596,4.862686845,0.33900036,0.031682406,0
49,248,6.248,3128.168052,197876.3124,0,0,0,0,8.688,0,0,0,0,0,0.2871,5.924849251,0.33900036,0.031682406,0
49,248,6.248,3128.168052,197876.3124,3.5296,0,0,0,2.557,0,0.13028,0,0,0,0.151728,1.788434249,0.33900036,0.031682406,0
49,248,6.248,3128.168052,197876.3124,0,0,0,0,0,0.79321,0,0,0,0,10.8618,57.7672295,0.33900036,0.031682406,0
49,248,6.248,3128.168052,197876.3124,0,0,0,0,0,0,0,0,0,0,0,5.924849251,0.33900036,0.031682406,0
49,248,6.248,3128.168052,197876.3124,0.020418,0,2.0222,10.418,0,0,0,0,0,0,0.151728,3.539348854,0.33900036,0.031682406,0
49,248,6.248,3128.168052,197876.3124,0.13903,0,0,0,0.00524,0,0,0,0,0,0.151728,4.286874454,0.33900036,0.031682406,0
49,248,6.248,3128.168052,197876.3124,0,0,0,0,0.001326,0.005828,0,0,0,0,0,3.370698383,0.33900036,0.031682406,0
49,248,6.248,3128.168052,197876.3124,0,0,0,1.2164,0,0,0,0,0,0,0,7.432290306,0.33900036,0.031682406,0
49,248,6.248,3128.168052,197876.3124,0.0019345,0,0,0.01377,0.008333,0,0.021726,0,0,0,0.151728,5.924849251,0.33900036,0.031682406,0
49,248,6.248,3128.168052,197876.3124,0.72108,0,0,0,0.005239,53.202,0,0,0,0,0.151728,7.61406159,0.33900036,0.031682406,0
49,248,6.248,3128.168052,197876.3124,0.4515,0,0,0.14395,0,0,0,0,0,0,10.3692,13.20935554,0.33900036,0.031682406,0
49,248,6.248,3128.168052,197876.3124,0,0,0,0.00524,0,0,0,0,0,0,0.151728,0.163878809,0.33900036,0.031682406,0
49,248,6.248,3128.168052,197876.3124,0.008333,0,0,0,0,0,0,0,0,0,14.4507,38.6168241,0.33900036,0.031682406,0
49,248,6.248,3128.168052,197876.3124,0.008335,0,0,0,0,0.003334,0,0,0,0,0.151728,1.753869239,0.33900036,0.031682406,0
49,248,6.248,3128.168052,197876.3124,0.008333,0,0,0,0,0,130.49,0,0,0,0,1.629841853,0.33900036,0.031682406,0
49,248,6.248,3128.168052,197876.3124,0.0152,0,0,0.008333,0,0,0,0,0,0,0,0.496109546,0.33900036,0.031682406,0
49,248,6.248,3128.168052,197876.3124,0,0,0,0,0.008333,0,0,0,0,0,0,3.37110503,0.33900036,0.031682406,0
49,248,6.248,3128.168052,197876.3124,0,0,0,0,0,5.6833,0,0,0,0,0.151728,0.496109546,0.33900036,0.031682406,0
49,248,6.248,3128.168052,197876.3124,185.11,0,0,0,0.79075,0,0,0,0,0,0,38.6168241,0.33900036,0.031682406,0
49,248,6.248,3128.168052,197876.3124,0.00524,0,0,0,27.763,0,0,0,0,0,0,1.629841853,0.33900036,0.031682406,0
49,248,6.248,3128.168052,197876.3124,0,0,6.2072,0.008333,0,0.42818,0,0,0,0,0,34.6982593,0.33900036,0.031682406,0
49,248,6.248,3128.168052,197876.3124,0,0,0,0,5.4878,0,0,0,0,0,6.9018,1.082901411,0.33900036,0.031682406,0
49,248,6.248,3128.168052,197876.3124,36.159,0,185.73,0,0.00644,0,0,0,0,0,0,3.989437415,0.33900036,0.031682406,0
49,248,6.248,3128.168052,197876.3124,0,0,0,0,0.03958,0,0,0,0,0,0.67983,544.8701155,0.33900036,0.031682406,0
49,248,6.248,3128.168052,197876.3124,0,0,0,0,17.217,0,0,0,0,0,0.151728,1.480602342,0.33900036,0.031682406,0
49,248,6.248,3128.168052,197876.3124,0.016858,0,0,0,3.7624,0,0,0,0,0,0.151728,2.282103912,0.33900036,0.031682406,0
49,248,6.248,3128.168052,197876.3124,0,0,0,0.008333,0,0,0,0,0,0,0,7.61406159,0.33900036,0.031682406,0
49,248,6.248,3128.168052,197876.3124,0.008333,0,0,0,0,0,0,0,0,0,0.151728,2.473634728,0.33900036,0.031682406,0
49,248,6.248,3128.168052,197876.3124,0.008333,0,0,0,0.24663,0,0.021726,0,0,0,0,1.753869239,0.33900036,0.031682406,0
49,248,6.248,3128.168052,197876.3124,0.00524,0,0.002031,0.0089655,0.003538,0,0.059897,0,0,0,0.151728,1.611949377,0.33900036,0.031682406,0
49,248,6.248,3128.168052,197876.3124,0,0,0,0.17658,26.494,0,0.42744,0,0,0,0.151728,0.506275725,0.33900036,0.031682406,0
49,248,6.248,3128.168052,197876.3124,0.00644,0,0,0,0.17103,0,0,0,0,0,0.151728,10.8444667,0.33900036,0.031682406,0
49,248,6.248,3128.168052,197876.3124,0.82366,0,0,0,0,0,0,0,0,0,0,3.294248715,0.33900036,0.031682406,0
49,248,6.248,3128.168052,197876.3124,1.1984,0,0,0,0,2.4302,0,0,0,0,0.151728,0.533114438,0.33900036,0.031682406,0
49,248,6.248,3128.168052,197876.3124,0.00524,0,0,0,2.006,0.057823,0,0,0,0,11.0268,2.742428507,0.33900036,0.031682406,0
49,248,6.248,3128.168052,197876.3124,0,0,0,0,0.000251,0,0,0,0,0,0.151728,1.912461635,0.33900036,0.031682406,0
49,248,6.248,3128.168052,197876.3124,11.135,0,0,0,0,0,0,0,0,0,0.57,1.480602342,0.33900036,0.031682406,0
49,248,6.248,3128.168052,197876.3124,0.000251,0,0,0,0,0,0.021726,0,0,0,0.151728,5.924849251,0.33900036,0.031682406,0
49,248,6.248,3128.168052,197876.3124,0.010521,0,0,0.00524,0.008333,0,0,0,7.9748,0,1.35936,6.85281809,0.33900036,0.031682406,0
49,248,6.248,3128.168052,197876.3124,0,0,0,0,0.008333,0,0.13028,0,0,0,9.8421,81.9106449,0.33900036,0.031682406,0
49,248,6.248,3128.168052,197876.3124,0.003538,0,0,0,0,0.78099,0,0,0,0,0.151728,20.03672595,0.33900036,0.031682406,0
49,248,6.248,3128.168052,197876.3124,0.008333,0,0,0,0,0,0,0,0,0,0,3.294248715,0.33900036,0.031682406,0
49,248,6.248,3128.168052,197876.3124,43.582,0,0,0,0,0,0,0,0,0,0.151728,0.308645201,0.33900036,0.031682406,0
49,248,6.248,3128.168052,197876.3124,0,0,0,0,0.008321,0,0,0,0,0,0,0.090682319,0.33900036,0.031682406,0
49,248,6.248,3128.168052,197876.3124,0,0,0,0.0088426,0,0.90378,0,0,0,0,0.151728,1.912461635,0.33900036,0.031682406,0
49,248,6.248,3128.168052,197876.3124,0.65673,0,0,6.0441,0,0,0,0,0,0,0.151728,62.76023949,0.33900036,0.031682406,0
49,248,6.248,3128.168052,197876.3124,0.72108,0,0,0,0.008333,0,24.186,0,0,0,0.279585,0.163878809,0.33900036,0.031682406,0
49,248,6.248,3128.168052,197876.3124,0.00036,0,0,0,0.008333,0,0,0,0,0,0.151728,4.286874454,0.33900036,0.031682406,0
49,248,6.248,3128.168052,197876.3124,0,0,0,0.003821,0,6.5672,0,0,0,0,0.36174,2.282103912,0.33900036,0.031682406,0
49,248,6.248,3128.168052,197876.3124,0.005769,0,0,0,0.031711,0,0.75031,0,0,0,10.7733,544.8701155,0.33900036,0.031682406,0
49,248,6.248,3128.168052,197876.3124,0,0,0,0.027172,0.090777,0,0,0,0,0,1.09155,3.50611189,0.33900036,0.031682406,0
49,248,6.248,3128.168052,197876.3124,0.51774,0,0,0,0,0,0,0,0,0,4.4358,1.480602342,0.33900036,0.031682406,0
49,248,6.248,3128.168052,197876.3124,0.00644,0,0,0,0.003346,0,0,0,0,0,0,1.953939646,0.33900036,0.031682406,0
49,248,6.248,3128.168052,197876.3124,0,0,0,0.002084,0.00524,0,0,0,0,0,0.151728,13.20935554,0.33900036,0.031682406,0
49,248,6.248,3128.168052,197876.3124,0,0,0,123.21,0,0,0.59876,0,0,0,6.258,20.03672595,0.33900036,0.031682406,0
49,248,6.248,3128.168052,197876.3124,1.2548,0,0,0.013976,0,0,0,0,0,0,0.151728,14.97902997,0.33900036,0.031682406,0
49,248,6.248,3128.168052,197876.3124,0,0,0.79845,0,0,0,0.13028,0,0,0,0,0.496109546,0.33900036,0.031682406,0
49,248,6.248,3128.168052,197876.3124,0,0,0.0272,197.85,0,0,0,0,0,0,0.273357,20.03672595,0.33900036,0.031682406,0
49,248,6.248,3128.168052,197876.3124,0.67499,0,0,27.797,0.021906,0,0,0,0,0,0,0.090682319,0.33900036,0.031682406,0
49,248,6.248,3128.168052,197876.3124,0,0,0,0,0,0.34845,0,0,0,0,1.05978,5.751441887,0.33900036,0.031682406,0
49,248,6.248,3128.168052,197876.3124,0,0,0,0.80704,8.0306,0,0,0,0,0,0.67983,4.286874454,0.33900036,0.031682406,0
49,248,6.248,3128.168052,197876.3124,0.0064565,0,0.00036,0,0,0,0,0,0,0,0,6.438851272,0.33900036,0.031682406,0
49,248,6.248,3128.168052,197876.3124,0.007835,0,0,0,0.003822,0,0.42744,0,0,0,3.8823,2.473634728,0.33900036,0.031682406,0
49,248,6.248,3128.168052,197876.3124,0.11399,0,0,0.3488,0,0,0,0,0,0,0.151728,19.71922933,0.33900036,0.031682406,0
49,248,6.248,3128.168052,197876.3124,0,0,0,0,0.00524,0,0,0,0,0,1.62018,4.286874454,0.33900036,0.031682406,0
49,248,6.248,3128.168052,197876.3124,7.9784,0,0,0,0.010507,0,0,0,0,0,1.57404,7.61406159,0.33900036,0.031682406,0
49,248,6.248,3128.168052,197876.3124,0,0,0,0,0.003538,0,0,0,0,0,3.8823,1.611949377,0.33900036,0.031682406,0
49,248,6.248,3128.168052,197876.3124,0.00524,0,0,0.047407,0,0,0.59876,0,0,0,0,0.677067536,0.33900036,0.031682406,0
49,248,6.248,3128.168052,197876.3124,0,0,0,0,0,0,0,0,0,0,11.0268,13.58857149,0.33900036,0.031682406,0
49,248,6.248,3128.168052,197876.3124,0,0,0,0.0065058,0,0,0.021726,0,0,0,3.4818,1.740043236,0.33900036,0.031682406,0
49,248,6.248,3128.168052,197876.3124,0,0,0,1.3632,2.3758,0,0,0,0,0,5.5146,0.090682319,0.33900036,0.031682406,0
49,248,6.248,3128.168052,197876.3124,1.1984,0,0,0,0,0,0,0,0,0,0.151728,3.50611189,0.33900036,0.031682406,0
49,248,6.248,3128.168052,197876.3124,0,0,0,0,0,0,0,0,0,0,0.151728,4.862686845,0.33900036,0.031682406,0
49,248,6.248,3128.168052,197876.3124,0,0,0,0,0,0,0,0,0,0,2.6481,8.153142895,0.33900036,0.031682406,0
49,248,6.248,3128.168052,197876.3124,0.038936,0,0,5.1219,0,0.089117,0,0,0,0,14.8218,41.65055169,0.33900036,0.031682406,0
49,248,6.248,3128.168052,197876.3124,0.00524,0,0.022682,0,76.072,0,0,0,0,0,0,0.51278208,0.33900036,0.031682406,15.19512195
49,248,6.248,3128.168052,197876.3124,0,0,0,0.01172,0,0,0,0,0,0,7.6818,5.924849251,0.33900036,0.031682406,0
49,248,6.248,3128.168052,197876.3124,0.85316,0,0,0,0,0,0.13028,0,0,0,0,3.989437415,0.33900036,0.031682406,0
49,248,6.248,3128.168052,197876.3124,0,0,0,0,0.0085875,0,0,0,0,0,1.27794,0.506275725,0.33900036,0.031682406,0
49,248,6.248,3128.168052,197876.3124,14.875,0,0,0.003346,0,0,16.305,0,0,0,4.6158,0.677067536,0.33900036,0.031682406,0
49,248,6.248,3128.168052,197876.3124,0,0,0,0,0,0,0,0,0,0,7.4118,1.953939646,0.33900036,0.031682406,0
49,248,6.248,3128.168052,197876.3124,0,0,0,0,9.3522,0.000668,0,0,0,0,0,0.51278208,0.33900036,0.031682406,0
49,248,6.248,3128.168052,197876.3124,0,0,0,0,0.008333,0,0.10863,0,0,0,0,8.563989377,0.33900036,0.031682406,0
49,248,6.248,3128.168052,197876.3124,0.007835,0,0,3.6568,58.159,0,0,0,0,0,0.151728,1.912461635,0.33900036,0.031682406,0
49,248,6.248,3128.168052,197876.3124,0,0,0,0.1075,0.005239,0,0,0,0,0,19.7118,1.629841853,0.33900036,0.031682406,0
49,248,6.248,3128.168052,197876.3124,0,0,0,0,0.035884,0,0,0,0,0,0.70485,19.16080795,0.33900036,0.031682406,0
49,248,6.248,3128.168052,197876.3124,0.0094073,0,0,1.5881,0.000739,0,0,0,0,0,2.61366,4.044970118,0.33900036,0.031682406,0
49,248,6.248,3128.168052,197876.3124,0,0,0,0,0,0,0,0,0,0,0,4.791523591,0.33900036,0.031682406,0
49,248,6.248,3128.168052,197876.3124,0,0,0,0,0,0,0,0,0,0,2.96682,0.506275725,0.33900036,0.031682406,0
49,248,6.248,3128.168052,197876.3124,0,0,21.052,2.8113,0,0,0,0,0,0,0.151728,2.742428507,0.33900036,0.031682406,0
49,248,6.248,3128.168052,197876.3124,0,0,0,0,0,0,0.59876,0,0,0,0.151728,0.403800639,0.33900036,0.031682406,0
49,248,6.248,3128.168052,197876.3124,0.00036,0,0,0,0,0.00158,0,0,0,0,10.6818,5.924849251,0.33900036,0.031682406,0
49,248,6.248,3128.168052,197876.3124,0.080184,0,0,0,0,0.008935,0,0,0,0,0,19.16080795,0.33900036,0.031682406,0
49,248,6.248,3128.168052,197876.3124,0.35231,0,0,0,0,0,0.13028,0,0,0,0.151728,19.16080795,0.33900036,0.031682406,0
49,248,6.248,3128.168052,197876.3124,0,0,0,0,0,0,0,0,0,0,0,14.97902997,0.33900036,0.031682406,0
49,248,6.248,3128.168052,197876.3124,2.1165,0,0,2.5863,0.012187,0,0,0,0,0,0.151728,0.496109546,0.33900036,0.031682406,0
49,248,6.248,3128.168052,197876.3124,0,0,0,0.030965,0.038297,0,0,0,0,0,1.47333,0.090682319,0.33900036,0.031682406,0
49,248,6.248,3128.168052,197876.3124,0.005372,0,0,0,8.8857,0,150.43,0,0,0,17.3325,0.090682319,0.33900036,0.031682406,0
49,248,6.248,3128.168052,197876.3124,0.00524,0,0,0,0.11919,0,10.791,0,0,0,6.8154,4.862686845,0.33900036,0.031682406,9.048780488
49,248,6.248,3128.168052,197876.3124,0.012423,0,0,0,0,0,0.67845,0,0,0,4.1568,13.58857149,0.33900036,0.031682406,0
49,248,6.248,3128.168052,197876.3124,4.8879,0,0,0,0,0,0,0,0,0,2.3544,9.094257285,0.33900036,0.031682406,0
49,248,6.248,3128.168052,197876.3124,0.008333,0,0,0.00043,0,0,0.74966,0,0,0,0.37014,0.163878809,0.33900036,0.031682406,0
49,248,6.248,3128.168052,197876.3124,0.008699,0,0,0.014206,0,0,0,0,0,0,1.91388,1.082901411,0.33900036,0.031682406,0
49,248,6.248,3128.168052,197876.3124,0,0,0,0,0.007102,0,0,0,0,0,0.151728,5.751441887,0.33900036,0.031682406,0
49,248,6.248,3128.168052,197876.3124,0.034521,0,0,0,0,7.2949,0,0,0,0,1.65174,4.791523591,0.33900036,0.031682406,0
49,248,6.248,3128.168052,197876.3124,0.0062156,0,0,17.373,0,0,0,0,0,0,0.275769,3.933904712,0.33900036,0.031682406,0
49,248,6.248,3128.168052,197876.3124,0.00524,0,0,0,0.15682,0,0,1.0754,0,0,97.974,6.438851272,0.33900036,0.031682406,0
49,248,6.248,3128.168052,197876.3124,8.2504,0,0,0,0,0.000138,0,0,0,0,0,0.308645201,0.33900036,0.031682406,0
49,248,6.248,3128.168052,197876.3124,0.00644,0,0,0.001677,0,0,0,0,0,0,22.8018,3.50611189,0.33900036,0.031682406,0
49,248,6.248,3128.168052,197876.3124,0.002868,0,0,0,0.52251,0,0,0,0,0,1.17966,2.550491043,0.33900036,0.031682406,0
49,248,6.248,3128.168052,197876.3124,0.15083,0,0,0,0.047685,0,0.67053,0,0,0,0,1.926287639,0.33900036,0.031682406,0
49,248,6.248,3128.168052,197876.3124,0,0,0,0,0,0,0,0,0,0,32.442,2.282103912,0.33900036,0.031682406,0
49,248,6.248,3128.168052,197876.3124,0,0,0,0,0,53.202,0,0,0,0,0.151728,2.626534064,0.33900036,0.031682406,0
49,248,6.248,3128.168052,197876.3124,0.001669,0,0,0,0,0,0,0,0,0,1.63956,1.480602342,0.33900036,0.031682406,0
49,248,6.248,3128.168052,197876.3124,0,0,0.016473,0.000124,0,0,0,0,0,0,0,4.748825638,0.33900036,0.031682406,0
49,248,6.248,3128.168052,197876.3124,0.1613,0,0,0,0,0,0,0,0,0,61.47,6.438851272,0.33900036,0.031682406,0
49,248,6.248,3128.168052,197876.3124,0,0,0,0.068295,0,0,0,0,0,0,0,2.626534064,0.33900036,0.031682406,0
49,248,6.248,3128.168052,197876.3124,0,0,0,0,0.008335,0,18.658,0,0,0,0.151728,1.926287639,0.33900036,0.031682406,0
49,248,6.248,3128.168052,197876.3124,0.007353,0,0,0,0.0094073,0,0,0,0,0,14.0655,2.626534064,0.33900036,0.031682406,0
49,248,6.248,3128.168052,197876.3124,0,0,0,0,0.1098,0,0,0,0,0,0.151728,0.308645201,0.33900036,0.031682406,0
49,248,6.248,3128.168052,197876.3124,0.000124,0,0,0,3.0408,0.78033,0,0,0,0,5.0718,19.16080795,0.33900036,0.031682406,0
49,248,6.248,3128.168052,197876.3124,0,0,0,0,27.763,0,20.9,0,0,0,8.8155,1.437091095,0.33900036,0.031682406,0
49,248,6.248,3128.168052,197876.3124,0,0,0,8.5618,0,0,0,0,0,0,0,4.791523591,0.33900036,0.031682406,0
49,248,6.248,3128.168052,197876.3124,0.008333,0,0,0,14.269,0,0,0,0,0,30.786,1.953939646,0.33900036,0.031682406,0
49,248,6.248,3128.168052,197876.3124,0,0,0,0.65249,0.52251,0,0,0,0,0,2.22174,6.438851272,0.33900036,0.031682406,0
49,248,6.248,3128.168052,197876.3124,0,0,6.7823,0,0.23723,0,1.8833,0,0,0,0,5.721119019,0.33900036,0.031682406,0
49,248,6.248,3128.168052,197876.3124,0.16397,0,0,9.5845,0.008333,0,0.67845,0,0,0,19.5987,3.66575417,0.33900036,0.031682406,0
49,248,6.248,3128.168052,197876.3124,40.517,0,0,0,1.2845,0,0,0,0,0,0.151728,13.20935554,0.33900036,0.031682406,0
49,248,6.248,3128.168052,197876.3124,0,0,0.012389,0,0.018484,1.3382,0,0,0,0,1.41975,0.506275725,0.33900036,0.031682406,0
49,248,6.248,3128.168052,197876.3124,0,0,0,0.42786,0,0.79321,0,0.90463,0,0,19.2864,57.83043216,0.33900036,0.031682406,0
49,248,6.248,3128.168052,197876.3124,0.014773,0,0,0,0.18655,0,0,0,0,0,0,1.753869239,0.33900036,0.031682406,0
49,248,6.248,3128.168052,197876.3124,0,0,0,0,0.008335,0,0,0,0,0,11.0037,96.95287753,0.33900036,0.031682406,0
49,248,6.248,3128.168052,197876.3124,0.00524,0,0,0,0,0,0,0,0,0,0.151728,2.626534064,0.33900036,0.031682406,0
49,248,6.248,3128.168052,197876.3124,0,0,0,0,46.767,0,0,0,0,0,0.30174,1.926287639,0.33900036,0.031682406,0
49,248,6.248,3128.168052,197876.3124,0.000251,0,0,0,0,0,0,0,0,0,0.151728,13.20935554,0.33900036,0.031682406,0
49,248,6.248,3128.168052,197876.3124,0,0,0,0.000251,0.000739,0,0,0,0,0,0.151728,3.294248715,0.33900036,0.031682406,0
49,248,6.248,3128.168052,197876.3124,0.7988,0,0,0.008333,0.008333,0,0,0,0,0,2.34936,57.7672295,0.33900036,0.031682406,0
49,248,6.248,3128.168052,197876.3124,0.0019345,0,0,0.00644,0,0,0.13028,0,0,0,0,5.924849251,0.33900036,0.031682406,0
49,248,6.248,3128.168052,197876.3124,0,0,0,0.0093259,0,0,0,0,0,0,11.9625,10.8444667,0.33900036,0.031682406,0
49,248,6.248,3128.168052,197876.3124,0.00524,0,0,0,0,0,0,0,0,0,0,7.432290306,0.33900036,0.031682406,0
49,248,6.248,3128.168052,197876.3124,0.000752,0,0,6.4627,8.8857,4.1439,0,0,0,0,0.151728,0.163878809,0.33900036,0.031682406,0
49,248,6.248,3128.168052,197876.3124,0.043527,0,0,0.46711,0,0,0,0.3505,0,0,9.4383,0.403800639,0.33900036,0.031682406,0
49,248,6.248,3128.168052,197876.3124,0.08383,0,0,0.047701,0,0,0.13028,0,0,0,0,4.286874454,0.33900036,0.031682406,0
49,248,6.248,3128.168052,197876.3124,0,0,0,25.355,0.00833,0.77921,0,0,0,0,1.26477,83.74352198,0.33900036,0.031682406,0
49,248,6.248,3128.168052,197876.3124,0,0,0,8.8181,0,0,0,0,0,0,0.42399,0.533114438,0.33900036,0.031682406,0
49,248,6.248,3128.168052,197876.3124,0,0,0,0.008333,0,0,0,0,0,0,0,1.740043236,0.33900036,0.031682406,0
49,248,6.248,3128.168052,197876.3124,0.00524,0,0,0,0,0.80155,0.13028,0,0,0,0.151728,0.533114438,0.33900036,0.031682406,0
49,248,6.248,3128.168052,197876.3124,5.5802,0,0,0,0,0,0,0,0,0,0.273324,3.539348854,0.33900036,0.031682406,0
49,248,6.248,3128.168052,197876.3124,0,0,0,70.359,0,0,0,0,0,0,0.151728,0.403800639,0.33900036,0.031682406,0
49,248,6.248,3128.168052,197876.3124,2.1821,0,0,0.00524,0,1.0289,0,0,0,0,151.038,1.912461635,0.33900036,0.031682406,0
49,248,6.248,3128.168052,197876.3124,0,0,0,5.6081,0.00043,0,0,0,0,0,0,62.76023949,0.33900036,0.031682406,0
49,248,6.248,3128.168052,197876.3124,24.337,0,0,0,0,0,0,0.48016,0,0,6.5418,1.953939646,0.33900036,0.031682406,0
49,248,6.248,3128.168052,197876.3124,0,0,0,0,0,0,0,0,0,0,4.2768,1.788434249,0.33900036,0.031682406,0
49,248,6.248,3128.168052,197876.3124,49.011,0,0,849.21,0,0,0,0,0,0,0,8.563989377,0.33900036,0.031682406,0
49,248,6.248,3128.168052,197876.3124,0.7988,0,0,0.008335,0.008333,0.0083335,0,0,0,0,0.151728,3.539348854,0.33900036,0.031682406,0
49,248,6.248,3128.168052,197876.3124,0,0,0,0,0,0.005828,0,0,0,0,0.151728,0.51278208,0.33900036,0.031682406,0
49,248,6.248,3128.168052,197876.3124,0,0,0,0.55992,0.27367,0,225,0,0,0,18.9018,1.788434249,0.33900036,0.031682406,0
49,248,6.248,3128.168052,197876.3124,1.898,0,0,0,0,0.77921,0,0,0,0,0.151728,0.51278208,0.33900036,0.031682406,0
49,248,6.248,3128.168052,197876.3124,0,0,0,0.088496,0,0,0,0,0,0,0,3.933904712,0.33900036,0.031682406,0
49,248,6.248,3128.168052,197876.3124,2.1218,0,0,0.0056478,2.9298,0.015921,0,0,0,0,1.17456,3.37110503,0.33900036,0.031682406,0
49,248,6.248,3128.168052,197876.3124,17.385,0,0,0.030631,0,0,0.059897,0,0,0,0,1.753869239,0.33900036,0.031682406,0
49,248,6.248,3128.168052,197876.3124,0,0,0,0,0,0,0,0,0,0,0,34.6982593,0.33900036,0.031682406,0
49,248,6.248,3128.168052,197876.3124,0,0,0,0.70621,0,0,0,0,0,0,0,0.308645201,0.33900036,0.031682406,0
49,248,6.248,3128.168052,197876.3124,0.012154,0,0,0.047701,0.4381,0,0,0,0,0,0.90174,83.74352198,0.33900036,0.031682406,0
49,248,6.248,3128.168052,197876.3124,5.0534,0,0,0.015552,0,0,4.0851,0,0,0,0.151728,2.742428507,0.33900036,0.031682406,0
49,248,6.248,3128.168052,197876.3124,0.008333,0,0,0.008333,0,0,0,0,0,0,0,7.61406159,0.33900036,0.031682406,0
49,248,6.248,3128.168052,197876.3124,0.0062156,0,0,0,0.000124,0,0,0,0,0,0,3.66575417,0.33900036,0.031682406,0
49,248,6.248,3128.168052,197876.3124,0.003821,0,0,0,0.001326,0,0,0,0,0,0,459.9889457,0.33900036,0.031682406,0
49,248,6.248,3128.168052,197876.3124,0,0,0,0,1.2845,0,13.175,0,0.045694,0,0.84174,3.370698383,0.33900036,0.031682406,0
49,248,6.248,3128.168052,197876.3124,1.1189,0,0,0,8.0306,0,0.10863,0,0,0,0.181728,3.370698383,0.33900036,0.031682406,0
49,248,6.248,3128.168052,197876.3124,0.061886,0,0,0.016337,0,0,0,0,0,0,0.151728,1.611949377,0.33900036,0.031682406,0
49,248,6.248,3128.168052,197876.3124,0.008489,0,0,0,0.21081,0,0,0,0,0,0.285792,0.308645201,0.33900036,0.031682406,0
49,248,6.248,3128.168052,197876.3124,4.9504,0,0,6.376,0,0,0,0,0,0,0.84174,6.438851272,0.33900036,0.031682406,0
49,248,6.248,3128.168052,197876.3124,0,0,0,0,11.928,0,2.5309,0,0,0,1.17456,0.757177028,0.33900036,0.031682406,0
49,248,6.248,3128.168052,197876.3124,0.034521,0,0,0,0.61065,0,0,0,0,0,95.283,41.65055169,0.33900036,0.031682406,0
49,248,6.248,3128.168052,197876.3124,0,0,0,0,0.008333,0,0,0,0,0,4.5897,126.2789109,0.33900036,0.031682406,0
49,248,6.248,3128.168052,197876.3124,0,0,0,0,0,0,0.13028,0,0,0,0,7.432290306,0.33900036,0.031682406,0
49,248,6.248,3128.168052,197876.3124,0.080184,0,0,0.008333,0,0,0,0,0,0,45.663,0.757177028,0.33900036,0.031682406,0
49,248,6.248,3128.168052,197876.3124,0.00524,0,0,0.00524,0.006456,0,0,0,0,0,13.5342,1.926287639,0.33900036,0.031682406,0
49,248,6.248,3128.168052,197876.3124,0.034521,0,0,0,0.73688,0,25.393,0,0,0,3.6486,1.953939646,0.33900036,0.031682406,0
49,248,6.248,3128.168052,197876.3124,0,0,0,0.010986,0.008333,0,0.42744,0,0,0,52.569,0.308645201,0.33900036,0.031682406,0
49,248,6.248,3128.168052,197876.3124,0,0,0,0,0.008335,0,0,0,0,0,0.151728,2.473634728,0.33900036,0.031682406,0
49,248,6.248,3128.168052,197876.3124,0.27365,0,0,0.014043,0,0,0,0,0,0,2.37174,1.082901411,0.33900036,0.031682406,0
49,248,6.248,3128.168052,197876.3124,8.1913,0,0,0,0,0,0,0,0,0,0.151728,1.753869239,0.33900036,0.031682406,0
49,248,6.248,3128.168052,197876.3124,0.17481,0,0,0,0,0,0,0,0,0,0.30174,10.8444667,0.33900036,0.031682406,0
49,248,6.248,3128.168052,197876.3124,0,0,0,0,9.3772,0.79351,0,0,0,0,0.293307,7.432290306,0.33900036,0.031682406,0
49,248,6.248,3128.168052,197876.3124,0,0,0,0,0,0.000342,0,0,0,0,3.1278,1.611949377,0.33900036,0.031682406,0
49,248,6.248,3128.168052,197876.3124,0,0,0,0,0,0,18.58,0,0,0,0.278526,1.611949377,0.33900036,0.031682406,0
49,248,6.248,3128.168052,197876.3124,7.9784,0,0,0.00247,0,0,0,0,0,0,0.273018,57.7672295,0.33900036,0.031682406,0
49,248,6.248,3128.168052,197876.3124,0.005239,0,0,0.003821,0,0,0.13028,0,0,0,107.403,57.83043216,0.33900036,0.031682406,0
49,248,6.248,3128.168052,197876.3124,0.0031025,0,0,0,0.4786,0,0,141.34,0,0,41.715,13.58857149,0.33900036,0.031682406,0
49,248,6.248,3128.168052,197876.3124,12.084,0,0,0,0,0,0,0,0,0,10.1169,1.912461635,0.33900036,0.031682406,0
49,248,6.248,3128.168052,197876.3124,0,0,0,0.0084875,0.008335,0.000024,539.1,0,0,0,0.151728,0.533114438,0.33900036,0.031682406,0
49,248,6.248,3128.168052,197876.3124,0,0,0,0,0.053112,0,0,0,0,0,0.51381,2.550491043,0.33900036,0.031682406,0
49,248,6.248,3128.168052,197876.3124,0,0,0,0.008335,14.856,0,0,0,0,0,8.3928,4.748825638,0.33900036,0.031682406,0
49,248,6.248,3128.168052,197876.3124,1.2774,0,0,0.005239,0,0,0,0,0,0,0,96.95287753,0.33900036,0.031682406,0
49,248,6.248,3128.168052,197876.3124,0.40788,0,0,0,17.64,0,0,0,0,0,0.151728,5.721119019,0.33900036,0.031682406,0
49,248,6.248,3128.168052,197876.3124,0.008333,0,0,0,0.008333,0,0,0,0,0,0,544.8701155,0.33900036,0.031682406,0
49,248,6.248,3128.168052,197876.3124,50.278,0,0.043767,70.359,1.3821,0,0,0,0,0,0,1.912461635,0.33900036,0.031682406,0
49,248,6.248,3128.168052,197876.3124,0,0,0,0,2.3147,0,0,0,0,0,0.151728,7.432290306,0.33900036,0.031682406,0
49,248,6.248,3128.168052,197876.3124,0.003821,0,0,0.003821,2.1767,0,0,0,0,0,0.151728,3.37110503,0.33900036,0.031682406,0
49,248,6.248,3128.168052,197876.3124,0.20435,0,0,0.008336,0.019681,0,0.10863,0,0.00644,0,60.207,4.044970118,0.33900036,0.031682406,0
49,248,6.248,3128.168052,197876.3124,0,0,0,0,30.954,0,0,0,0,0,3.6423,5.721119019,0.33900036,0.031682406,0
49,248,6.248,3128.168052,197876.3124,0.013573,0,0,0,0,0,14.556,0,0,0,1.17432,57.7672295,0.33900036,0.031682406,0
49,248,6.248,3128.168052,197876.3124,8.6108,0,0,0.13825,0,0,0,0,0,0,0,1.600969904,0.33900036,0.031682406,0
49,248,6.248,3128.168052,197876.3124,0,0,0,0,0,0,0,0,0,0,4.8687,1.480602342,0.33900036,0.031682406,0
49,248,6.248,3128.168052,197876.3124,0.002011,0,0,0,0.00524,0,118.54,0,0,0,2.28174,8.563989377,0.33900036,0.031682406,0
49,248,6.248,3128.168052,197876.3124,0,0,0,0,0,0,0,0,0,0,0.276939,1.606459641,0.33900036,0.031682406,0
49,248,6.248,3128.168052,197876.3124,0.008333,0,49.422,0,3.7624,78.459,0,0,0,0,2.06073,1.912461635,0.33900036,0.031682406,0
49,248,6.248,3128.168052,197876.3124,0.098565,0,0,0,3.1081,0,0,0,0,0,12.8454,20.03672595,0.33900036,0.031682406,0
49,248,6.248,3128.168052,197876.3124,0.15204,0,0,0,0,0,0,0,0,0,0.151728,3.37110503,0.33900036,0.031682406,0
49,248,6.248,3128.168052,197876.3124,0.00524,0,0,0.011652,0,0,0,0,0,0,0,1.629841853,0.33900036,0.031682406,0
49,248,6.248,3128.168052,197876.3124,0.013573,0,0,0,0,0,26.325,0,0,0,0,2.626534064,0.33900036,0.031682406,0
49,248,6.248,3128.168052,197876.3124,0,0,0,0,0,0,52.983,0,0,0,0.151728,0.677067536,0.33900036,0.031682406,0
49,248,6.248,3128.168052,197876.3124,0.0059398,0,0,0.012154,0.21192,0,4.7427,0,0,0,0.286419,0.533114438,0.33900036,0.031682406,0
49,248,6.248,3128.168052,197876.3124,0,0,0,0,0,0,0,0,0,0,0,10.8444667,0.33900036,0.031682406,0
49,248,6.248,3128.168052,197876.3124,0.93731,0,0,0,0.005239,0,0,0,0,0,0,1.611949377,0.33900036,0.031682406,0
49,248,6.248,3128.168052,197876.3124,0.052214,0,0,0.019748,0.002139,0,0,0,0,0,0.151728,8.563989377,0.33900036,0.031682406,0
49,248,6.248,3128.168052,197876.3124,6.8591,0,0,0,70.761,0,0,0,0,0,27.6384,3.933904712,0.33900036,0.031682406,0
49,248,6.248,3128.168052,197876.3124,0.062652,0,0,0,0,0,0,0,0,0,9.4467,3.294248715,0.33900036,0.031682406,0
49,248,6.248,3128.168052,197876.3124,2.3556,0,0,0,0,0,0,0.013394,0,0,0.151728,4.791523591,0.33900036,0.031682406,0
49,248,6.248,3128.168052,197876.3124,0.01367,0,0,0,0.041022,0.77921,0,0,0,0,10.6818,2.550491043,0.33900036,0.031682406,0
49,248,6.248,3128.168052,197876.3124,0.00524,0,0,1.7556,0.007221,16.163,0,0,0,0,2.61366,3.27635624,0.33900036,0.031682406,0
49,248,6.248,3128.168052,197876.3124,0,0,0,0,0,0,0,0,0,0,7.6818,3.50611189,0.33900036,0.031682406,0
49,248,6.248,3128.168052,197876.3124,0.01048,0,0,0,70.761,0,0,0,0,0,0,1.629841853,0.33900036,0.031682406,0
49,248,6.248,3128.168052,197876.3124,0.0056,0,0,0,0,12.13,0,0,0,0,19.6818,1.926287639,0.33900036,0.031682406,0
49,248,6.248,3128.168052,197876.3124,0.008332,0,0,43.346,0.93395,0,0,0,0,0,4.4313,38.6168241,0.33900036,0.031682406,0
49,248,6.248,3128.168052,197876.3124,0.020418,0,0,0,0,0,0,0,0,0,6.8079,34.6982593,0.33900036,0.031682406,0
49,248,6.248,3128.168052,197876.3124,0.005372,0,0,0.00043,0,0,0,0,0,0,198.603,0.090682319,0.33900036,0.031682406,0
49,248,6.248,3128.168052,197876.3124,0,0,0,0,0,0,23.156,0,0,0,0.151728,0.533114438,0.33900036,0.031682406,0
49,248,6.248,3128.168052,197876.3124,0.002784,0,0,5.5669,0,0.77921,0,0,0,0,15.3204,2.282103912,0.33900036,0.031682406,0
49,248,6.248,3128.168052,197876.3124,0.0724,0,0,6.6789,0,0,0,0,0,0,0,9.094257285,0.33900036,0.031682406,0
49,248,6.248,3128.168052,197876.3124,0,0,0,16.558,0.00043,0,0,0,0,0,0.151728,8.563989377,0.33900036,0.031682406,0
49,248,6.248,3128.168052,197876.3124,7.9784,0,0,6.376,0,0,0,0,0,0,0.271728,7.61406159,0.33900036,0.031682406,0
49,248,6.248,3128.168052,197876.3124,1.6091,0,0,0.002031,0,0,0,0,0,0,0,8.563989377,0.33900036,0.031682406,0
49,248,6.248,3128.168052,197876.3124,0.000376,0,0,0,0,0,0,0,0,0,41.715,5.721119019,0.33900036,0.031682406,0
49,248,6.248,3128.168052,197876.3124,0.035255,0,0,0.0025559,0,0,0.13028,0,0,0,0.151728,0.533114438,0.33900036,0.031682406,0
49,248,6.248,3128.168052,197876.3124,0,0,0,0.0068531,0.002139,0,0,0,0,0,0.151728,0.506275725,0.33900036,0.031682406,0
49,248,6.248,3128.168052,197876.3124,0,0,0,0,6.4522,0,0,0,0,0,28.1349,107.1285055,0.33900036,0.031682406,0
49,248,6.248,3128.168052,197876.3124,0.00014,0,0,0,6.873,0,0,0,0,0,0.151728,27.05073767,0.33900036,0.031682406,0
49,248,6.248,3128.168052,197876.3124,0.007697,0,0.80302,0,0,0,0,0,0,0,8.7318,20.03672595,0.33900036,0.031682406,0
49,248,6.248,3128.168052,197876.3124,0,0,0,0.00524,0.0082165,0,0,0,0,0,3.6918,3.50611189,0.33900036,0.031682406,0
49,248,6.248,3128.168052,197876.3124,0,0,0.002031,0,0,0,0,0,0,0,14.8218,7.61406159,0.33900036,0.031682406,0
49,248,6.248,3128.168052,197876.3124,0,0,0,4.1588,0,0,0,0,0,0,1.57179,5.924849251,0.33900036,0.031682406,0
49,248,6.248,3128.168052,197876.3124,5.15,0,0,0,2.3147,0,0,0,0,0,14.3958,7.61406159,0.33900036,0.031682406,0
49,248,6.248,3128.168052,197876.3124,0,0,0,0,0.008335,0,0,0,0,0,0.151728,7.432290306,0.33900036,0.031682406,0
49,248,6.248,3128.168052,197876.3124,0,0,0,0,0,75.3,18.805,0,0,0,0,1.437091095,0.33900036,0.031682406,0
49,248,6.248,3128.168052,197876.3124,0.043527,0,0,0,0.15682,0,0,8.9058,0,0,0.151728,6.85281809,0.33900036,0.031682406,0
49,248,6.248,3128.168052,197876.3124,0.013575,0,0,0,0,0,0,0,0,0,0,4.862686845,0.33900036,0.031682406,0
49,248,6.248,3128.168052,197876.3124,0.008489,0,0,0,0.010479,0,0,0,0,0,0.151728,0.163878809,0.33900036,0.031682406,0
49,248,6.248,3128.168052,197876.3124,0.008333,0,0,0.008333,0,0.78392,0,0,0,0,12.3399,3.294248715,0.33900036,0.031682406,0
49,248,6.248,3128.168052,197876.3124,0,0,0,0,0.007148,0,0.13028,0,0,0,0,0.533114438,0.33900036,0.031682406,0
49,248,6.248,3128.168052,197876.3124,57.072,0,0.31971,0.008333,0,0,0,0,0,0,0.151728,4.748825638,0.33900036,0.031682406,0
49,248,6.248,3128.168052,197876.3124,0.061886,0,0,0,0,0,0,0,0,0,21.2118,1.912461635,0.33900036,0.031682406,0
49,248,6.248,3128.168052,197876.3124,0.22048,0,0,0.00036,1.0363,0,0,0,0,0,1.17966,0.51278208,0.33900036,0.031682406,0
49,248,6.248,3128.168052,197876.3124,0.01048,0,0,0,0,0,36.808,0,0,0,0.283572,8.643285575,0.33900036,0.031682406,0
49,248,6.248,3128.168052,197876.3124,0.00524,0,0.005251,0,0,0,0,0,0,0,0.151728,3.294248715,0.33900036,0.031682406,0
49,248,6.248,3128.168052,197876.3124,0.00062,0,0,0,0,0,0,0,0,0,0.279615,1.600969904,0.33900036,0.031682406,0
49,248,6.248,3128.168052,197876.3124,0.5002,0,0,0.13117,0,0,0,0,0,0,0.151728,7.61406159,0.33900036,0.031682406,0
49,248,6.248,3128.168052,197876.3124,0.031802,0,4.8164,0,0,1.5693,0,0,0,0,0,7.61406159,0.33900036,0.031682406,0
49,248,6.248,3128.168052,197876.3124,0,0,0,0.65249,0.008333,0,0.13028,0,0,0,1.02351,2.626534064,0.33900036,0.031682406,0
49,248,6.248,3128.168052,197876.3124,0.001326,0,0,0.0059107,0,1.7614,0,0,0,0,22.6218,8.643285575,0.33900036,0.031682406,0
49,248,6.248,3128.168052,197876.3124,0,0,0,0,0,0,0.059897,0,0,0,0.278703,8.643285575,0.33900036,0.031682406,0
49,248,6.248,3128.168052,197876.3124,0.005239,0,1.0099,0.011406,0,0,0,0,0,0,1.41975,2.282103912,0.33900036,0.031682406,0
49,248,6.248,3128.168052,197876.3124,0,0,0,208.31,0,0,0,0,0,0,0,0.677067536,0.33900036,0.031682406,49.34146341
49,248,6.248,3128.168052,197876.3124,0.014402,0,0,0.00524,0,10.284,0,0,0,0,0,3.294248715,0.33900036,0.031682406,0
49,248,6.248,3128.168052,197876.3124,0.052214,0,0.26868,0.0306,7.544,0,0,0,0,0,0.151728,5.924849251,0.33900036,0.031682406,0
49,248,6.248,3128.168052,197876.3124,0,0,0.071764,0,1.7509,0.78099,0,0,0,0,4.4103,1.912461635,0.33900036,0.031682406,0
49,248,6.248,3128.168052,197876.3124,0.046194,0,0,0,0,0,0,0,0,0,11.0184,1.600969904,0.33900036,0.031682406,0
49,248,6.248,3128.168052,197876.3124,0.008333,0,0,0,0,0,0,0,0,0,0,96.95287753,0.33900036,0.031682406,0
49,248,6.248,3128.168052,197876.3124,0.0021738,0,0,0,0,0,0,0,0,0,0,107.1285055,0.33900036,0.031682406,0
49,248,6.248,3128.168052,197876.3124,0.0072895,0,0,0,2.6315,0,11.179,0,0,0,0.151728,1.953939646,0.33900036,0.031682406,0
49,248,6.248,3128.168052,197876.3124,0.000688,0,0,0,0,0,0,0,0,0,0.151728,3.370698383,0.33900036,0.031682406,0
49,248,6.248,3128.168052,197876.3124,0.0094528,0,0,0,0.21081,0,0.42744,0,0,0,4.8507,0.677067536,0.33900036,0.031682406,0
49,248,6.248,3128.168052,197876.3124,0,0,0,0,11.167,0,246.03,0,0,0,17.3718,2.550491043,0.33900036,0.031682406,0
49,248,6.248,3128.168052,197876.3124,0.008333,0,0,2.2294,0,0,0.13028,0,0.000702,0,0.151728,1.788434249,0.33900036,0.031682406,0
49,248,6.248,3128.168052,197876.3124,0.008336,0,0,32.687,0.32888,0,0,0,0,0,0.151728,4.791523591,0.33900036,0.031682406,0
49,248,6.248,3128.168052,197876.3124,1.5202,0,0,0,0.50221,0,14.556,0,0,0,8.9418,0.403800639,0.33900036,0.031682406,0
49,248,6.248,3128.168052,197876.3124,7.5139,0,0,0,0,0,0,0,0,0,10.2414,7.432290306,0.33900036,0.031682406,0
49,248,6.248,3128.168052,197876.3124,0.046194,0,0,10.612,0.003468,0,0,0,0,0,0,19.16080795,0.33900036,0.031682406,0
49,248,6.248,3128.168052,197876.3124,0,0,0,2.1101,0,0,0.42744,0,0,0,6.105,0.677067536,0.33900036,0.031682406,0
49,248,6.248,3128.168052,197876.3124,0.081094,0,0,0.026311,24.77,0,0,0,0,0,0.211728,544.8701155,0.33900036,0.031682406,0
49,248,6.248,3128.168052,197876.3124,0,0,0.015232,0.00524,0.88295,0,0,0,0,0,6.105,6.85281809,0.33900036,0.031682406,0
49,248,6.248,3128.168052,197876.3124,7.2682,0,0,0.25593,0.0099455,0,0,0,0,0,0,4.748825638,0.33900036,0.031682406,0
49,248,6.248,3128.168052,197876.3124,0.001192,0,27.713,0,5.4878,0,0.13028,0,0,0,30.786,1.740043236,0.33900036,0.031682406,0
49,248,6.248,3128.168052,197876.3124,0,0,0,10.118,0.000124,0,0,0,0,0,14.4507,3.370698383,0.33900036,0.031682406,0
49,248,6.248,3128.168052,197876.3124,0.008333,0,0,0,0,0,0,0,0,0,0.151728,4.286874454,0.33900036,0.031682406,0
49,248,6.248,3128.168052,197876.3124,0.008332,0,0,0,5.3243,0,0,0,0,0,14.5008,6.438851272,0.33900036,0.031682406,0
49,248,6.248,3128.168052,197876.3124,0.002031,0,0,0,0,0,0,0,0,0,0,1.082901411,0.33900036,0.031682406,0
49,248,6.248,3128.168052,197876.3124,3.0939,0,197.21,0,0,0,0,0,0,0,1.73121,0.533114438,0.33900036,0.031682406,0
49,248,6.248,3128.168052,197876.3124,3.6358,0,0,0,0.041022,0,0,0,0,0,3.6918,1.437091095,0.33900036,0.031682406,0
49,248,6.248,3128.168052,197876.3124,0.012154,0,0,0.0065058,0,0,0,0,0,0,0.151728,0.677067536,0.33900036,0.031682406,0
49,248,6.248,3128.168052,197876.3124,0,0,0,0,0,0,0,0,0,0,0,4.862686845,0.33900036,0.031682406,0
49,248,6.248,3128.168052,197876.3124,43.582,0,0,0,0.67362,0,132.95,0,0,0,0.151728,2.550491043,0.33900036,0.031682406,0
49,248,6.248,3128.168052,197876.3124,24.337,0,0,0.008333,0.031711,0,0,0,0,0,0.151728,4.862686845,0.33900036,0.031682406,0
49,248,6.248,3128.168052,197876.3124,1.8115,0,0,0.055562,0.88295,0,0,0,0,0,15.252,3.933904712,0.33900036,0.031682406,0
49,248,6.248,3128.168052,197876.3124,0,0,0,0,26.765,0,0,0,0,0,0.151728,2.742428507,0.33900036,0.031682406,0
49,248,6.248,3128.168052,197876.3124,2.1571,0,0,0,0,0,0,0,0,0,0.151728,126.2789109,0.33900036,0.031682406,0
49,248,6.248,3128.168052,197876.3124,0.34912,0,0,0.041028,0.008333,22.837,0.10863,0,0,0,36.924,2.742428507,0.33900036,0.031682406,0
49,248,6.248,3128.168052,197876.3124,0.000078,0,0,0,0,0,0,0,0,0,0.278703,2.282103912,0.33900036,0.031682406,0
49,248,6.248,3128.168052,197876.3124,0.028169,0,0,0,0,0.79321,0,0,0,0,7.2168,3.37110503,0.33900036,0.031682406,0
49,248,6.248,3128.168052,197876.3124,0,0,0,0,0,0,0,0,0,0,0.276939,4.791523591,0.33900036,0.031682406,0
49,248,6.248,3128.168052,197876.3124,0,0,8.3189,0,0,0,0,0,0,0,0.285792,0.506275725,0.33900036,0.031682406,0
49,248,6.248,3128.168052,197876.3124,1.4262,0,0,0.14311,0,0,0,0,0,0,11.5818,544.8701155,0.33900036,0.031682406,0
49,248,6.248,3128.168052,197876.3124,15.105,0,0,0.008333,9.8934,0,21.569,0,0,0,3.6423,3.370698383,0.33900036,0.031682406,0
49,248,6.248,3128.168052,197876.3124,0.024492,0,0,0,0,0.077537,35.561,0,0,0,14.4696,4.748825638,0.33900036,0.031682406,0
49,248,6.248,3128.168052,197876.3124,0,0,0,0,0.021909,0,0,0,0,0,0.78174,0.308645201,0.33900036,0.031682406,0
49,248,6.248,3128.168052,197876.3124,0,0,0,0,0,0.026763,0,0,0,0,0.151728,57.83043216,0.33900036,0.031682406,0
49,248,6.248,3128.168052,197876.3124,0.00062,0,0,0,0,0,0,0,0,0,0.151728,2.742428507,0.33900036,0.031682406,0
49,248,6.248,3128.168052,197876.3124,0,0,0,13.805,0,0,0,0,0,0,0.45174,2.626534064,0.33900036,0.031682406,0
49,248,6.248,3128.168052,197876.3124,0.00524,0,0,0.00014,1.6868,0,0,0,0,0,0.151728,1.480602342,0.33900036,0.031682406,0
49,248,6.248,3128.168052,197876.3124,0.002031,0,0,0.00644,0,0,0.002308,0,0,0,0.151728,0.496109546,0.33900036,0.031682406,0
49,248,6.248,3128.168052,197876.3124,0.008333,0,0,0.65249,0,0,0,0,0,0,0,0.163878809,0.33900036,0.031682406,0
49,248,6.248,3128.168052,197876.3124,0.010122,0,0,0,0.00524,0,0,0,0,0,0.151728,6.85281809,0.33900036,0.031682406,0
49,248,6.248,3128.168052,197876.3124,0.008335,0,0,0,0,0,0,0,0,0,0,3.37110503,0.33900036,0.031682406,0
49,248,6.248,3128.168052,197876.3124,6.7661,0,0,0,0.000739,0,0,0,0,0,0.181728,6.438851272,0.33900036,0.031682406,0
49,248,6.248,3128.168052,197876.3124,0,0,0,0.0088426,0,0,0,0,0,0,0.151728,4.748825638,0.33900036,0.031682406,0
49,248,6.248,3128.168052,197876.3124,3.0031,0,0,1.2164,0.059735,121.31,0,0,0,0,34.746,1.600969904,0.33900036,0.031682406,0
49,248,6.248,3128.168052,197876.3124,0,0,0,16.48,3.7158,0,0,0,0,0,0.151728,4.748825638,0.33900036,0.031682406,0
49,248,6.248,3128.168052,197876.3124,3.8421,0,0,0,1.6868,0,0,0,0,0,0,3.27635624,0.33900036,0.031682406,0
49,248,6.248,3128.168052,197876.3124,14.875,0,0,0.26453,2.8821,0,0,0,0,0,0,0.533114438,0.33900036,0.031682406,0
49,248,6.248,3128.168052,197876.3124,0.72108,0,0,0.041028,8.0698,0,0,0,0,0,0,2.550491043,0.33900036,0.031682406,0
49,248,6.248,3128.168052,197876.3124,0.075337,0,0,0,0,0,0.74966,0,0,0,0,0.51278208,0.33900036,0.031682406,0
49,248,6.248,3128.168052,197876.3124,0.008333,0,0,0,0,1.1637,0,0,0,0,0,4.791523591,0.33900036,0.031682406,0
49,248,6.248,3128.168052,197876.3124,0,0,0,0.097569,0,0,0,0.00014,0,0,1.17432,459.9889457,0.33900036,0.031682406,0
49,248,6.248,3128.168052,197876.3124,1.8154,0,0,0,0,0,0,0,0,0,0,57.7672295,0.33900036,0.031682406,0
49,248,6.248,3128.168052,197876.3124,0.008336,0,0,0,0,0,0,0,0,0,0.151728,4.286874454,0.33900036,0.031682406,0
49,248,6.248,3128.168052,197876.3124,0.000376,0,0,14.804,0,0,0,0,0,0,0.73911,2.742428507,0.33900036,0.031682406,0
49,248,6.248,3128.168052,197876.3124,0.024955,0,0,0,0.00062,0,0,0,0,0,0.151728,4.791523591,0.33900036,0.031682406,0
49,248,6.248,3128.168052,197876.3124,0,0,0,0,0.00524,0,0.13028,0,0,0,0,1.953939646,0.33900036,0.031682406,0
49,248,6.248,3128.168052,197876.3124,0.022591,0,0,6.376,0,0,0,0,0,0,0,107.1285055,0.33900036,0.031682406,0
49,248,6.248,3128.168052,197876.3124,0.008333,0,0,12.69,0,0,0,0,0,0,0.151728,0.308645201,0.33900036,0.031682406,0
49,248,6.248,3128.168052,197876.3124,0,0,0,0,0.93395,0,0,0,0,0,0.45174,3.370698383,0.33900036,0.031682406,0
49,248,6.248,3128.168052,197876.3124,8.2504,0,0,0,0,0,0,0,0,0,14.3958,1.953939646,0.33900036,0.031682406,0
49,248,6.248,3128.168052,197876.3124,0,0,0,0,0,0,0,0,0,0,0,9.094257285,0.33900036,0.031682406,0
49,248,6.248,3128.168052,197876.3124,0.03314,0,0,0.011652,6.2437,0,0,0,0,0,0,1.912461635,0.33900036,0.031682406,0
49,248,6.248,3128.168052,197876.3124,0,0,0,0,0,0,0,0,0,0,0.77829,1.629841853,0.33900036,0.031682406,0
49,248,6.248,3128.168052,197876.3124,5.4818,0,0,0.00524,0,0,0,0,0,0,0.151728,8.563989377,0.33900036,0.031682406,0
49,248,6.248,3128.168052,197876.3124,0.008333,0,0,0,0,0,0,0,0,0,8.8155,2.742428507,0.33900036,0.031682406,0
49,248,6.248,3128.168052,197876.3124,0.005769,0,0,0,0,0,0,0,0,0,1.17456,293.1339283,0.33900036,0.031682406,0
49,248,6.248,3128.168052,197876.3124,0.00644,0,0,11.876,0,0,0.74966,0,0,0,0.151728,2.282103912,0.33900036,0.031682406,0
49,248,6.248,3128.168052,197876.3124,0.000688,0,0,0.00524,0,0,0,0,0,0,0.278703,8.643285575,0.33900036,0.031682406,0
49,248,6.248,3128.168052,197876.3124,0.005239,0,0,0.007102,0.10115,0,0,0,0,0,1.17456,4.791523591,0.33900036,0.031682406,0
49,248,6.248,3128.168052,197876.3124,27.506,0,0,0.00833,0,0,0,0,0,0,0.93561,4.862686845,0.33900036,0.031682406,0
49,248,6.248,3128.168052,197876.3124,0.0097027,0,0,0,0,0,0,0,0,0,0.151728,1.600969904,0.33900036,0.031682406,0
49,248,6.248,3128.168052,197876.3124,0,0,0,0.008333,0.0088426,0,0,0,0,0,0.276939,1.480602342,0.33900036,0.031682406,0
49,248,6.248,3128.168052,197876.3124,0.038936,0,0,0.000716,0,0,0,0,0,0,198.615,2.742428507,0.33900036,0.031682406,0
49,248,6.248,3128.168052,197876.3124,0,0,0,0.0098389,0,0,0,0,0,0,151.038,7.432290306,0.33900036,0.031682406,0
49,248,6.248,3128.168052,197876.3124,0,0,0,0,0,9.7428,0,0,0,0,28.0509,4.044970118,0.33900036,0.031682406,0
49,248,6.248,3128.168052,197876.3124,0,0,0,2.1101,0.0041885,0,0,0,0,0,1.73121,7.432290306,0.33900036,0.031682406,0
49,248,6.248,3128.168052,197876.3124,2.2494,0,0,0,0,0,0,0,0,0,0.273372,34.6982593,0.33900036,0.031682406,0
49,248,6.248,3128.168052,197876.3124,0.018235,0,0,0,0,0,0,0,0,0,198.615,1.740043236,0.33900036,0.031682406,0
49,248,6.248,3128.168052,197876.3124,0,0,0,0.86967,0.008333,0,3.4784,0,0,0,0.151728,7.432290306,0.33900036,0.031682406,0
49,248,6.248,3128.168052,197876.3124,0,0,0,0,0.030964,0,0,0,0,0,0.48174,1.912461635,0.33900036,0.031682406,0
49,248,6.248,3128.168052,197876.3124,0.045123,0,0,0,0,0,0,0,0,0,8.7318,7.432290306,0.33900036,0.031682406,0
49,248,6.248,3128.168052,197876.3124,0.005239,0,0,15.984,62.065,0,0.13028,0,0,0,0,0.506275725,0.33900036,0.031682406,0
49,248,6.248,3128.168052,197876.3124,9.9965,0,0,0,0,0,0,0,0,0,0.151728,3.933904712,0.33900036,0.031682406,0
49,248,6.248,3128.168052,197876.3124,0.015333,0,0,6.6789,0.007102,0,0,0,0,0,0,1.629841853,0.33900036,0.031682406,0
49,248,6.248,3128.168052,197876.3124,0.010122,0,0,0.011406,0.01048,0,0.60778,0,0,0,5.1363,1.953939646,0.33900036,0.031682406,0
49,248,6.248,3128.168052,197876.3124,1.1697,0,0,0.008333,0.003144,0,31.04,0,0,0,0.151728,3.933904712,0.33900036,0.031682406,0
49,248,6.248,3128.168052,197876.3124,0.001267,0,0,0.15275,0,0,0.13028,0,0,0,3.8823,1.082901411,0.33900036,0.031682406,0
49,248,6.248,3128.168052,197876.3124,0,0,0,0.049787,0.003821,0,7.2385,0,0,0,0,8.563989377,0.33900036,0.031682406,0
49,248,6.248,3128.168052,197876.3124,0,0,0,0,0,0,0,0,0,0,0,0.757177028,0.33900036,0.031682406,0
49,248,6.248,3128.168052,197876.3124,0.008333,0,0,0.65249,3.5933,0,0,0,0,0,0,96.95287753,0.33900036,0.031682406,0
49,248,6.248,3128.168052,197876.3124,0,0,0,0.010986,0.035884,0.77921,0.74966,0,0,0,2.96682,1.480602342,0.33900036,0.031682406,0
49,248,6.248,3128.168052,197876.3124,6.3539,0,0,0,0,0,0,0,0,0,0,13.20935554,0.33900036,0.031682406,0
49,248,6.248,3128.168052,197876.3124,2.2602,0,3.9436,0.000251,0,0,0,0,0,0,0,2.742428507,0.33900036,0.031682406,0
49,248,6.248,3128.168052,197876.3124,0.60993,0,0,0,0,0,0,0,0,0,0.151728,0.51278208,0.33900036,0.031682406,0
49,248,6.248,3128.168052,197876.3124,0.00524,0,0,0.0068531,3.0251,0,0,0,0,0,13.5342,7.61406159,0.33900036,0.031682406,0
49,248,6.248,3128.168052,197876.3124,0,0,1.0585,0.00247,0,0,0,0,0,0,0.151728,3.370698383,0.33900036,0.031682406,0
49,248,6.248,3128.168052,197876.3124,0.22208,0,0,0,0,0,0,0,0,0,0,0.496109546,0.33900036,0.031682406,0
49,248,6.248,3128.168052,197876.3124,0.018381,0,0,0,0,0,0.13028,0,0,0,0.151728,3.933904712,0.33900036,0.031682406,0
49,248,6.248,3128.168052,197876.3124,0.003821,0,0,0,0.0022594,0,0,0,0,0,6.2754,6.85281809,0.33900036,0.031682406,0
49,248,6.248,3128.168052,197876.3124,0.72108,0,0.79845,0.026977,0,0,0,0,0,0,11.5818,1.740043236,0.33900036,0.031682406,0
49,248,6.248,3128.168052,197876.3124,0.011679,0,0,0.86967,5.0207,0,0.13028,0,0,0,1.08339,7.432290306,0.33900036,0.031682406,0
49,248,6.248,3128.168052,197876.3124,0.018322,0,0,0.055562,0.027077,0,0,0,0,0,0.151728,0.090682319,0.33900036,0.031682406,0
49,248,6.248,3128.168052,197876.3124,0.0068531,0,0,0.0011005,0.008321,0,0,0,0,0,0.151728,1.753869239,0.33900036,0.031682406,0
49,248,6.248,3128.168052,197876.3124,0.013892,0,0,6.2716,0.31016,0,0,0,0,0,0.151728,3.27635624,0.33900036,0.031682406,0
49,248,6.248,3128.168052,197876.3124,0,0,0,0,0,0,0.13028,0,0,0,0,7.432290306,0.33900036,0.031682406,0
49,248,6.248,3128.168052,197876.3124,0,0,0.002031,0,0,0,0.13028,0,0,0,12.8022,4.044970118,0.33900036,0.031682406,0
49,248,6.248,3128.168052,197876.3124,0.017603,0,0,0.00524,0,0,0,0,0,0,0,1.480602342,0.33900036,0.031682406,0
49,248,6.248,3128.168052,197876.3124,0.39529,0,0,2.2778,0,0,0,0,0,0,0.151728,6.85281809,0.33900036,0.031682406,0
49,248,6.248,3128.168052,197876.3124,15.105,0,0,0,0.001493,0,0,0,0,0,0.151728,8.153142895,0.33900036,0.031682406,0
49,248,6.248,3128.168052,197876.3124,0.067102,0,0,0,27.763,12.855,0,0,0,0,0,38.6168241,0.33900036,0.031682406,0
49,248,6.248,3128.168052,197876.3124,36.159,0,5.5173,0,0,0,0,0,0,0,0.292407,1.740043236,0.33900036,0.031682406,0
49,248,6.248,3128.168052,197876.3124,0,0,0,0.0029965,3.969,0,0,0,0,0,41.715,8.643285575,0.33900036,0.031682406,0
49,248,6.248,3128.168052,197876.3124,5.15,0,0,0,0,0.79079,0,0,0,0,5.2875,19.16080795,0.33900036,0.031682406,0
49,248,6.248,3128.168052,197876.3124,0.44516,0,0,0,42.799,0,0.13028,0,0,0,0.275259,0.308645201,0.33900036,0.031682406,0
49,248,6.248,3128.168052,197876.3124,1.8905,0,0,0,0.00524,0,0,0,0,0,0.42399,1.611949377,0.33900036,0.031682406,0
49,248,6.248,3128.168052,197876.3124,0.029004,0,0,0,0,0,0,0,0,0,0.151728,3.933904712,0.33900036,0.031682406,0
49,248,6.248,3128.168052,197876.3124,49.592,0,0,0,0,0,0,0,0,0,0.72228,6.438851272,0.33900036,0.031682406,0
49,248,6.248,3128.168052,197876.3124,5.6933,0,0,0,0.19458,0,0,0,0,0,0.27432,1.629841853,0.33900036,0.031682406,0
49,248,6.248,3128.168052,197876.3124,0,0,0,7.2355,0.008333,0,0,0,0,0,0,2.550491043,0.33900036,0.031682406,0
49,248,6.248,3128.168052,197876.3124,0,0,0,0.00062,2.8821,0,0,0,0,0,0.151728,3.933904712,0.33900036,0.031682406,0
49,248,6.248,3128.168052,197876.3124,0.25336,0,0,0.0074133,0,0,22.25,0,0,0,0.151728,1.912461635,0.33900036,0.031682406,0
49,248,6.248,3128.168052,197876.3124,1.2774,0,0,0,0,0,0,0,0,0,0,57.83043216,0.33900036,0.031682406,0
49,248,6.248,3128.168052,197876.3124,0,0,0,0.58718,0,0,0,0,0,0,0,0.496109546,0.33900036,0.031682406,0
49,248,6.248,3128.168052,197876.3124,0.015667,0,0,0,3.5225,0,0,0,0,0,0.151728,7.61406159,0.33900036,0.031682406,0
49,248,6.248,3128.168052,197876.3124,185.11,0,0,0,0,0,0,0,0,0,4.1943,6.438851272,0.33900036,0.031682406,0
49,248,6.248,3128.168052,197876.3124,0.49815,0,0,0,0.011526,2.6999,0,0,0,0,0,2.550491043,0.33900036,0.031682406,0
49,248,6.248,3128.168052,197876.3124,46.878,0,0,0.003538,0,0,12.2,0,0,0,1.04805,459.9889457,0.33900036,0.031682406,0
49,248,6.248,3128.168052,197876.3124,0.005769,0,0,0.015552,1.1039,0,0,0,0,0,0.278526,2.626534064,0.33900036,0.031682406,0
49,248,6.248,3128.168052,197876.3124,0.00524,0,0,0,0.031711,0,0,0,0,0,0.151728,3.933904712,0.33900036,0.031682406,0
49,248,6.248,3128.168052,197876.3124,0.14827,0,0,0.14108,0.009767,0,0,0,0,0,0,8.563989377,0.33900036,0.031682406,0
49,248,6.248,3128.168052,197876.3124,0,0,0,0,0.019035,0,0,0,0,0,0.151728,1.082901411,0.33900036,0.031682406,0
49,248,6.248,3128.168052,197876.3124,14.661,0,0,0.00524,0,0,0,0,0,0,4.6158,6.85281809,0.33900036,0.031682406,0
49,248,6.248,3128.168052,197876.3124,0,0,0,0,0,0.000064,0,0,0,0,0.151728,0.506275725,0.33900036,0.031682406,0
49,248,6.248,3128.168052,197876.3124,2.9666,0,0,5.4015,0,0,0,0,0,0,2.3544,4.044970118,0.33900036,0.031682406,0
49,248,6.248,3128.168052,197876.3124,1.7741,0,0,0.003538,0,0,0,0,0,0,0.151728,1.611949377,0.33900036,0.031682406,0
49,248,6.248,3128.168052,197876.3124,0,0,0,0,0,0,0,0,0,0,69.483,1.082901411,0.33900036,0.031682406,0
49,248,6.248,3128.168052,197876.3124,0.026038,0,0,0,0,0,0,0,0,0,0,2.473634728,0.33900036,0.031682406,0
49,248,6.248,3128.168052,197876.3124,0.007697,0,0.12387,0,0,0,0,0,0,0,0,0.533114438,0.33900036,0.031682406,0
49,248,6.248,3128.168052,197876.3124,0,0,0,0.46711,0.042129,0,0,0,0,0,0.151728,5.721119019,0.33900036,0.031682406,0
49,248,6.248,3128.168052,197876.3124,0,0,0,0,0,0.79321,0,0,0,0,0,0.090682319,0.33900036,0.031682406,0
49,248,6.248,3128.168052,197876.3124,0.018596,0,0,0,1.0784,0,0,0,0,0,3.4872,4.044970118,0.33900036,0.031682406,0
49,248,6.248,3128.168052,197876.3124,0,0,0,0,1.4612,0,0.60778,0,0,0,0,0.51278208,0.33900036,0.031682406,0
49,248,6.248,3128.168052,197876.3124,0,0,0,0.007148,0,21.538,0,0,0,0,1.74174,20.03672595,0.33900036,0.031682406,0
49,248,6.248,3128.168052,197876.3124,8.933,0,0,5.5669,0,0,0,0,0,0,0.151728,19.16080795,0.33900036,0.031682406,0
49,248,6.248,3128.168052,197876.3124,0.081094,0,0,0,0,0,0,0,0,0,0.151728,4.044970118,0.33900036,0.031682406,0
49,248,6.248,3128.168052,197876.3124,14.115,0,0,0.000688,0.0088426,0,0,0,0,0,0,1.926287639,0.33900036,0.031682406,0
49,248,6.248,3128.168052,197876.3124,0,0,0,0,0,0,0,0,0,0,0,7.432290306,0.33900036,0.031682406,0
49,248,6.248,3128.168052,197876.3124,0.002139,0,0,0,0,0.26686,0,0,0,0,0,1.753869239,0.33900036,0.031682406,0
49,248,6.248,3128.168052,197876.3124,0.011015,0,0,43.346,0,0,0,0,0,0,0,3.66575417,0.33900036,0.031682406,0
49,248,6.248,3128.168052,197876.3124,0.41786,0,0,0.015045,0,0.77921,0,0,0,0,0,1.753869239,0.33900036,0.031682406,0
49,248,6.248,3128.168052,197876.3124,0.001478,0,0,4.2796,8.8857,0,0,0,0,0,28.1349,0.677067536,0.33900036,0.031682406,0
49,248,6.248,3128.168052,197876.3124,22.449,0,0,0.047701,0.001326,0,0,0,0.005239,0,0.151728,3.294248715,0.33900036,0.031682406,0
49,248,6.248,3128.168052,197876.3124,0,0,0,0,0,2.4302,0,0,0,0,4.5198,0.163878809,0.33900036,0.031682406,0
49,248,6.248,3128.168052,197876.3124,0,0,0,0,0.00524,0,0,0,0,0,0,2.282103912,0.33900036,0.031682406,0
49,248,6.248,3128.168052,197876.3124,0.1789,0,0.00542,0,0,0,0,0,0,0,30.885,3.27635624,0.33900036,0.031682406,0
49,248,6.248,3128.168052,197876.3124,0.014773,0,0.57901,0,0,0,0,0,0,0,0.181728,1.480602342,0.33900036,0.031682406,0
49,248,6.248,3128.168052,197876.3124,0,0,0,0,0.1098,0.77921,0,0,0,0,0.151728,3.66575417,0.33900036,0.031682406,0
49,248,6.248,3128.168052,197876.3124,0,0,25.373,0.031407,0.78045,0,0,0,0,0,0,5.924849251,0.33900036,0.031682406,0
49,248,6.248,3128.168052,197876.3124,0.14297,0,0,0,0,0,12.2,0,0,0,3.0075,2.282103912,0.33900036,0.031682406,0
49,248,6.248,3128.168052,197876.3124,253.52,0,0,0,0,0,0,0,0,0,4.4103,0.51278208,0.33900036,0.031682406,0
49,248,6.248,3128.168052,197876.3124,0.005239,0,0,0,0.00036,0,0,0,0,0,0.151728,5.721119019,0.33900036,0.031682406,0
49,248,6.248,3128.168052,197876.3124,0.002598,0,0,0,62.065,0,0,0,0,0,1.96911,19.71922933,0.33900036,0.031682406,0
49,248,6.248,3128.168052,197876.3124,0.0021738,0,0,0,3.0251,0,0,0,0,0,1.08174,3.294248715,0.33900036,0.031682406,0
49,248,6.248,3128.168052,197876.3124,2.1821,0,0,0,0.008332,0,0,0,0,0,2.94174,19.16080795,0.33900036,0.031682406,0
50,249,4.266,3127.773209,197851.3361,0,0,0.003821,3.6568,0,0.77921,0,0,0,0,0.151728,0.085689464,0.337228581,0.031516818,0
50,249,4.266,3127.773209,197851.3361,0,0,0,0,0,0,0,0,0,0,0.151728,2.474804353,0.337228581,0.031516818,0
50,249,4.266,3127.773209,197851.3361,0,0,0,0,0,0,0,0,0,0,1.62018,24.2547271,0.337228581,0.031516818,0
50,249,4.266,3127.773209,197851.3361,0.0097975,0,0,0.1075,0.008333,0,0,0,0,0,3.9402,1.651413523,0.337228581,0.031516818,0
50,249,4.266,3127.773209,197851.3361,0.015333,0,0,0,0.00524,0,0,0,0,0,0,3.237208988,0.337228581,0.031516818,0
50,249,4.266,3127.773209,197851.3361,55.389,0,0,0.047407,0,0,0,0,0,0,0,0.301225485,0.337228581,0.031516818,0
50,249,4.266,3127.773209,197851.3361,0.10527,0,0,0.2491,0.40097,0,0,0,0,0,0,0.219704697,0.337228581,0.031516818,0
50,249,4.266,3127.773209,197851.3361,0,0,0,0.010986,0.008333,0,0,0,0,0,97.974,15.12102526,0.337228581,0.031516818,0
50,249,4.266,3127.773209,197851.3361,57.072,0,0,0.0088426,0,0,0,0,0,0,2.34936,4.278895437,0.337228581,0.031516818,0
50,249,4.266,3127.773209,197851.3361,0.0068531,0,0.68452,0,0,0,0,0,0,0,6.1116,3.789481443,0.337228581,0.031516818,0
50,249,4.266,3127.773209,197851.3361,16.603,0,0,0,0.032706,0,0,0,0,0,5.5146,3.237208988,0.337228581,0.031516818,0
50,249,4.266,3127.773209,197851.3361,13.81,0,0,0.011406,0,0,0,0,0,0,0.92517,0.301225485,0.337228581,0.031516818,0
50,249,4.266,3127.773209,197851.3361,0.008333,0,0,0,0.008333,0,0,0,0,0,2.06073,22.79016382,0.337228581,0.031516818,0
50,249,4.266,3127.773209,197851.3361,0,0,0,0,0.00524,0,0,0,0,0,83.223,15.12102526,0.337228581,0.031516818,0
50,249,4.266,3127.773209,197851.3361,0,0,0,0.42984,0,0.79321,1.5219,0,0,0,0.273018,0.085689464,0.337228581,0.031516818,0
50,249,4.266,3127.773209,197851.3361,0,0,0.016815,0.0059107,0.007328,0,0.008333,0,0,0,0,11.33524931,0.337228581,0.031516818,0
50,249,4.266,3127.773209,197851.3361,46.059,0,0,0,0,0,0.059897,0,0,0,0.151728,2.124635517,0.337228581,0.031516818,0
50,249,4.266,3127.773209,197851.3361,0,0,0,0,0,0,0.13028,0,0,0,0.151728,0.219704697,0.337228581,0.031516818,0
50,249,4.266,3127.773209,197851.3361,0,0,0,0,0.000124,0,0,0,0,0,11.0268,11.33524931,0.337228581,0.031516818,0
50,249,4.266,3127.773209,197851.3361,0.12208,0,0.001434,0,0,0,0.13028,0,0,0,0.93561,0.085689464,0.337228581,0.031516818,0
50,249,4.266,3127.773209,197851.3361,0.0059398,0,0,0.010105,0,0,0,0,0,0,0,6.472102045,0.337228581,0.031516818,0
50,249,4.266,3127.773209,197851.3361,0.016058,0,0,0,2.0529,0,0,0,0,0,12.2682,22.79016382,0.337228581,0.031516818,0
50,249,4.266,3127.773209,197851.3361,0,0,0,0,0,0.30776,0,0,0,0,0.151728,3.789481443,0.337228581,0.031516818,0
50,249,4.266,3127.773209,197851.3361,0.3067,0,0,0,0,0,0.13028,0,0,0,0.283572,6.472102045,0.337228581,0.031516818,0
50,249,4.266,3127.773209,197851.3361,0,0,0,0,5.2021,0,0,0,0,0,0.151728,2.124635517,0.337228581,0.031516818,0
50,249,4.266,3127.773209,197851.3361,0,0,0,0,0,5.0308,0,0,0,0,68.145,1.035375756,0.337228581,0.031516818,0
50,249,4.266,3127.773209,197851.3361,2.7267,0,0,0.000688,0.0078558,4.0839,0,0,0,0,0.151728,1.035375756,0.337228581,0.031516818,0
50,249,4.266,3127.773209,197851.3361,0,0,0,0,0,0,0,0,0,0,0,11.33524931,0.337228581,0.031516818,0
50,249,4.266,3127.773209,197851.3361,0,0,0,29.05,0.013036,5.0308,0,0,0,0,43.602,1.651413523,0.337228581,0.031516818,0
50,249,4.266,3127.773209,197851.3361,0.08383,0,0,0,12.308,0,8.0913,0,0,0,8.9118,0.219704697,0.337228581,0.031516818,0
50,249,4.266,3127.773209,197851.3361,0,0,0,0,0,0,61.211,0,0,0,8.9118,15.12102526,0.337228581,0.031516818,0
50,249,4.266,3127.773209,197851.3361,0,0,0,0,0,0,0,0,0,0,0.37014,2.474804353,0.337228581,0.031516818,0
50,249,4.266,3127.773209,197851.3361,9.7427,0,0,0.001326,0,0.32195,0.13028,0,0,0,15.0018,3.237208988,0.337228581,0.031516818,0
50,249,4.266,3127.773209,197851.3361,0,0,0,0,0.00833,0,0,0,0,0,0,6.472102045,0.337228581,0.031516818,0
50,249,4.266,3127.773209,197851.3361,0.000251,0,0,0.13117,0,0,0.42744,0,0,0,0.151728,3.237208988,0.337228581,0.031516818,0
50,249,4.266,3127.773209,197851.3361,0.5201,0,0,0,1.6602,0,0,0,0,0,2.37174,0.301225485,0.337228581,0.031516818,0
50,249,4.266,3127.773209,197851.3361,0.0097027,0,0,0,0,0,0,0,0,0,0,2.474804353,0.337228581,0.031516818,0
50,249,4.266,3127.773209,197851.3361,0,0,0,0,0,0,0,0,0,0,0,0.541773565,0.337228581,0.031516818,0
50,249,4.266,3127.773209,197851.3361,0.008004,0,0,0.055562,0.008333,0,24.967,0,0,0,0.151728,2.124635517,0.337228581,0.031516818,0
50,249,4.266,3127.773209,197851.3361,14.875,0,0,0,0,0,0,0,0,0,0,1.651413523,0.337228581,0.031516818,0
50,249,4.266,3127.773209,197851.3361,0.009056,0,0,0,20.653,0,0,0,0,0,46.353,4.278895437,0.337228581,0.031516818,0
50,249,4.266,3127.773209,197851.3361,0,0,0,0,0.008333,0,0,0,0,0,60.207,22.79016382,0.337228581,0.031516818,0
50,249,4.266,3127.773209,197851.3361,0.030003,0,0,0.042858,0,0,26.543,0,0,0,0.151728,0.301225485,0.337228581,0.031516818,0
50,249,4.266,3127.773209,197851.3361,0.01048,0,0,0,0,0,0.40452,0.79321,0,0,0,2.124635517,0.337228581,0.031516818,0
50,249,4.266,3127.773209,197851.3361,0.023222,0,0,0,0.3855,0,0,0,0,0,12.6336,11.33524931,0.337228581,0.031516818,0
50,249,4.266,3127.773209,197851.3361,0.000063,0,0,0,0,0,0,0,0,0,0.275769,0.301225485,0.337228581,0.031516818,0
50,249,4.266,3127.773209,197851.3361,0,0,0,0,0,0,0,0,0,0,0,1.035375756,0.337228581,0.031516818,0
50,249,4.266,3127.773209,197851.3361,0,0,0,0,0,0,0,0,0,0,0,3.237208988,0.337228581,0.031516818,0
50,249,4.266,3127.773209,197851.3361,16.603,0,0,0,0,0,0,0,0,0,34.872,0.423815456,0.337228581,0.031516818,0
50,249,4.266,3127.773209,197851.3361,0.29343,0,0,0,0.0001405,0,0,0,0,0,0.151728,6.472102045,0.337228581,0.031516818,0
50,249,4.266,3127.773209,197851.3361,1.8709,0,0,1.7556,0,0,0,0,0,0,0.151728,6.495762651,0.337228581,0.031516818,0
50,249,4.266,3127.773209,197851.3361,0,0,1.5397,0,0.008335,0,0,0,0,0,2.6481,1.651413523,0.337228581,0.031516818,0
50,249,4.266,3127.773209,197851.3361,0.001434,0,0,0.53462,0.008333,0,0.13028,0,0,0,0,3.237208988,0.337228581,0.031516818,0
50,249,4.266,3127.773209,197851.3361,0,0,0,0,0.008953,0.781,0,0,0,0,15.7923,2.474804353,0.337228581,0.031516818,0
50,249,4.266,3127.773209,197851.3361,0,0,0.005239,0,0,0,0,0,0,0,0.151728,0.423815456,0.337228581,0.031516818,0
50,249,4.266,3127.773209,197851.3361,0.040702,0,2.2714,0,0,0,5.3904,0,0,0,0,2.474804353,0.337228581,0.031516818,0
50,249,4.266,3127.773209,197851.3361,0.045123,0,0,0,0,0,0,0,0,0,3.1278,15.12102526,0.337228581,0.031516818,0
50,249,4.266,3127.773209,197851.3361,0,0,0,0.001434,0,0,0,0,0,0,5.0757,15.12102526,0.337228581,0.031516818,0
50,249,4.266,3127.773209,197851.3361,0,0,0.81848,0,0,0,0,0,0,0,0,0.301225485,0.337228581,0.031516818,0
50,249,4.266,3127.773209,197851.3361,0.13074,0,0,2.6259,0,0,0,0,0,0,0.151728,2.474804353,0.337228581,0.031516818,0
50,249,4.266,3127.773209,197851.3361,109.34,0,0,2.2294,0.00062,0,0,0,0,0,0.151728,3.789481443,0.337228581,0.031516818,0
50,249,4.266,3127.773209,197851.3361,0,0,0,44.381,2.0298,0.008333,0,0,0,0,27.6384,0.99739448,0.337228581,0.031516818,0
50,249,4.266,3127.773209,197851.3361,0,0,0,0.26453,1.4315,0,0,0,0,0,0.151728,11.33524931,0.337228581,0.031516818,0
50,249,4.266,3127.773209,197851.3361,0.029004,0,0,0,0.003346,0,0,0,0,0,0.33174,11.33524931,0.337228581,0.031516818,0
50,249,4.266,3127.773209,197851.3361,0.000124,0,0,0.003821,0,0,203.53,0,0,0,0,3.237208988,0.337228581,0.031516818,0
50,249,4.266,3127.773209,197851.3361,0,0,0,0,0.000063,0,0,0,0,0,0.78174,3.789481443,0.337228581,0.031516818,0
50,249,4.266,3127.773209,197851.3361,0,0,0,0.01391,0.62723,0,0,0,0,0,30.885,1.035375756,0.337228581,0.031516818,0
50,249,4.266,3127.773209,197851.3361,0,0,0,6.2716,0.003346,0,0,0,0,0,0.285792,0.423815456,0.337228581,0.031516818,0
50,249,4.266,3127.773209,197851.3361,0.1613,0,0,0,0.002139,0,0,0,0,0,0.285792,1.035375756,0.337228581,0.031516818,0
50,249,4.266,3127.773209,197851.3361,0,0,0,0,0,13.237,0,0,0,0,2.3544,15.12102526,0.337228581,0.031516818,0
50,249,4.266,3127.773209,197851.3361,0,0,0,3.2487,0,1.0657,0,0,0,0,0.273366,0.219704697,0.337228581,0.031516818,0
50,249,4.266,3127.773209,197851.3361,0.76883,0,0,0,0,0,0,0,0,0,0.151728,15.12102526,0.337228581,0.031516818,0
50,249,4.266,3127.773209,197851.3361,0.00524,0,0,0,0.035884,0,0,0,0,0,1.97832,3.789481443,0.337228581,0.031516818,0
50,249,4.266,3127.773209,197851.3361,0.11748,0,0,0.008333,0,0,0.13028,0,0,0,8.3928,6.472102045,0.337228581,0.031516818,0
50,249,4.266,3127.773209,197851.3361,0,0,2.2714,0,0,0,0,0,0,0,46.293,0.219704697,0.337228581,0.031516818,0
50,249,4.266,3127.773209,197851.3361,0,0,0,0,0,0,0,0,0,0,0,143.9831763,0.337228581,0.031516818,0
50,249,4.266,3127.773209,197851.3361,1.8905,0,0,0,0,0.7828,0,0,0,0,28.113,15.12102526,0.337228581,0.031516818,0
50,249,4.266,3127.773209,197851.3361,0,0,0,7.0709,0,0,0,0,0,0,0.151728,3.789481443,0.337228581,0.031516818,0
50,249,4.266,3127.773209,197851.3361,0.008333,0,0,0,4.6708,0,0,0,0,0,0.278526,1.035375756,0.337228581,0.031516818,0
50,249,4.266,3127.773209,197851.3361,0.013012,0,0,0,0,0,0,0,0,0,30.885,2.124635517,0.337228581,0.031516818,0
50,249,4.266,3127.773209,197851.3361,0.00524,0,0,0,0,0,0,0,0,0,1.08174,107.6982002,0.337228581,0.031516818,0
50,249,4.266,3127.773209,197851.3361,12.994,0,0,0,0,0,0,0,0,0,0,15.12102526,0.337228581,0.031516818,0
50,249,4.266,3127.773209,197851.3361,0,0,0,0.016337,0.0059348,0,0,6.2151,0,0,22.6218,3.237208988,0.337228581,0.031516818,0
50,249,4.266,3127.773209,197851.3361,0,0,0,0.008332,0,0,0.13028,0,0,0,0.151728,0.085689464,0.337228581,0.031516818,0
50,249,4.266,3127.773209,197851.3361,3.2038,0,0,0,0,0,78.355,0,0,0,0.151728,11.33524931,0.337228581,0.031516818,0
50,249,4.266,3127.773209,197851.3361,5.15,0,0,0.007697,0,0,0,0,0,0,0,0.99739448,0.337228581,0.031516818,0
50,249,4.266,3127.773209,197851.3361,25.205,0,0,5.4015,0.008335,0,0,0,0,0,3.6423,6.472102045,0.337228581,0.031516818,0
50,249,4.266,3127.773209,197851.3361,21.786,0,0,51.422,0,0,0,0,0,0,0.151728,3.789481443,0.337228581,0.031516818,0
50,249,4.266,3127.773209,197851.3361,0.047389,0,0,4.648,0,0,0,0,0,0,0.181728,0.219704697,0.337228581,0.031516818,0
50,249,4.266,3127.773209,197851.3361,0.63883,0,0,0.009056,0,0,0,0,0,0,0,1.651413523,0.337228581,0.031516818,0
50,249,4.266,3127.773209,197851.3361,0,0,0,0,0,0,0.13028,0,0,0,0.151728,11.33524931,0.337228581,0.031516818,0
50,249,4.266,3127.773209,197851.3361,0,0,0,0,2.6315,0.29716,0,0,0,0,17.2929,3.237208988,0.337228581,0.031516818,0
50,249,4.266,3127.773209,197851.3361,0.005239,0,0,0.008333,0.005239,0,705.16,0,0,0,0.151728,0.219704697,0.337228581,0.031516818,0
50,249,4.266,3127.773209,197851.3361,0,0,0,0.42786,0.029406,0,24.479,0,0,0,0.6021,0.085689464,0.337228581,0.031516818,0
50,249,4.266,3127.773209,197851.3361,1.0702,0,0,1.3952,0,0,0,0,0,0,9.5499,3.237208988,0.337228581,0.031516818,0
50,249,4.266,3127.773209,197851.3361,0.010521,0,0,3.6568,0,0,0,0,0,0,0.151728,25.71929039,0.337228581,0.031516818,0
50,249,4.266,3127.773209,197851.3361,0.008333,0,0,0,0,0,0,0,0,0,0.151728,4.03418844,0.337228581,0.031516818,0
50,249,4.266,3127.773209,197851.3361,0,0,0,0,0,0,0,0,0,0,0.31755,0.085689464,0.337228581,0.031516818,0
50,249,4.266,3127.773209,197851.3361,0,0,0,21.209,0.0041885,0,17.287,0,0,0,0,0.541773565,0.337228581,0.031516818,0
50,249,4.266,3127.773209,197851.3361,0.00524,0,0,0,0,0,0,0,0,0,4.4787,0.219704697,0.337228581,0.031516818,0
50,249,4.266,3127.773209,197851.3361,0.001192,0,0,0,0,0,0,0,0,0,0.151728,3.237208988,0.337228581,0.031516818,0
50,249,4.266,3127.773209,197851.3361,0.1789,0,0,0.008333,0,0,0.86583,0,0,0,0.151728,0.541773565,0.337228581,0.031516818,0
50,249,4.266,3127.773209,197851.3361,3.2038,0,0,7.1341,3.1081,0,0.008333,0,0,0,0.151728,2.124635517,0.337228581,0.031516818,0
50,249,4.266,3127.773209,197851.3361,0.2494,0,0,0,0.18217,0,12.553,0,0,0,0,13.06734301,0.337228581,0.031516818,0
50,249,4.266,3127.773209,197851.3361,19.622,0,0,0.017468,0.68315,0,0,0,0,0,0.151728,2.124635517,0.337228581,0.031516818,0
50,249,4.266,3127.773209,197851.3361,0.018596,0,0,0.054581,0.001493,0,3.015,0,0,0,0.151728,0.301225485,0.337228581,0.031516818,0
50,249,4.266,3127.773209,197851.3361,0.002868,0,0,0.21079,0,0,0,0,0,0,0.290478,2.124635517,0.337228581,0.031516818,0
50,249,4.266,3127.773209,197851.3361,6.87,0,0,0,43.956,0,0,0,0,0,0.151728,1.651413523,0.337228581,0.031516818,0
50,249,4.266,3127.773209,197851.3361,0.25548,0,0,0,0.005239,0.000012,0,0,0,0,0.151728,0.301225485,0.337228581,0.031516818,0
50,249,4.266,3127.773209,197851.3361,0.014901,0,0,0.01377,0.065813,0,0.059897,0,0,0,0,0.301225485,0.337228581,0.031516818,0
50,249,4.266,3127.773209,197851.3361,0,0,0,0,6.2079,0,0,0,0,0,0.151728,0.301225485,0.337228581,0.031516818,0
50,249,4.266,3127.773209,197851.3361,0,0,0,0,0.008333,0.057823,0,0,0,0,0,3.237208988,0.337228581,0.031516818,0
50,249,4.266,3127.773209,197851.3361,0,0,0,0,0.12938,0.79321,0,0,0,0,0.151728,0.219704697,0.337228581,0.031516818,0
50,249,4.266,3127.773209,197851.3361,0.011297,0,0,0,0,0.77921,0.13028,0,0,0,0.151728,2.474804353,0.337228581,0.031516818,0
50,249,4.266,3127.773209,197851.3361,3.0031,0,0,0,0.17103,0,0,0,0,0,0,2.124635517,0.337228581,0.031516818,0
50,249,4.266,3127.773209,197851.3361,0.007221,0,0,0,0,0,0,0,0,0,39.096,15.12102526,0.337228581,0.031516818,0
50,249,4.266,3127.773209,197851.3361,1.3203,0,0,0.008333,0.008333,0,0,0,0,0,0,11.33524931,0.337228581,0.031516818,0
50,249,4.266,3127.773209,197851.3361,0.5201,0,0,0.013415,0,0,0,0,0,0,0.151728,0.301225485,0.337228581,0.031516818,0
50,249,4.266,3127.773209,197851.3361,0.003822,0,0,0,0,0,0,0,0,0,0,3.789481443,0.337228581,0.031516818,0
50,249,4.266,3127.773209,197851.3361,0,0,0,0,0,0,0,0,0,0,87.522,0.301225485,0.337228581,0.031516818,0
50,249,4.266,3127.773209,197851.3361,0.000376,0,0,7.8979,0,0,0,0,0,0,0.278529,15.12102526,0.337228581,0.031516818,0
50,249,4.266,3127.773209,197851.3361,0,0,0,0.003538,1.2072,0,0,0,0,0,42.879,0.99739448,0.337228581,0.031516818,0
50,249,4.266,3127.773209,197851.3361,0,0,0,3.6568,0.00833,0,0,0,0,0,10.4415,2.124635517,0.337228581,0.031516818,0
50,249,4.266,3127.773209,197851.3361,5.865,0,0,0.12252,0,0,0,0,0,0,1.98174,0.219704697,0.337228581,0.031516818,0
50,249,4.266,3127.773209,197851.3361,0,0,0,0,0.0088426,0,0,0,0,0,0,4.278895437,0.337228581,0.031516818,0
50,249,4.266,3127.773209,197851.3361,0.001267,0,0,0.3488,0,0,0.13028,0,0,0,9.7158,3.237208988,0.337228581,0.031516818,0
50,249,4.266,3127.773209,197851.3361,0.17094,0,0,0,0,0,0,0,0,0,4.1943,1.035375756,0.337228581,0.031516818,0
50,249,4.266,3127.773209,197851.3361,0.01048,0,0,0,8.0306,0,0,0,0,0,0.151728,15.12102526,0.337228581,0.031516818,0
50,249,4.266,3127.773209,197851.3361,0.00322,0,0,0,0,0,0,0,0,0,0,0.423815456,0.337228581,0.031516818,0
50,249,4.266,3127.773209,197851.3361,0.65673,0,0,0,0,0,0,0,0,0,1.74174,0.541773565,0.337228581,0.031516818,0
50,249,4.266,3127.773209,197851.3361,0,0,0,0,0.011532,2.6486,0.059897,0,0,0,3.4926,3.237208988,0.337228581,0.031516818,0
50,249,4.266,3127.773209,197851.3361,0.032101,0,0,0,0.007697,0,0,0,0,0,0,0.085689464,0.337228581,0.031516818,0
50,249,4.266,3127.773209,197851.3361,215.5,0,0,10.418,0,5.0308,0,0,0,0,0,13.06734301,0.337228581,0.031516818,0
50,249,4.266,3127.773209,197851.3361,0.000376,0,3.3348,0,0.21732,0.004827,0,0,0,0,0,3.237208988,0.337228581,0.031516818,0
50,249,4.266,3127.773209,197851.3361,0.58468,0,0,0.0043235,0.36581,0,0,0,0,0,0.151728,0.99739448,0.337228581,0.031516818,0
50,249,4.266,3127.773209,197851.3361,0,0,0,0,0,0,0.021726,0,0,0,0.151728,22.79016382,0.337228581,0.031516818,0
50,249,4.266,3127.773209,197851.3361,0.00524,0,0,0,0.90312,0,0,0,0,0,0,4.03418844,0.337228581,0.031516818,0
50,249,4.266,3127.773209,197851.3361,0,0,0.000172,4.2796,0,0,0,0,0,0,7.0518,0.423815456,0.337228581,0.031516818,0
50,249,4.266,3127.773209,197851.3361,0.000172,0,0,0,0,0,0,0,0,0,0.273384,2.124635517,0.337228581,0.031516818,0
50,249,4.266,3127.773209,197851.3361,1.898,0,0,0,0,0.78866,0,0,0,0,0.151728,0.423815456,0.337228581,0.031516818,57.87804878
50,249,4.266,3127.773209,197851.3361,0,0,0,0.011074,0,0,0,0,0,0,0,2.474804353,0.337228581,0.031516818,0
50,249,4.266,3127.773209,197851.3361,0,0,0,0,0.038297,0,0,0,0,0,0.151728,15.12102526,0.337228581,0.031516818,0
50,249,4.266,3127.773209,197851.3361,0,0,1.5044,0,0,2.1024,0,0,0,0,0.273372,1.651413523,0.337228581,0.031516818,0
50,249,4.266,3127.773209,197851.3361,0,0,0,0.049787,0,0,0,0,0,0,0.151728,1.035375756,0.337228581,0.031516818,0
50,249,4.266,3127.773209,197851.3361,8.6108,0,0,0.7793,0.059735,0,203.53,0,0,0,0.3897,11.33524931,0.337228581,0.031516818,0
50,249,4.266,3127.773209,197851.3361,0.028169,0,0,0,7.0112,0,0,0,0,0,7.2111,2.007567612,0.337228581,0.031516818,0
50,249,4.266,3127.773209,197851.3361,0.014662,0,0,0,0,0,0,0,0,0,0,6.472102045,0.337228581,0.031516818,0
50,249,4.266,3127.773209,197851.3361,0,0,0,1.788,0.18655,0,0,0,0,0,1.17966,1.035375756,0.337228581,0.031516818,0
50,249,4.266,3127.773209,197851.3361,0,0,0,0,0,0,0,0,0,0,5.0406,2.007567612,0.337228581,0.031516818,0
50,249,4.266,3127.773209,197851.3361,3.9799,0,0,0.0094528,0,0,6.9504,0,0,0,0.151728,6.472102045,0.337228581,0.031516818,0
50,249,4.266,3127.773209,197851.3361,0.00524,0,0,0,0,0,0,0,0,0,0.57,3.789481443,0.337228581,0.031516818,0
50,249,4.266,3127.773209,197851.3361,0.91229,0,0,6.9518,0.000124,0,0,0,0,0,38.517,0.423815456,0.337228581,0.031516818,0
50,249,4.266,3127.773209,197851.3361,0,0,0,0,0,0,0,0,0,0,0.151728,0.99739448,0.337228581,0.031516818,0
50,249,4.266,3127.773209,197851.3361,0,0,0,0.0097027,6.2079,0,0,0,0,0,19.4277,1.035375756,0.337228581,0.031516818,0
50,249,4.266,3127.773209,197851.3361,0,0,0,0,0,0,13.175,0,0,0,4.1943,0.541773565,0.337228581,0.031516818,0
50,249,4.266,3127.773209,197851.3361,0,0,0,1.0312,0.00014,0,0,0.46283,0,0,0.271728,1.651413523,0.337228581,0.031516818,0
50,249,4.266,3127.773209,197851.3361,0.008335,0,0,19.222,0.002741,0,0,0,0,0,0.28866,10.04744876,0.337228581,0.031516818,0
50,249,4.266,3127.773209,197851.3361,0.00036,0,0,0,0.008333,0.77921,0,0,0,0,0,6.495762651,0.337228581,0.031516818,0
50,249,4.266,3127.773209,197851.3361,0.030003,0,0,0,0.008333,0,0,0,0,0,0,2.474804353,0.337228581,0.031516818,0
50,249,4.266,3127.773209,197851.3361,0.023786,0,0,0,0,0,0,0,0,0,0.151728,0.085689464,0.337228581,0.031516818,0
50,249,4.266,3127.773209,197851.3361,0.10994,0,0,0.00524,0,0,0.13028,0,0,0,0,2.474804353,0.337228581,0.031516818,0
50,249,4.266,3127.773209,197851.3361,0.003538,0,0,0,0,0,0,0,0,0,2.52933,3.789481443,0.337228581,0.031516818,0
50,249,4.266,3127.773209,197851.3361,0.011569,0,0,0,0,0,0,0,0,0,8.7318,11.33524931,0.337228581,0.031516818,0
50,249,4.266,3127.773209,197851.3361,0,0,0,0,0.008333,0,0.13028,0,0,0,0.151728,0.301225485,0.337228581,0.031516818,0
50,249,4.266,3127.773209,197851.3361,0.001436,0,0,0.58718,0.013973,0,0,0.014272,0,0,16.6719,2.124635517,0.337228581,0.031516818,0
50,249,4.266,3127.773209,197851.3361,0.008333,0,2.4356,0,0.008763,0,0,0,0,0,0.278694,0.219704697,0.337228581,0.031516818,0
50,249,4.266,3127.773209,197851.3361,0.0068531,0,0,65.783,0,0,0,0,0,0,0.86343,0.423815456,0.337228581,0.031516818,0
50,249,4.266,3127.773209,197851.3361,0,0,0,0,0,0,0,0,0,0,1.09647,3.789481443,0.337228581,0.031516818,0
50,249,4.266,3127.773209,197851.3361,0.014901,0,0,0,0,0.79321,0,0,0,0,0,2.124635517,0.337228581,0.031516818,0
50,249,4.266,3127.773209,197851.3361,1.3203,0,0,0,0.00524,0,0,0,0,0,0,2.474804353,0.337228581,0.031516818,0
50,249,4.266,3127.773209,197851.3361,0.004143,0,0,2.2017,0.001478,0.78972,0,0,0,0,50.673,0.219704697,0.337228581,0.031516818,0
50,249,4.266,3127.773209,197851.3361,0.000688,0,0,0,0.003144,0,0,0,0,0,0.151728,1.651413523,0.337228581,0.031516818,0
50,249,4.266,3127.773209,197851.3361,2.1218,0,0,0.0078558,0.0070165,0,0.60778,0,0,0,13.494,17.60572724,0.337228581,0.031516818,0
50,249,4.266,3127.773209,197851.3361,0,0,0,0,0,0,0,0,0,0,1.5003,0.301225485,0.337228581,0.031516818,0
50,249,4.266,3127.773209,197851.3361,0.007697,0,0,0,0,0,0,0,0,0,0,11.33524931,0.337228581,0.031516818,0
50,249,4.266,3127.773209,197851.3361,0.023275,0,0,0,0,0,0,0,0,0,1.84839,0.541773565,0.337228581,0.031516818,0
50,249,4.266,3127.773209,197851.3361,0.21588,0,0,0,0,0,0.13028,0,0,0,13.1718,2.124635517,0.337228581,0.031516818,0
50,249,4.266,3127.773209,197851.3361,0.080184,0,0,0.054581,0.05414,0,0.841,0,0,0,16.3047,11.68233493,0.337228581,0.031516818,0
50,249,4.266,3127.773209,197851.3361,0.002139,0,0,0.69261,0,0.80154,0,0,0,0,0,0.085689464,0.337228581,0.031516818,0
50,249,4.266,3127.773209,197851.3361,0,0,0,0,0.008335,0,0,0,0,0,0.151728,15.12102526,0.337228581,0.031516818,0
50,249,4.266,3127.773209,197851.3361,0,0,0,0,0,0,0.021726,0,0,0,0.181728,15.12102526,0.337228581,0.031516818,0
50,249,4.266,3127.773209,197851.3361,2.2602,0,0,0.008335,0,0,0,0,0,0,10.7733,3.789481443,0.337228581,0.031516818,0
50,249,4.266,3127.773209,197851.3361,0,0,0,2.2778,0,0,0,0,0,0,0.151728,2.124635517,0.337228581,0.031516818,0
50,249,4.266,3127.773209,197851.3361,0,0,0,0.00833,0.003346,0,0,0,0,0,4.4403,2.474804353,0.337228581,0.031516818,0
50,249,4.266,3127.773209,197851.3361,0,0,0,0,7.2444,0,0,0,0,0,0,0.301225485,0.337228581,0.031516818,0
50,249,4.266,3127.773209,197851.3361,0,0,0.005704,3.6568,0,0,0,0,0,0,0.151728,2.124635517,0.337228581,0.031516818,0
50,249,4.266,3127.773209,197851.3361,0.011776,0,0,0,0,0,0,0,0,0,18.9018,15.12102526,0.337228581,0.031516818,0
50,249,4.266,3127.773209,197851.3361,0.000688,0,0,0,0,0,0,0,0,0,0,0.301225485,0.337228581,0.031516818,0
50,249,4.266,3127.773209,197851.3361,0.00824,0,0,0,0,0,0,0,0,0,1.86174,3.237208988,0.337228581,0.031516818,0
50,249,4.266,3127.773209,197851.3361,0.00644,0,0,0,0,0,0,0,0,0,0.151728,0.423815456,0.337228581,0.031516818,0
50,249,4.266,3127.773209,197851.3361,0.011776,0,0,0.030237,0,0,0,0,0,0,0,4.278895437,0.337228581,0.031516818,18.43902439
50,249,4.266,3127.773209,197851.3361,0.10284,0,0,0.000251,0,0,0,0,0,0,0.151728,2.007567612,0.337228581,0.031516818,0
50,249,4.266,3127.773209,197851.3361,0.008335,0,0,0.12679,0,15.509,0,0,0,0,7.4118,0.423815456,0.337228581,0.031516818,0
50,249,4.266,3127.773209,197851.3361,0.008335,0,0,0,1.5099,0,0,0,0,0,28.8018,1.651413523,0.337228581,0.031516818,0
50,249,4.266,3127.773209,197851.3361,0.00524,0,0,0,11.167,0,0,0,0,0,0.151728,3.237208988,0.337228581,0.031516818,0
50,249,4.266,3127.773209,197851.3361,0.38105,0,0.10287,0,0,0,0,0,0,0,0.151728,3.237208988,0.337228581,0.031516818,0
50,249,4.266,3127.773209,197851.3361,0,0,0,0,0,3.2273,0,0,0,0,0,3.237208988,0.337228581,0.031516818,77.51219512
50,249,4.266,3127.773209,197851.3361,0,0,0,70.359,0.0082165,0,0,0,0,0,0.276939,22.79016382,0.337228581,0.031516818,0
50,249,4.266,3127.773209,197851.3361,0,0,0,1.8616,7.0738,0,0,0,0,0,0.285792,2.124635517,0.337228581,0.031516818,0
50,249,4.266,3127.773209,197851.3361,8.6108,0,0,2.9167,0,0,0.76779,0,0,0,0,0.423815456,0.337228581,0.031516818,0
50,249,4.266,3127.773209,197851.3361,0.0094528,0,0,0.008333,0.00043,0,0.13028,0,0,0,2.05122,2.474804353,0.337228581,0.031516818,0
50,249,4.266,3127.773209,197851.3361,0,0,0,0,0,0,0.13028,0,0,0,5.4765,0.301225485,0.337228581,0.031516818,0
50,249,4.266,3127.773209,197851.3361,52.722,0,0,0,0,0,0,0,0,0,0.273324,0.99739448,0.337228581,0.031516818,0
50,249,4.266,3127.773209,197851.3361,0.29343,0,0,0.0306,0,0,0,1.6117,0,0,0.151728,0.541773565,0.337228581,0.031516818,0
50,249,4.266,3127.773209,197851.3361,0.008333,0,0,6.6309,0,0.79321,0,0,0,0,4.5897,6.472102045,0.337228581,0.031516818,0
50,249,4.266,3127.773209,197851.3361,0,0,0,0,7.0738,0,0,0,0,0,0,2.124635517,0.337228581,0.031516818,0
50,249,4.266,3127.773209,197851.3361,0.014773,0,0.1043,0.003821,0,0,0.13028,0,0,0,0,0.99739448,0.337228581,0.031516818,0
50,249,4.266,3127.773209,197851.3361,1.898,0,0,0,0.00524,0,0,0,0,0,0,1.651413523,0.337228581,0.031516818,0
50,249,4.266,3127.773209,197851.3361,0.001434,0,0,0.00524,0,1.6287,0,0,0,0,0.290478,1.651413523,0.337228581,0.031516818,0
50,249,4.266,3127.773209,197851.3361,0.0068619,0,0.0063895,0,21.064,0,0.74966,0,0,0,0,1.035375756,0.337228581,0.031516818,0
50,249,4.266,3127.773209,197851.3361,0.12797,0,0,0,0,0,0,0,0,0,28.0509,15.12102526,0.337228581,0.031516818,0
50,249,4.266,3127.773209,197851.3361,0,0,0,0,0.008333,0,0,0,0,0,14.4696,0.085689464,0.337228581,0.031516818,0
50,249,4.266,3127.773209,197851.3361,0,0,0,0,0,0,0,0,0,0,4.6839,0.301225485,0.337228581,0.031516818,0
50,249,4.266,3127.773209,197851.3361,2.1165,0,0,0,0,0,0,0,0,0,0.151728,0.301225485,0.337228581,0.031516818,0
50,249,4.266,3127.773209,197851.3361,0.008333,0,0,0,0.002156,0,0,0,0,0,0.151728,0.541773565,0.337228581,0.031516818,0
50,249,4.266,3127.773209,197851.3361,5.6933,0,0,0,0,0.79321,0,0,0,0,0,0.219704697,0.337228581,0.031516818,0
50,249,4.266,3127.773209,197851.3361,0.038936,0,0,0,0,0,0,0,0,0,7.2111,2.124635517,0.337228581,0.031516818,0
50,249,4.266,3127.773209,197851.3361,0,0,0,10.118,0,0.23142,0,0,0,0,15.252,2.474804353,0.337228581,0.031516818,0
50,249,4.266,3127.773209,197851.3361,0,0,0,17.949,0.090777,0.005269,0,0,0,0,8.5524,0.085689464,0.337228581,0.031516818,0
50,249,4.266,3127.773209,197851.3361,0.008333,0,0,0.030964,0.000739,0,0,0,0,0,0,0.085689464,0.337228581,0.031516818,0
50,249,4.266,3127.773209,197851.3361,0.061767,0,0,0,0,0,0,0,0,0,0,2.124635517,0.337228581,0.031516818,0
50,249,4.266,3127.773209,197851.3361,0.001326,0,0,0,0,0,0,0,0,0,18.819,0.99739448,0.337228581,0.031516818,0
50,249,4.266,3127.773209,197851.3361,0.008333,0,0,3.9449,0.0306,0,0,0,0,0,0,0.99739448,0.337228581,0.031516818,0
50,249,4.266,3127.773209,197851.3361,0,0,0,0,0,0,0,0,0,0,0.151728,22.79016382,0.337228581,0.031516818,0
50,249,4.266,3127.773209,197851.3361,11.135,0,0,0,0.097858,0,0,0,0,0,8.5434,3.237208988,0.337228581,0.031516818,0
50,249,4.266,3127.773209,197851.3361,7.5139,0,0,15.592,0,0,0,0,0,0,0.151728,0.085689464,0.337228581,0.031516818,0
50,249,4.266,3127.773209,197851.3361,0.046194,0,0,0.00524,0,0,0,0,0,0,46.353,0.219704697,0.337228581,0.031516818,0
50,249,4.266,3127.773209,197851.3361,0,0,0,0,0.013518,0,0,0,0,0,0.151728,6.472102045,0.337228581,0.031516818,0
50,249,4.266,3127.773209,197851.3361,0.020418,0,0,0,0,0,0,0,0,0,0.151728,0.219704697,0.337228581,0.031516818,0
50,249,4.266,3127.773209,197851.3361,0.014901,0,0,0.002011,0.001326,0,0,0,0,0,0.151728,15.12102526,0.337228581,0.031516818,0
50,249,4.266,3127.773209,197851.3361,0.00014,0,0,1.8616,0.008333,0,0,32.925,0,0,0.151728,0.085689464,0.337228581,0.031516818,0
50,249,4.266,3127.773209,197851.3361,0.00036,0,0,0,0,0.78058,0,0,0,0,0.151728,0.301225485,0.337228581,0.031516818,0
50,249,4.266,3127.773209,197851.3361,0,0,0,0.054581,0.00524,0,0,0,0,0,0.181728,0.301225485,0.337228581,0.031516818,0
50,249,4.266,3127.773209,197851.3361,0,0,0,0,0.001326,0,0,0,0,0,0.151728,0.99739448,0.337228581,0.031516818,0
50,249,4.266,3127.773209,197851.3361,1.3203,0,0,0,0.059735,0,0.60778,0,0,0,17.3325,0.301225485,0.337228581,0.031516818,0
50,249,4.266,3127.773209,197851.3361,0,0,0,0,0.002868,37.958,0,0,0,0,0.78174,6.472102045,0.337228581,0.031516818,0
50,249,4.266,3127.773209,197851.3361,0,0,0,0,7.0738,3.4338,0,0,0,0,4.5897,11.33524931,0.337228581,0.031516818,0
50,249,4.266,3127.773209,197851.3361,0,0,0.000376,0,0.0068531,0,0,0,0,0,2.7027,22.79016382,0.337228581,0.031516818,0
50,249,4.266,3127.773209,197851.3361,0,0,0,0.011527,0.000124,0.023853,0,0,0,0,0.151728,6.495762651,0.337228581,0.031516818,0
50,249,4.266,3127.773209,197851.3361,0,0,0,0,0,0.78548,0,0,0,0,6.561,2.124635517,0.337228581,0.031516818,0
50,249,4.266,3127.773209,197851.3361,0.014662,0,0,0,0,0,0,0,0,0,0,0.085689464,0.337228581,0.031516818,0
50,249,4.266,3127.773209,197851.3361,0.013408,0,0,0,4.0421,0,0,0,0,0,0.151728,0.301225485,0.337228581,0.031516818,0
50,249,4.266,3127.773209,197851.3361,0,0,0,0.14395,0.016895,0,0,0,0,0,24.9618,0.423815456,0.337228581,0.031516818,0
50,249,4.266,3127.773209,197851.3361,0,0,0,0,0,1.5527,2.7921,0,0,0,0,0.99739448,0.337228581,0.031516818,0
50,249,4.266,3127.773209,197851.3361,0.035255,0,0,0.88687,0,0,0,0,0,0,4.0518,1.651413523,0.337228581,0.031516818,0
50,249,4.266,3127.773209,197851.3361,0.002139,0,0,4.8058,0.001434,0,0,0,0,0,17.3325,0.541773565,0.337228581,0.031516818,0
50,249,4.266,3127.773209,197851.3361,0.026942,0,0,0.83912,0,0,0,0,0,0,15.7923,2.474804353,0.337228581,0.031516818,0
50,249,4.266,3127.773209,197851.3361,0.76883,0,0,0,0,0,29.564,0,0,0,1.41975,2.474804353,0.337228581,0.031516818,0
50,249,4.266,3127.773209,197851.3361,0.030003,0,0.012417,0,0.008333,0,0,0,0,0,0.279615,0.423815456,0.337228581,0.031516818,0
50,249,4.266,3127.773209,197851.3361,0.008336,0,0.012832,14.189,3.1339,0,0,0,0,0,6.8154,0.085689464,0.337228581,0.031516818,0
50,249,4.266,3127.773209,197851.3361,0.070781,0,0,0.000124,0,0,0,0,0,0,0.73911,6.472102045,0.337228581,0.031516818,0
50,249,4.266,3127.773209,197851.3361,1.4262,0,0,0,0.14172,0,0,0,0,0,19.6818,0.423815456,0.337228581,0.031516818,0
50,249,4.266,3127.773209,197851.3361,0,0,0,0,0.021906,0,0.13028,0,0,0,0.78174,0.085689464,0.337228581,0.031516818,0
50,249,4.266,3127.773209,197851.3361,0.008333,0,0.005239,0,1.4315,0,0,0,0,0,12.2682,1.651413523,0.337228581,0.031516818,0
50,249,4.266,3127.773209,197851.3361,0.019714,0,0,0,0,0,0,0,0,0,15.8232,0.301225485,0.337228581,0.031516818,0
50,249,4.266,3127.773209,197851.3361,0.17962,0,0,0,0.090777,1.3382,0,0,0,0,0.151728,0.301225485,0.337228581,0.031516818,0
50,249,4.266,3127.773209,197851.3361,0,0,0,0,0.031711,0,0,0,0,0,0.151728,3.237208988,0.337228581,0.031516818,0
50,249,4.266,3127.773209,197851.3361,0,0,0,0,1.2072,0.77921,0,0,0,0,0.151728,0.301225485,0.337228581,0.031516818,0
50,249,4.266,3127.773209,197851.3361,0.023275,0,0,0.097569,0.0021738,0,0,0,0,0,0,2.124635517,0.337228581,0.031516818,0
50,249,4.266,3127.773209,197851.3361,0,0,0,0.003416,198.9,0,13.175,0,0,0,14.8218,22.79016382,0.337228581,0.031516818,0
50,249,4.266,3127.773209,197851.3361,0,0,0,0,13.549,0.38161,0,0,0,0,0.67983,10.04744876,0.337228581,0.031516818,0
50,249,4.266,3127.773209,197851.3361,0,0,0,0.011527,6.4838,0,0,0,0,0,3.6423,1.651413523,0.337228581,0.031516818,0
50,249,4.266,3127.773209,197851.3361,0,0,0,0.3794,0,0,150.43,0,0,0,0.9426,0.219704697,0.337228581,0.031516818,0
50,249,4.266,3127.773209,197851.3361,0.005769,0,0,51.422,1.1039,0,0,0,0,0,0,11.33524931,0.337228581,0.031516818,0
50,249,4.266,3127.773209,197851.3361,0,0,0,0,6.4522,0,0,0,0,0,44.073,15.12102526,0.337228581,0.031516818,0
50,249,4.266,3127.773209,197851.3361,0,0,0,0,0.62723,0,0,0,0,0,0,2.474804353,0.337228581,0.031516818,0
50,249,4.266,3127.773209,197851.3361,0.000251,0,0,0,0,2.5002,0.13028,0,0,0,2.93637,22.79016382,0.337228581,0.031516818,0
50,249,4.266,3127.773209,197851.3361,0,0,0,0,13.549,0,0,0,0,0,0,11.33524931,0.337228581,0.031516818,0
50,249,4.266,3127.773209,197851.3361,3.8952,0,0,0,0,22.837,0,0,0,0,4.1406,0.219704697,0.337228581,0.031516818,0
50,249,4.266,3127.773209,197851.3361,28.979,0,0,5.0428,29.422,0,0,0,0,0,0.57,1.035375756,0.337228581,0.031516818,0
50,249,4.266,3127.773209,197851.3361,0,0,0,0,0.00062,0,0.13028,0,0,0,16.4517,0.219704697,0.337228581,0.031516818,0
50,249,4.266,3127.773209,197851.3361,0.003295,0,0,0,1.1866,0.77421,0,0,0,0,5.4381,6.472102045,0.337228581,0.031516818,0
50,249,4.266,3127.773209,197851.3361,0.002139,0,0,0,0,0,0,0,0,0,18.849,11.68233493,0.337228581,0.031516818,0
50,249,4.266,3127.773209,197851.3361,0.65673,0,0,0,0,0,0.60778,0,0,0,0.151728,1.651413523,0.337228581,0.031516818,0
50,249,4.266,3127.773209,197851.3361,0.021605,0,0,0,0,10.284,0,0,0,0,0,0.085689464,0.337228581,0.031516818,0
50,249,4.266,3127.773209,197851.3361,0.65673,0,0,56.999,0,0,0.13028,0,0,0,0,0.423815456,0.337228581,0.031516818,0
50,249,4.266,3127.773209,197851.3361,0.67038,0,0,0,2.5837,0,0,0,0,0,0,6.472102045,0.337228581,0.031516818,0
50,249,4.266,3127.773209,197851.3361,1.2774,0,0,0,0.0094073,0,0,0,0,0,5.0718,1.035375756,0.337228581,0.031516818,0
50,249,4.266,3127.773209,197851.3361,0,0,0,0,0,0,0.13028,0,0,0,0,0.541773565,0.337228581,0.031516818,0
50,249,4.266,3127.773209,197851.3361,0.008335,0,0,0,0,0,0,0,0,0,3.6918,13.06734301,0.337228581,0.031516818,0
50,249,4.266,3127.773209,197851.3361,0.00524,0,0,0,0,0,0,0,0,0,0,0.085689464,0.337228581,0.031516818,0
50,249,4.266,3127.773209,197851.3361,0,0,0,0,0,0,0,0,0,0,18.849,0.541773565,0.337228581,0.031516818,0
50,249,4.266,3127.773209,197851.3361,0.67038,0,0,0,0.008333,0.77904,0,78.898,0,0,0.151728,10.04744876,0.337228581,0.031516818,0
50,249,4.266,3127.773209,197851.3361,0.1789,0,0,0,11.928,0,0,0,0,0,0.151728,3.237208988,0.337228581,0.031516818,0
50,249,4.266,3127.773209,197851.3361,0.01367,0,0,0.0021738,0.1098,0,0,0,0,0,0.99864,3.789481443,0.337228581,0.031516818,0
50,249,4.266,3127.773209,197851.3361,0.0045845,0,0,0,0,0,0,0,0,0,9.7158,0.301225485,0.337228581,0.031516818,0
50,249,4.266,3127.773209,197851.3361,0,0,0,0,0,0,0,0,0,0,17.1858,0.541773565,0.337228581,0.031516818,0
50,249,4.266,3127.773209,197851.3361,0.0019345,0,0,1.1831,0,0,0,0,0,0,0,0.301225485,0.337228581,0.031516818,0
50,249,4.266,3127.773209,197851.3361,7.9005,0,0,0,0,8.0819,0,0,0,0,6.8154,0.423815456,0.337228581,0.031516818,0
50,249,4.266,3127.773209,197851.3361,0,0,0,1.5394,0,0,0,0,0,0,0,25.71929039,0.337228581,0.031516818,0
50,249,4.266,3127.773209,197851.3361,6.8104,0,0,0,0,0,0,0,0,0,8.5644,13.06734301,0.337228581,0.031516818,0
50,249,4.266,3127.773209,197851.3361,0,0,0,0,0,0,0,0,0,0,56.145,1.035375756,0.337228581,0.031516818,0
50,249,4.266,3127.773209,197851.3361,0.20435,0,0,0,0,0,1.8682,0,0,0,0.78174,1.035375756,0.337228581,0.031516818,0
50,249,4.266,3127.773209,197851.3361,0.001436,0,0,0,0,0.000033,0,0,0,0,0.151728,13.06734301,0.337228581,0.031516818,0
50,249,4.266,3127.773209,197851.3361,0.008335,0,0,0,0,10.284,0,0,0,0,11.6058,0.423815456,0.337228581,0.031516818,0
50,249,4.266,3127.773209,197851.3361,0.55531,0,0,0.0088426,0,0,0,0,0,0,0.271128,0.301225485,0.337228581,0.031516818,0
50,249,4.266,3127.773209,197851.3361,0.29003,0,0,8.5618,0,0,0,0,0,0,0.151728,15.12102526,0.337228581,0.031516818,0
50,249,4.266,3127.773209,197851.3361,0,0,0,16.48,2.439,0,0,0,0,0,2.64756,1.651413523,0.337228581,0.031516818,0
50,249,4.266,3127.773209,197851.3361,0.00644,0,0,61.793,0,0,0,0,0,0,32.442,2.474804353,0.337228581,0.031516818,0
50,249,4.266,3127.773209,197851.3361,0.008333,0,0,0.041531,0.0064809,0,0,0,0,0,0,17.60572724,0.337228581,0.031516818,0
50,249,4.266,3127.773209,197851.3361,0,0,0,3.6568,0,0.05486,0,0,0,0,0,3.237208988,0.337228581,0.031516818,0
50,249,4.266,3127.773209,197851.3361,0.007221,0,0,0,0,0,124.31,0,0,0,0.151728,11.33524931,0.337228581,0.031516818,0
50,249,4.266,3127.773209,197851.3361,0.00524,0,0,0,17.64,0,0,0,0,0,0.151728,3.789481443,0.337228581,0.031516818,0
50,249,4.266,3127.773209,197851.3361,0.73427,0,0,0,0,0,0,0,0,0,0,3.237208988,0.337228581,0.031516818,0
50,249,4.266,3127.773209,197851.3361,0.1789,0,0,0,0,0,0,0,0,0,0,0.99739448,0.337228581,0.031516818,0
50,249,4.266,3127.773209,197851.3361,0.000545,0,0,0.86967,0,0,0,0,0,0,18.9018,0.99739448,0.337228581,0.031516818,0
50,249,4.266,3127.773209,197851.3361,0,0,0,0,0,0,0,0,0,0,34.746,2.124635517,0.337228581,0.031516818,0
50,249,4.266,3127.773209,197851.3361,0.005239,0,0,0,0.000376,7.545,0,0,0,0,0,3.789481443,0.337228581,0.031516818,0
50,249,4.266,3127.773209,197851.3361,0,0,0,0,0.008333,0,0,0,0,0,0.151728,0.99739448,0.337228581,0.031516818,0
50,249,4.266,3127.773209,197851.3361,0.003355,0,0,77.417,0.007697,0,0,0,0,0,0,25.71929039,0.337228581,0.031516818,0
50,249,4.266,3127.773209,197851.3361,0.00021,0,0,0,0.042129,0,0,0,0,0,0.151728,2.124635517,0.337228581,0.031516818,0
50,249,4.266,3127.773209,197851.3361,0.0055384,0,0,0,0,0,0,0,0,0,0.151728,0.219704697,0.337228581,0.031516818,0
50,249,4.266,3127.773209,197851.3361,0.0045845,0,0,0.000739,0,0,0,0,0,0,0.151728,3.237208988,0.337228581,0.031516818,0
50,249,4.266,3127.773209,197851.3361,5.865,0,0,0.00524,0,0,0,0,0,0,0,0.99739448,0.337228581,0.031516818,0
50,249,4.266,3127.773209,197851.3361,0.010963,0,0,244.5,0,0,0,0,0,0,0,6.472102045,0.337228581,0.031516818,0
50,249,4.266,3127.773209,197851.3361,0.016699,0,0,0,0.008333,0,0,0,0,0,0.151728,11.33524931,0.337228581,0.031516818,0
50,249,4.266,3127.773209,197851.3361,0,0,0,4.8058,0,0,0,0,0,0,1.52439,0.085689464,0.337228581,0.031516818,0
50,249,4.266,3127.773209,197851.3361,0.005769,0,0,1.0692,21.429,0,0,0,0,0,0,0.541773565,0.337228581,0.031516818,0
50,249,4.266,3127.773209,197851.3361,0.001669,0,0.006949,0,0,0,0,0,0,0,0.273357,2.474804353,0.337228581,0.031516818,0
50,249,4.266,3127.773209,197851.3361,0,0,0,0,0,0,0,0,0,0,0.278526,24.2547271,0.337228581,0.031516818,0
50,249,4.266,3127.773209,197851.3361,0.008336,0,0,0,0,0,0,0,0,0,123.459,0.219704697,0.337228581,0.031516818,0
50,249,4.266,3127.773209,197851.3361,0,0,0,0,0.008333,0,0,0,0,0,0,3.237208988,0.337228581,0.031516818,0
50,249,4.266,3127.773209,197851.3361,0.01357,0,0,0,0.0082165,0,0,0,0,0,2.22174,0.99739448,0.337228581,0.031516818,0
50,249,4.266,3127.773209,197851.3361,0.013408,0,0,0,0,0,0.13028,0,0,0,0.151728,0.99739448,0.337228581,0.031516818,0
50,249,4.266,3127.773209,197851.3361,0,0,0,0.40202,0,0,0,0,0,0,0,0.219704697,0.337228581,0.031516818,0
50,249,4.266,3127.773209,197851.3361,0,0,0,0,8.1439,0,0,0,0,0,0,2.474804353,0.337228581,0.031516818,0
50,249,4.266,3127.773209,197851.3361,0,0,0,0,3.7158,0,0.60778,0,0,0,16.0194,2.124635517,0.337228581,0.031516818,0
50,249,4.266,3127.773209,197851.3361,2.5147,0,0,0,0,0,0,0,0,0,73.296,0.99739448,0.337228581,0.031516818,0
50,249,4.266,3127.773209,197851.3361,7.2682,0,0,0,0.008333,0,0,0,0,0,0.151728,6.472102045,0.337228581,0.031516818,0
50,249,4.266,3127.773209,197851.3361,0,0,0,0,0.62723,0,0,0,0,0,0.42399,6.495762651,0.337228581,0.031516818,0
50,249,4.266,3127.773209,197851.3361,0,0,0,0,0,0,0,0,0,0,5.2239,0.301225485,0.337228581,0.031516818,0
50,249,4.266,3127.773209,197851.3361,0,0,0,0,0.00524,0,0,0,0,0,1.88184,0.219704697,0.337228581,0.031516818,0
50,249,4.266,3127.773209,197851.3361,0,0,0,0.0068531,16,0,0,0,0,0,0.151728,11.33524931,0.337228581,0.031516818,0
50,249,4.266,3127.773209,197851.3361,0.002508,0,0,3.9449,0,0,0,0,0,0,0.273324,6.472102045,0.337228581,0.031516818,0
50,249,4.266,3127.773209,197851.3361,7.9784,0,0,0,8.3856,0,0,0,0,0,1.62018,4.278895437,0.337228581,0.031516818,0
50,249,4.266,3127.773209,197851.3361,0.007697,0,0,0,0,0,0,0,0,0,0,0.541773565,0.337228581,0.031516818,0
50,249,4.266,3127.773209,197851.3361,2.2987,0,0,0,0.00062,0,0,0,0,0,0,17.60572724,0.337228581,0.031516818,0
50,249,4.266,3127.773209,197851.3361,0.00524,0,0,0,0,0,0,0,0,0,44.763,6.495762651,0.337228581,0.031516818,0
50,249,4.266,3127.773209,197851.3361,0.00524,0,0,0.00524,0.008333,0.094623,0,0,0,0,0.151728,0.219704697,0.337228581,0.031516818,0
50,249,4.266,3127.773209,197851.3361,0,0,0,0,2.3758,0.0899,0,0,0,0,41.715,6.472102045,0.337228581,0.031516818,16.30487805
50,249,4.266,3127.773209,197851.3361,0,0,0,0.008333,1.4315,0,0,0,0,0,0.290478,0.541773565,0.337228581,0.031516818,0
50,249,4.266,3127.773209,197851.3361,0,0,0,0.005202,0,0,0,0,0,0,22.8018,0.541773565,0.337228581,0.031516818,0
50,249,4.266,3127.773209,197851.3361,0,0,0,0.026311,0,0,0,0,0,0,0,2.124635517,0.337228581,0.031516818,0
50,249,4.266,3127.773209,197851.3361,0.5002,0,0,1.9259,0,0,0,0,0,0,8.8155,0.085689464,0.337228581,0.031516818,0
50,249,4.266,3127.773209,197851.3361,0.052214,0,0,0,0,0.000157,99.841,0,0,0,0.286419,0.423815456,0.337228581,0.031516818,0
50,249,4.266,3127.773209,197851.3361,0,0,0,0,0,0,0,0,0,0,0.278703,6.472102045,0.337228581,0.031516818,0
50,249,4.266,3127.773209,197851.3361,0.17713,0,0,0,0,0,0.13028,0,0,0,0.151728,2.124635517,0.337228581,0.031516818,0
50,249,4.266,3127.773209,197851.3361,0,0,0,2.6259,0,0.00007,0,0,0,0,0,2.124635517,0.337228581,0.031516818,0
50,249,4.266,3127.773209,197851.3361,0.008335,0,0,0,0,0,242.13,0,0,0,0,3.789481443,0.337228581,0.031516818,0
50,249,4.266,3127.773209,197851.3361,15.2,0,9.8554,0,0,0,0,0,0,0,0.37014,2.007567612,0.337228581,0.031516818,0
50,249,4.266,3127.773209,197851.3361,49.011,0,0,0,2.8091,0,0,0,0,0,0.151728,11.33524931,0.337228581,0.031516818,0
50,249,4.266,3127.773209,197851.3361,23.582,0,0,0,0.52251,0,0,0,0,0,0,4.278895437,0.337228581,0.031516818,0
50,249,4.266,3127.773209,197851.3361,0.44516,0,0,0,0.00524,0,55.44,0,0,0,0.286419,143.9831763,0.337228581,0.031516818,0
50,249,4.266,3127.773209,197851.3361,23.582,0,0,0,0,0,0,0,0,0,3.2364,15.12102526,0.337228581,0.031516818,0
50,249,4.266,3127.773209,197851.3361,0,0,0,4.0096,0,0,0.67053,0,0,0,20.2284,2.474804353,0.337228581,0.031516818,0
50,249,4.266,3127.773209,197851.3361,0,0,0,0,0.010507,0,0,0,0,0,14.0655,0.085689464,0.337228581,0.031516818,0
50,249,4.266,3127.773209,197851.3361,0.006702,0,0,0,0,0,0,0,0,0,0,1.651413523,0.337228581,0.031516818,0
50,249,4.266,3127.773209,197851.3361,0.7988,0,0,1.1831,2.1344,0,0,0,0,0,1.17456,1.035375756,0.337228581,0.031516818,0
50,249,4.266,3127.773209,197851.3361,0,0,0,0,0,0.77921,0.60778,0,0,0,0,6.495762651,0.337228581,0.031516818,0
50,249,4.266,3127.773209,197851.3361,0.27365,0,0,0.00524,0,0,0,0,0,0,2.93637,15.12102526,0.337228581,0.031516818,0
50,249,4.266,3127.773209,197851.3361,0.008333,0,0,0,7.0112,0,0,0,5.5439,0,0,0.541773565,0.337228581,0.031516818,0
50,249,4.266,3127.773209,197851.3361,0,0,0,0.0306,1.0784,0,0,0,0,0,30.648,3.789481443,0.337228581,0.031516818,0
50,249,4.266,3127.773209,197851.3361,0.005372,0,0,0,0,0,11.56,0,0,0,6.561,10.04744876,0.337228581,0.031516818,0
50,249,4.266,3127.773209,197851.3361,0,0,0,0.20517,0,0,0,0,0,0,0,1.035375756,0.337228581,0.031516818,0
50,249,4.266,3127.773209,197851.3361,0.037775,0,0.043767,0,0,0,0,0,0,0,0.286419,2.124635517,0.337228581,0.031516818,0
50,249,4.266,3127.773209,197851.3361,0.000545,0,0,0,0,0.77921,0,0,0,0,15.252,6.472102045,0.337228581,0.031516818,0
50,249,4.266,3127.773209,197851.3361,0,0,0,0,0,0,0,0,0,0,0.275259,0.301225485,0.337228581,0.031516818,0
50,249,4.266,3127.773209,197851.3361,0.00387,0,0,1.0905,6.2437,0,0,3.6842,0,0,0.151728,2.474804353,0.337228581,0.031516818,0
50,249,4.266,3127.773209,197851.3361,0,0,0,0.007221,0,0,0,0,0,0,0.280578,1.651413523,0.337228581,0.031516818,0
50,249,4.266,3127.773209,197851.3361,0,0,0,0,0,0,25.393,0,0,0,0.151728,0.219704697,0.337228581,0.031516818,0
50,249,4.266,3127.773209,197851.3361,16.603,0,0,0.02647,0.090777,0,0.13028,0,0,0,19.4277,3.237208988,0.337228581,0.031516818,0
50,249,4.266,3127.773209,197851.3361,0,0,0,0,0.076792,0,0,0,0,0,3.2364,0.301225485,0.337228581,0.031516818,0
50,249,4.266,3127.773209,197851.3361,0,0,0,0,0,0,0,0,0,0,0.151728,0.085689464,0.337228581,0.031516818,0
50,249,4.266,3127.773209,197851.3361,8.2504,0,0,0,0,0,0.13028,0,0,0,2.23266,3.789481443,0.337228581,0.031516818,0
50,249,4.266,3127.773209,197851.3361,0.032537,0,0,0.00524,0,0,9.1898,0,0,0,5.1447,11.33524931,0.337228581,0.031516818,0
50,249,4.266,3127.773209,197851.3361,0,0,0,0,0.0001405,0,0,0,0,0,8.5434,0.219704697,0.337228581,0.031516818,0
50,249,4.266,3127.773209,197851.3361,0.00644,0,0,43.346,5.7051,0.80154,0,0,0,0,0.181728,4.278895437,0.337228581,0.031516818,0
50,249,4.266,3127.773209,197851.3361,0,0,0,0.000124,0.034463,0,0,0,0,0,0.70341,1.651413523,0.337228581,0.031516818,0
50,249,4.266,3127.773209,197851.3361,0,0,0,0,0,0,0.008333,0,0,0,0,1.651413523,0.337228581,0.031516818,0
50,249,4.266,3127.773209,197851.3361,0,0,0,0,0,0,0,0,0,0,42.879,17.60572724,0.337228581,0.031516818,0
50,249,4.266,3127.773209,197851.3361,0,0,0,6.1619,0.1136,0,0,0,0,0,0,11.33524931,0.337228581,0.031516818,0
50,249,4.266,3127.773209,197851.3361,0,0,0,0,0.008333,0,0,0,0,0,0.151728,17.60572724,0.337228581,0.031516818,0
50,249,4.266,3127.773209,197851.3361,0,0,0,7.7379,0,0,0,0,0,0,0.151728,15.12102526,0.337228581,0.031516818,0
50,249,4.266,3127.773209,197851.3361,0.009021,0,0,0,0,0,0,0,0,0,1.70622,0.99739448,0.337228581,0.031516818,0
50,249,4.266,3127.773209,197851.3361,1.2774,0,0,0.88687,0,0,0,0,0,0,6.105,3.789481443,0.337228581,0.031516818,0
50,249,4.266,3127.773209,197851.3361,0,0,0,0,0,0,0,0,0,0,4.4358,15.12102526,0.337228581,0.031516818,35.17073171
50,249,4.266,3127.773209,197851.3361,0.0068619,0,0,0,0.003822,0,0,0,0,0,11.1597,0.99739448,0.337228581,0.031516818,0
50,249,4.266,3127.773209,197851.3361,0.93731,0,5.0386,0,0,0,0,0,0,0,83.223,0.99739448,0.337228581,0.031516818,0
50,249,4.266,3127.773209,197851.3361,0.015764,0,0,0,1.8144,0,0,0,0,0,0,6.472102045,0.337228581,0.031516818,0
50,249,4.266,3127.773209,197851.3361,0.0088108,0,0,0,0.19458,0,0,0,0,0,0.151728,3.237208988,0.337228581,0.031516818,0
50,249,4.266,3127.773209,197851.3361,0.29343,0,0,0,0.25607,0,0,0,0,0,0,11.33524931,0.337228581,0.031516818,0
50,249,4.266,3127.773209,197851.3361,0,0,0,0.0084875,0,0,0,0,0,0,2.66157,0.423815456,0.337228581,0.031516818,0
50,249,4.266,3127.773209,197851.3361,0.00644,0,0,6.6789,0,0,0,0,0,0,0,3.237208988,0.337228581,0.031516818,0
50,249,4.266,3127.773209,197851.3361,19.622,0,0,0,0,0.80154,0,0,0,0,0.273384,6.472102045,0.337228581,0.031516818,0
50,249,4.266,3127.773209,197851.3361,253.52,0,0,0,0,0,0,0,0,0,0,15.12102526,0.337228581,0.031516818,0
50,249,4.266,3127.773209,197851.3361,0,0,0,0,2.8821,0,0,0,0,0,14.8218,1.651413523,0.337228581,0.031516818,0
50,249,4.266,3127.773209,197851.3361,0.008333,0,0.01425,0,0.008335,0,0,0,0,0,0.151728,0.085689464,0.337228581,0.031516818,0
50,249,4.266,3127.773209,197851.3361,0.008332,0,0,0.00036,0.007697,0,0,0,0,0,0.90174,0.219704697,0.337228581,0.031516818,0
50,249,4.266,3127.773209,197851.3361,0.49815,0,0,0.038288,0,0,0,0,0,0,0.286419,0.085689464,0.337228581,0.031516818,0
50,249,4.266,3127.773209,197851.3361,0.58468,0,0,0,0.005239,0,0,0,0,0,2.21025,0.541773565,0.337228581,0.031516818,0
50,249,4.266,3127.773209,197851.3361,1.385,0,0,0,0,0,0,0,0,0,4.1943,2.474804353,0.337228581,0.031516818,0
50,249,4.266,3127.773209,197851.3361,0.1789,0,0,0.0011005,0.000124,0,0.67845,0,0,0,0,6.472102045,0.337228581,0.031516818,0
50,249,4.266,3127.773209,197851.3361,0,0,0,3.2371,0,12.891,0,337.61,0,0,0.31098,0.99739448,0.337228581,0.031516818,0
50,249,4.266,3127.773209,197851.3361,0.12208,0,0,0,0.011527,56.125,0,0,0,0,0.30174,1.035375756,0.337228581,0.031516818,0
50,249,4.266,3127.773209,197851.3361,0,0,0,0.008333,0.67961,0,0,0,0,0,12.0405,1.651413523,0.337228581,0.031516818,0
50,249,4.266,3127.773209,197851.3361,0.031802,0,0,6.2716,0,0.79321,0,0,0,0,15.0003,6.495762651,0.337228581,0.031516818,0
50,249,4.266,3127.773209,197851.3361,0,0,0.016815,16.558,0,121.31,0.13028,0,0,0,0.151728,1.651413523,0.337228581,0.031516818,0
50,249,4.266,3127.773209,197851.3361,0.004143,0,0,0,0,0,0,0,0,0,0.151728,15.12102526,0.337228581,0.031516818,0
50,249,4.266,3127.773209,197851.3361,0.011957,0,0,0,0,0,0,0,0,0,0.151728,0.541773565,0.337228581,0.031516818,0
50,249,4.266,3127.773209,197851.3361,1.5561,0,0.060653,0.031407,0.014078,0,0,0,0,0,0.151728,3.789481443,0.337228581,0.031516818,0
50,249,4.266,3127.773209,197851.3361,0.73427,0,0,0,0,22.837,0,0,0,0,0.151728,2.474804353,0.337228581,0.031516818,0
50,249,4.266,3127.773209,197851.3361,0,0,0,0.021907,0,0,0,0,0,0,0.151728,3.237208988,0.337228581,0.031516818,0
50,249,4.266,3127.773209,197851.3361,0,0,0,0.008333,0,2.9165,0,0,0,0,0,10.04744876,0.337228581,0.031516818,0
50,249,4.266,3127.773209,197851.3361,0.00036,0,0,0,0,0,0,0,0,0,0.151728,0.085689464,0.337228581,0.031516818,0
50,249,4.266,3127.773209,197851.3361,0,0,0,0,0.014119,0,0,0,0,0,0.151728,15.12102526,0.337228581,0.031516818,0
50,249,4.266,3127.773209,197851.3361,0,0,0,0,0,0,0,0,0,0,0,6.495762651,0.337228581,0.031516818,0
50,249,4.266,3127.773209,197851.3361,0.00644,0,0.005312,0.75591,0.026162,0,0,0,0,0,0.45174,1.651413523,0.337228581,0.031516818,0
50,249,4.266,3127.773209,197851.3361,0,0,0,0.00524,0.007148,0,0,0,0,0,18.849,11.33524931,0.337228581,0.031516818,0
50,249,4.266,3127.773209,197851.3361,0.003346,0,0,0.047407,0,0.80155,0.13028,0,0,0,0.151728,1.035375756,0.337228581,0.031516818,0
50,249,4.266,3127.773209,197851.3361,0.00036,0,0,0,0,0,203.53,0,0,0,0.273021,1.035375756,0.337228581,0.031516818,0
50,249,4.266,3127.773209,197851.3361,0,0,0,0.79273,1.3478,0,0,0,0,0,0.151728,3.237208988,0.337228581,0.031516818,0
50,249,4.266,3127.773209,197851.3361,0.013573,0,0,29.05,0,0,0,0,0,0,0.33174,0.301225485,0.337228581,0.031516818,0
50,249,4.266,3127.773209,197851.3361,0.01048,0,0,0,0,0,0.13028,0,0,0,25.56,0.423815456,0.337228581,0.031516818,0
50,249,4.266,3127.773209,197851.3361,0,0,0,8.5618,0.007148,0,0,0,0,0,0,0.423815456,0.337228581,0.031516818,0
50,249,4.266,3127.773209,197851.3361,0.18763,0,0,0.0068531,0.21192,0,0,0,0,0,0,1.035375756,0.337228581,0.031516818,0
50,249,4.266,3127.773209,197851.3361,10.582,0,0,0,0,0,0,0,0,0,5.7318,2.474804353,0.337228581,0.031516818,0
50,249,4.266,3127.773209,197851.3361,0.49815,0,0,0,14.269,0,0,0,0,0,0.151728,0.085689464,0.337228581,0.031516818,0
50,249,4.266,3127.773209,197851.3361,0.14827,0,0,0.008333,0.00524,0,0.59876,0,0,0,7.3257,17.60572724,0.337228581,0.031516818,0
50,249,4.266,3127.773209,197851.3361,0,0,0,0,0,0,0,0,0,0,0,4.278895437,0.337228581,0.031516818,0
50,249,4.266,3127.773209,197851.3361,0,0,0,0,4.9078,0,0,0,0,0,14.0655,0.541773565,0.337228581,0.031516818,0
50,249,4.266,3127.773209,197851.3361,1.2894,0,0,0,0.013746,0,0,0.79483,0,0,0.27432,13.06734301,0.337228581,0.031516818,0
50,249,4.266,3127.773209,197851.3361,0.001493,0,0,0,0.007102,0,0.13028,0,0,0,6.561,6.472102045,0.337228581,0.031516818,0
50,249,4.266,3127.773209,197851.3361,0,0,0,0,0,0,0,0,0,0,0.151728,0.99739448,0.337228581,0.031516818,0
50,249,4.266,3127.773209,197851.3361,0,0,0,0,0,0,0,0,1.0599,0,0.151728,2.474804353,0.337228581,0.031516818,0
50,249,4.266,3127.773209,197851.3361,0,0,0,0,0.00524,0,0,0,0,0,0.278532,0.99739448,0.337228581,0.031516818,0
50,249,4.266,3127.773209,197851.3361,0,0,0,0.99417,246.96,0,0,0,0,0,1.04805,1.035375756,0.337228581,0.031516818,0
50,249,4.266,3127.773209,197851.3361,0,0,0,0.01836,22.461,0,0,0,0,0,11.6058,2.124635517,0.337228581,0.031516818,0
50,249,4.266,3127.773209,197851.3361,0,0,0,0.008333,0,0,0,0,0,0,12.0405,2.474804353,0.337228581,0.031516818,0
50,249,4.266,3127.773209,197851.3361,0.007221,0,0,0,0,0,0,0,0,0,1.73121,22.79016382,0.337228581,0.031516818,0
50,249,4.266,3127.773209,197851.3361,0,0,0,0.013421,0,0,0,0,0,0,151.038,2.474804353,0.337228581,0.031516818,0
50,249,4.266,3127.773209,197851.3361,0,0,0,0.008333,0,0,0,0,0,0,0,25.71929039,0.337228581,0.031516818,84.68292683
50,249,4.266,3127.773209,197851.3361,1.366,0,0,0,0.0214,0,0,0,0,0,0.280578,6.472102045,0.337228581,0.031516818,0
50,249,4.266,3127.773209,197851.3361,0,0,0,2.1625,1.6408,0,0,0,0,0,0.151728,0.541773565,0.337228581,0.031516818,0
50,249,4.266,3127.773209,197851.3361,0.0152,0,0,0,0,0,0,0,0,0,28.1349,1.651413523,0.337228581,0.031516818,0
50,249,4.266,3127.773209,197851.3361,0,0,0,0,0.019681,0,0,0,0,0,0,3.789481443,0.337228581,0.031516818,0
50,249,4.266,3127.773209,197851.3361,0.027357,0,0,0,0,0,0,0,0,0,0,3.237208988,0.337228581,0.031516818,0
50,249,4.266,3127.773209,197851.3361,0,0,0,0,0.00524,0,0,0,0,0,6.105,3.789481443,0.337228581,0.031516818,0
50,249,4.266,3127.773209,197851.3361,0,0,0,0,0,0,0,0,0,0,28.0509,0.085689464,0.337228581,0.031516818,0
50,249,4.266,3127.773209,197851.3361,0,0,0,0,0.013573,0,0,0,0,0,0.285792,0.219704697,0.337228581,0.031516818,0
50,249,4.266,3127.773209,197851.3361,18.306,0,0,0,0,0,0,0,0,0,18.3318,2.474804353,0.337228581,0.031516818,0
50,249,4.266,3127.773209,197851.3361,0.008333,0,0,1.0312,8.1439,0.077537,3.6446,0.063773,0,0,0,2.474804353,0.337228581,0.031516818,0
50,249,4.266,3127.773209,197851.3361,50.529,0,0.029107,0.21079,0.86472,0,0,0,0,0,0,0.99739448,0.337228581,0.031516818,0
50,249,4.266,3127.773209,197851.3361,0.026038,0,0,0.002508,0.014258,0,0.59876,0,0,0,0,15.12102526,0.337228581,0.031516818,0
50,249,4.266,3127.773209,197851.3361,0,0,0.17444,3.8138,0.005239,0,0,0,0,0,15.3204,17.60572724,0.337228581,0.031516818,0
50,249,4.266,3127.773209,197851.3361,0,0,0,3.9449,0.00043,0,0,0,0,0,2.76468,10.04744876,0.337228581,0.031516818,0
50,249,4.266,3127.773209,197851.3361,0.002868,0,0,0,2.9298,0,0,0,0,0,0.84174,2.474804353,0.337228581,0.031516818,0
50,249,4.266,3127.773209,197851.3361,0,0,0.71224,0,0,0,0,0,0,0,0.151728,1.651413523,0.337228581,0.031516818,0
50,249,4.266,3127.773209,197851.3361,0.008333,0,0,0,0,0,0,0,0,0,8.5644,6.472102045,0.337228581,0.031516818,0
50,249,4.266,3127.773209,197851.3361,1.898,0,0,0.18118,0,0,0,0,0,0,4.4358,15.12102526,0.337228581,0.031516818,0
50,249,4.266,3127.773209,197851.3361,0,0,0,9.0645,0,0,0,0,0,0,0,3.237208988,0.337228581,0.031516818,0
50,249,4.266,3127.773209,197851.3361,0.001434,0,0,0,0.42442,0,0.13028,0,0,0,0.151728,6.472102045,0.337228581,0.031516818,0
50,249,4.266,3127.773209,197851.3361,50.529,0,3.3348,0,1.5408,0,132.95,0,0,0,4.1943,13.06734301,0.337228581,0.031516818,0
50,249,4.266,3127.773209,197851.3361,0.0088108,0,0.33369,0.23606,0,0,0,0,0,0,0.271728,1.035375756,0.337228581,0.031516818,0
50,249,4.266,3127.773209,197851.3361,36.945,0,0,0.077265,0.0072705,0,0,0,0,0,6.9018,0.219704697,0.337228581,0.031516818,0
50,249,4.266,3127.773209,197851.3361,0.011569,0,0,0,0,0,0,0,0,0,1.08174,0.085689464,0.337228581,0.031516818,0
50,249,4.266,3127.773209,197851.3361,0.17713,0,0,0,0.002508,0,0,0,0,0,6.3561,0.301225485,0.337228581,0.031516818,0
50,249,4.266,3127.773209,197851.3361,0,0,0,19.222,0.008333,0,0,0,0,0,0.34593,0.541773565,0.337228581,0.031516818,0
50,249,4.266,3127.773209,197851.3361,0.5201,0,0,0,1.8144,0,0,0,0,0,0.33174,0.301225485,0.337228581,0.031516818,0
50,249,4.266,3127.773209,197851.3361,0.011527,0,0,0.006456,0.008333,0,0,0,0,0,1.03647,1.651413523,0.337228581,0.031516818,0
50,249,4.266,3127.773209,197851.3361,47.536,0,0,1.0205,0,2.3282,0,0,0,0,0.151728,2.007567612,0.337228581,0.031516818,0
50,249,4.266,3127.773209,197851.3361,0.0094528,0,0,0,0.008333,0,0.021726,0,0,0,0,3.789481443,0.337228581,0.031516818,0
50,249,4.266,3127.773209,197851.3361,1.898,0,1.565,0.088496,0.005239,0,0,0,0,0,1.17456,2.124635517,0.337228581,0.031516818,0
50,249,4.266,3127.773209,197851.3361,0,0,0,12.177,0,75.3,0,0,0,0,20.2284,3.789481443,0.337228581,0.031516818,0
50,249,4.266,3127.773209,197851.3361,11.506,0,0,0,0,0.79321,0,0,0,0,39.753,0.301225485,0.337228581,0.031516818,0
50,249,4.266,3127.773209,197851.3361,0,0,0,0,0.035884,0,0,0,0,0,0.72228,0.085689464,0.337228581,0.031516818,0
50,249,4.266,3127.773209,197851.3361,0.008333,0,3.7407,0.0056478,0,0,0,0,0,0,1.05978,2.474804353,0.337228581,0.031516818,0
50,249,4.266,3127.773209,197851.3361,0.005239,0,0.24323,0,0,0.79482,0.008333,0,0,0,0.151728,22.79016382,0.337228581,0.031516818,0
50,249,4.266,3127.773209,197851.3361,0.11748,0,0,0,0.0094528,0,0,0,0,0,0,0.219704697,0.337228581,0.031516818,0
50,249,4.266,3127.773209,197851.3361,0.29003,0,0,2.7689,0,0.97535,0,0,0,0,0,11.33524931,0.337228581,0.031516818,0
50,249,4.266,3127.773209,197851.3361,0,0,0,0.00524,0,0,0,0,0,0,0.65616,1.035375756,0.337228581,0.031516818,0
50,249,4.266,3127.773209,197851.3361,0,0,0.013146,0,0.0001875,0,0,0,0,0,0.151728,25.71929039,0.337228581,0.031516818,0
50,249,4.266,3127.773209,197851.3361,1.2325,0,0,0.40202,50.346,0,0,0,0,0,30.123,0.219704697,0.337228581,0.031516818,0
50,249,4.266,3127.773209,197851.3361,0,0,0,0,0.2943,0,0,0,0,0,5.0406,1.651413523,0.337228581,0.031516818,0
50,249,4.266,3127.773209,197851.3361,0,0,0,0,0,0,0,0,0,0,4.5198,15.12102526,0.337228581,0.031516818,0
50,249,4.266,3127.773209,197851.3361,0,0,0,0,0.16189,0,5.9575,0,0,0,0.151728,0.219704697,0.337228581,0.031516818,0
50,249,4.266,3127.773209,197851.3361,0.002031,0,0,0,0.0088426,0,0,0,0,0,2.28174,0.085689464,0.337228581,0.031516818,0
50,249,4.266,3127.773209,197851.3361,0.0021738,0,0,0,0,75.3,0,0,0,0,13.3746,3.237208988,0.337228581,0.031516818,0
50,249,4.266,3127.773209,197851.3361,4.119,0,0,0.44439,0,0,0,0,0,0,17.3718,3.237208988,0.337228581,0.031516818,0
50,249,4.266,3127.773209,197851.3361,0.001009,0,0,0.002868,0.025169,0,0,0,0,0,19.7118,0.99739448,0.337228581,0.031516818,0
50,249,4.266,3127.773209,197851.3361,0,0,0,77.417,0.020274,0,1.8418,0,0,0,0,3.237208988,0.337228581,0.031516818,0
50,249,4.266,3127.773209,197851.3361,9.3106,0,0,7.2355,0,0,0,0,0,0,17.1858,6.495762651,0.337228581,0.031516818,0
50,249,4.266,3127.773209,197851.3361,0.002598,0,0,0,0,1.112,0,0,0,0,0.151728,3.237208988,0.337228581,0.031516818,0
50,249,4.266,3127.773209,197851.3361,0,0,0.0053495,0.00524,813.22,0.78092,0,0,0,0,1.35936,2.124635517,0.337228581,0.031516818,0
50,249,4.266,3127.773209,197851.3361,0,0,0,0,0,0,24.967,0,0,0,52.569,6.472102045,0.337228581,0.031516818,0
50,249,4.266,3127.773209,197851.3361,0,0,0,0,0,0,0,0,0,0,65.781,1.035375756,0.337228581,0.031516818,0
50,249,4.266,3127.773209,197851.3361,23.064,0,0,0,0,0.096353,0,0,0,0,39.753,2.474804353,0.337228581,0.031516818,0
50,249,4.266,3127.773209,197851.3361,0.0072895,0,0,0,0,0,0,0,0,0,0.3897,3.789481443,0.337228581,0.031516818,0
50,249,4.266,3127.773209,197851.3361,0,0,0,0,0.008335,0,0,0,0,0,0.72174,0.99739448,0.337228581,0.031516818,0
50,249,4.266,3127.773209,197851.3361,0,0,0,0.009064,0,0,0,0,0,0,2.06073,0.219704697,0.337228581,0.031516818,0
50,249,4.266,3127.773209,197851.3361,0.000376,0,0.79843,0,0,0,0,0,0,0,1.97832,6.472102045,0.337228581,0.031516818,0
51,250,49.552,3128.891607,197922.0819,0.27365,0,0,0.0098389,4.8466,0,0,0,0,0,10.3692,0,0.336557586,0.031454108,0
51,250,49.552,3128.891607,197922.0819,0.029004,0,0,0,0.008333,0,0,0,0,0,0.151728,0,0.336557586,0.031454108,0
51,250,49.552,3128.891607,197922.0819,0.00524,0,0,0,0.73688,0,0,0,0,0,15.8232,0,0.336557586,0.031454108,0
51,250,49.552,3128.891607,197922.0819,0,0,0,0,0,0,0,0,0,0,87.522,0,0.336557586,0.031454108,0
51,250,49.552,3128.891607,197922.0819,0.00524,0,0.00328,0,0,0,0,0,0,0,0.151728,0,0.336557586,0.031454108,0
51,250,49.552,3128.891607,197922.0819,0,0,0,0.013606,0,0,0,0,0,0,16.0221,0,0.336557586,0.031454108,0
51,250,49.552,3128.891607,197922.0819,0.005239,0,0,0,0.00062,0.7872,0,0,0,0,0,0,0.336557586,0.031454108,0
51,250,49.552,3128.891607,197922.0819,0.001434,0,0,0,0.00036,0,0,0,0,0,3.0075,0,0.336557586,0.031454108,0
51,250,49.552,3128.891607,197922.0819,0,0,0,0.008333,0,0,0,0,0,0,0,0,0.336557586,0.031454108,0
51,250,49.552,3128.891607,197922.0819,0,0,0,0,5.1226,0,0,0,0,0,0.279822,0,0.336557586,0.031454108,0
51,250,49.552,3128.891607,197922.0819,0,0,0,0,0.00524,0,0,0,0,0,2.96682,0,0.336557586,0.031454108,0
51,250,49.552,3128.891607,197922.0819,0.00524,0,0,0,9.3772,0,0,0,0,0,0.151728,0,0.336557586,0.031454108,0
51,250,49.552,3128.891607,197922.0819,0.012423,0,0,0,0,0,0,0,0,0,0.90174,0,0.336557586,0.031454108,0
51,250,49.552,3128.891607,197922.0819,0.001493,0,0,0,0,0,0,0,0,0,0.151728,0,0.336557586,0.031454108,0
51,250,49.552,3128.891607,197922.0819,0.021605,0,0,0,0.00043,0,0,0,0,0,0.273384,0,0.336557586,0.031454108,0
51,250,49.552,3128.891607,197922.0819,0.00644,0,0,0.50869,7.544,0,0,0,0,0,1.41975,0,0.336557586,0.031454108,0
51,250,49.552,3128.891607,197922.0819,0,0,0,0,0.008333,0,0,0,0,0,0,0,0.336557586,0.031454108,0
51,250,49.552,3128.891607,197922.0819,0.029004,0,0,0.000688,0.00524,0,0,0,0,0,0.151728,0,0.336557586,0.031454108,0
51,250,49.552,3128.891607,197922.0819,0.003355,0,0,0.31537,0.005239,0,0,0,0,0,0.151728,0,0.336557586,0.031454108,0
51,250,49.552,3128.891607,197922.0819,0.008333,0,0.001326,0,0,0,0,0,0,0,0.151728,0,0.336557586,0.031454108,0
51,250,49.552,3128.891607,197922.0819,0.001326,0,0,0.00524,0,0,0,0,0,0,3.6159,0,0.336557586,0.031454108,0
51,250,49.552,3128.891607,197922.0819,0.000376,0,0,0.0097027,0.88295,0.77864,0.10863,0,0,0,0,0,0.336557586,0.031454108,0
51,250,49.552,3128.891607,197922.0819,0,0,0,0,0,0,0,0,0,0,14.3958,0,0.336557586,0.031454108,0
51,250,49.552,3128.891607,197922.0819,0,0,0,0,68.77,0,0,0,0,0,12.8454,0,0.336557586,0.031454108,0
51,250,49.552,3128.891607,197922.0819,0.53043,0,0,0.00524,0,0,0,0,0,0,57.423,0,0.336557586,0.031454108,0
51,250,49.552,3128.891607,197922.0819,0.011679,0,0,0.008333,0,0,0,0,0,0,0.151728,0,0.336557586,0.031454108,0
51,250,49.552,3128.891607,197922.0819,0.005239,0,0.81046,0,0,0,0,0,0,0,0,0,0.336557586,0.031454108,0
51,250,49.552,3128.891607,197922.0819,0.00524,0,0,0,211.21,0,0,0,0,0,0.151728,0,0.336557586,0.031454108,0
51,250,49.552,3128.891607,197922.0819,0,0,0,10.612,4.6708,0,0,0,0,0,0.73911,0,0.336557586,0.031454108,0
51,250,49.552,3128.891607,197922.0819,0.82366,0,0,0,0.12099,0,0,0,0,0,10.4415,0,0.336557586,0.031454108,0
51,250,49.552,3128.891607,197922.0819,0,0,0,11.876,0,0,0.13028,0,0,0,5.787,0,0.336557586,0.031454108,0
51,250,49.552,3128.891607,197922.0819,0,0,0,0.073717,0.008333,0,0,0,0,0,3.3018,0,0.336557586,0.031454108,0
51,250,49.552,3128.891607,197922.0819,0,0,0,0,0,0,0,0,0,0,0.151728,0,0.336557586,0.031454108,0
51,250,49.552,3128.891607,197922.0819,0.043506,0,0,0,0,0,14.079,0,0,0,11.5818,0,0.336557586,0.031454108,0
51,250,49.552,3128.891607,197922.0819,0,0,0,7.0709,0,0,23.902,0,0,0,3.3018,0,0.336557586,0.031454108,0
51,250,49.552,3128.891607,197922.0819,0.2494,0,0,0,0.076792,0.79351,0,0,0,0,0,0,0.336557586,0.031454108,0
51,250,49.552,3128.891607,197922.0819,0.045123,0,0,0,0.038932,0,0,0,0,0,8.7918,0,0.336557586,0.031454108,0
51,250,49.552,3128.891607,197922.0819,0.001192,0,0,0,0.008333,0,0,0,0,0,1.72038,0,0.336557586,0.031454108,0
51,250,49.552,3128.891607,197922.0819,0,0,0,0,0,0,0,0,0,0,0.151728,0,0.336557586,0.031454108,0
51,250,49.552,3128.891607,197922.0819,0,0,0,0.068295,0,0,0,0,0,0,0,0,0.336557586,0.031454108,0
51,250,49.552,3128.891607,197922.0819,0.19126,0,0,24.36,0.0067709,0.008333,0.42744,0,0,0,39.096,0,0.336557586,0.031454108,0
51,250,49.552,3128.891607,197922.0819,0,0,0,0,68.77,0.77921,0,0,0,0,0.77829,0,0.336557586,0.031454108,0
51,250,49.552,3128.891607,197922.0819,0.000752,0,0,32.687,43.562,0,0,0,0,0,0,0,0.336557586,0.031454108,67.26829268
51,250,49.552,3128.891607,197922.0819,0.008333,0,0,0,0.001669,0,0.13028,0,0,0,0.273018,0,0.336557586,0.031454108,0
51,250,49.552,3128.891607,197922.0819,0,0,1.5044,0.040274,0,0,0,0,0,0,0,0,0.336557586,0.031454108,0
51,250,49.552,3128.891607,197922.0819,0.01048,0,0,0,0,0.78189,0,0,0,0,0.151728,0,0.336557586,0.031454108,0
51,250,49.552,3128.891607,197922.0819,0,0,0,46.554,0.01359,1.112,0,0,0,0,27.6384,0,0.336557586,0.031454108,0
51,250,49.552,3128.891607,197922.0819,0,0,0,0,0.062887,0,0,0,0,0,2.37174,0,0.336557586,0.031454108,0
51,250,49.552,3128.891607,197922.0819,0,0,0.30599,0,0,0,0,0,0,0,0.276924,0,0.336557586,0.031454108,0
51,250,49.552,3128.891607,197922.0819,19.622,0,0,7.5633,0.15682,0,0,0,0,0,0.151728,0,0.336557586,0.031454108,0
51,250,49.552,3128.891607,197922.0819,0.007328,0,0,0,0,0.79079,0.021726,0,0,0,0.151728,0,0.336557586,0.031454108,0
51,250,49.552,3128.891607,197922.0819,2.8708,0,0,0.077265,54.848,0,0,0,0,0,0,0,0.336557586,0.031454108,0
51,250,49.552,3128.891607,197922.0819,0.060379,0,0,0.18602,0.069058,0,0,0,0,0,3.4635,0,0.336557586,0.031454108,0
51,250,49.552,3128.891607,197922.0819,2.6123,0,0,0.042858,0.008333,15.927,0,0,0,0,0.75903,0,0.336557586,0.031454108,40.8902439
51,250,49.552,3128.891607,197922.0819,0,0,0,0.011527,0.007328,0,0,0,0,0,0.151728,0,0.336557586,0.031454108,0
51,250,49.552,3128.891607,197922.0819,853.14,0,0,0,0.11919,0,0.67053,0,0,0,0.151728,0,0.336557586,0.031454108,0
51,250,49.552,3128.891607,197922.0819,0.063798,0,0,0,0.44929,0,0,0,0,0,2.76468,0,0.336557586,0.031454108,0
51,250,49.552,3128.891607,197922.0819,3.5296,0,0,0.008333,0,0,0,0,0,0,0.273324,0,0.336557586,0.031454108,0
51,250,49.552,3128.891607,197922.0819,0.016699,0,0,0,0.40097,0,0,0,0,0,0,0,0.336557586,0.031454108,0
51,250,49.552,3128.891607,197922.0819,0,0,0,0,0.008333,0,0,0,0,0,0,0,0.336557586,0.031454108,23.13414634
51,250,49.552,3128.891607,197922.0819,0.001434,0,0,0,0.42442,0,0,0,0,0,0.151728,0,0.336557586,0.031454108,0
51,250,49.552,3128.891607,197922.0819,0.016858,0,0,0,0,0,0,0,0,0,7.431,0,0.336557586,0.031454108,0
51,250,49.552,3128.891607,197922.0819,3.3665,0,0.58705,0,0,0,0,0,0.008859,0,0.151728,0,0.336557586,0.031454108,0
51,250,49.552,3128.891607,197922.0819,0,0,0,0.041028,9.3772,0,0,0,0,0,0.75903,0,0.336557586,0.031454108,0
51,250,49.552,3128.891607,197922.0819,0,0,0,0.13117,0,0.77921,0,0,5.1382,0,0.151728,0,0.336557586,0.031454108,0
51,250,49.552,3128.891607,197922.0819,0.00524,0,0,0,0.016895,0,0,0,0,0,0.269961,0,0.336557586,0.031454108,0
51,250,49.552,3128.891607,197922.0819,1.898,0,0,0,0,2.0371,0,0,0,0,0.151728,0,0.336557586,0.031454108,0
51,250,49.552,3128.891607,197922.0819,0,0,0,0,0,0,0,0,0,0,1.65174,0,0.336557586,0.031454108,0
51,250,49.552,3128.891607,197922.0819,0,0,0,0,17.934,0,0,0,0,0,7.5918,0,0.336557586,0.031454108,0
51,250,49.552,3128.891607,197922.0819,4.282,0,0,0,2.557,0,130.32,0,0,0,3.3018,0,0.336557586,0.031454108,0
51,250,49.552,3128.891607,197922.0819,185.11,0,0,0.009056,0.0062716,0,0,0,0,0,7.3257,0,0.336557586,0.031454108,0
51,250,49.552,3128.891607,197922.0819,0,0,0,0,0.018484,0,0,0,0,0,15.7923,0,0.336557586,0.031454108,0
51,250,49.552,3128.891607,197922.0819,0.075337,0,0,0,0,0,36.808,0,0,0,4.6029,0,0.336557586,0.031454108,0
51,250,49.552,3128.891607,197922.0819,0.037775,0,0,0,0.0085875,0,0,0,0,0,0.151728,0,0.336557586,0.031454108,0
51,250,49.552,3128.891607,197922.0819,0.000078,0,0,0,0,0,0,0,0,0,1.09647,0,0.336557586,0.031454108,0
51,250,49.552,3128.891607,197922.0819,57.072,0,0,0,0,0,0,0,0,0,6.105,0,0.336557586,0.031454108,0
51,250,49.552,3128.891607,197922.0819,0,0,0,0.068295,0.00524,0,0,0,0,0,1.17432,0,0.336557586,0.031454108,0
51,250,49.552,3128.891607,197922.0819,0.67499,0,0,0.015552,0.0068531,0,0,0,0,0,4.8507,0,0.336557586,0.031454108,0
51,250,49.552,3128.891607,197922.0819,0,0,0,4.4534,0,0.79321,0,0,0,0,0.151728,0,0.336557586,0.031454108,0
51,250,49.552,3128.891607,197922.0819,0.51613,0,0,0,1.1676,0,0,0,0,0,47.328,0,0.336557586,0.031454108,0
51,250,49.552,3128.891607,197922.0819,0.00062,0,0,0,0,0,0,0,0,0,0.151728,0,0.336557586,0.031454108,0
51,250,49.552,3128.891607,197922.0819,0.080184,0,0,0,0.005239,0,0,0,0,0,0.151728,0,0.336557586,0.031454108,0
51,250,49.552,3128.891607,197922.0819,0.00524,0,0,0.008333,0.00524,0,0,0,0,0,0.278532,0,0.336557586,0.031454108,0
51,250,49.552,3128.891607,197922.0819,3.3665,0,0,0.00315,3.5225,0,0,0,0,0,3.1278,0,0.336557586,0.031454108,0
51,250,49.552,3128.891607,197922.0819,49.011,0,0,0,0.012452,0,0,0,0,0,0.270372,0,0.336557586,0.031454108,0
51,250,49.552,3128.891607,197922.0819,0.013572,0,0,0,0.008333,0,0,0,0,0,0,0,0.336557586,0.031454108,0
51,250,49.552,3128.891607,197922.0819,0.048638,0,0,0,0.001669,0.77921,0,0,0,0,0.151728,0,0.336557586,0.031454108,0
51,250,49.552,3128.891607,197922.0819,0.0094528,0,0,0.00524,0,0,7.6576,0,0,0,0,0,0.336557586,0.031454108,0
51,250,49.552,3128.891607,197922.0819,6.87,0,0,223.54,198.9,0.80945,184.38,0,0,0,0,0,0.336557586,0.031454108,0
51,250,49.552,3128.891607,197922.0819,0,0,0,0,0,0,0,0,0,0,0.204657,0,0.336557586,0.031454108,0
51,250,49.552,3128.891607,197922.0819,0,0,0,1.3632,0,0,0,0,0,0,0.86343,0,0.336557586,0.031454108,0
51,250,49.552,3128.891607,197922.0819,0,0,0,0,0,0,76.371,0,0,0,0.151728,0,0.336557586,0.031454108,0
51,250,49.552,3128.891607,197922.0819,63.495,0,0,0,0.008333,0,0,0,0,0,0,0,0.336557586,0.031454108,0
51,250,49.552,3128.891607,197922.0819,3.7455,0,0,1.0312,0.012452,0,0,0,0,0,1.91388,0,0.336557586,0.031454108,0
51,250,49.552,3128.891607,197922.0819,0,0,12.251,0,17.64,0.080226,0,0,0,0,1.72038,0,0.336557586,0.031454108,0
51,250,49.552,3128.891607,197922.0819,0,0,0,0,6.78,0,0.13028,0,0,0,0,0,0.336557586,0.031454108,0
51,250,49.552,3128.891607,197922.0819,0,0,0,0.031407,0.00524,0.0083335,0,0,0,0,2.01174,0,0.336557586,0.031454108,0
51,250,49.552,3128.891607,197922.0819,0,0,0,0,0,0,0,0,0,0,2.76954,0,0.336557586,0.031454108,0
51,250,49.552,3128.891607,197922.0819,0.036852,0,0,0.008333,0,0,0,0,0,0,0.279585,0,0.336557586,0.031454108,0
51,250,49.552,3128.891607,197922.0819,0,0,0,0,0.1667,0,0,0,0,0,1.08798,0,0.336557586,0.031454108,0
51,250,49.552,3128.891607,197922.0819,0.00644,0,0,0,0,0,0,0,0,0,4.7865,0,0.336557586,0.031454108,0
51,250,49.552,3128.891607,197922.0819,0.0724,0,0,0,0,0,0,0,0,0,0.181728,0,0.336557586,0.031454108,0
51,250,49.552,3128.891607,197922.0819,3.0116,0,0,0,0.40097,0,5.1885,0,0,0,0.273021,0,0.336557586,0.031454108,0
51,250,49.552,3128.891607,197922.0819,0.19126,0,0,0,0,0,0,0,0,0,0,0,0.336557586,0.031454108,0
51,250,49.552,3128.891607,197922.0819,1.7472,0,0,30.329,1.5408,0,0,0,0,0,1.52439,0,0.336557586,0.031454108,0
51,250,49.552,3128.891607,197922.0819,0,0,0,0.094899,0,0,24.967,0,0,0,8.3751,0,0.336557586,0.031454108,0
51,250,49.552,3128.891607,197922.0819,0.0031025,0,0,0,0.0001405,0,0.13028,0,0,0,0.273384,0,0.336557586,0.031454108,0
51,250,49.552,3128.891607,197922.0819,0,0,0,0,3.6586,0,0,0,0,0,41.715,0,0.336557586,0.031454108,0
51,250,49.552,3128.891607,197922.0819,0.007835,0,0,0.0068531,0,0,0.002308,0,0,0,0.151728,0,0.336557586,0.031454108,0
51,250,49.552,3128.891607,197922.0819,0,0,0,0,0,0,0,0,0,0,30.648,0,0.336557586,0.031454108,0
51,250,49.552,3128.891607,197922.0819,0.46343,0,0,0,1.3821,0,0,0,0,0,55.917,0,0.336557586,0.031454108,0
51,250,49.552,3128.891607,197922.0819,0,0,0,0.15168,0,0,0,0,0,0,0.273018,0,0.336557586,0.031454108,0
51,250,49.552,3128.891607,197922.0819,0.00524,0,0,4.5651,0,0.000886,0,0,0,0,0,0,0.336557586,0.031454108,0
51,250,49.552,3128.891607,197922.0819,0.008335,0,0,0,0,0,0,0,0,0,0.278532,0,0.336557586,0.031454108,0
51,250,49.552,3128.891607,197922.0819,0.00524,0,0,0.002031,0.008333,0,0,0,0,0,4.3869,0,0.336557586,0.031454108,0
51,250,49.552,3128.891607,197922.0819,0,0,0,0,0,0,0,0,0,0,0.283572,0,0.336557586,0.031454108,0
51,250,49.552,3128.891607,197922.0819,0.075337,0,0,0.02191,0,0,0,0,0,0,0,0,0.336557586,0.031454108,0
51,250,49.552,3128.891607,197922.0819,0.00036,0,3.0958,0,0,0,0,0,0,0,45.933,0,0.336557586,0.031454108,0
51,250,49.552,3128.891607,197922.0819,0.3628,0,0,0,0,0,0,0,0,0,0.6021,0,0.336557586,0.031454108,0
51,250,49.552,3128.891607,197922.0819,0,0,0,0.0068531,0,0,0,0,0,0,0.290478,0,0.336557586,0.031454108,0
51,250,49.552,3128.891607,197922.0819,0,0,0,0.031407,0,0,0,0,0,0,0.151728,0,0.336557586,0.031454108,0
51,250,49.552,3128.891607,197922.0819,0,0,0,0,0,0,0,0,0,0,0,0,0.336557586,0.031454108,0
51,250,49.552,3128.891607,197922.0819,0.011527,0,0,0,0,0,0,0,0,0,11.7102,0,0.336557586,0.031454108,0
51,250,49.552,3128.891607,197922.0819,0,0,0,0,0,0,0,0,0,0,6.5418,0,0.336557586,0.031454108,0
51,250,49.552,3128.891607,197922.0819,0.98086,0,0,0,0.000688,0.77921,184.38,0,0,0,0.151728,0,0.336557586,0.031454108,0
51,250,49.552,3128.891607,197922.0819,0.012423,0,0.005239,0.016555,0.00524,0,0,0,0,0,0.151728,0,0.336557586,0.031454108,0
51,250,49.552,3128.891607,197922.0819,0,0,0,0.80704,0,0,0,0,0,0,0.151728,0,0.336557586,0.031454108,0
51,250,49.552,3128.891607,197922.0819,0.003821,0,0.92408,0,50.346,0,0,0,0,0,0,0,0.336557586,0.031454108,0
51,250,49.552,3128.891607,197922.0819,0,0,0,0.91042,9.3772,0,0,0,0,0,9.0018,0,0.336557586,0.031454108,0
51,250,49.552,3128.891607,197922.0819,0.0068619,0,0,0,0.84234,0,0,0,0,0,14.8218,0,0.336557586,0.031454108,0
51,250,49.552,3128.891607,197922.0819,0.00524,0,0,0,0,0,0,0,0,0,0,0,0.336557586,0.031454108,0
51,250,49.552,3128.891607,197922.0819,0.01332,0,0,0.005239,246.96,0,0,0,0,0,0,0,0.336557586,0.031454108,0
51,250,49.552,3128.891607,197922.0819,2.2602,0,0,0.009056,0,0,0,0,0,0,0,0,0.336557586,0.031454108,0
51,250,49.552,3128.891607,197922.0819,1.8709,0,0,0,0,0.014982,0,0,0,0,1.08339,0,0.336557586,0.031454108,0
51,250,49.552,3128.891607,197922.0819,0,0,0,0,0,0,0,0,0,0,1.41975,0,0.336557586,0.031454108,0
51,250,49.552,3128.891607,197922.0819,0,0,0,0.0074133,0,0,0,0,0,0,0.151728,0,0.336557586,0.031454108,0
51,250,49.552,3128.891607,197922.0819,0.005769,0,0,0.15275,0,0.0077375,0,0,0,0,0,0,0.336557586,0.031454108,0
51,250,49.552,3128.891607,197922.0819,0.008333,0,0,2.1625,0,0,0,0,0,0,0,0,0.336557586,0.031454108,0
51,250,49.552,3128.891607,197922.0819,0,0,0,0.00524,0,0,0,0,0,0,0.151728,0,0.336557586,0.031454108,0
51,250,49.552,3128.891607,197922.0819,0,0,0,0,0.00524,0,0,0,0,0,0.151728,0,0.336557586,0.031454108,0
51,250,49.552,3128.891607,197922.0819,36.159,0,0,0,2.8091,0,5.3904,0,0,0,0.151728,0,0.336557586,0.031454108,0
51,250,49.552,3128.891607,197922.0819,0.00524,0,0,0.014043,1.649,0,0,0,0,0,8.6688,0,0.336557586,0.031454108,0
51,250,49.552,3128.891607,197922.0819,0.013573,0,1.1754,4.7441,0,0,0.13028,0,0,0,0.151728,0,0.336557586,0.031454108,0
51,250,49.552,3128.891607,197922.0819,0,0,0,0,0.010507,0,0.13028,0,0,0,0.151728,0,0.336557586,0.031454108,0
51,250,49.552,3128.891607,197922.0819,0,0,0,0.34605,0,0,0,0,0,0,0,0,0.336557586,0.031454108,0
51,250,49.552,3128.891607,197922.0819,2.6701,0,0.000376,4.8058,0,0,0,0,0,0,0,0,0.336557586,0.031454108,0
51,250,49.552,3128.891607,197922.0819,0.7554,0,0,4.8779,0.98255,0,0,0,0,0,0,0,0.336557586,0.031454108,0
51,250,49.552,3128.891607,197922.0819,0,0,0,0.00247,0,0.000342,0,0,0,0,1.38174,0,0.336557586,0.031454108,0
51,250,49.552,3128.891607,197922.0819,0.013573,0,0,0.15605,0.00524,0,0,0,0,0,0.151728,0,0.336557586,0.031454108,0
51,250,49.552,3128.891607,197922.0819,0.018381,0,0,0,7.0738,0,0,0,0.62958,0,7.1259,0,0.336557586,0.031454108,0
51,250,49.552,3128.891607,197922.0819,0.58468,0,0,0,0.008333,0,0.13028,0,0,0,2.3544,0,0.336557586,0.031454108,0
51,250,49.552,3128.891607,197922.0819,0.008335,0,0,0.03272,0.86472,0,0,0,0,0,0,0,0.336557586,0.031454108,0
51,250,49.552,3128.891607,197922.0819,0.14827,0,0.001669,0,0,0,0,0,0,0,0.151728,0,0.336557586,0.031454108,0
51,250,49.552,3128.891607,197922.0819,109.34,0,0,0.0067015,0.002868,0.026763,53.409,0,0,0,0.151728,0,0.336557586,0.031454108,0
51,250,49.552,3128.891607,197922.0819,0,0,0,0,0,0,0,0,0,0,0,0,0.336557586,0.031454108,0
51,250,49.552,3128.891607,197922.0819,0,0,0,0,1.2446,0,0,0,0,0,12.8454,0,0.336557586,0.031454108,0
51,250,49.552,3128.891607,197922.0819,0.008333,0,0.13776,0.1075,0.014119,0,0,0,0,0,16.0221,0,0.336557586,0.031454108,0
51,250,49.552,3128.891607,197922.0819,0.72108,0,0,0.013024,27.763,0,0,0,0,0,0.151728,0,0.336557586,0.031454108,0
51,250,49.552,3128.891607,197922.0819,0,0,0,0,0.008336,0.10693,0,0,0,0,0,0,0.336557586,0.031454108,0
51,250,49.552,3128.891607,197922.0819,63.495,0,0,0.34605,5.1226,0,0,0,0,0,13.5342,0,0.336557586,0.031454108,0
51,250,49.552,3128.891607,197922.0819,0,0,0,0,6.4838,0,0,0,0,0,0.151728,0,0.336557586,0.031454108,0
51,250,49.552,3128.891607,197922.0819,0,0,0,1.244,0,0,0,0,0,0,0.151728,0,0.336557586,0.031454108,0
51,250,49.552,3128.891607,197922.0819,0,0,0,0,0,0,0,0,0,0,0,0,0.336557586,0.031454108,0
51,250,49.552,3128.891607,197922.0819,0,0,0,7.1341,0,0,0,0,0,0,0,0,0.336557586,0.031454108,0
51,250,49.552,3128.891607,197922.0819,0,0,0,0,0.68315,0,5.9575,0,0,0,44.073,0,0.336557586,0.031454108,0
51,250,49.552,3128.891607,197922.0819,0.000739,0,0,0,0,0,0,0,0,0,0.33174,0,0.336557586,0.031454108,0
51,250,49.552,3128.891607,197922.0819,0,0,0,0.002741,2.1344,0.77921,0,0,0,0,6.561,0,0.336557586,0.031454108,0
51,250,49.552,3128.891607,197922.0819,1.5202,0,0,1.231,0,28.381,0,0,0,0,46.353,0,0.336557586,0.031454108,0
51,250,49.552,3128.891607,197922.0819,0.007697,0,0,0,0,0,0,0,0,0,2.6931,0,0.336557586,0.031454108,0
51,250,49.552,3128.891607,197922.0819,0,0,0,0,0,3.4338,0,0,0,0,1.04805,0,0.336557586,0.031454108,0
51,250,49.552,3128.891607,197922.0819,0.006702,0,0,0,3.1902,0,14.188,0,0,0,73.296,0,0.336557586,0.031454108,0
51,250,49.552,3128.891607,197922.0819,0.85316,0,0,0.00043,5.7523,0,0,0,0,0,0.151728,0,0.336557586,0.031454108,0
51,250,49.552,3128.891607,197922.0819,0,0,0,4.1106,0.0073964,0.012727,0,0,0,0,1.64742,0,0.336557586,0.031454108,0
51,250,49.552,3128.891607,197922.0819,0.002382,0,0,0,0,0,0.13028,0,0,0,0,0,0.336557586,0.031454108,0
51,250,49.552,3128.891607,197922.0819,0,0,0,0.27226,0,0,0,0,0,0,0.151728,0,0.336557586,0.031454108,0
51,250,49.552,3128.891607,197922.0819,0,0,0,0.001493,0,0,0.13028,0,0,0,0,0,0.336557586,0.031454108,0
51,250,49.552,3128.891607,197922.0819,0.017603,0,0,4.4257,0.008333,0,3.4784,0,0,0,9.1953,0,0.336557586,0.031454108,0
51,250,49.552,3128.891607,197922.0819,0.012671,0,0,0,0,0,0,0,0,0,0.292407,0,0.336557586,0.031454108,0
51,250,49.552,3128.891607,197922.0819,43.218,0,0,0,0.00524,0,0,0,0,0,39.096,0,0.336557586,0.031454108,0
51,250,49.552,3128.891607,197922.0819,0.008333,0,0,2.5863,0,0,0,0,0,0,15.3204,0,0.336557586,0.031454108,0
51,250,49.552,3128.891607,197922.0819,0.011297,0,0,0.01254,0,0,0,0,0,0,23.3337,0,0.336557586,0.031454108,0
51,250,49.552,3128.891607,197922.0819,0.016858,0,0,0,0,12.891,0,0,0,0,9.1953,0,0.336557586,0.031454108,0
51,250,49.552,3128.891607,197922.0819,3.0031,0,0,0,0.000688,0,0.13028,0,0,0,0.151728,0,0.336557586,0.031454108,0
51,250,49.552,3128.891607,197922.0819,2.2256,0,0,0,0,0,0,0,0,0,0,0,0.336557586,0.031454108,0
51,250,49.552,3128.891607,197922.0819,0.00524,0,0,0.007697,0,0,0,0,0,0,0.42399,0,0.336557586,0.031454108,0
51,250,49.552,3128.891607,197922.0819,0.41786,0,0,0.014206,0.010507,0,0,0,0,0,0,0,0.336557586,0.031454108,0
51,250,49.552,3128.891607,197922.0819,0,0,0,0,3.2358,0,0,0,0,0,1.65174,0,0.336557586,0.031454108,0
51,250,49.552,3128.891607,197922.0819,15.758,0,0.015499,0,0.00062,0,0,0,0,0,18.0318,0,0.336557586,0.031454108,0
51,250,49.552,3128.891607,197922.0819,0.011203,0,0,0.88687,0,0,0,0,0,0,0,0,0.336557586,0.031454108,0
51,250,49.552,3128.891607,197922.0819,0.17094,0,0,32.687,3.3777,0,0,0,0,0,0,0,0.336557586,0.031454108,0
51,250,49.552,3128.891607,197922.0819,0,0,0,0.58718,0,0,0,0,0,0,0.151728,0,0.336557586,0.031454108,0
51,250,49.552,3128.891607,197922.0819,0.01332,0,0,0.0012795,0.25607,0.005269,0,0,0,0,0.151728,0,0.336557586,0.031454108,0
51,250,49.552,3128.891607,197922.0819,0.00524,0,0,0,0.001267,0,0,0,0,0,0,0,0.336557586,0.031454108,0
51,250,49.552,3128.891607,197922.0819,0,0,0,0,1.8144,0,0,0,0,0,9.6318,0,0.336557586,0.031454108,0
51,250,49.552,3128.891607,197922.0819,0.008333,0,0,10.898,0,0,72.717,0,0,0,87.522,0,0.336557586,0.031454108,0
51,250,49.552,3128.891607,197922.0819,46.878,0,0,0,0,0,0,0,0,0,0.151728,0,0.336557586,0.031454108,0
51,250,49.552,3128.891607,197922.0819,0.67038,0,0,0,0.031711,0,0,0,0,0,17.2929,0,0.336557586,0.031454108,0
51,250,49.552,3128.891607,197922.0819,0.042136,0,0,0.00387,0.008333,0.78029,0,0,0,0,0.278526,0,0.336557586,0.031454108,0
51,250,49.552,3128.891607,197922.0819,3.3665,0,0,0,80.307,0.88402,0,0,0,0,0,0,0.336557586,0.031454108,0
51,250,49.552,3128.891607,197922.0819,12.994,0,0,0,0,0,0,0,0,0,0.151728,0,0.336557586,0.031454108,0
51,250,49.552,3128.891607,197922.0819,23.064,0,0,0.014341,0.005395,0,0,0,0,0,0,0,0.336557586,0.031454108,0
51,250,49.552,3128.891607,197922.0819,0.008333,0,0,0,0,0,0,0,0,0,0.151728,0,0.336557586,0.031454108,0
51,250,49.552,3128.891607,197922.0819,0,0,0,0,0.13592,0,0,0,0,0,28.0509,0,0.336557586,0.031454108,0
51,250,49.552,3128.891607,197922.0819,0.008332,0,0,0,6.4838,0,0,0,0,0,0,0,0.336557586,0.031454108,0
51,250,49.552,3128.891607,197922.0819,0.008333,0,0,0,0,0,0,0,0,0,0.151728,0,0.336557586,0.031454108,0
51,250,49.552,3128.891607,197922.0819,11.135,0,0,244.5,0,0,0,0,0,0,0.151728,0,0.336557586,0.031454108,0
51,250,49.552,3128.891607,197922.0819,0,0,0,0,0.030964,0.77921,0,0,0,0,16.0221,0,0.336557586,0.031454108,0
51,250,49.552,3128.891607,197922.0819,0.010122,0,0,0,1.1039,0,0,0,0,0,107.403,0,0.336557586,0.031454108,0
51,250,49.552,3128.891607,197922.0819,0.43058,0,0,0,0,0.77921,0,0,0,0,1.62018,0,0.336557586,0.031454108,0
51,250,49.552,3128.891607,197922.0819,0,0,0.005704,0.044269,0,0,0,0.21824,0,0,68.145,0,0.336557586,0.031454108,0
51,250,49.552,3128.891607,197922.0819,0,0,0,0,0.008333,0,0,0,0,0,0.151728,0,0.336557586,0.031454108,0
51,250,49.552,3128.891607,197922.0819,0,0,0,0,0.007697,0,0,0,0,0,0.151728,0,0.336557586,0.031454108,0
51,250,49.552,3128.891607,197922.0819,0.01048,0,0,0,0,0,0,0,0,0,0.151728,0,0.336557586,0.031454108,0
51,250,49.552,3128.891607,197922.0819,0,0,0,0.008333,0.353,0,0,0,0,0,0,0,0.336557586,0.031454108,0
51,250,49.552,3128.891607,197922.0819,50.278,0,0,0,52.779,0,0,0,0,0,0.151728,0,0.336557586,0.031454108,0
51,250,49.552,3128.891607,197922.0819,6.8591,0,0,0.16809,0.008333,0,130.49,0,0,0,5.1363,0,0.336557586,0.031454108,0
51,250,49.552,3128.891607,197922.0819,0,0,0,0,0,4.8967,0,0,0,0,0.292407,0,0.336557586,0.031454108,0
51,250,49.552,3128.891607,197922.0819,0.90611,0,0,2.2017,1.8144,0,0,0,0,0,0.151728,0,0.336557586,0.031454108,0
51,250,49.552,3128.891607,197922.0819,0,0,0,0,0.001669,0,0,0,0,0,0.73911,0,0.336557586,0.031454108,69.06097561
51,250,49.552,3128.891607,197922.0819,2.6701,0,0,0,0,0,0,0,0,0,0.151728,0,0.336557586,0.031454108,0
51,250,49.552,3128.891607,197922.0819,0.008332,0,0,0,0,0,31.748,0,0,0,0.241728,0,0.336557586,0.031454108,0
51,250,49.552,3128.891607,197922.0819,0.009056,0,0,0,0,0,0.13028,0,0,0,5.0757,0,0.336557586,0.031454108,0
51,250,49.552,3128.891607,197922.0819,0.008335,0,0,0,0.14993,0,0,0,0,0,73.296,0,0.336557586,0.031454108,0
51,250,49.552,3128.891607,197922.0819,0.001493,0,0,244.5,6.873,0,0.13028,0,0,0,1.52439,0,0.336557586,0.031454108,0
51,250,49.552,3128.891607,197922.0819,14.875,0,0,0.008333,0,0,0,0,0,0,0,0,0.336557586,0.031454108,0
51,250,49.552,3128.891607,197922.0819,0,0,0,0,0,0.005198,0,0,0,0,28.113,0,0.336557586,0.031454108,0
51,250,49.552,3128.891607,197922.0819,0.29003,0,0,0,0.008333,0,0,0,0,0,0,0,0.336557586,0.031454108,0
51,250,49.552,3128.891607,197922.0819,0.001434,0,0,0,0,0,0.42744,0,0,0,1.17432,0,0.336557586,0.031454108,0
51,250,49.552,3128.891607,197922.0819,0.048638,0,0,1.2811,0,0,0,0,0,0,0,0,0.336557586,0.031454108,0
51,250,49.552,3128.891607,197922.0819,0,0,0,0,0,0.79321,0,0,0,0,0.273018,0,0.336557586,0.031454108,0
51,250,49.552,3128.891607,197922.0819,0.012671,0,1.4218,0,0.086094,0,5.6931,0,0,0,0.151728,0,0.336557586,0.031454108,0
51,250,49.552,3128.891607,197922.0819,0.00524,0,0,0.040507,0,0,18.961,0,0,0,0.151728,0,0.336557586,0.031454108,0
51,250,49.552,3128.891607,197922.0819,0,0,0,0,0,0,0,0,0,0,0.84174,0,0.336557586,0.031454108,0
51,250,49.552,3128.891607,197922.0819,0.002868,0,0,0,0,0.78866,0,0,0,0,0,0,0.336557586,0.031454108,0
51,250,49.552,3128.891607,197922.0819,0.010521,0,0,0,0.020274,0.79482,0,0,0,0,0,0,0.336557586,0.031454108,0
51,250,49.552,3128.891607,197922.0819,4.6688,0,0,0.003539,0.0094528,0,0.13028,0,0,0,11.6058,0,0.336557586,0.031454108,0
51,250,49.552,3128.891607,197922.0819,14.875,0,0,0.36044,0.98255,0,0,0,0,0,4.5198,0,0.336557586,0.031454108,0
51,250,49.552,3128.891607,197922.0819,0.39409,0,0,0,0,0,0,0,0,0,4.9119,0,0.336557586,0.031454108,0
51,250,49.552,3128.891607,197922.0819,46.059,0,0,0,0,0,0,0,0,0,0.151728,0,0.336557586,0.031454108,0
51,250,49.552,3128.891607,197922.0819,0.025372,0,0,0,0.032706,0,0,0,0,0,4.6029,0,0.336557586,0.031454108,0
51,250,49.552,3128.891607,197922.0819,198.15,0,0,0.008333,0,0,0,0,0,0,1.02366,0,0.336557586,0.031454108,0
51,250,49.552,3128.891607,197922.0819,0.005769,0,0,0,0.0014495,0,0,0,0,0,7.6818,0,0.336557586,0.031454108,0
51,250,49.552,3128.891607,197922.0819,0,0,0,0,0,0,0.42744,0,0,0,18.9018,0,0.336557586,0.031454108,0
51,250,49.552,3128.891607,197922.0819,0.0021738,0,0,0,0.007148,0,0,0,0,0,0.151728,0,0.336557586,0.031454108,0
51,250,49.552,3128.891607,197922.0819,0,0,0,0,6.2437,0,0.13028,0,0,0,1.97832,0,0.336557586,0.031454108,0
51,250,49.552,3128.891607,197922.0819,0,0,0,0,0,0.77921,0,0,0,0,0,0,0.336557586,0.031454108,0
51,250,49.552,3128.891607,197922.0819,0.010122,0,0,61.793,0,0,0,0,0,0,2.6481,0,0.336557586,0.031454108,0
51,250,49.552,3128.891607,197922.0819,0.011527,0,0,0,0,0,0,0,0,0,2.34936,0,0.336557586,0.031454108,0
51,250,49.552,3128.891607,197922.0819,1.8905,0,0,0.00524,0,12.891,439.12,0,0,0,21.2118,0,0.336557586,0.031454108,0
51,250,49.552,3128.891607,197922.0819,0,0,0,0,11.73,0,9.1898,0,0,0,0.151728,0,0.336557586,0.031454108,0
51,250,49.552,3128.891607,197922.0819,0,0,0,0.003538,0,0,0,0,0,0,0.151728,0,0.336557586,0.031454108,0
51,250,49.552,3128.891607,197922.0819,0.026942,0,0,0,1.6408,0,0,0,0,0,0.151728,0,0.336557586,0.031454108,0
51,250,49.552,3128.891607,197922.0819,2.3556,0,0,0,0,0,0,0,0,0,2.6931,0,0.336557586,0.031454108,0
51,250,49.552,3128.891607,197922.0819,0,0,0,0,0,10.661,0,0,0,0,0.278526,0,0.336557586,0.031454108,0
51,250,49.552,3128.891607,197922.0819,7.2682,0,0,0,0,12.855,30.977,0,0,0,1.91388,0,0.336557586,0.031454108,0
51,250,49.552,3128.891607,197922.0819,198.15,0,0,46.554,0,0.7828,0,0,0,0,0.151728,0,0.336557586,0.031454108,0
51,250,49.552,3128.891607,197922.0819,0.0097027,0,0,0.030965,0.016895,0,0,0,0,0,1.62018,0,0.336557586,0.031454108,0
51,250,49.552,3128.891607,197922.0819,0.001434,0,0,0,0.008333,0,0,0,0,0,6.108,0,0.336557586,0.031454108,0
51,250,49.552,3128.891607,197922.0819,0,0,0,0.11621,11.167,0,0,0,0,0,0.151728,0,0.336557586,0.031454108,0
51,250,49.552,3128.891607,197922.0819,189.16,0,0,0.0306,0.008333,0,0,0,0,0,0.204657,0,0.336557586,0.031454108,0
51,250,49.552,3128.891607,197922.0819,1.6744,0,0,0,0,0,0,0,0,0,0.151728,0,0.336557586,0.031454108,0
51,250,49.552,3128.891607,197922.0819,0.00644,0,0,0,0,0,0,0,0,0,0.151728,0,0.336557586,0.031454108,0
51,250,49.552,3128.891607,197922.0819,0.00524,0,0,0.008333,0,0,0,0,0,0,18.723,0,0.336557586,0.031454108,0
51,250,49.552,3128.891607,197922.0819,8.1913,0,0,0.40202,0.008333,0,0,0,0,0,0,0,0.336557586,0.031454108,0
51,250,49.552,3128.891607,197922.0819,0,0,0,0,0,0,0,0,0,0,2.96682,0,0.336557586,0.031454108,0
51,250,49.552,3128.891607,197922.0819,0.4515,0,0,0,0,0,0,0,0,0,1.17432,0,0.336557586,0.031454108,0
51,250,49.552,3128.891607,197922.0819,0.76883,0,0,0,4.4409,0,0,0,0,0,61.47,0,0.336557586,0.031454108,0
51,250,49.552,3128.891607,197922.0819,0.00524,0,0,0.005239,0,0,0,0,0,0,0.151728,0,0.336557586,0.031454108,0
51,250,49.552,3128.891607,197922.0819,0,0,0,0.008333,0.003822,0.008333,0,0,0,0,0.151728,0,0.336557586,0.031454108,0
51,250,49.552,3128.891607,197922.0819,0.22639,0,0,0,0.002741,0,0,0,0,0,1.42239,0,0.336557586,0.031454108,0
51,250,49.552,3128.891607,197922.0819,0,0,0,0.008333,0,0,0,0,0,0,0.31755,0,0.336557586,0.031454108,0
51,250,49.552,3128.891607,197922.0819,0,0,0,0.008333,0.002031,0,0,0,0,0,0.78174,0,0.336557586,0.031454108,0
51,250,49.552,3128.891607,197922.0819,0.0066265,0,0,0.9504,10.115,0,0,0,0.008333,0,0.151728,0,0.336557586,0.031454108,0
51,250,49.552,3128.891607,197922.0819,6.87,0,0,0,0.005239,0,0,0,0,0,0,0,0.336557586,0.031454108,0
51,250,49.552,3128.891607,197922.0819,0,0,0,0.041531,0.14105,0.002774,0,0,0,0,0,0,0.336557586,0.031454108,0
51,250,49.552,3128.891607,197922.0819,0.00524,0,0,0,2.2481,0,0,0,0,0,0.151728,0,0.336557586,0.031454108,0
51,250,49.552,3128.891607,197922.0819,0.17903,0,0,0.007148,0,0,0,0,0,0,0.271128,0,0.336557586,0.031454108,0
51,250,49.552,3128.891607,197922.0819,0,0,0,0,0,0,0,0,0,0,0.151728,0,0.336557586,0.031454108,0
51,250,49.552,3128.891607,197922.0819,0,0,0,0,0.030964,0,0,0,0,0,0,0,0.336557586,0.031454108,0
51,250,49.552,3128.891607,197922.0819,0.008333,0,0,0.007697,0,0,0,0,0,0,8.3928,0,0.336557586,0.031454108,0
51,250,49.552,3128.891607,197922.0819,3.2227,0,0,0,21.429,0,0,0,0,0,0,0,0.336557586,0.031454108,0
51,250,49.552,3128.891607,197922.0819,0,0,0,0,0.022119,0,0,0,0,0,12.8901,0,0.336557586,0.031454108,0
51,250,49.552,3128.891607,197922.0819,0.034133,0,0,4.3441,8.0698,0,0,0,0,0,0.151728,0,0.336557586,0.031454108,0
51,250,49.552,3128.891607,197922.0819,0.82366,0,0,0.008333,7.7396,4.1439,0,0,0,0,0.73911,0,0.336557586,0.031454108,0
51,250,49.552,3128.891607,197922.0819,0.49815,0,0,0.58718,0,0,0,0,0,0,0,0,0.336557586,0.031454108,0
51,250,49.552,3128.891607,197922.0819,0.039743,0,0,0,0,0,0,0,0,0,0.151728,0,0.336557586,0.031454108,0
51,250,49.552,3128.891607,197922.0819,0,0,0,0,20.653,0,0,0,0,0,68.145,0,0.336557586,0.031454108,0
51,250,49.552,3128.891607,197922.0819,40.517,0,0,0,0.008333,0,0,0,0,0,29.7048,0,0.336557586,0.031454108,0
51,250,49.552,3128.891607,197922.0819,0,0,0,0,0,0,0,0,0,0,0.151728,0,0.336557586,0.031454108,0
51,250,49.552,3128.891607,197922.0819,0.19126,0,0,2.9167,0.00524,0,0.13028,0,0,0,1.97832,0,0.336557586,0.031454108,0
51,250,49.552,3128.891607,197922.0819,0.0062156,0,0,0,0,0,0,0,0,0,43.863,0,0.336557586,0.031454108,0
51,250,49.552,3128.891607,197922.0819,0.0067817,0,0,0.038288,0,0,0,0,0,0,0.36174,0,0.336557586,0.031454108,0
51,250,49.552,3128.891607,197922.0819,0,0,0,0,0,0,0,0,0,0,4.4403,0,0.336557586,0.031454108,0
51,250,49.552,3128.891607,197922.0819,23.582,0,0,0,26.765,0,0,0,0,0,1.10577,0,0.336557586,0.031454108,0
51,250,49.552,3128.891607,197922.0819,0,0,0,0,0,0,0,0,0,0,0.151728,0,0.336557586,0.031454108,0
51,250,49.552,3128.891607,197922.0819,0,0,0,0,0.00524,0.28057,0,1.0646,0,0,0.151728,0,0.336557586,0.031454108,0
51,250,49.552,3128.891607,197922.0819,0.011679,0,0,0.41548,0,0,0,0,0,0,0.151728,0,0.336557586,0.031454108,0
51,250,49.552,3128.891607,197922.0819,0.008333,0,0,0,26.765,0.25468,172.66,0,0,0,0,0,0.336557586,0.031454108,0
51,250,49.552,3128.891607,197922.0819,0.060379,0,0,0,0,1.692,0,0,0,0,11.682,0,0.336557586,0.031454108,0
51,250,49.552,3128.891607,197922.0819,0.013573,0,0,0,0,0,0,0,0,0,0.151728,0,0.336557586,0.031454108,0
51,250,49.552,3128.891607,197922.0819,0,0,0,0,0.0072705,0,0,0,0,0,0,0,0.336557586,0.031454108,0
51,250,49.552,3128.891607,197922.0819,0.014773,0,0,0,0,0,0.059897,0,0,0,28.1349,0,0.336557586,0.031454108,0
51,250,49.552,3128.891607,197922.0819,0.034133,0,0,0,0,0,0,0,0,0,50.673,0,0.336557586,0.031454108,0
51,250,49.552,3128.891607,197922.0819,0.013573,0,0,77.417,43.562,0,0.74966,0,0,0,0.151728,0,0.336557586,0.031454108,3.158536585
51,250,49.552,3128.891607,197922.0819,3.5296,0,0,6.6309,0,0,0,0,0,0,0,0,0.336557586,0.031454108,0
51,250,49.552,3128.891607,197922.0819,0.000124,0,0,0.48282,0,0,0,0,0,0,0.151728,0,0.336557586,0.031454108,0
51,250,49.552,3128.891607,197922.0819,0,0,0,0,0.010507,0,0,0,0,0,0.151728,0,0.336557586,0.031454108,0
51,250,49.552,3128.891607,197922.0819,0,0,0,0.007328,0,0,0,0,0,0,0.151728,0,0.336557586,0.031454108,0
51,250,49.552,3128.891607,197922.0819,2.1218,0,0,0,0,0,295.04,0,0,0,0.151728,0,0.336557586,0.031454108,0
51,250,49.552,3128.891607,197922.0819,0.000251,0,0,0,0,0.10235,0,0,0,0,0.151728,0,0.336557586,0.031454108,0
51,250,49.552,3128.891607,197922.0819,0,0,0,0.033648,0,0,0,0,0,0,0.278532,0,0.336557586,0.031454108,0
51,250,49.552,3128.891607,197922.0819,0,0,0,0,0.007102,0,0.67053,0,0,0,13.1718,0,0.336557586,0.031454108,0
51,250,49.552,3128.891607,197922.0819,0.00524,0,0,0.007102,9.8934,0,0,0,0,0,0,0,0.336557586,0.031454108,71.2804878
51,250,49.552,3128.891607,197922.0819,0,0,0,0.011652,0.10115,0,0,0,0,0,0,0,0.336557586,0.031454108,0
51,250,49.552,3128.891607,197922.0819,0,0,0,0.003346,0,13.237,0,0,0,0,3.8823,0,0.336557586,0.031454108,0
51,250,49.552,3128.891607,197922.0819,0.3067,0,0,0.011201,0,0,0,0,0,0,11.0037,0,0.336557586,0.031454108,0
51,250,49.552,3128.891607,197922.0819,0.03314,0,0,0.026977,0.00062,0,0,0,0,0,0.273018,0,0.336557586,0.031454108,0
51,250,49.552,3128.891607,197922.0819,0.08383,0,0,0,0.0099455,0,0,0,0,0,2.6481,0,0.336557586,0.031454108,0
51,250,49.552,3128.891607,197922.0819,0.18674,0,0,0.0094528,0,0,0,0,0,0,0,0,0.336557586,0.031454108,0
51,250,49.552,3128.891607,197922.0819,0.008333,0,0,11.552,0.0094073,0,0,0,0,0,15.9147,0,0.336557586,0.031454108,0
51,250,49.552,3128.891607,197922.0819,0.018596,0,0,0,1.0171,0,0,0,0,0,0,0,0.336557586,0.031454108,0
51,250,49.552,3128.891607,197922.0819,0.003538,0,0,3.7171,0,0.57086,0,0,0,0,66.003,0,0.336557586,0.031454108,0
51,250,49.552,3128.891607,197922.0819,6.0303,0,0,0,0,0,0,0,0,0,0.151728,0,0.336557586,0.031454108,0
51,250,49.552,3128.891607,197922.0819,0.008333,0,0,0.008333,0.008333,0,0,0,0,0,1.08339,0,0.336557586,0.031454108,0
51,250,49.552,3128.891607,197922.0819,0.018338,0,0,0.000716,0,0,0,0,0,0,0.273324,0,0.336557586,0.031454108,0
51,250,49.552,3128.891607,197922.0819,0,0,0,0.008336,0,0.59584,0,0,0,0,4.2768,0,0.336557586,0.031454108,0
51,250,49.552,3128.891607,197922.0819,0.003538,0,0,1.7274,0.008333,0,0,0,0,0,0,0,0.336557586,0.031454108,0
51,250,49.552,3128.891607,197922.0819,0,0,0,0.12252,0.007328,0,0,0,0,0,81.042,0,0.336557586,0.031454108,0
51,250,49.552,3128.891607,197922.0819,13.81,0,0,0,0,0.069446,15.481,0,0,0,28.0509,0,0.336557586,0.031454108,0
51,250,49.552,3128.891607,197922.0819,2.9666,0,0,2.8113,18.998,0,0,0,0,0,12.2682,0,0.336557586,0.031454108,0
51,250,49.552,3128.891607,197922.0819,0,0,0,0,4.4409,0,0,0,0,0,0.151728,0,0.336557586,0.031454108,0
51,250,49.552,3128.891607,197922.0819,0.00824,0,0.005549,0,0,0.77921,0,0,0,0,0.151728,0,0.336557586,0.031454108,0
51,250,49.552,3128.891607,197922.0819,0,0,0.42907,0,0,0,0,0,0,0,0.151728,0,0.336557586,0.031454108,0
51,250,49.552,3128.891607,197922.0819,0.03314,0,5.8559,2.7097,0.008333,0,0,0,0,0,0,0,0.336557586,0.031454108,0
51,250,49.552,3128.891607,197922.0819,55.389,0,0,0,1.2446,0,0,0,0,0,0,0,0.336557586,0.031454108,0
51,250,49.552,3128.891607,197922.0819,0,0,0,0,0.013746,0,0,0,0,0,0.151728,0,0.336557586,0.031454108,0
51,250,49.552,3128.891607,197922.0819,0,0,0,208.31,2.557,0,0,0,0,0,0.151728,0,0.336557586,0.031454108,0
51,250,49.552,3128.891607,197922.0819,0.0097975,0,0,0,0,0,0,0,0,0,32.442,0,0.336557586,0.031454108,0
51,250,49.552,3128.891607,197922.0819,1.1394,0,0.1054,62.543,0,0,0,0,0,0,0.275769,0,0.336557586,0.031454108,0
51,250,49.552,3128.891607,197922.0819,0.061767,0,0,0,0,0.16347,0.008333,0,0,0,8.7318,0,0.336557586,0.031454108,0
51,250,49.552,3128.891607,197922.0819,0.49815,0,0,20.449,0,0,184.38,0,0,0,0,0,0.336557586,0.031454108,0
51,250,49.552,3128.891607,197922.0819,0.039743,0,0,3.4325,0,0,0,0,0,0,1.88184,0,0.336557586,0.031454108,0
51,250,49.552,3128.891607,197922.0819,0,0,0,0,0.012187,0,0,0,0,0,0,0,0.336557586,0.031454108,0
51,250,49.552,3128.891607,197922.0819,0,0,0,24.36,0.008475,0,0,0,0,0,15.3204,0,0.336557586,0.031454108,0
51,250,49.552,3128.891607,197922.0819,0,0,0,0,10.115,0,0,0,0,0,0,0,0.336557586,0.031454108,0
51,250,49.552,3128.891607,197922.0819,1.1189,0,0,0,0,0,0,0,0,0,0.151728,0,0.336557586,0.031454108,0
51,250,49.552,3128.891607,197922.0819,0,0,0,0,0,0,0,0,0,0,0.151728,0,0.336557586,0.031454108,0
51,250,49.552,3128.891607,197922.0819,0,0,0,0.008333,5.7523,0,0,0,0,0,41.715,0,0.336557586,0.031454108,0
51,250,49.552,3128.891607,197922.0819,14.661,0,0,0,26.765,0,0.093171,0,0,0,0,0,0.336557586,0.031454108,0
51,250,49.552,3128.891607,197922.0819,0,0,0,0.001434,0,0,0,0,0,0,0,0,0.336557586,0.031454108,0
51,250,49.552,3128.891607,197922.0819,0,0,0,0.0068531,0,0,0,0,0,0,0.151728,0,0.336557586,0.031454108,0
51,250,49.552,3128.891607,197922.0819,0,0,0,0.001677,2.1767,0,0,0,0,0,0,0,0.336557586,0.031454108,0
51,250,49.552,3128.891607,197922.0819,0.008333,0,0,0.000739,0,0,0,0,0,0,0.151728,0,0.336557586,0.031454108,0
51,250,49.552,3128.891607,197922.0819,0.008333,0,0.01084,0,0.1136,0,0,0,0,0,0.151728,0,0.336557586,0.031454108,0
51,250,49.552,3128.891607,197922.0819,0,0,0,0,0.84234,0,0,0,0,0,8.5524,0,0.336557586,0.031454108,0
51,250,49.552,3128.891607,197922.0819,0,0,0,0.67703,0,0.032076,0,0,0,0,0,0,0.336557586,0.031454108,0
51,250,49.552,3128.891607,197922.0819,0.034521,0,0,0.01836,0,0,0,0,0,0,0.151728,0,0.336557586,0.031454108,0
51,250,49.552,3128.891607,197922.0819,0.002031,0,0,0,0,0,0,0,0,0,68.145,0,0.336557586,0.031454108,0
51,250,49.552,3128.891607,197922.0819,0,0,0,2.5863,0,0,0,0,0,0,0.286419,0,0.336557586,0.031454108,0
51,250,49.552,3128.891607,197922.0819,0,0,0,0,0,0,0,0,0,0,21.2118,0,0.336557586,0.031454108,0
51,250,49.552,3128.891607,197922.0819,0,0,0,0,0,0,0,0,0,0,0,0,0.336557586,0.031454108,0
51,250,49.552,3128.891607,197922.0819,0,0,0,0,0,0,0,0,0,0,0.279822,0,0.336557586,0.031454108,0
51,250,49.552,3128.891607,197922.0819,1.898,0,0,0,0.88295,0,0,0,0,0,0,0,0.336557586,0.031454108,0
51,250,49.552,3128.891607,197922.0819,0.00524,0,0,0.022218,0,0,0.021726,0,0,0,0,0,0.336557586,0.031454108,0
51,250,49.552,3128.891607,197922.0819,0.00014,0,0,0.000688,0.15682,0.05486,0,0,0,0,8.7918,0,0.336557586,0.031454108,39.95121951
51,250,49.552,3128.891607,197922.0819,0,0,0,0.0088426,20.177,0,0,0,0,0,2.10972,0,0.336557586,0.031454108,0
51,250,49.552,3128.891607,197922.0819,0.001009,0,0,0,0,20.64,0,0.78445,0,0,10.4415,0,0.336557586,0.031454108,0
51,250,49.552,3128.891607,197922.0819,6.8591,0,0,1.8563,0,0.77921,0,0,0,0,4.4313,0,0.336557586,0.031454108,0
51,250,49.552,3128.891607,197922.0819,0,0,0,0.086213,0,0,0,0,0,0,0.151728,0,0.336557586,0.031454108,0
51,250,49.552,3128.891607,197922.0819,0,0,0,0,0,0,0,0,0,0,41.634,0,0.336557586,0.031454108,0
51,250,49.552,3128.891607,197922.0819,0,0,0.80135,0,0,0,0,0,0,0,0,0,0.336557586,0.031454108,0
51,250,49.552,3128.891607,197922.0819,0.3267,0,0,0,0.0001405,1.5743,0,0,0,0,6.8079,0,0.336557586,0.031454108,0
51,250,49.552,3128.891607,197922.0819,0.008333,0,0,0,2.5837,0.026145,26.543,0,0,0,0,0,0.336557586,0.031454108,0
51,250,49.552,3128.891607,197922.0819,0.98086,0,0,0,0.00524,0,0,0,0,0,0,0,0.336557586,0.031454108,0
51,250,49.552,3128.891607,197922.0819,49.011,0,0,0,0,0,0,0,0,0,0,0,0.336557586,0.031454108,0
51,250,49.552,3128.891607,197922.0819,0.72108,0,0.79843,0.040274,0.003538,0,0.13028,0,0,0,0,0,0.336557586,0.031454108,0
51,250,49.552,3128.891607,197922.0819,0.002784,0,0,0,0.90312,0,0,0,0,0,0.151728,0,0.336557586,0.031454108,0
51,250,49.552,3128.891607,197922.0819,0.039743,0,0,0.007328,0.00062,0,0,0,0,0,0,0,0.336557586,0.031454108,0
51,250,49.552,3128.891607,197922.0819,0.85316,0,0,0,0.050892,0,0,0,0,0,0.151728,0,0.336557586,0.031454108,0
51,250,49.552,3128.891607,197922.0819,0,0,0,0.021906,0,0,0,0,0,0,0.151728,0,0.336557586,0.031454108,0
51,250,49.552,3128.891607,197922.0819,0.008333,0,0,0,0.002031,0,0,0,0,0,0,0,0.336557586,0.031454108,0
51,250,49.552,3128.891607,197922.0819,0,0,0,0.013976,0.031711,0,0,0,0,0,0.151728,0,0.336557586,0.031454108,0
51,250,49.552,3128.891607,197922.0819,6.2048,0,0,0,0.000063,0,0,0,0,0,0,0,0.336557586,0.031454108,0
51,250,49.552,3128.891607,197922.0819,0.005769,0,0,0,0,0,0,0,0,0,0.151728,0,0.336557586,0.031454108,0
51,250,49.552,3128.891607,197922.0819,0,0,0,0,1.5099,0,0,0,0,0,0.241728,0,0.336557586,0.031454108,0
51,250,49.552,3128.891607,197922.0819,0.000739,0,0,0.021603,0.012452,0,0,0,0,0,0.77829,0,0.336557586,0.031454108,0
51,250,49.552,3128.891607,197922.0819,0.11399,0,0,0.01048,0,0.56078,0,0,0,0,0,0,0.336557586,0.031454108,0
51,250,49.552,3128.891607,197922.0819,0.15204,0,0,0,0.008333,0.77802,0,0,0,0,21.2118,0,0.336557586,0.031454108,0
51,250,49.552,3128.891607,197922.0819,1.2894,0,0,10.744,0,0,338.29,0,0,0,0,0,0.336557586,0.031454108,0
51,250,49.552,3128.891607,197922.0819,0,0,0,0.011941,0,0,0,0,0,0,8.7318,0,0.336557586,0.031454108,0
51,250,49.552,3128.891607,197922.0819,0,0,0,0.025929,0,0,0,0,0,0,0.151728,0,0.336557586,0.031454108,0
51,250,49.552,3128.891607,197922.0819,0,0,0,0,0,0,0,0,0,0,35.547,0,0.336557586,0.031454108,0
51,250,49.552,3128.891607,197922.0819,0,0,0,0.008336,0,0,0,0,0,0,2.96682,0,0.336557586,0.031454108,0
51,250,49.552,3128.891607,197922.0819,0.5201,0,0,0,0,0,0.008333,0,0,0,0,0,0.336557586,0.031454108,0
51,250,49.552,3128.891607,197922.0819,0.008333,0,0,0,8.3856,0,0,0,0,0,0.151728,0,0.336557586,0.031454108,0
51,250,49.552,3128.891607,197922.0819,1.5374,0,0,0.55992,0,0,0,0,0,0,0.151728,0,0.336557586,0.031454108,0
51,250,49.552,3128.891607,197922.0819,0,0,0,4.3923,0,0,0,0,0,0,8.5644,0,0.336557586,0.031454108,0
51,250,49.552,3128.891607,197922.0819,0.071675,0,0.009348,0,0,0,0,0,0,0,50.673,0,0.336557586,0.031454108,0
51,250,49.552,3128.891607,197922.0819,0.0097975,0,0,0,0,0,0.59876,0,0,0,41.715,0,0.336557586,0.031454108,0
51,250,49.552,3128.891607,197922.0819,0,0,0,2.2017,0.12938,0,0,0,0,0,0.286086,0,0.336557586,0.031454108,0
51,250,49.552,3128.891607,197922.0819,0.0094073,0,0,0.008333,13.034,0,0,0,0,0,0,0,0.336557586,0.031454108,0
51,250,49.552,3128.891607,197922.0819,0,0,0,0.005239,0,0,0,0,0,0,1.63956,0,0.336557586,0.031454108,0
51,250,49.552,3128.891607,197922.0819,0,0,0,0,0,0,29.564,0,0,0,0,0,0.336557586,0.031454108,0
51,250,49.552,3128.891607,197922.0819,0.00644,0,0,0,0.88295,0,0,0,0,0,8.5644,0,0.336557586,0.031454108,0
51,250,49.552,3128.891607,197922.0819,0.44516,0,0,0,0,0,0,0,0,0,6.2754,0,0.336557586,0.031454108,0
51,250,49.552,3128.891607,197922.0819,0,0,0,0,0,0,0.021726,0,0,0,0,0,0.336557586,0.031454108,0
51,250,49.552,3128.891607,197922.0819,0.00062,0,0,0.008333,0,2.0371,0,0,0,0,0,0,0.336557586,0.031454108,0
51,250,49.552,3128.891607,197922.0819,0.00021,0,9.5147,0.00524,0.24663,5.0308,0,0,0,0,66.003,0,0.336557586,0.031454108,0
51,250,49.552,3128.891607,197922.0819,0.012568,0,0,0,2.8291,0,18.658,0,0,0,0.151728,0,0.336557586,0.031454108,0
51,250,49.552,3128.891607,197922.0819,0.20881,0,0,0,0,0,0,0,0,0,8.5434,0,0.336557586,0.031454108,0
51,250,49.552,3128.891607,197922.0819,1.4804,0,0,0,0,0,0,0,0,0,0.151728,0,0.336557586,0.031454108,0
51,250,49.552,3128.891607,197922.0819,0,0,0,0.55992,0.024251,0,0,0,0,0,11.5818,0,0.336557586,0.031454108,0
51,250,49.552,3128.891607,197922.0819,0,0,0,19.222,76.072,0,0,0,0,0,0.151728,0,0.336557586,0.031454108,0
51,250,49.552,3128.891607,197922.0819,0.1613,0,0,0.65249,0.013973,0.77921,0,0,0,0,14.3958,0,0.336557586,0.031454108,0
51,250,49.552,3128.891607,197922.0819,0.012568,0,27.713,0.049787,0.007328,0,0,0,0,0,78.063,0,0.336557586,0.031454108,0
51,250,49.552,3128.891607,197922.0819,0,0,0,7.1341,0,0,13.556,0,0,0,0,0,0.336557586,0.031454108,0
51,250,49.552,3128.891607,197922.0819,0.00524,0,0,0.002508,0.030662,0,0,0,0,0,0.286419,0,0.336557586,0.031454108,0
51,250,49.552,3128.891607,197922.0819,0,0,1.6293,0.01391,0,0,0,0,0,0,0,0,0.336557586,0.031454108,0
51,250,49.552,3128.891607,197922.0819,0,0,0.17444,0,0.00524,0.79482,0,0,0,0,0.86343,0,0.336557586,0.031454108,0
51,250,49.552,3128.891607,197922.0819,0.0088426,0,0,0,0,1.5701,0,0,0,0,2.39871,0,0.336557586,0.031454108,0
51,250,49.552,3128.891607,197922.0819,0,0,0,0,5.7523,0,0,0,0,0,0.151728,0,0.336557586,0.031454108,0
51,250,49.552,3128.891607,197922.0819,0,0,0,0.015552,0,0,0,0,0,0,0,0,0.336557586,0.031454108,0
51,250,49.552,3128.891607,197922.0819,0.003822,0,0,0,0.008333,0,0,0,0,0,0,0,0.336557586,0.031454108,0
51,250,49.552,3128.891607,197922.0819,0.25336,0,0,0.000172,0,0,0,0,0,0,0,0,0.336557586,0.031454108,0
51,250,49.552,3128.891607,197922.0819,0.00524,0,0,0,0,0,0,0,0,0,3.1278,0,0.336557586,0.031454108,0
51,250,49.552,3128.891607,197922.0819,0.15204,0,0,77.417,0.00043,2.3282,9.1898,0,0,0,0.34434,0,0.336557586,0.031454108,0
51,250,49.552,3128.891607,197922.0819,0,0,0,0,0,0,0,0,0,0,7.3638,0,0.336557586,0.031454108,0
51,250,49.552,3128.891607,197922.0819,0.013575,0,0,7.2355,0,0.004625,0,0,0,0,0,0,0.336557586,0.031454108,0
51,250,49.552,3128.891607,197922.0819,0.008333,0,0,0.055562,0.005239,0,0,0,0,0,30.786,0,0.336557586,0.031454108,0
51,250,49.552,3128.891607,197922.0819,0.1613,0,0,0.48873,0,0,0,0,0,0,0.151728,0,0.336557586,0.031454108,0
51,250,49.552,3128.891607,197922.0819,0.008585,0,0.8003,0,0.027077,0,0,0,0,0,22.6218,0,0.336557586,0.031454108,0
51,250,49.552,3128.891607,197922.0819,0.16397,0,0,0,0,0,0,0,0,0,0.269961,0,0.336557586,0.031454108,0
51,250,49.552,3128.891607,197922.0819,0.1789,0,0,5.8999,0.50221,0,0,0,0,0,18.7944,0,0.336557586,0.031454108,0
51,250,49.552,3128.891607,197922.0819,0,0,0,1.5394,0.031711,0,0,0,0,0,1.35936,0,0.336557586,0.031454108,0
51,250,49.552,3128.891607,197922.0819,0,0,0,0,0,0,0,0,0,0,0.30174,0,0.336557586,0.031454108,0
51,250,49.552,3128.891607,197922.0819,0.008333,0,0,0.047701,8.1751,0,0,0,0,0,0.211728,0,0.336557586,0.031454108,0
51,250,49.552,3128.891607,197922.0819,0,0,0,0.0306,0,0,0,0,0,0,0,0,0.336557586,0.031454108,0
51,250,49.552,3128.891607,197922.0819,0.060379,0,0,10.898,0.0088426,0,0,0,0,0,7.3206,0,0.336557586,0.031454108,0
51,250,49.552,3128.891607,197922.0819,0,0,0,0,0,0.020647,0,0,0,0,0.151728,0,0.336557586,0.031454108,0
51,250,49.552,3128.891607,197922.0819,0.019152,0,24.529,0.010479,0,0,0.93424,0,0,0,0.151728,0,0.336557586,0.031454108,0
51,250,49.552,3128.891607,197922.0819,0,0,0,70.359,0,0,0,0,0,0,8.9718,0,0.336557586,0.031454108,0
51,250,49.552,3128.891607,197922.0819,0.00524,0,0,4.3923,0,7.545,0,0,0,0,0,0,0.336557586,0.031454108,0
51,250,49.552,3128.891607,197922.0819,0,0,0,0.00524,0,0.95676,225,0,0,0,1.85526,0,0.336557586,0.031454108,0
51,250,49.552,3128.891607,197922.0819,0.0067817,0,0,0,0,0,0,0,0,0,0.151728,0,0.336557586,0.031454108,0
51,250,49.552,3128.891607,197922.0819,0.022279,0,0,0,0.007148,0,0,0,0,0,61.47,0,0.336557586,0.031454108,0
51,250,49.552,3128.891607,197922.0819,1.7741,0,0,0,0.008333,0,0,0,0,0,0.151728,0,0.336557586,0.031454108,0
51,250,49.552,3128.891607,197922.0819,1.5374,0,0,0,0,0,0,0,0,0,0,0,0.336557586,0.031454108,0
51,250,49.552,3128.891607,197922.0819,0,0,0,0,0,0,0,0,0,0,23.5818,0,0.336557586,0.031454108,0
51,250,49.552,3128.891607,197922.0819,0.00524,0,0,4.1588,0,0,0,0,0,0,0,0,0.336557586,0.031454108,0
51,250,49.552,3128.891607,197922.0819,0.008333,0,0,0,0.020274,0,0,0,0,0,2.73105,0,0.336557586,0.031454108,0
51,250,49.552,3128.891607,197922.0819,0,0,0,0,0,0,0,0,0,0,0.42399,0,0.336557586,0.031454108,0
51,250,49.552,3128.891607,197922.0819,0,0,0,0,0,0,0,0,0,0,6.8154,0,0.336557586,0.031454108,0
51,250,49.552,3128.891607,197922.0819,0.00524,0,0,0,0.013573,0,0,0,0,0,116.517,0,0.336557586,0.031454108,0
51,250,49.552,3128.891607,197922.0819,0.067102,0,0,0,0,0,0,0,0.66085,0,0,0,0.336557586,0.031454108,0
51,250,49.552,3128.891607,197922.0819,0,0,0,0.20517,0,0,0,0,0,0,27.5562,0,0.336557586,0.031454108,0
51,250,49.552,3128.891607,197922.0819,0,0,0,0,0,0,0,0,0,0,0.33174,0,0.336557586,0.031454108,0
51,250,49.552,3128.891607,197922.0819,0.008333,0,0,0.15275,0.008333,0,0,0,0,0,2.3544,0,0.336557586,0.031454108,0
51,250,49.552,3128.891607,197922.0819,46.878,0,0,0,0,0,0,0,0,0,5.2875,0,0.336557586,0.031454108,0
51,250,49.552,3128.891607,197922.0819,0.0031025,0,0,0,0,0,0,0,0,0,0.151728,0,0.336557586,0.031454108,0
51,250,49.552,3128.891607,197922.0819,0.002031,0,0,0,0.16189,0,0,0,0,0,0.151728,0,0.336557586,0.031454108,0
51,250,49.552,3128.891607,197922.0819,0,0,0,0,0.008333,0,0.59876,0,0,0,17.3325,0,0.336557586,0.031454108,0
51,250,49.552,3128.891607,197922.0819,46.059,0,0,0,0.2943,0,0.093171,0,0,0,0,0,0.336557586,0.031454108,0
51,250,49.552,3128.891607,197922.0819,0,0,0.008795,0,0,0,0,0,0,0,0.151728,0,0.336557586,0.031454108,0
51,250,49.552,3128.891607,197922.0819,0,0,0,0.005239,0,0,0,0,0,0,0.151728,0,0.336557586,0.031454108,0
51,250,49.552,3128.891607,197922.0819,2.1571,0,0,0,0,0,0,0,0,0,3.6486,0,0.336557586,0.031454108,0
51,250,49.552,3128.891607,197922.0819,3.8952,0,0,0,0,1.9116,0,0,0,0,0,0,0.336557586,0.031454108,0
51,250,49.552,3128.891607,197922.0819,13.595,0,0,1.7274,0.00524,0,0.59876,0,0,0,0,0,0.336557586,0.031454108,0
51,250,49.552,3128.891607,197922.0819,0.062652,0,0,0.000124,0,0,0.059897,0,0,0,7.6818,0,0.336557586,0.031454108,0
51,250,49.552,3128.891607,197922.0819,0.091719,0,0,7.0709,813.22,0,0,0,2.1755,0,0.151728,0,0.336557586,0.031454108,0
51,250,49.552,3128.891607,197922.0819,0.0094528,0,0,0,17.934,0,25.207,0,0,0,50.673,0,0.336557586,0.031454108,0
51,250,49.552,3128.891607,197922.0819,57.072,0,4.0368,0,0,0,0,0,0,0,0.278526,0,0.336557586,0.031454108,0
51,250,49.552,3128.891607,197922.0819,0.0088108,0,0,0,0.014941,0,0,0,0,0,0,0,0.336557586,0.031454108,0
51,250,49.552,3128.891607,197922.0819,0.045123,0,0,0.008335,0,0,0,0,0,0,0.151728,0,0.336557586,0.031454108,0
51,250,49.552,3128.891607,197922.0819,0,0,0,0.008333,43.956,0,0,0,0,0,0.34593,0,0.336557586,0.031454108,0
51,250,49.552,3128.891607,197922.0819,0.19126,0,0,0.00524,13.549,0.003334,0,0,0,0,0.151728,0,0.336557586,0.031454108,0
51,250,49.552,3128.891607,197922.0819,0,0,0,0,0.010996,0,0,0,0,0,5.1447,0,0.336557586,0.031454108,0
51,250,49.552,3128.891607,197922.0819,2.2987,0,0,0,0,0,0,0,0,0,0.70503,0,0.336557586,0.031454108,0
51,250,49.552,3128.891607,197922.0819,1.5561,0,0,0.007148,1.3478,0.060187,8.0913,0,0,0,0.151728,0,0.336557586,0.031454108,0
51,250,49.552,3128.891607,197922.0819,0.67499,0,0,0,0.008335,0,0,0,0,0,0.151728,0,0.336557586,0.031454108,0
51,250,49.552,3128.891607,197922.0819,0,0,0,0,8.8857,0,0,0,0,0,4.5105,0,0.336557586,0.031454108,0
51,250,49.552,3128.891607,197922.0819,0,0,0,1.244,0,0,0,0,0,0,47.883,0,0.336557586,0.031454108,0
51,250,49.552,3128.891607,197922.0819,0,0,0,0,0,0,0,0,0,0,0,0,0.336557586,0.031454108,0
51,250,49.552,3128.891607,197922.0819,0.58468,0,0,0,0.008321,0,0,0,0,0,0.151728,0,0.336557586,0.031454108,0
51,250,49.552,3128.891607,197922.0819,0.008333,0,0,0,0.008475,0,0,0,0,0,7.2051,0,0.336557586,0.031454108,0
51,250,49.552,3128.891607,197922.0819,0,0,0,0,8.1439,0,0,0,0,0,14.4507,0,0.336557586,0.031454108,0
51,250,49.552,3128.891607,197922.0819,6.0739,0,0,0,7.7396,0,0,0,0,0,0.151728,0,0.336557586,0.031454108,0
51,250,49.552,3128.891607,197922.0819,0.016638,0,0,0,0,0,0,0,0,0,0.286419,0,0.336557586,0.031454108,0
51,250,49.552,3128.891607,197922.0819,0.00524,0,0,0,2.6315,0,0,0,0,0,6.258,0,0.336557586,0.031454108,0
51,250,49.552,3128.891607,197922.0819,3.3665,0,0.4346,0.15605,0,0,0,0,0,0,0.151728,0,0.336557586,0.031454108,0
51,250,49.552,3128.891607,197922.0819,0.038936,0,0,0,0,0,0,0,0,0,0.53757,0,0.336557586,0.031454108,0
51,250,49.552,3128.891607,197922.0819,0.0088108,0,0,0,0,0,0,0,0,0,0.151728,0,0.336557586,0.031454108,0
51,250,49.552,3128.891607,197922.0819,16.8,0,0,0,0,15.509,0,0,0,0,0.151728,0,0.336557586,0.031454108,0
51,250,49.552,3128.891607,197922.0819,0.34912,0,0,0,0.021906,0,0,0,0,0,0.151728,0,0.336557586,0.031454108,0
51,250,49.552,3128.891607,197922.0819,3.2038,0,0,0.001493,0,0,0.67053,0,0,0,13.5936,0,0.336557586,0.031454108,0
51,250,49.552,3128.891607,197922.0819,0,0,0,2.4172,0.008333,0,0,0,0,0,6.2754,0,0.336557586,0.031454108,0
51,250,49.552,3128.891607,197922.0819,0.00043,0,0,0,0,0,0,0,0,0,0,0,0.336557586,0.031454108,0
51,250,49.552,3128.891607,197922.0819,0.008335,0,0,0,0,0,385.54,0,0,0,1.17432,0,0.336557586,0.031454108,0
51,250,49.552,3128.891607,197922.0819,0.008332,0,0,0,0,0,0,0,0,0,0.151728,0,0.336557586,0.031454108,0
51,250,49.552,3128.891607,197922.0819,0.71313,0,0,0,0.000251,0,0,0,0,0,1.85526,0,0.336557586,0.031454108,0
51,250,49.552,3128.891607,197922.0819,0.041249,0,0,0,0,0,0,0,0,0,0.86343,0,0.336557586,0.031454108,0
52,251,1,11004.78252,696121.7391,0.012671,0,0,0,0,0,0.10863,0,0,0,0,3.539348854,1.003016961,0.093740285,0
52,251,1,11004.78252,696121.7391,0,0,0,0,0,0,0.74966,0,0,0,10.6335,0.677067536,1.003016961,0.093740285,0
52,251,1,11004.78252,696121.7391,2.4135,0,0,0,0,3.3641,0,0,0,0,2.7027,0.403800639,1.003016961,0.093740285,0
52,251,1,11004.78252,696121.7391,0,0,0,0,10.361,0.0899,0,0,0,0,4.4103,1.926287639,1.003016961,0.093740285,0
52,251,1,11004.78252,696121.7391,0.011015,0,0,0,0,0,0,0,0,0,0.151728,2.742428507,1.003016961,0.093740285,0
52,251,1,11004.78252,696121.7391,0.008333,0,0,0,0,0,0,0,0.013228,0,10.1169,1.600969904,1.003016961,0.093740285,0
52,251,1,11004.78252,696121.7391,0.00524,0,0,0,16.858,0,0,0,0,0,24.9618,2.626534064,1.003016961,0.093740285,0
52,251,1,11004.78252,696121.7391,0.008333,0,0,0,0.007102,0,0,0,0,0,5.1447,2.626534064,1.003016961,0.093740285,0
52,251,1,11004.78252,696121.7391,0.008335,0,0,1.1831,8.0306,0,0,0,0,0,0.275259,1.082901411,1.003016961,0.093740285,0
52,251,1,11004.78252,696121.7391,0.17903,0,0,0,0.007102,0,0.13028,0,0,0,0.181728,0.090682319,1.003016961,0.093740285,0
52,251,1,11004.78252,696121.7391,0.00524,0,0,0,0.00524,1.3521,0,0,0,0,3.7518,41.65055169,1.003016961,0.093740285,0
52,251,1,11004.78252,696121.7391,0.46343,0,0,0.65249,0.011527,0,0,0,0,0,0,4.791523591,1.003016961,0.093740285,0
52,251,1,11004.78252,696121.7391,0.043527,0,0,0,0.013518,0,0.59876,0,0,0,0.278532,5.721119019,1.003016961,0.093740285,0
52,251,1,11004.78252,696121.7391,0,0,0,0,0,0,0,0,0,0,0,2.550491043,1.003016961,0.093740285,0
52,251,1,11004.78252,696121.7391,0,0,0,0.006456,0.007328,0,0,0,0.008513,0,10.6335,20.03672595,1.003016961,0.093740285,0
52,251,1,11004.78252,696121.7391,0,0,0,52.922,0,7.2949,0,0,0,0,0,0.163878809,1.003016961,0.093740285,0
52,251,1,11004.78252,696121.7391,0,0,0,0.014206,0,0,0,0,0,0,18.819,2.473634728,1.003016961,0.093740285,0
52,251,1,11004.78252,696121.7391,0,0,0,0.005239,0.008333,0.78099,0,0,0,0,1.62048,5.751441887,1.003016961,0.093740285,0
52,251,1,11004.78252,696121.7391,0,0,0,0.005769,0,0,0,0,0,0,29.7018,5.721119019,1.003016961,0.093740285,0
52,251,1,11004.78252,696121.7391,2.6123,0,0,0,0,0,0,0,0,0,8.7318,1.740043236,1.003016961,0.093740285,0
52,251,1,11004.78252,696121.7391,0.60993,0,0,0.34605,0,0,0,0,0,0,0.273018,13.58857149,1.003016961,0.093740285,39.26829268
52,251,1,11004.78252,696121.7391,0.005769,0,0,0.2491,0.090777,0.78209,0,0,0,0,0.151728,0.308645201,1.003016961,0.093740285,0
52,251,1,11004.78252,696121.7391,0,0,0,0.38795,0.014719,0,0,0,0,0,25.56,1.953939646,1.003016961,0.093740285,0
52,251,1,11004.78252,696121.7391,0.004143,0,0,0,0,0,0,0,0,0,22.617,20.03672595,1.003016961,0.093740285,0
52,251,1,11004.78252,696121.7391,15.105,0,0,0.2491,0,0,0,0,0,0,0.151728,3.27635624,1.003016961,0.093740285,0
52,251,1,11004.78252,696121.7391,1.898,0,0,0.3488,0,0,0,0,0,0,4.1406,0.496109546,1.003016961,0.093740285,0
52,251,1,11004.78252,696121.7391,0.008333,0,0,0.10557,0.014258,0,0,0,0,0,0.28509,96.95287753,1.003016961,0.093740285,0
52,251,1,11004.78252,696121.7391,0.009056,0,0,0.84472,0.026162,0,0,0,0,0,42.879,62.76023949,1.003016961,0.093740285,0
52,251,1,11004.78252,696121.7391,0,0,0,0,0,0,24.186,0,0,0,0,1.926287639,1.003016961,0.093740285,0
52,251,1,11004.78252,696121.7391,0.0098678,0,0.001434,0,0,0.78099,0,0,0,0,2.6481,2.550491043,1.003016961,0.093740285,0
52,251,1,11004.78252,696121.7391,28.979,0,0,0.008333,0,0,0,0,0,0,0,0.533114438,1.003016961,0.093740285,0
52,251,1,11004.78252,696121.7391,0,0,0,0,0,0,0,0.0062605,0,0,1.17966,6.509873784,1.003016961,0.093740285,0
52,251,1,11004.78252,696121.7391,4.282,0,0,4.4534,0,0,0,0,0,0,65.781,6.85281809,1.003016961,0.093740285,0
52,251,1,11004.78252,696121.7391,0.76883,0,0,0,0.008335,0,0,0,0,0,8.3751,7.432290306,1.003016961,0.093740285,0
52,251,1,11004.78252,696121.7391,1.385,0,0,0,0,0,0,0,0,0,1.52439,4.044970118,1.003016961,0.093740285,0
52,251,1,11004.78252,696121.7391,0,0,0,0.01409,0,0,20.673,0,0,0,6.8154,81.9106449,1.003016961,0.093740285,0
52,251,1,11004.78252,696121.7391,0,0,0,0.19366,0.00833,0,0.13028,0,0,0,0.151728,14.97902997,1.003016961,0.093740285,0
52,251,1,11004.78252,696121.7391,6.0303,0,0,0,0,0,0,0,0,0,0.151728,4.791523591,1.003016961,0.093740285,0
52,251,1,11004.78252,696121.7391,0,0,0,14.189,0,0,0,0,0,0,23.5818,1.629841853,1.003016961,0.093740285,0
52,251,1,11004.78252,696121.7391,0.15712,0,0,0.051994,0,0,0,0,0,0,0,9.094257285,1.003016961,0.093740285,0
52,251,1,11004.78252,696121.7391,0,0,0,0,0.001192,0,0,0,0,0,25.2354,1.953939646,1.003016961,0.093740285,0
52,251,1,11004.78252,696121.7391,0,0,0,0,8.5334,0,0,0,0,0,0,1.753869239,1.003016961,0.093740285,0
52,251,1,11004.78252,696121.7391,0.00524,0,0,0,0.030073,0,0,0,0,0,0,5.721119019,1.003016961,0.093740285,0
52,251,1,11004.78252,696121.7391,0.71313,0,0,0,0,0,0,0,0,0,7.2168,1.611949377,1.003016961,0.093740285,0
52,251,1,11004.78252,696121.7391,0,0,0,13.805,10.444,0,0,0,0,0,1.62048,2.550491043,1.003016961,0.093740285,0
52,251,1,11004.78252,696121.7391,0,0,0,0.000172,0,0,0,0,0,0,1.1697,0.51278208,1.003016961,0.093740285,0
52,251,1,11004.78252,696121.7391,0,0,0,0,0.72843,0,0,0,0,0,0,3.37110503,1.003016961,0.093740285,0
52,251,1,11004.78252,696121.7391,0,0,0,0.005769,0.0073964,0.77921,0,0,0,0,0.151728,0.496109546,1.003016961,0.093740285,0
52,251,1,11004.78252,696121.7391,0,0,0,0,1.3024,0,0,0,0,0,0,3.37110503,1.003016961,0.093740285,0
52,251,1,11004.78252,696121.7391,0.18244,0,0,0.008333,3.3385,0,0,0,0,0,7.2168,502.4295306,1.003016961,0.093740285,0
52,251,1,11004.78252,696121.7391,184.67,0,0,0,0,0,0,0,0,0,66.003,4.862686845,1.003016961,0.093740285,0
52,251,1,11004.78252,696121.7391,0,0,0.01168,0.0056478,0,0.80154,0,0,0,0,29.2218,4.862686845,1.003016961,0.093740285,0
52,251,1,11004.78252,696121.7391,0,0,0,0.008333,0,0,0,0,0,0,0.151728,5.924849251,1.003016961,0.093740285,0
52,251,1,11004.78252,696121.7391,0,0,0,0,0,0,0,0,0,0,0,9.094257285,1.003016961,0.093740285,0
52,251,1,11004.78252,696121.7391,0.00524,0,0,0,0,0.50544,0,0,8.6087,0,0.84174,2.684481285,1.003016961,0.093740285,0
52,251,1,11004.78252,696121.7391,0,0,0,0,0,0,0,0,0,0,0,8.643285575,1.003016961,0.093740285,0
52,251,1,11004.78252,696121.7391,0,0,0,0.00043,0,0,0,0,0,0,0,9.094257285,1.003016961,0.093740285,0
52,251,1,11004.78252,696121.7391,253.52,0,41.404,0,0.1098,0,0,0,0,0,0.53757,126.2789109,1.003016961,0.093740285,0
52,251,1,11004.78252,696121.7391,0,0,0,0,6.9699,0,0,0,0,0,0.151728,2.473634728,1.003016961,0.093740285,0
52,251,1,11004.78252,696121.7391,0.39529,0,0,0,0,0,0,0,0,0,0.33174,0.677067536,1.003016961,0.093740285,0
52,251,1,11004.78252,696121.7391,0.67499,0,0,0.008333,0,0,0,0,0,0,1.96911,459.9889457,1.003016961,0.093740285,0
52,251,1,11004.78252,696121.7391,0,0,0,0,0,0,0.67845,0,0,0,0,3.50611189,1.003016961,0.093740285,0
52,251,1,11004.78252,696121.7391,0.000376,0,0,0.0067015,0,0.014727,0,0,0,0,0.151728,1.953939646,1.003016961,0.093740285,0
52,251,1,11004.78252,696121.7391,0.60993,0,0,0.013976,0,0,0,0,0,0,34.746,4.862686845,1.003016961,0.093740285,0
52,251,1,11004.78252,696121.7391,0.001192,0,0,0,0.25607,0.79321,0,0,0,0,0,4.862686845,1.003016961,0.093740285,0
52,251,1,11004.78252,696121.7391,0,0,0,0,0,0,0,0,0,0,4.5897,6.438851272,1.003016961,0.093740285,0
52,251,1,11004.78252,696121.7391,0.1789,0,0,1.5394,0,0.7814,0,0,0,0,3.6486,3.933904712,1.003016961,0.093740285,0
52,251,1,11004.78252,696121.7391,0.018338,0,0,0.008333,0.008333,0,0,0,0,0,1.62018,0.51278208,1.003016961,0.093740285,0
52,251,1,11004.78252,696121.7391,0.25336,0,0,0,0,0,0,0,0,0,0.151728,1.082901411,1.003016961,0.093740285,0
52,251,1,11004.78252,696121.7391,0.01061,0,0,0,0.00524,0.001185,0,0,0,0,12.8022,3.37110503,1.003016961,0.093740285,0
52,251,1,11004.78252,696121.7391,0.17094,0,0,0.020093,0,0,49.829,0,2.4794,0,0.151728,1.788434249,1.003016961,0.093740285,0
52,251,1,11004.78252,696121.7391,0,0,0,0,0,0.781,0,0,0,0,0.151728,5.721119019,1.003016961,0.093740285,0
52,251,1,11004.78252,696121.7391,8.6108,0,0,0,0.008333,0,0,0,0,0,0.151728,1.611949377,1.003016961,0.093740285,0
52,251,1,11004.78252,696121.7391,0,0,0,3.6568,0.61065,0,0,0,0,0,0.278529,7.432290306,1.003016961,0.093740285,0
52,251,1,11004.78252,696121.7391,0,0,0,14.804,0.11919,0,0,0,0,0,10.6086,0.533114438,1.003016961,0.093740285,0
52,251,1,11004.78252,696121.7391,0.0031025,0,0,0,0.005239,0,0,0,0,0,0.151728,0.51278208,1.003016961,0.093740285,0
52,251,1,11004.78252,696121.7391,0.00524,0,0,0,0,0,0,0,0,0,2.06073,9.094257285,1.003016961,0.093740285,0
52,251,1,11004.78252,696121.7391,7.2682,0,0,0,4.5941,0,0,0,0,0,44.073,2.626534064,1.003016961,0.093740285,0
52,251,1,11004.78252,696121.7391,0,0,0,0,2.9298,0,0,0,0,0,9.0018,3.539348854,1.003016961,0.093740285,0
52,251,1,11004.78252,696121.7391,2.1473,0,0,0,0,0,11.56,0,0,0,14.4696,0.308645201,1.003016961,0.093740285,0
52,251,1,11004.78252,696121.7391,0.046194,0,0,11.552,0.000376,0,0,0,0,0,0,7.61406159,1.003016961,0.093740285,0
52,251,1,11004.78252,696121.7391,0,0,0.005239,0.000078,0,0.79321,9.039,0,0,0,39.753,3.37110503,1.003016961,0.093740285,0
52,251,1,11004.78252,696121.7391,24.337,0,0,208.31,0,0,0,0,0,0,0.3897,0.506275725,1.003016961,0.093740285,0
52,251,1,11004.78252,696121.7391,6.2048,0,0.19195,0,0.4786,0,225,0,0,0,0,1.753869239,1.003016961,0.093740285,0
52,251,1,11004.78252,696121.7391,0.00524,0,0,2.4172,0,0,0,0,0,0,0.151728,2.626534064,1.003016961,0.093740285,0
52,251,1,11004.78252,696121.7391,0.008333,0,0,0,0,0,0,0,0,0,1.88184,2.626534064,1.003016961,0.093740285,0
52,251,1,11004.78252,696121.7391,0.008333,0,0,0,0,0,0,0,0,0,0.151728,1.912461635,1.003016961,0.093740285,0
52,251,1,11004.78252,696121.7391,0,0,0,0,0,0,0,0,0,0,3.7518,1.082901411,1.003016961,0.093740285,0
52,251,1,11004.78252,696121.7391,0.98086,0,0,2.853,0.27367,0,0.059897,0,0,0,8.7318,20.03672595,1.003016961,0.093740285,0
52,251,1,11004.78252,696121.7391,0,0,0,0,0.000739,0,0,0,0,0,1.03647,0.757177028,1.003016961,0.093740285,0
52,251,1,11004.78252,696121.7391,0,0,0,0.0306,0,0,0,0,0,0,0,20.03672595,1.003016961,0.093740285,0
52,251,1,11004.78252,696121.7391,0.031098,0,0.021503,0.030966,0.19458,0,0,0,0,0,151.038,2.473634728,1.003016961,0.093740285,0
52,251,1,11004.78252,696121.7391,0,0,0,0.008336,0.008335,0.010345,0,0,0,0,0,1.912461635,1.003016961,0.093740285,0
52,251,1,11004.78252,696121.7391,0.001009,0,0,0,0.44929,0,0,0,0,0,0.151728,0.51278208,1.003016961,0.093740285,0
52,251,1,11004.78252,696121.7391,0,0,0,0,0.001434,0,0.021726,0,0,0,0.65616,62.76023949,1.003016961,0.093740285,0
52,251,1,11004.78252,696121.7391,5.2762,0,0,0.00043,0,0,0,0,0,0,7.0518,5.721119019,1.003016961,0.093740285,0
52,251,1,11004.78252,696121.7391,0,0,0,0,1.6408,0,0,0,0,0,0.271728,3.27635624,1.003016961,0.093740285,0
52,251,1,11004.78252,696121.7391,0.008333,0,0,0,0,0.30776,0,0,0,0,0.280446,19.16080795,1.003016961,0.093740285,0
52,251,1,11004.78252,696121.7391,0.01048,0,0,4.3923,0.00524,0,0,0,0,0,4.5198,2.473634728,1.003016961,0.093740285,0
52,251,1,11004.78252,696121.7391,0,0,0,0,0,0,0,0,0,0,0.288579,0.403800639,1.003016961,0.093740285,0
52,251,1,11004.78252,696121.7391,0.67038,0,0,0,0,0,0,0,0,0,0,3.294248715,1.003016961,0.093740285,0
52,251,1,11004.78252,696121.7391,0.71313,0,0,0,0.062887,0,0,0,0,0,0.28866,6.438851272,1.003016961,0.093740285,0
52,251,1,11004.78252,696121.7391,0.17481,0,0,0,0,0,0,0,0,0,0,27.05073767,1.003016961,0.093740285,0
52,251,1,11004.78252,696121.7391,0.001326,0,0,0.33242,0.010479,0.057823,0,0,0,0,0.151728,0.757177028,1.003016961,0.093740285,0
52,251,1,11004.78252,696121.7391,0,0,0,0,0,0,0,0,0,0,0.151728,0.677067536,1.003016961,0.093740285,0
52,251,1,11004.78252,696121.7391,0,0,0,0,0,0,0,0,0,0,0.151728,0.403800639,1.003016961,0.093740285,0
52,251,1,11004.78252,696121.7391,0,0,0,5.1219,21.429,0,0,0,0,0,7.2051,8.153142895,1.003016961,0.093740285,0
52,251,1,11004.78252,696121.7391,0,0,0,0.029402,0,0,0,0,0,0,0.151728,2.282103912,1.003016961,0.093740285,0
52,251,1,11004.78252,696121.7391,0.00644,0,0,0.008333,0.074576,0,0,0.46283,0,0,43.863,19.16080795,1.003016961,0.093740285,48.91463415
52,251,1,11004.78252,696121.7391,0,0,0.005239,0.062249,0,0,0,0,0,0,36.924,7.432290306,1.003016961,0.093740285,0
52,251,1,11004.78252,696121.7391,0.002598,0,0,0.000063,0,0,0,0,0,0,0.273366,8.643285575,1.003016961,0.093740285,58.56097561
52,251,1,11004.78252,696121.7391,0.007102,0,0,0,0,0,0,0,0,0,0.151728,1.611949377,1.003016961,0.093740285,0
52,251,1,11004.78252,696121.7391,0,0,0,0.00524,0.053112,0,0,0,0,0,5.5146,3.37110503,1.003016961,0.093740285,0
52,251,1,11004.78252,696121.7391,6.8272,0,0,0,22.461,0,0,0,0,0,29.7018,4.044970118,1.003016961,0.093740285,0
52,251,1,11004.78252,696121.7391,1.6744,0,0,0.011941,0,0,0,0,0,0,29.7018,3.370698383,1.003016961,0.093740285,0
52,251,1,11004.78252,696121.7391,0,0,0,0,0,0.78033,0,0,0,0,0.151728,6.85281809,1.003016961,0.093740285,0
52,251,1,11004.78252,696121.7391,1.7741,0,0,0,0,0,0,0,0,0,0,1.788434249,1.003016961,0.093740285,0
52,251,1,11004.78252,696121.7391,52.722,0,0,0,6.4838,0,0,0,0,0,0.151728,0.506275725,1.003016961,0.093740285,0
52,251,1,11004.78252,696121.7391,0.0045845,0,0,0,0,0.026505,0,0,0,0,0,1.480602342,1.003016961,0.093740285,0
52,251,1,11004.78252,696121.7391,0.00524,0,0,0,0,0,0,0,0,0,0.151728,41.65055169,1.003016961,0.093740285,0
52,251,1,11004.78252,696121.7391,0,0,0,45.052,0.21081,0,0,0,0,0,3.1278,2.473634728,1.003016961,0.093740285,0
52,251,1,11004.78252,696121.7391,0,0,0,0,8.1751,0,0,0,0,0,0.93561,1.082901411,1.003016961,0.093740285,0
52,251,1,11004.78252,696121.7391,3.5699,0,0,0,80.307,1.2403,124.31,0,0,0,0.151728,4.862686845,1.003016961,0.093740285,0
52,251,1,11004.78252,696121.7391,0,0,0,0,0,0,0,0,0,0,0.285792,0.496109546,1.003016961,0.093740285,0
52,251,1,11004.78252,696121.7391,0,0,0,10.744,1.2072,0,6.9551,0,0,0,0.151728,2.550491043,1.003016961,0.093740285,0
52,251,1,11004.78252,696121.7391,0.046194,0,0,0.00524,0,0,0,0,0,0,18.0318,6.438851272,1.003016961,0.093740285,0
52,251,1,11004.78252,696121.7391,7.1589,0,0,0,0,0,0,0,0,0,1.04805,5.924849251,1.003016961,0.093740285,0
52,251,1,11004.78252,696121.7391,0,0,0,0,0,0,0,0,0,0,0,10.8444667,1.003016961,0.093740285,0
52,251,1,11004.78252,696121.7391,0.010338,0,1.3736,6.376,0.006456,0,0,0,0,0,5.4765,0.403800639,1.003016961,0.093740285,0
52,251,1,11004.78252,696121.7391,0,0,0,0,29.422,0,0,0,0,0,3.9018,7.432290306,1.003016961,0.093740285,0
52,251,1,11004.78252,696121.7391,0,0,0,0,0,0,539.1,0,0,0,0.151728,0.090682319,1.003016961,0.093740285,0
52,251,1,11004.78252,696121.7391,4.616,0,0,0,0,0,0,0,0,0,0.287505,9.094257285,1.003016961,0.093740285,0
52,251,1,11004.78252,696121.7391,45.509,0,0,0,0.041022,0,0,0,0,0,0,4.286874454,1.003016961,0.093740285,0
52,251,1,11004.78252,696121.7391,49.592,0,0,0.15275,0.008335,0,0,0,0,0,14.4696,1.953939646,1.003016961,0.093740285,0
52,251,1,11004.78252,696121.7391,0,0,0,0,0,0,0,0,0,0,8.6688,3.294248715,1.003016961,0.093740285,0
52,251,1,11004.78252,696121.7391,0.006702,0,0,32.687,0.030965,0,0.13028,0,0,0,0.151728,3.933904712,1.003016961,0.093740285,0
52,251,1,11004.78252,696121.7391,0,0,0,0.018148,20.177,0,0,0,0,0,0.45174,0.533114438,1.003016961,0.093740285,0
52,251,1,11004.78252,696121.7391,0,0,0,0,0.00524,0,0,0,0,0,5.0406,0.308645201,1.003016961,0.093740285,0
52,251,1,11004.78252,696121.7391,0.00524,0,0,0,0.31016,0,0,0,0,0,6.2754,83.74352198,1.003016961,0.093740285,0
52,251,1,11004.78252,696121.7391,0,0,0,0,0.002868,0.0000095,0,0,0,0,15.9147,9.094257285,1.003016961,0.093740285,0
52,251,1,11004.78252,696121.7391,0,0,0,0,0,0,0,0,0,0,15.7923,3.27635624,1.003016961,0.093740285,0
52,251,1,11004.78252,696121.7391,0,0,0,0.008333,0,0,0,0,0,0,0.151728,1.480602342,1.003016961,0.093740285,0
52,251,1,11004.78252,696121.7391,0.25336,0,0,0,0,0,0,0,0,0,0.181728,4.791523591,1.003016961,0.093740285,0
52,251,1,11004.78252,696121.7391,2.4135,0,0,0.6175,0.012452,0,0.10863,0,0,0,0,2.282103912,1.003016961,0.093740285,0
52,251,1,11004.78252,696121.7391,0.001478,0,0,0,0.24663,0,0,0,0,0,0.151728,14.97902997,1.003016961,0.093740285,0
52,251,1,11004.78252,696121.7391,6.0303,0,0,0,0,0,0,0,0,0,25.9959,83.74352198,1.003016961,0.093740285,0
52,251,1,11004.78252,696121.7391,0,0,0,0.011201,1.0784,0,0,0,0,0,0.151728,5.924849251,1.003016961,0.093740285,0
52,251,1,11004.78252,696121.7391,0,0,0,0,0,0,0,0,0,0,2.94174,81.9106449,1.003016961,0.093740285,0
52,251,1,11004.78252,696121.7391,0,0,0,0,0.05414,0,0,0,0,0,0.151728,7.61406159,1.003016961,0.093740285,0
52,251,1,11004.78252,696121.7391,0.44516,0,0,0,0.034463,0,0,0,0,0,0,2.550491043,1.003016961,0.093740285,0
52,251,1,11004.78252,696121.7391,53.36,0,0,30.329,0.027174,0,0,0,0,0,0,1.611949377,1.003016961,0.093740285,0
52,251,1,11004.78252,696121.7391,0,0,0,0,0,0,0,0,0,0,19.6818,41.65055169,1.003016961,0.093740285,57.02439024
52,251,1,11004.78252,696121.7391,0.067102,0,0,0,0.00644,0,0,0,0,0,0,5.721119019,1.003016961,0.093740285,0
52,251,1,11004.78252,696121.7391,0.00524,0,0,0.002084,6.0919,0,0,0,0,0,0,3.539348854,1.003016961,0.093740285,0
52,251,1,11004.78252,696121.7391,0.67038,0,0,0.1075,0.002741,0,0,0,0,0,1.19187,10.8444667,1.003016961,0.093740285,0
52,251,1,11004.78252,696121.7391,0.008335,0,0,0,8.0698,0,0,0,0,0,24.5118,0.308645201,1.003016961,0.093740285,0
52,251,1,11004.78252,696121.7391,0.000063,0,0,0,0.038297,0,0,0,0,0,0,6.85281809,1.003016961,0.093740285,0
52,251,1,11004.78252,696121.7391,0.00021,0,0,0.00833,17.217,0,18.313,0,0,0,0,0.403800639,1.003016961,0.093740285,0
52,251,1,11004.78252,696121.7391,0,0,0,1.4572,0,0,0,0,0,0,0.151728,8.643285575,1.003016961,0.093740285,0
52,251,1,11004.78252,696121.7391,0.002011,0,0,0.008333,0,0,0,0,1.6413,0,4.5105,9.094257285,1.003016961,0.093740285,0
52,251,1,11004.78252,696121.7391,0,0,0,0.10345,0,0,0,0,0,0,73.308,0.677067536,1.003016961,0.093740285,0
52,251,1,11004.78252,696121.7391,0,0,0,0,5.7523,0,0,0,0,0,0.151728,3.27635624,1.003016961,0.093740285,0
52,251,1,11004.78252,696121.7391,0,0,0,0,0,0,0,0,0,0,2.6481,7.61406159,1.003016961,0.093740285,0
52,251,1,11004.78252,696121.7391,0,0,0,0.58718,0.005239,0,0,0,0,0,0,1.437091095,1.003016961,0.093740285,0
52,251,1,11004.78252,696121.7391,0.00524,0,0,0.008333,0.000251,0,0,0,0,0,16.0221,20.03672595,1.003016961,0.093740285,0
52,251,1,11004.78252,696121.7391,0.51613,0,0,0.003538,0.035884,0,0,0,0,0,0.151728,2.473634728,1.003016961,0.093740285,0
52,251,1,11004.78252,696121.7391,0,0,0,0,0,0,0,0,0,0,10.6818,7.432290306,1.003016961,0.093740285,0
52,251,1,11004.78252,696121.7391,0,0,0,29.05,0,19.534,0,0,0,0,0.151728,0.506275725,1.003016961,0.093740285,0
52,251,1,11004.78252,696121.7391,1.2548,0,1.9693,0,0.059735,1.692,0,0,0,0,8.6688,1.082901411,1.003016961,0.093740285,0
52,251,1,11004.78252,696121.7391,0.11399,0,0,0,0.034463,0,0,0,0,0,3.6423,1.437091095,1.003016961,0.093740285,0
52,251,1,11004.78252,696121.7391,0.032101,0,0,0.008333,0,0.77864,0,0,0,0,5.2239,0.506275725,1.003016961,0.093740285,0
52,251,1,11004.78252,696121.7391,0.00644,0,0.84374,0,52.779,0,0,0,0,0,0.54798,34.6982593,1.003016961,0.093740285,0
52,251,1,11004.78252,696121.7391,0,0,0,0,0,0,0,0,0,0,1.62048,96.95287753,1.003016961,0.093740285,0
52,251,1,11004.78252,696121.7391,6.8104,0,0,0,5.2021,0,0,0,0,0,0.151728,126.2789109,1.003016961,0.093740285,0
52,251,1,11004.78252,696121.7391,3.3665,0,0,0,0,0,0,0,0,0,0,3.27635624,1.003016961,0.093740285,0
52,251,1,11004.78252,696121.7391,0.003822,0,0,0,1.649,0,0,0,0,0,0,2.742428507,1.003016961,0.093740285,32.86585366
52,251,1,11004.78252,696121.7391,52.722,0,0,0.15874,0.007148,0,454.11,0,0,0,0.151728,2.550491043,1.003016961,0.093740285,0
52,251,1,11004.78252,696121.7391,0.008333,0,0,0.10557,0.25503,0,0.13028,0,0,0,61.47,3.370698383,1.003016961,0.093740285,0
52,251,1,11004.78252,696121.7391,0,0,0,0.013421,0,0.77806,0,0,0,0,0.271728,1.740043236,1.003016961,0.093740285,0
52,251,1,11004.78252,696121.7391,0,0,0,0.008333,0,0.34845,0,0,0,0,0,3.27635624,1.003016961,0.093740285,0
52,251,1,11004.78252,696121.7391,0,0,0,0,0,0.77921,0,0,0,0,1.63956,19.71922933,1.003016961,0.093740285,0
52,251,1,11004.78252,696121.7391,0.00014,0,0,0.00524,0,0,0,0,0,0,0,1.082901411,1.003016961,0.093740285,0
52,251,1,11004.78252,696121.7391,0,0,0,0,0,0,4.7427,0,0,0,6.108,19.16080795,1.003016961,0.093740285,0
52,251,1,11004.78252,696121.7391,0.007353,0,0,0,0,0,0,0,0,0,0.151728,1.953939646,1.003016961,0.093740285,0
52,251,1,11004.78252,696121.7391,0.20435,0,0,0.002139,0,0,0,0,0,0,0.151728,0.506275725,1.003016961,0.093740285,37.04878049
52,251,1,11004.78252,696121.7391,0,0,0,2.2017,50.346,0,0,0,0.010463,0,0.151728,20.03672595,1.003016961,0.093740285,0
52,251,1,11004.78252,696121.7391,0,0,0,0.12679,0,6.4369,0,0,0,0,0,0.496109546,1.003016961,0.093740285,0
52,251,1,11004.78252,696121.7391,0.01332,0,0,0.062249,0.005239,0,0,0,0.00062,0,0.151728,5.721119019,1.003016961,0.093740285,0
52,251,1,11004.78252,696121.7391,0,0,0,0,0,0,0,0,0,0,0.151728,3.50611189,1.003016961,0.093740285,0
52,251,1,11004.78252,696121.7391,0.15712,0,0,0,0,0,0,0,0,0,3.6159,0.533114438,1.003016961,0.093740285,0
52,251,1,11004.78252,696121.7391,0,0,0,0,0,0,0.76779,0,0,0,0.279822,1.480602342,1.003016961,0.093740285,0
52,251,1,11004.78252,696121.7391,0.41786,0,0,0,0,0,13.103,0,0,0,0,6.509873784,1.003016961,0.093740285,0
52,251,1,11004.78252,696121.7391,0,0,0,0,0,6.1311,0,0,0,0,7.2111,7.432290306,1.003016961,0.093740285,0
52,251,1,11004.78252,696121.7391,0,0,0,0,0,0,0,0,0,0,8.7918,0.308645201,1.003016961,0.093740285,0
52,251,1,11004.78252,696121.7391,4.282,0,0,0,0.086094,0,0,0,0,0,0.151728,9.094257285,1.003016961,0.093740285,0
52,251,1,11004.78252,696121.7391,0.14297,0,0.032093,56.999,0,0,0,0,0,0,0,5.721119019,1.003016961,0.093740285,0
52,251,1,11004.78252,696121.7391,0,0,0,0,0,0,0,0,0,0,0.151728,1.753869239,1.003016961,0.093740285,0
52,251,1,11004.78252,696121.7391,0.15083,0,0,0,0,0,0,0,0,0,0.151728,1.753869239,1.003016961,0.093740285,0
52,251,1,11004.78252,696121.7391,3.3665,0,0,0,0.000739,1.5527,0,0,0,0,0.151728,7.432290306,1.003016961,0.093740285,0
52,251,1,11004.78252,696121.7391,0.68217,0,0,0.097569,0,0,0,0,0,0,0,4.862686845,1.003016961,0.093740285,0
52,251,1,11004.78252,696121.7391,0,0,0,0,0,0,0,0,0,0,1.42239,5.721119019,1.003016961,0.093740285,0
52,251,1,11004.78252,696121.7391,1.2774,0,0,0,0.008335,0,0,0,0,0,5.787,2.626534064,1.003016961,0.093740285,0
52,251,1,11004.78252,696121.7391,0.53043,0,0,0.005341,1.1866,0,0,0,0,0,0,4.791523591,1.003016961,0.093740285,0
52,251,1,11004.78252,696121.7391,0,0,0,0.12252,4.4409,0,0,0,0,0,0,0.496109546,1.003016961,0.093740285,0
52,251,1,11004.78252,696121.7391,0.0098678,0,0,0,0,10.661,0,0,0,0,0,3.66575417,1.003016961,0.093740285,0
52,251,1,11004.78252,696121.7391,0,0,0,2.0984,0,0,0,0,0,0,0.151728,1.926287639,1.003016961,0.093740285,0
52,251,1,11004.78252,696121.7391,0.15083,0,0,0,0,0,0,0,0,0,13.1718,9.094257285,1.003016961,0.093740285,0
52,251,1,11004.78252,696121.7391,1.1394,0,0,0,0.001669,0,0.88059,0,0,0,0,1.912461635,1.003016961,0.093740285,7.93902439
52,251,1,11004.78252,696121.7391,0.009021,0,0,0,0,0.17478,0,0,0,0,0.292407,0.163878809,1.003016961,0.093740285,0
52,251,1,11004.78252,696121.7391,0,0,10.101,0,0.008333,0,0,0,0,0,0,1.740043236,1.003016961,0.093740285,0
52,251,1,11004.78252,696121.7391,0.008333,0,0,0,0,0,0,0,81.607,0,6.8154,2.473634728,1.003016961,0.093740285,0
52,251,1,11004.78252,696121.7391,0.000251,0,0,0,0.005239,0.0024365,0,0,0,0,0,4.044970118,1.003016961,0.093740285,0
52,251,1,11004.78252,696121.7391,0.008333,0,0,0,0,0,0,0,0,0,14.4507,3.539348854,1.003016961,0.093740285,0
52,251,1,11004.78252,696121.7391,0,0,0,853.16,0,0,0,0,0,0,10.2414,0.677067536,1.003016961,0.093740285,0
52,251,1,11004.78252,696121.7391,0,0,0,4.1588,0,0,0,0,0,0,9.1953,6.85281809,1.003016961,0.093740285,0
52,251,1,11004.78252,696121.7391,0,0,0.022515,2.7308,0.008333,0,0,0,0,0,0,4.748825638,1.003016961,0.093740285,0
52,251,1,11004.78252,696121.7391,0.005239,0,0,0,0.008333,0,65.662,0,0,0,2.76954,7.432290306,1.003016961,0.093740285,0
52,251,1,11004.78252,696121.7391,0,0,0,0.000251,0,0,0.40452,0,0,0,27.5562,1.480602342,1.003016961,0.093740285,0
52,251,1,11004.78252,696121.7391,0,0,0,0,0,0.026505,0,0,0,0,10.8618,5.924849251,1.003016961,0.093740285,0
52,251,1,11004.78252,696121.7391,0,0,0,4.0096,0.011131,0,99.841,0,0,0,3.1278,0.496109546,1.003016961,0.093740285,0
52,251,1,11004.78252,696121.7391,0.063798,0,0,2.0817,3.5933,0,0,0,0,0,9.6318,2.626534064,1.003016961,0.093740285,0
52,251,1,11004.78252,696121.7391,0.010054,0,0,0,0.069058,0,0,0,0,0,0.28509,5.751441887,1.003016961,0.093740285,0
52,251,1,11004.78252,696121.7391,0,0,0,0,54.848,0,0,0,0,0,0,1.953939646,1.003016961,0.093740285,0
52,251,1,11004.78252,696121.7391,0,0,0,14.532,0.008333,0,0,0,0,0,0.151728,2.742428507,1.003016961,0.093740285,0
52,251,1,11004.78252,696121.7391,0.017603,0,0,24.36,0.000124,0.56312,0,0,0,0,3.0075,2.742428507,1.003016961,0.093740285,0
52,251,1,11004.78252,696121.7391,0.53043,0,0,8.389,0,0,0,0,0,0,0,2.282103912,1.003016961,0.093740285,0
52,251,1,11004.78252,696121.7391,10.309,0,0,4.1106,0.074576,0,11.551,0,0,0,0.151728,83.74352198,1.003016961,0.093740285,0
52,251,1,11004.78252,696121.7391,0.7988,0,0,0,0.008333,0,0,0,0,0,0,3.50611189,1.003016961,0.093740285,0
52,251,1,11004.78252,696121.7391,13.595,0,0,0,0,0.77921,0,0,0,0,4.1943,0.496109546,1.003016961,0.093740285,0
52,251,1,11004.78252,696121.7391,0.011203,0,0,0,0,0,0,0,0,0,18.849,459.9889457,1.003016961,0.093740285,0
52,251,1,11004.78252,696121.7391,0.011776,0,0,2.2778,0,0.78099,0,0,0,0,7.6818,2.282103912,1.003016961,0.093740285,0
52,251,1,11004.78252,696121.7391,0,0,0,0,0,0,0,0,0,0,14.4696,5.924849251,1.003016961,0.093740285,0
52,251,1,11004.78252,696121.7391,0.28712,0,0,0,0,0.12353,0,0,0,0,0.151728,6.438851272,1.003016961,0.093740285,0
52,251,1,11004.78252,696121.7391,6.7661,0,0.00191,0.0076281,0,0,0.84965,0,0,0,1.98174,14.97902997,1.003016961,0.093740285,0
52,251,1,11004.78252,696121.7391,0,0,0,0.013976,0,0,0.59876,0,0,0,2.34429,13.20935554,1.003016961,0.093740285,0
52,251,1,11004.78252,696121.7391,1.5561,0,0,0,0,0,0,0,0,0,0.151728,3.539348854,1.003016961,0.093740285,0
52,251,1,11004.78252,696121.7391,0.08029,0,0,0,4.4409,0,0,0,0,0,0.181728,13.58857149,1.003016961,0.093740285,0
52,251,1,11004.78252,696121.7391,0,0,0,0.041028,0,0.77921,0,0,0,0,3.4818,1.753869239,1.003016961,0.093740285,0
52,251,1,11004.78252,696121.7391,0.098565,0,0,0,3.5225,0,0,0,0,0,0,1.753869239,1.003016961,0.093740285,0
52,251,1,11004.78252,696121.7391,1.898,0,0,0.003821,0,0.78209,0,0,0,0,25.3818,8.153142895,1.003016961,0.093740285,0
52,251,1,11004.78252,696121.7391,0,0,0,8.5618,0,0.79321,0,0,0.015907,0,0.151728,1.953939646,1.003016961,0.093740285,0
52,251,1,11004.78252,696121.7391,0.013012,0,0,0.008321,0,0,0,0,0,0,0,3.66575417,1.003016961,0.093740285,0
52,251,1,11004.78252,696121.7391,0.00524,0,0,0.0043235,0,0,0,0,0,0,42.996,1.740043236,1.003016961,0.093740285,0
52,251,1,11004.78252,696121.7391,0,0,0,0,0.000739,0,0,0,0,0,0.151728,7.61406159,1.003016961,0.093740285,0
52,251,1,11004.78252,696121.7391,0,0,0,0,0,0,0,0,0,0,1.57179,0.090682319,1.003016961,0.093740285,0
52,251,1,11004.78252,696121.7391,0.032101,0,0,0.025929,0,0,0,0,0,0,0,0.533114438,1.003016961,0.093740285,0
52,251,1,11004.78252,696121.7391,1.8709,0,0.002031,0.00387,0,0,0,0,0,0,1.04805,2.282103912,1.003016961,0.093740285,0
52,251,1,11004.78252,696121.7391,0,0,0,0,2.8291,0,0,0,0,0,0.181728,4.862686845,1.003016961,0.093740285,0
52,251,1,11004.78252,696121.7391,0,0,0,3.2371,0,0.79079,0.13028,0,0,0,0.151728,0.51278208,1.003016961,0.093740285,0
52,251,1,11004.78252,696121.7391,2.1218,0,0,0.42984,0.005239,0,0,0,0,0,8.6688,1.953939646,1.003016961,0.093740285,0
52,251,1,11004.78252,696121.7391,1.2894,0,0,0,0,0,0,0,0,0,0,8.563989377,1.003016961,0.093740285,0
52,251,1,11004.78252,696121.7391,0,0,0,0,1.4315,0.78972,0.13028,0,0,0,0.72174,2.742428507,1.003016961,0.093740285,0
52,251,1,11004.78252,696121.7391,0.005239,0,0,62.543,0.008333,0,0,0,0,0,0,3.539348854,1.003016961,0.093740285,0
52,251,1,11004.78252,696121.7391,0.17713,0,0,11.325,0,0,0,0,0,0,22.6218,1.753869239,1.003016961,0.093740285,0
52,251,1,11004.78252,696121.7391,13.595,0,0,0.012904,0.022119,0,0,0,0,0,0.70764,5.751441887,1.003016961,0.093740285,0
52,251,1,11004.78252,696121.7391,0,0,0,0.02191,0,0,0,0,0,0,14.8218,10.8444667,1.003016961,0.093740285,0
52,251,1,11004.78252,696121.7391,1.2548,0,0,2.1101,0,0,0,0,0,0,0,0.51278208,1.003016961,0.093740285,0
52,251,1,11004.78252,696121.7391,0,0,0,0,0,0,0,0,0,0,4.6158,20.03672595,1.003016961,0.093740285,0
52,251,1,11004.78252,696121.7391,1.8115,0,0,0,0.37101,1.0992,0,0,0.00524,0,5.4765,1.480602342,1.003016961,0.093740285,0
52,251,1,11004.78252,696121.7391,0.047389,0,0,0,0,0,0,0,0,0,0.151728,7.432290306,1.003016961,0.093740285,0
52,251,1,11004.78252,696121.7391,0.000081,0,0,0,1.8824,0,0,0,0,0,0,1.437091095,1.003016961,0.093740285,0
52,251,1,11004.78252,696121.7391,0,0,0,4.1106,1.2446,0,0,0,0,0,0.151728,6.438851272,1.003016961,0.093740285,0
52,251,1,11004.78252,696121.7391,0.00036,0,0,0,1.2845,0.78058,0,0,0,0,0.151728,96.95287753,1.003016961,0.093740285,0
52,251,1,11004.78252,696121.7391,0.008333,0,10.938,0,0,0,16.83,0,0,0,12.0081,2.282103912,1.003016961,0.093740285,0
52,251,1,11004.78252,696121.7391,0.005769,0,0,61.793,0.007697,3.5685,14.243,0,0,0,0,1.611949377,1.003016961,0.093740285,0
52,251,1,11004.78252,696121.7391,8.6108,0,0.93655,0,0,0,0,0,0,0,66.645,4.862686845,1.003016961,0.093740285,0
52,251,1,11004.78252,696121.7391,0.005239,0,0,0,0,0,0,0,0,0,0.151728,0.308645201,1.003016961,0.093740285,0
52,251,1,11004.78252,696121.7391,0.030048,0,0,0,0,0,7.6576,0,0,0,0,2.626534064,1.003016961,0.093740285,0
52,251,1,11004.78252,696121.7391,0.58468,0,0,0,0,0,0,0,0,0,16.6719,0.090682319,1.003016961,0.093740285,0
52,251,1,11004.78252,696121.7391,0,0,0,0,0,0,0,0,0,0,0.151728,1.753869239,1.003016961,0.093740285,0
52,251,1,11004.78252,696121.7391,18.306,0,0,0,0,0,0,0,0,0,0,9.094257285,1.003016961,0.093740285,0
52,251,1,11004.78252,696121.7391,0,0,0,0,0,0,0,0,0,0,0,1.953939646,1.003016961,0.093740285,0
52,251,1,11004.78252,696121.7391,0.005239,0,0,0,0,0,0,0,0,0,7.0536,41.65055169,1.003016961,0.093740285,0
52,251,1,11004.78252,696121.7391,7.049,0,0,12.177,0,0,0,0,0,0,0,41.65055169,1.003016961,0.093740285,0
52,251,1,11004.78252,696121.7391,2.2602,0,0,0,0,5.0956,0,0,0,0,0,3.294248715,1.003016961,0.093740285,0
52,251,1,11004.78252,696121.7391,0.87352,0,0,0,0,0,0,0,0,0,18.7944,34.6982593,1.003016961,0.093740285,0
52,251,1,11004.78252,696121.7391,0,0,0,0.010165,5.0207,0,0,0,0,0,0.151728,3.933904712,1.003016961,0.093740285,0
52,251,1,11004.78252,696121.7391,0.7554,0,0,0,0,0,35.561,0,0,0,4.6158,62.76023949,1.003016961,0.093740285,0
52,251,1,11004.78252,696121.7391,7.8157,0,0,0,0.61065,0,0,0,0.00524,0,6.9018,0.090682319,1.003016961,0.093740285,0
52,251,1,11004.78252,696121.7391,0,0,0,0,0.15682,0,0,0,0,0,0,7.61406159,1.003016961,0.093740285,0
52,251,1,11004.78252,696121.7391,0,0,0,21.886,0,0,0.13028,0,0,0,0.151728,1.437091095,1.003016961,0.093740285,0
52,251,1,11004.78252,696121.7391,0.013573,0,0,0,0,0,0.59876,0,0,0,20.2284,2.550491043,1.003016961,0.093740285,0
52,251,1,11004.78252,696121.7391,0.005239,0,0,0.011527,0,0,0,0,0,0,73.296,4.748825638,1.003016961,0.093740285,0
52,251,1,11004.78252,696121.7391,0.68217,0,0,0.030964,24.77,12.13,0,0,0,0,2.41287,459.9889457,1.003016961,0.093740285,0
52,251,1,11004.78252,696121.7391,0.062652,0,0,0,0,0,0,0,0,0,1.33728,5.291902932,1.003016961,0.093740285,0
52,251,1,11004.78252,696121.7391,0,0,0,0,0,0.62172,0,0,0,0,0.75903,10.8444667,1.003016961,0.093740285,0
52,251,1,11004.78252,696121.7391,8.2504,0,0,0,0,0,0,0,0,0,56.145,1.926287639,1.003016961,0.093740285,0
52,251,1,11004.78252,696121.7391,0,0,0,12.177,0,0,0,0,0,0,0.38949,1.629841853,1.003016961,0.093740285,0
52,251,1,11004.78252,696121.7391,0.040702,0,0,0,0,0,0.74966,0,0,0,0,19.16080795,1.003016961,0.093740285,0
52,251,1,11004.78252,696121.7391,0.007221,0,0,0,0,0,0.13028,0,0,0,0.151728,8.563989377,1.003016961,0.093740285,0
52,251,1,11004.78252,696121.7391,0,0,0,0,0.000251,0,0,0,0,0,3.0075,3.989437415,1.003016961,0.093740285,0
52,251,1,11004.78252,696121.7391,0,0,0,5.1219,0,0,15.202,0,0,0,16.6719,1.629841853,1.003016961,0.093740285,0
52,251,1,11004.78252,696121.7391,0.016699,0,0,0.15605,0,0,0,0,0,0,0.273324,10.8444667,1.003016961,0.093740285,0
52,251,1,11004.78252,696121.7391,6.8591,0,0,0,0.0088426,0,0,0,0,0,0,1.611949377,1.003016961,0.093740285,0
52,251,1,11004.78252,696121.7391,0.87352,0,0,0.001677,0.090777,0.77921,0,0,0,0,11.682,0.496109546,1.003016961,0.093740285,0
52,251,1,11004.78252,696121.7391,0.0056959,0,0,11.325,0.008321,0,0,0,0,0,1.09647,83.74352198,1.003016961,0.093740285,0
52,251,1,11004.78252,696121.7391,0,0,0,0.008335,0,0,0,0,0,0,32.442,9.094257285,1.003016961,0.093740285,0
52,251,1,11004.78252,696121.7391,0.008333,0,0,0,0.26036,0,0,0,0,0,0,57.7672295,1.003016961,0.093740285,0
52,251,1,11004.78252,696121.7391,0,0,0,0,0.008333,0,0,0,0,0,3.1278,0.090682319,1.003016961,0.093740285,0
52,251,1,11004.78252,696121.7391,0.001434,0,0,0,0,0,24.186,0,0,0,8.5644,6.438851272,1.003016961,0.093740285,0
52,251,1,11004.78252,696121.7391,0.007221,0,0,0,0.000063,0,0.13028,0,0,0,0,1.953939646,1.003016961,0.093740285,0
52,251,1,11004.78252,696121.7391,13.81,0,0,0,0,0,0,0,0,0,0.151728,1.788434249,1.003016961,0.093740285,0
52,251,1,11004.78252,696121.7391,6.7661,0,0,0,0,0,0,0,0,0,0.151728,1.912461635,1.003016961,0.093740285,0
52,251,1,11004.78252,696121.7391,0.0068531,0,0,0,0,0,0,0,0,0,0,0.533114438,1.003016961,0.093740285,0
52,251,1,11004.78252,696121.7391,0.18244,0,0,0,0,0,0,0,0,0,0,4.791523591,1.003016961,0.093740285,0
52,251,1,11004.78252,696121.7391,0.0083909,0,0,0,4.4409,0,0,0,0,0,10.6086,4.791523591,1.003016961,0.093740285,0
52,251,1,11004.78252,696121.7391,0,0,0,0,0.3855,0.001185,24.479,0,0,0,0,0.533114438,1.003016961,0.093740285,48.40243902
52,251,1,11004.78252,696121.7391,0.19126,0,0.00524,0.005239,0,0,0,0,0,0,0,5.751441887,1.003016961,0.093740285,0
52,251,1,11004.78252,696121.7391,52.722,0,0,0,0,0,0,0,0,0,0,459.9889457,1.003016961,0.093740285,0
52,251,1,11004.78252,696121.7391,0,0,0,0,0,0,0,0,0,0,11.0184,4.791523591,1.003016961,0.093740285,0
52,251,1,11004.78252,696121.7391,1.385,0,0,0.25593,13.034,0,9.039,0,0,0,0,4.044970118,1.003016961,0.093740285,0
52,251,1,11004.78252,696121.7391,0.008335,0,0,0.0306,0,13.897,20.982,0,0,0,0,1.953939646,1.003016961,0.093740285,0
52,251,1,11004.78252,696121.7391,0,0,0,0.003346,0.000251,0,0,0,0,0,2.66157,1.953939646,1.003016961,0.093740285,0
52,251,1,11004.78252,696121.7391,2.5794,0,0,0.002139,0.000251,0,0,0,0,0,1.52439,6.85281809,1.003016961,0.093740285,0
52,251,1,11004.78252,696121.7391,0.0152,0,0,0,0,0.0077375,0,0,0,0,0,3.989437415,1.003016961,0.093740285,0
52,251,1,11004.78252,696121.7391,0,0,0,0,0,0,0,0,0,0,0,2.626534064,1.003016961,0.093740285,0
52,251,1,11004.78252,696121.7391,2.2494,0,0,0,0.005239,6.1311,0,0,0,0,6.8079,7.432290306,1.003016961,0.093740285,0
52,251,1,11004.78252,696121.7391,0,0,0,0.031407,0.84234,0,0,0,0,0,0.151728,4.862686845,1.003016961,0.093740285,0
52,251,1,11004.78252,696121.7391,8.2504,0,0,0,0,0,0,0,0,0,0,7.432290306,1.003016961,0.093740285,0
52,251,1,11004.78252,696121.7391,0.15204,0,0,0.0076281,0,0,0,0,0,0,0.271728,4.044970118,1.003016961,0.093740285,0
52,251,1,11004.78252,696121.7391,0.002011,0,0,0,0.070777,0,0,0,0,0,0,4.286874454,1.003016961,0.093740285,0
52,251,1,11004.78252,696121.7391,0,0,0,0.020575,0.18655,0,0,0,0,0,0,4.748825638,1.003016961,0.093740285,0
53,252,1,10996.12491,695574.0909,0,0,0,0.18118,0,0,0,0,0,0,0.87174,15.12102526,0.979451977,0.091537942,0
53,252,1,10996.12491,695574.0909,0.00524,0,0,0,0.18217,0,0,0,0,0,0,0.085689464,0.979451977,0.091537942,0
53,252,1,10996.12491,695574.0909,0.042738,0,0,0,0.21732,0,0,0,0,0,2.60853,0.541773565,0.979451977,0.091537942,0
53,252,1,10996.12491,695574.0909,0.38105,0,0,0,0,0,0,0,0,0,15.252,0.085689464,0.979451977,0.091537942,0
53,252,1,10996.12491,695574.0909,0.008333,0,0.000688,0,0.013573,0,20.982,0,0,0,0,3.237208988,0.979451977,0.091537942,0
53,252,1,10996.12491,695574.0909,0,0,0,0,0,0,0,0,0,0,12.4689,1.651413523,0.979451977,0.091537942,0
53,252,1,10996.12491,695574.0909,0,0,0,0,0,0,0,0,0,0,23.3337,1.651413523,0.979451977,0.091537942,0
53,252,1,10996.12491,695574.0909,0.002139,0,0,0,0.002868,0,0.13028,0,0.008333,0,0.151728,0.99739448,0.979451977,0.091537942,0
53,252,1,10996.12491,695574.0909,1.8709,0,0,0,0.008333,0.096353,0,0,0,0,0.151728,6.472102045,0.979451977,0.091537942,0
53,252,1,10996.12491,695574.0909,2.2987,0,0,2.5863,0,37.958,0,0,0,0,1.10577,6.495762651,0.979451977,0.091537942,0
53,252,1,10996.12491,695574.0909,0.82366,0,0,0.75591,0,0,0,0,0,0,3.6423,2.474804353,0.979451977,0.091537942,0
53,252,1,10996.12491,695574.0909,1.5202,0,0,0.008333,6.9699,0,0,0,0,0,0,3.789481443,0.979451977,0.091537942,0
53,252,1,10996.12491,695574.0909,0.008333,0,0.08263,0.007221,0.4381,0.78099,0,0,0,0,1.17456,6.495762651,0.979451977,0.091537942,0
53,252,1,10996.12491,695574.0909,0.0066265,0,0,0,0.003538,0,0,0,0,0,0.151728,3.789481443,0.979451977,0.091537942,0
53,252,1,10996.12491,695574.0909,0.01357,0,0,0.008332,0.0214,0,0,2.4608,0,0,20.2284,0.99739448,0.979451977,0.091537942,0
53,252,1,10996.12491,695574.0909,7.1589,0,0,0,0,0,0,0,0,0,18.1353,0.219704697,0.979451977,0.091537942,0
53,252,1,10996.12491,695574.0909,0.00524,0,0,1.4947,0,0,0,0,0,0,0.151728,0.541773565,0.979451977,0.091537942,0
53,252,1,10996.12491,695574.0909,0.34912,0,0,0,0,0,0,0,0,0,0.78174,2.124635517,0.979451977,0.091537942,0
53,252,1,10996.12491,695574.0909,0,0,0,0,0.005239,0,0,0,0,0,0.151728,0.219704697,0.979451977,0.091537942,0
53,252,1,10996.12491,695574.0909,16.603,0,0,0.00524,0,0.005828,0,0,0,0,1.08339,0.99739448,0.979451977,0.091537942,0
53,252,1,10996.12491,695574.0909,2.7267,0,0,0.16809,0,0,0,0,0,0,0.151728,0.219704697,0.979451977,0.091537942,0
53,252,1,10996.12491,695574.0909,0,0,0,52.922,0.029406,5.3213,0,0,0,0,0,2.474804353,0.979451977,0.091537942,0
53,252,1,10996.12491,695574.0909,0,0,0,0.054581,6.2437,0,0,0,0,0,0.31755,15.12102526,0.979451977,0.091537942,0
53,252,1,10996.12491,695574.0909,0,0,0,0,0,0,0,0,0,0,3.4872,0.541773565,0.979451977,0.091537942,0
53,252,1,10996.12491,695574.0909,1.5374,0,6.3345,0,0,0,0,0,0,0,12.3399,15.12102526,0.979451977,0.091537942,0
53,252,1,10996.12491,695574.0909,0,0,0,0,0.00524,0,0.008333,0,0,0,0.68376,2.124635517,0.979451977,0.091537942,0
53,252,1,10996.12491,695574.0909,9.146,0,0,0.008333,0,0,0,0,0,0,0.181728,0.423815456,0.979451977,0.091537942,0
53,252,1,10996.12491,695574.0909,0,0,0,0,0.008321,1.2883,0,0,0,0,3.7518,11.33524931,0.979451977,0.091537942,0
53,252,1,10996.12491,695574.0909,0,0,0,0,0,0,0,0,0,0,0,1.035375756,0.979451977,0.091537942,0
53,252,1,10996.12491,695574.0909,0.82366,0,0,0,0.011527,0.00007,0,0,0.008333,0,6.9018,3.237208988,0.979451977,0.091537942,0
53,252,1,10996.12491,695574.0909,0.018381,0,0,0.0043235,0.010996,0,0,0,0,0,0.37014,2.124635517,0.979451977,0.091537942,0
53,252,1,10996.12491,695574.0909,0.19687,0,0,0,0.00524,0,0,0,0,0,0.151728,2.474804353,0.979451977,0.091537942,0
53,252,1,10996.12491,695574.0909,0.005372,0,0,0,0,0,0,0,0,0,0,6.495762651,0.979451977,0.091537942,0
53,252,1,10996.12491,695574.0909,0,0,0,0.008332,6.9699,0,0,0,0,0,0.151728,4.278895437,0.979451977,0.091537942,0
53,252,1,10996.12491,695574.0909,0.00062,0,0,0.0011005,0,21.538,0,0,0,0,1.84839,3.789481443,0.979451977,0.091537942,0
53,252,1,10996.12491,695574.0909,0,0,0,0,0.0073964,0,0,0,0,0,0.3897,0.423815456,0.979451977,0.091537942,0
53,252,1,10996.12491,695574.0909,0.7988,0,0,0,0.010373,0,0,0,0,0,0,22.79016382,0.979451977,0.091537942,0
53,252,1,10996.12491,695574.0909,0,0,0,0,0,6.5672,0,0,0.004143,0,0,17.60572724,0.979451977,0.091537942,0
53,252,1,10996.12491,695574.0909,0.0094528,0,0,0,0.008333,1.1312,0,0,0,0,0.151728,6.472102045,0.979451977,0.091537942,0
53,252,1,10996.12491,695574.0909,0.071675,0,1.0585,0,1.5099,0,0,0,0,0,1.57404,0.541773565,0.979451977,0.091537942,0
53,252,1,10996.12491,695574.0909,5.4818,0,0,0,0.020274,0,0,0,0,0,0.151728,0.301225485,0.979451977,0.091537942,0
53,252,1,10996.12491,695574.0909,0,0,0,0,0.086094,0,0,0,0,0,6.105,0.99739448,0.979451977,0.091537942,0
53,252,1,10996.12491,695574.0909,9.5606,0,0,0.005239,0,1.5701,0,0,0,0,0.204657,3.237208988,0.979451977,0.091537942,0
53,252,1,10996.12491,695574.0909,0.013892,0,0,0.008333,0.3855,0,51.57,0,0,0,2.96682,2.474804353,0.979451977,0.091537942,0
53,252,1,10996.12491,695574.0909,0.48229,0,0,0,0,0.42818,0,0,0,0,7.3257,4.278895437,0.979451977,0.091537942,0
53,252,1,10996.12491,695574.0909,0,0,0,0.036193,0,0,0,0,0,0,8.3928,6.472102045,0.979451977,0.091537942,0
53,252,1,10996.12491,695574.0909,5.0534,0,0,0.026977,0,0,0,0,0,0,0.151728,0.423815456,0.979451977,0.091537942,0
53,252,1,10996.12491,695574.0909,0,0,0,0,0.038932,0,0.10863,0,0,0,0.151728,0.541773565,0.979451977,0.091537942,0
53,252,1,10996.12491,695574.0909,3.0939,0,0,0.0089655,0.001267,0,0,0,0,0,3.8946,15.12102526,0.979451977,0.091537942,0
53,252,1,10996.12491,695574.0909,0.008333,0,0,0,0.001478,0,0,0,0,0,29.2218,0.301225485,0.979451977,0.091537942,0
53,252,1,10996.12491,695574.0909,0,0,0,0.37666,0.005239,0.000209,0,0,0,0,0.181728,25.71929039,0.979451977,0.091537942,0
53,252,1,10996.12491,695574.0909,0,0,0,0,0,0,0,0,0,0,0,3.789481443,0.979451977,0.091537942,0
53,252,1,10996.12491,695574.0909,0,0,0,0.008333,0,0,0,0,0,0,0,2.007567612,0.979451977,0.091537942,0
53,252,1,10996.12491,695574.0909,0.0059107,0,0,0,0,0.78866,0,0,0,0,0,0.423815456,0.979451977,0.091537942,0
53,252,1,10996.12491,695574.0909,0,0,0,0,0,3.738,0,0,0,0,0.151728,0.99739448,0.979451977,0.091537942,0
53,252,1,10996.12491,695574.0909,8.2504,0,0,0,0,0,0,0,0,0,0.70764,3.237208988,0.979451977,0.091537942,0
53,252,1,10996.12491,695574.0909,0.003346,0,0,0.015045,4.753,0,0,0,0,0,0.151728,2.474804353,0.979451977,0.091537942,0
53,252,1,10996.12491,695574.0909,0.008333,0,0,0,0.097858,0,0,0,0,0,4.6839,2.474804353,0.979451977,0.091537942,0
53,252,1,10996.12491,695574.0909,27.506,0,0.000688,0,0.000688,0,0,0.007382,0,0,0.151728,0.219704697,0.979451977,0.091537942,0
53,252,1,10996.12491,695574.0909,0.00524,0,0,0.14311,0,0,0,0,0,0,0.151728,0.99739448,0.979451977,0.091537942,0
53,252,1,10996.12491,695574.0909,0.0088426,0,0,0.007102,0.000063,0,0,0,0,0,0.151728,15.12102526,0.979451977,0.091537942,0
53,252,1,10996.12491,695574.0909,0.00524,0,0,0,0.005239,0,0,0,0,0,8.9118,0.423815456,0.979451977,0.091537942,0
53,252,1,10996.12491,695574.0909,0,0,0,1.2164,0,0,0,0,0,0,1.96911,4.278895437,0.979451977,0.091537942,0
53,252,1,10996.12491,695574.0909,0,0,0,4.7441,0.78045,0.10693,0,0,0,0,1.73121,0.541773565,0.979451977,0.091537942,0
53,252,1,10996.12491,695574.0909,2.6123,0,0,0.012154,0,0,0,0,0,0,25.2354,2.007567612,0.979451977,0.091537942,0
53,252,1,10996.12491,695574.0909,0,0,0,0,0,0,0,0,0,0,5.6418,0.541773565,0.979451977,0.091537942,0
53,252,1,10996.12491,695574.0909,0,0,0,0,0,0,0,0,0,0,1.05978,0.219704697,0.979451977,0.091537942,0
53,252,1,10996.12491,695574.0909,0.19687,0,0,0,0,0,0,0,0,0,3.1572,1.035375756,0.979451977,0.091537942,0
53,252,1,10996.12491,695574.0909,0.005239,0,0,0,0,0,28.471,0,0,0,0,0.219704697,0.979451977,0.091537942,0
53,252,1,10996.12491,695574.0909,0.063798,0,0,0,0,0,0,0,0,0,0.151728,0.219704697,0.979451977,0.091537942,0
53,252,1,10996.12491,695574.0909,0,0,0,0,0,0,0,0,0,0,7.6407,0.085689464,0.979451977,0.091537942,0
53,252,1,10996.12491,695574.0909,0.005239,0,0,0,0,0,0.13028,0,0,0,0,143.9831763,0.979451977,0.091537942,0
53,252,1,10996.12491,695574.0909,27.506,0,0,0,0.041022,0,0,0,0,0,1.02366,0.301225485,0.979451977,0.091537942,0
53,252,1,10996.12491,695574.0909,0.071675,0,0,0,0,0,82.366,0,0,0,1.17456,3.789481443,0.979451977,0.091537942,0
53,252,1,10996.12491,695574.0909,0,0,0,11.325,0.00062,0,0,0,0,0,5.0406,0.99739448,0.979451977,0.091537942,0
53,252,1,10996.12491,695574.0909,0.047912,0,0,0,0,0,0,0,0,0,0,0.99739448,0.979451977,0.091537942,0
53,252,1,10996.12491,695574.0909,0,0,0,1.5881,0,0,0,0,0,0,0.279585,4.03418844,0.979451977,0.091537942,0
53,252,1,10996.12491,695574.0909,0.21588,0,0,0.003346,0,0,0,0,0,0,0,1.651413523,0.979451977,0.091537942,0
53,252,1,10996.12491,695574.0909,0,0,0,0,0,0.78033,0,0,0,0,4.8864,0.541773565,0.979451977,0.091537942,0
53,252,1,10996.12491,695574.0909,0,0,0,0,0.0001405,0,0,0,0,0,0.75903,3.237208988,0.979451977,0.091537942,0
53,252,1,10996.12491,695574.0909,0,0,0,2.8607,0,0,0,0,0,0,16.3047,6.472102045,0.979451977,0.091537942,0
53,252,1,10996.12491,695574.0909,5.15,0,0,0.031407,0.005769,0,0.002308,0,0,0,0.151728,0.541773565,0.979451977,0.091537942,0
53,252,1,10996.12491,695574.0909,0.0088426,0,0.80376,0,0.008333,0,0,0,0,0,5.5146,6.472102045,0.979451977,0.091537942,0
53,252,1,10996.12491,695574.0909,0,0,0,0,0,0,0,0,0,0,0.285792,6.472102045,0.979451977,0.091537942,0
53,252,1,10996.12491,695574.0909,3.3665,0,0,0.0067015,0.12099,0,0,0,0,0,0.151728,3.237208988,0.979451977,0.091537942,0
53,252,1,10996.12491,695574.0909,0,0,0,5.6081,0.002156,0.79307,0,0,0,0,0,0.541773565,0.979451977,0.091537942,0
53,252,1,10996.12491,695574.0909,0,0,0,0,0,0,0,0,0,0,0,0.301225485,0.979451977,0.091537942,0
53,252,1,10996.12491,695574.0909,0,0,0,0,0,0,0,0,0,0,41.634,0.541773565,0.979451977,0.091537942,30.3902439
53,252,1,10996.12491,695574.0909,49.011,0,0,0,0,0,0,0,0,0,0,0.301225485,0.979451977,0.091537942,0
53,252,1,10996.12491,695574.0909,0,0,0,0,0.008332,0.56312,0.002308,0,0,0,0.151728,3.789481443,0.979451977,0.091537942,0
53,252,1,10996.12491,695574.0909,0.008333,0,0,14.532,0.002741,0,0.13028,0,0,0,0.273384,11.33524931,0.979451977,0.091537942,0
53,252,1,10996.12491,695574.0909,12.994,0,0,0,0,0,0,0,0.0058005,0,22.8018,22.79016382,0.979451977,0.091537942,0
53,252,1,10996.12491,695574.0909,0,0,0,1.0312,0,0,0.008333,2.9569,0,0,0,0.301225485,0.979451977,0.091537942,0
53,252,1,10996.12491,695574.0909,0,0,0,0.049787,0,0,0,0,0,0,0.151728,2.124635517,0.979451977,0.091537942,0
53,252,1,10996.12491,695574.0909,0.0019345,0,0,0,0,0,0,0,0,0,1.62018,15.12102526,0.979451977,0.091537942,0
53,252,1,10996.12491,695574.0909,0.015487,0,0,0,0.008333,0.0024365,0,0,0,0,0,2.124635517,0.979451977,0.091537942,0
53,252,1,10996.12491,695574.0909,0.0152,0,0,0.008333,0.0084565,0,0,0,0,0,0.151728,0.085689464,0.979451977,0.091537942,0
53,252,1,10996.12491,695574.0909,0,0,0,10.744,0,0.011,0,0,0,0,0,2.124635517,0.979451977,0.091537942,0
53,252,1,10996.12491,695574.0909,0.3067,0,0,0.00524,0,0,0,0,0,0,0,0.085689464,0.979451977,0.091537942,0
53,252,1,10996.12491,695574.0909,0,0,0,0.008336,0,0,0,0,0,0,35.547,6.495762651,0.979451977,0.091537942,0
53,252,1,10996.12491,695574.0909,45.509,0,0,0,0.008333,0,5.6931,0,0,0,4.8618,2.124635517,0.979451977,0.091537942,0
53,252,1,10996.12491,695574.0909,0.19687,0,0,0,2.4885,0,0,0,0,0,11.0268,6.472102045,0.979451977,0.091537942,0
53,252,1,10996.12491,695574.0909,55.389,0,0,0,0,0,0,0,0,0,97.974,143.9831763,0.979451977,0.091537942,0
53,252,1,10996.12491,695574.0909,22.449,0,0,0,11.167,0,0,0,0,0,0,0.99739448,0.979451977,0.091537942,0
53,252,1,10996.12491,695574.0909,2.8708,0,0,197.85,0.007221,0.76551,0,0,0,0,0.2871,2.124635517,0.979451977,0.091537942,0
53,252,1,10996.12491,695574.0909,10.582,0,0,0.00524,0,0.79321,0,0,0,0,46.293,1.651413523,0.979451977,0.091537942,0
53,252,1,10996.12491,695574.0909,0.001669,0,0,0,0.0096305,0,0,0,0,0,1.62048,0.301225485,0.979451977,0.091537942,0
53,252,1,10996.12491,695574.0909,0,0,0,0,7.7396,0,0,0,0,0,73.296,45.52343809,0.979451977,0.091537942,0
53,252,1,10996.12491,695574.0909,0,0,0,0,0,0,0,0,0,0,0,11.68233493,0.979451977,0.091537942,0
53,252,1,10996.12491,695574.0909,0.67499,0,0,0.008333,0.003821,0,0,0,0,0,3.0075,3.789481443,0.979451977,0.091537942,0
53,252,1,10996.12491,695574.0909,0.008333,0,0,0.008333,5.7051,2.0371,0,0,0,0,0.151728,0.423815456,0.979451977,0.091537942,0
53,252,1,10996.12491,695574.0909,2.8708,0,0,0,0,0,30.977,0,0,0,0.151728,3.237208988,0.979451977,0.091537942,0
53,252,1,10996.12491,695574.0909,0.070781,0,0,0,0,0,0.13028,0,0,0,8.6688,1.651413523,0.979451977,0.091537942,77.68292683
53,252,1,10996.12491,695574.0909,0,0,0,0,6.9699,0,0,0,0,0,123.993,6.472102045,0.979451977,0.091537942,0
53,252,1,10996.12491,695574.0909,0,0,0,0.13117,0,0,0,0,0,0,8.3751,0.423815456,0.979451977,0.091537942,0
53,252,1,10996.12491,695574.0909,0.0724,0,0,0,0,0.096353,0,0,0,0,0.73911,0.219704697,0.979451977,0.091537942,0
53,252,1,10996.12491,695574.0909,27.506,0,0,0.0089655,0,0,0,0,0,0,0.151728,11.33524931,0.979451977,0.091537942,0
53,252,1,10996.12491,695574.0909,0.007697,0,0,0.14395,0.010373,0,0,0,0,0,0,0.301225485,0.979451977,0.091537942,0
53,252,1,10996.12491,695574.0909,0.00524,0,0,0.1964,0,0,0,0,0,0,28.8018,13.06734301,0.979451977,0.091537942,0
53,252,1,10996.12491,695574.0909,0.005239,0,0,0.00524,0,0,0,0,0,0,0,15.12102526,0.979451977,0.091537942,0
53,252,1,10996.12491,695574.0909,0.008333,0,0,0.50869,0,0,0,0,0,0,47.883,15.12102526,0.979451977,0.091537942,0
53,252,1,10996.12491,695574.0909,0.016058,0,0,0,0,0,0,0,0,0,0.93561,2.124635517,0.979451977,0.091537942,0
53,252,1,10996.12491,695574.0909,6.8272,0,0,0.0076281,0,0,30.781,0,0,0,0,4.278895437,0.979451977,0.091537942,0
53,252,1,10996.12491,695574.0909,0.000752,0,0,0,0.049462,0,0,0,0,0,0,1.651413523,0.979451977,0.091537942,0
53,252,1,10996.12491,695574.0909,0,0,0.82178,0.0089655,0.010373,0,0,0,0,0,0.45174,0.301225485,0.979451977,0.091537942,0
53,252,1,10996.12491,695574.0909,0.012423,0,0,0,52.779,0,52.175,0,0,0,0,2.124635517,0.979451977,0.091537942,0
53,252,1,10996.12491,695574.0909,0,0,0,0,0.000124,0,0,0,0,0,0.151728,0.219704697,0.979451977,0.091537942,53.6097561
53,252,1,10996.12491,695574.0909,0.22208,0,0,0,0,2.5906,0,0,0,0,1.73121,1.035375756,0.979451977,0.091537942,0
53,252,1,10996.12491,695574.0909,3.0939,0,0,0,0,0,0,0,0,0,3.4635,0.541773565,0.979451977,0.091537942,0
53,252,1,10996.12491,695574.0909,0,0,0,0.15874,211.21,0,0,0,0,0,0,3.789481443,0.979451977,0.091537942,0
53,252,1,10996.12491,695574.0909,0,0,0,0.00036,43.956,0,0,0,0,0,0.151728,2.474804353,0.979451977,0.091537942,0
53,252,1,10996.12491,695574.0909,0.12208,0,0,0,0,0,0,0,0,0,0.151728,2.474804353,0.979451977,0.091537942,0
53,252,1,10996.12491,695574.0909,1.2774,0,16.247,6.0441,0.98255,0,0,0,0,0,0,6.495762651,0.979451977,0.091537942,0
53,252,1,10996.12491,695574.0909,49.592,0,0,0,0,0,0,0,0,0,0,6.472102045,0.979451977,0.091537942,0
53,252,1,10996.12491,695574.0909,0.016058,0,0,0,0,0,0,0,0,0,0,0.219704697,0.979451977,0.091537942,0
53,252,1,10996.12491,695574.0909,3.9799,0,0,0,0.010122,0,0,0,0,0,5.7318,107.6982002,0.979451977,0.091537942,0
53,252,1,10996.12491,695574.0909,0.025372,0,0,0,0.0057595,0,0,0,0,0,0,1.035375756,0.979451977,0.091537942,0
53,252,1,10996.12491,695574.0909,0.00524,0,0,0,0,0,0,0,0,0,20.8818,0.301225485,0.979451977,0.091537942,0
53,252,1,10996.12491,695574.0909,0,0,0,0,0,0,0,0,0,0,46.353,3.237208988,0.979451977,0.091537942,0
53,252,1,10996.12491,695574.0909,15.2,0,0,0,0.0022594,0,0,0,0,0,0,0.423815456,0.979451977,0.091537942,0
53,252,1,10996.12491,695574.0909,0.008333,0,0,0,0.050892,0,0,0.019574,0,0,2.39871,0.301225485,0.979451977,0.091537942,0
53,252,1,10996.12491,695574.0909,0.025372,0,0,0.0078558,0,0.77921,0,0,0.00999,0,0,2.124635517,0.979451977,0.091537942,0
53,252,1,10996.12491,695574.0909,0,0,0,0.008333,0,0,0,0,0,0,0,3.237208988,0.979451977,0.091537942,0
53,252,1,10996.12491,695574.0909,0.3628,0,0,0.007214,29.422,0,0,0,0,0,0.211728,0.219704697,0.979451977,0.091537942,0
53,252,1,10996.12491,695574.0909,0,0,0,0,0,0,0,0,0,0,1.74174,0.423815456,0.979451977,0.091537942,0
53,252,1,10996.12491,695574.0909,0.020885,0,0,0,0,0,0,0,0,0,28.113,6.495762651,0.979451977,0.091537942,0
53,252,1,10996.12491,695574.0909,0,0,0,0,0,0.41195,0,0,0,0,0.70764,15.12102526,0.979451977,0.091537942,0
53,252,1,10996.12491,695574.0909,0,0,0,0.047407,0.01048,0,0,0,0,0,0,2.124635517,0.979451977,0.091537942,0
53,252,1,10996.12491,695574.0909,0,0,0,0,0.086094,0,539.1,0,0,0,0.151728,0.541773565,0.979451977,0.091537942,0
53,252,1,10996.12491,695574.0909,0,0,0,0.31537,0,0,0,0,0,0,0,22.79016382,0.979451977,0.091537942,0
53,252,1,10996.12491,695574.0909,0,0,0,0,0,0,0,0,0,0,0.51381,6.472102045,0.979451977,0.091537942,0
53,252,1,10996.12491,695574.0909,0.045123,0,0,0,0,0.77921,0,0,0,0,73.296,0.085689464,0.979451977,0.091537942,0
53,252,1,10996.12491,695574.0909,0,0,0,835.4,3.9118,0,0.67845,0,0,0,0.151728,2.124635517,0.979451977,0.091537942,0
53,252,1,10996.12491,695574.0909,9.3106,0,3.6624,0.001326,0.041022,0,0,0,0,0,2.61366,0.085689464,0.979451977,0.091537942,0
53,252,1,10996.12491,695574.0909,0.0066265,0,0,0,0,0,0,0,0,0,0.293307,17.60572724,0.979451977,0.091537942,0
53,252,1,10996.12491,695574.0909,0,0,0,0,0,0,15.249,0,0,0,0,2.007567612,0.979451977,0.091537942,0
53,252,1,10996.12491,695574.0909,12.084,0,0,0,0.353,0,454.11,0,2.3713,0,1.09647,0.423815456,0.979451977,0.091537942,0
53,252,1,10996.12491,695574.0909,0,0,0,0.00036,1.0784,0,0,0.12786,0,0,0,0.301225485,0.979451977,0.091537942,0
53,252,1,10996.12491,695574.0909,0.00062,0,0,0.002084,0,0,0.13028,0,0,0,0,0.301225485,0.979451977,0.091537942,0
53,252,1,10996.12491,695574.0909,0.18674,0,0,1.5394,0.000251,0,0,0,0,0,2.06073,15.12102526,0.979451977,0.091537942,0
53,252,1,10996.12491,695574.0909,0.008333,0,0,0,0,0,0.13028,0,0,0,0.151728,6.472102045,0.979451977,0.091537942,0
53,252,1,10996.12491,695574.0909,0.29003,0,0,4.5651,0,0,0,0,0,0,0.151728,0.219704697,0.979451977,0.091537942,0
53,252,1,10996.12491,695574.0909,0.00644,0,0,0,0.013036,0,0,0,0,0,7.2111,6.472102045,0.979451977,0.091537942,0
53,252,1,10996.12491,695574.0909,0.008004,0,0,0,0,0,0,0,0,0,4.6158,13.06734301,0.979451977,0.091537942,0
53,252,1,10996.12491,695574.0909,5.6933,0,0,0.25593,0.4786,0,0,0,0,0,1.42239,2.007567612,0.979451977,0.091537942,0
53,252,1,10996.12491,695574.0909,0,0,0,3.2487,1.7249,0,0.75031,0,0,0,0,15.12102526,0.979451977,0.091537942,0
53,252,1,10996.12491,695574.0909,0,0,0,0,0,0,0,0,0.20713,0,0,0.301225485,0.979451977,0.091537942,0
53,252,1,10996.12491,695574.0909,0.032101,0,0,0.086213,0,5.9264,0,0,0,0,0,0.085689464,0.979451977,0.091537942,0
53,252,1,10996.12491,695574.0909,0.000078,0,0,0,0,775.66,0,0,0,0,6.258,0.085689464,0.979451977,0.091537942,0
53,252,1,10996.12491,695574.0909,50.278,0,0,0,0.003538,0,0,0,0,0,0,3.789481443,0.979451977,0.091537942,0
53,252,1,10996.12491,695574.0909,0,0,0,0.017238,0.78045,0,0,0,0,0,0.181728,1.651413523,0.979451977,0.091537942,0
53,252,1,10996.12491,695574.0909,0.005769,0,0,0.45906,0,0,3.7911,0,0,0,1.05978,0.423815456,0.979451977,0.091537942,0
53,252,1,10996.12491,695574.0909,0.008333,0,0,0.0068531,0,0,0,0,0,0,0.287505,0.541773565,0.979451977,0.091537942,0
53,252,1,10996.12491,695574.0909,0,0,0,0.027172,0.21081,0,0.67845,0,0,0,0.54798,15.12102526,0.979451977,0.091537942,0
53,252,1,10996.12491,695574.0909,0,0,0,0,2.529,0,0,0,0,0,0,0.085689464,0.979451977,0.091537942,0
53,252,1,10996.12491,695574.0909,0.008333,0,0,0,0,0,0,0,0,0,0,0.085689464,0.979451977,0.091537942,0
53,252,1,10996.12491,695574.0909,0.008333,0,0.005988,0,0.003821,0,0,0,0,0,0.151728,0.99739448,0.979451977,0.091537942,0
53,252,1,10996.12491,695574.0909,0,0,0,0.40202,0,0,0,0,0,0,198.603,2.474804353,0.979451977,0.091537942,0
53,252,1,10996.12491,695574.0909,0,0,0,10.744,3.2358,0,0,0,0,0,0.151728,0.219704697,0.979451977,0.091537942,0
53,252,1,10996.12491,695574.0909,0.014773,0,0,0,0.005769,0,0,0,0,0,0.54798,0.423815456,0.979451977,0.091537942,0
53,252,1,10996.12491,695574.0909,0.18244,0,0,0,0,0,0,0,0,0,0.151728,0.423815456,0.979451977,0.091537942,0
53,252,1,10996.12491,695574.0909,0.74435,0,0,0.42984,0,0,0,0,0,0,0,0.085689464,0.979451977,0.091537942,0
53,252,1,10996.12491,695574.0909,1.8905,0,0,0.008265,0.034463,0,0,0,0,0,1.98174,0.085689464,0.979451977,0.091537942,0
53,252,1,10996.12491,695574.0909,0,0,0,15.592,0,0,207.8,0,0,0,0.84174,0.541773565,0.979451977,0.091537942,0
53,252,1,10996.12491,695574.0909,27.506,0,0.066337,0,0,0,0.67845,0,0,0,3.7518,143.9831763,0.979451977,0.091537942,0
53,252,1,10996.12491,695574.0909,0,0,0,6.4627,0,0.00158,0,0,0,0,5.2875,2.124635517,0.979451977,0.091537942,0
53,252,1,10996.12491,695574.0909,0.030381,0,0,0,0,0,0,0,0,0,0,3.237208988,0.979451977,0.091537942,0
53,252,1,10996.12491,695574.0909,0,0,0,0.00524,0.14346,0,0,0,0,0,0.151728,0.301225485,0.979451977,0.091537942,0
53,252,1,10996.12491,695574.0909,13.595,0,0,0,0,0.7828,0,0,0,0,4.3869,1.035375756,0.979451977,0.091537942,0
53,252,1,10996.12491,695574.0909,0,0,0,0.003538,0,0,0,0,0,0,0.151728,6.472102045,0.979451977,0.091537942,0
53,252,1,10996.12491,695574.0909,0.00524,0,0,0,0.84234,1.0657,0,0,0,0,4.3869,2.124635517,0.979451977,0.091537942,0
53,252,1,10996.12491,695574.0909,8.3092,0,0,11.325,1.3478,0,0,0,0,0,0.151728,3.789481443,0.979451977,0.091537942,0
53,252,1,10996.12491,695574.0909,0.00014,0,0,0.008333,0,0,0,0,0,0,2.41287,22.79016382,0.979451977,0.091537942,80.67073171
53,252,1,10996.12491,695574.0909,0,0,0,0.03272,0,0.000064,0,0,0,0,0.151728,0.085689464,0.979451977,0.091537942,0
53,252,1,10996.12491,695574.0909,0,0,0,0,0,0,0,0,0,0,0.151728,0.541773565,0.979451977,0.091537942,0
53,252,1,10996.12491,695574.0909,0.00014,0,0,0,0.008333,0,0,0,0,0,0.151728,1.035375756,0.979451977,0.091537942,0
53,252,1,10996.12491,695574.0909,0.70554,0,0,0.008333,0.000739,0,0,0,0,0,8.5644,0.423815456,0.979451977,0.091537942,0
53,252,1,10996.12491,695574.0909,0,0,0,0,0,0,0,0,0,0,1.57404,0.423815456,0.979451977,0.091537942,0
53,252,1,10996.12491,695574.0909,2.4135,0,0,0,12.308,0,0,0,0,0,3.8823,0.301225485,0.979451977,0.091537942,0
53,252,1,10996.12491,695574.0909,0,0,0,0,0.090777,0,0,0,0,0,0.42399,3.789481443,0.979451977,0.091537942,0
53,252,1,10996.12491,695574.0909,0.00524,0,0,123.21,0,0,0,0,0,0,29.7048,15.12102526,0.979451977,0.091537942,0
53,252,1,10996.12491,695574.0909,0.015764,0,0,0.22391,0.61065,0,0,0,0,0,0.151728,0.99739448,0.979451977,0.091537942,0
53,252,1,10996.12491,695574.0909,5.6933,0,0,56.999,0,0,0,0,0,0,0.151728,2.124635517,0.979451977,0.091537942,0
53,252,1,10996.12491,695574.0909,0.00524,0,0,0.011074,0,0,0,0,0,0,3.2364,2.124635517,0.979451977,0.091537942,0
53,252,1,10996.12491,695574.0909,0.013572,0,0,0,26.494,0.29716,0,0,0,0,0,3.237208988,0.979451977,0.091537942,0
53,252,1,10996.12491,695574.0909,0.00387,0,0,7.7379,0.001192,0,0,0,0,0,0.151728,1.651413523,0.979451977,0.091537942,0
53,252,1,10996.12491,695574.0909,1.1697,0,0,0.000063,0,0,25.715,0,0,0,0,0.99739448,0.979451977,0.091537942,0
53,252,1,10996.12491,695574.0909,0.010054,0,0,0,0,0,0,0,0,0,0,11.33524931,0.979451977,0.091537942,0
53,252,1,10996.12491,695574.0909,22.449,0,0,0,0,0,0,0,0,0,0.75903,2.474804353,0.979451977,0.091537942,0
53,252,1,10996.12491,695574.0909,0,0,0,0,0.37101,1.0436,0,0,0,0,0.151728,6.472102045,0.979451977,0.091537942,0
53,252,1,10996.12491,695574.0909,50.278,0,0,0.71875,0,0,0,0,0,0,8.9418,0.541773565,0.979451977,0.091537942,0
53,252,1,10996.12491,695574.0909,0,0,0,6.6309,0,0,23.156,0,0,0,4.5897,3.237208988,0.979451977,0.091537942,0
53,252,1,10996.12491,695574.0909,0,0,0,0,1.4315,0,0,0,0,0,0,2.474804353,0.979451977,0.091537942,0
53,252,1,10996.12491,695574.0909,9.9965,0,0.00328,0.000172,0.011131,0,0,0,0,0,0.37014,15.12102526,0.979451977,0.091537942,0
53,252,1,10996.12491,695574.0909,0.008333,0,0,0.00524,0,0.88402,0,0,0,0,18.1353,25.71929039,0.979451977,0.091537942,0
53,252,1,10996.12491,695574.0909,0,0,0,0.00833,0,0,0,0,0,0,4.4403,0.219704697,0.979451977,0.091537942,0
53,252,1,10996.12491,695574.0909,0,0,0,0.29765,0.014178,0,0,0,0,0,8.7918,3.237208988,0.979451977,0.091537942,0
53,252,1,10996.12491,695574.0909,0.58468,0,0,0,0.37101,0,4.8562,0,0,0,7.1259,25.71929039,0.979451977,0.091537942,0
53,252,1,10996.12491,695574.0909,3.0939,0,0,0.002011,0,0,0.67053,0,0,0,0.31755,107.6982002,0.979451977,0.091537942,0
53,252,1,10996.12491,695574.0909,1.0344,0,0,0.002868,0,0,0,0,0,0,0.6021,0.085689464,0.979451977,0.091537942,0
54,253,5.106,11010.50226,696483.5488,0,0,0,0,0,0,0,0,0,0,50.673,0,1.184437619,0.110695556,0
54,253,5.106,11010.50226,696483.5488,0.53043,0,0,0,0.18217,0,25.207,0,0,0,55.917,0,1.184437619,0.110695556,0
54,253,5.106,11010.50226,696483.5488,0,0,0,0,8.1751,0,0,0,0,0,0.31755,0,1.184437619,0.110695556,0
54,253,5.106,11010.50226,696483.5488,0.007148,0,0,0,0.086094,0,0,0,0,0,0.151728,0,1.184437619,0.110695556,0
54,253,5.106,11010.50226,696483.5488,0.29343,0,0,0,2.5837,0,0,0,0,0,3.6918,0,1.184437619,0.110695556,0
54,253,5.106,11010.50226,696483.5488,0.00644,0,0,5.1219,0,0,0,0,0,0,0.151728,0,1.184437619,0.110695556,0
54,253,5.106,11010.50226,696483.5488,1.898,0,0,0.033648,0.00062,0,0,0,0,0,0.278532,0,1.184437619,0.110695556,0
54,253,5.106,11010.50226,696483.5488,2.1571,0,0,0.003821,0,0,0,0,0,0,0.151728,0,1.184437619,0.110695556,0
54,253,5.106,11010.50226,696483.5488,0,0,0,0.002741,1.2845,0,0,0,0,0,0,0,1.184437619,0.110695556,0
54,253,5.106,11010.50226,696483.5488,5.6933,0,0,0.11797,0.041022,0.79482,0,0,0,0,0,0,1.184437619,0.110695556,0
54,253,5.106,11010.50226,696483.5488,0,0,0,0,0.00524,0,0,0,0,0,7.431,0,1.184437619,0.110695556,0
54,253,5.106,11010.50226,696483.5488,0.19687,0,0.94963,0,0,0.78099,0,0,0,0,0.151728,0,1.184437619,0.110695556,0
54,253,5.106,11010.50226,696483.5488,0.17903,0,0,0,0.081175,0,0,0,0,0,0,0,1.184437619,0.110695556,0
54,253,5.106,11010.50226,696483.5488,0,0,0,0.15874,0,0,0,0,0,0,0.27432,0,1.184437619,0.110695556,0
54,253,5.106,11010.50226,696483.5488,2.1218,0,0,0,0,0,0,0,0,0,0.36174,0,1.184437619,0.110695556,0
54,253,5.106,11010.50226,696483.5488,0,0,0,0,0,0,0,0,0,0,0.151728,0,1.184437619,0.110695556,0
54,253,5.106,11010.50226,696483.5488,3.0939,0,0,0,0,0,0,0,0,0,0.78174,0,1.184437619,0.110695556,0
54,253,5.106,11010.50226,696483.5488,2.1571,0,0,0,0,0.77921,0,0,0,0,0.151728,0,1.184437619,0.110695556,0
54,253,5.106,11010.50226,696483.5488,0,0,0,0.11797,0.007102,0,0,0,0,0,0.151728,0,1.184437619,0.110695556,0
54,253,5.106,11010.50226,696483.5488,0.001669,0,0,0,0,0,0,0,0,0,10.1169,0,1.184437619,0.110695556,0
54,253,5.106,11010.50226,696483.5488,0.00644,0,0,7.0709,0.008333,0,0,0,0,0,0,0,1.184437619,0.110695556,0
54,253,5.106,11010.50226,696483.5488,0,0,0,0.15605,0.52975,0,0,0,0,0,0,0,1.184437619,0.110695556,0
54,253,5.106,11010.50226,696483.5488,3.0116,0,0,0,0,0,0,0,0,0,0,0,1.184437619,0.110695556,0
54,253,5.106,11010.50226,696483.5488,0,0,0,0.013976,0,0,0,0,0,0,0.151728,0,1.184437619,0.110695556,0
54,253,5.106,11010.50226,696483.5488,9.7427,0,0.00524,7.4028,0,0,0,0,0,0,0,0,1.184437619,0.110695556,0
54,253,5.106,11010.50226,696483.5488,0,0,0,8.0353,0.008333,0,0,0,0,0,1.35936,0,1.184437619,0.110695556,0
54,253,5.106,11010.50226,696483.5488,14.875,0,0.33343,0,0,0.79321,0,0,0,0,9.6318,0,1.184437619,0.110695556,0
54,253,5.106,11010.50226,696483.5488,0,0,0,0.00524,0.007148,0,0.10863,0,0,0,14.8218,0,1.184437619,0.110695556,0
54,253,5.106,11010.50226,696483.5488,36.159,0,0,0,0.010373,0,0,0,0,0,0,0,1.184437619,0.110695556,0
54,253,5.106,11010.50226,696483.5488,0.002508,0,0,0.010986,0,0,0.13028,0,0,0,0.151728,0,1.184437619,0.110695556,0
54,253,5.106,11010.50226,696483.5488,3.0116,0,0,0,8.3856,0,20.151,0,0,0,0,0,1.184437619,0.110695556,0
54,253,5.106,11010.50226,696483.5488,0,0,0,0.008333,1.2446,0,0,0,0,0,0.151728,0,1.184437619,0.110695556,0
54,253,5.106,11010.50226,696483.5488,0.008333,0,0,0,0,0,0,0,0,0,0,0,1.184437619,0.110695556,0
54,253,5.106,11010.50226,696483.5488,0.001434,0,0,32.687,0,0,0,0,0,0,0,0,1.184437619,0.110695556,0
54,253,5.106,11010.50226,696483.5488,1.2325,0,0,0,0,0,0,0,0,0,0.151728,0,1.184437619,0.110695556,0
54,253,5.106,11010.50226,696483.5488,0.008333,0,0,0,24.77,0,0,0,0,0,0.151728,0,1.184437619,0.110695556,0
54,253,5.106,11010.50226,696483.5488,0,0,0,0.23606,0,0,0,0,0,0,0,0,1.184437619,0.110695556,0
54,253,5.106,11010.50226,696483.5488,0,0,0,0,0.008333,0,0,0,0,0,1.63956,0,1.184437619,0.110695556,0
54,253,5.106,11010.50226,696483.5488,13.81,0,0,0.223,0.041022,0,0,0,0,0,0.151728,0,1.184437619,0.110695556,0
54,253,5.106,11010.50226,696483.5488,0,0,0,0,0,0,0,0,0,0,0,0,1.184437619,0.110695556,0
54,253,5.106,11010.50226,696483.5488,0.00524,0,0,0.12252,21.429,0,0,0,0,0,0.151728,0,1.184437619,0.110695556,0
54,253,5.106,11010.50226,696483.5488,0.007835,0,0,12.177,0,0,5.7969,0,0,0,0,0,1.184437619,0.110695556,0
54,253,5.106,11010.50226,696483.5488,11.135,0,0,0,0,0,0.008333,0,0,0,0.151728,0,1.184437619,0.110695556,0
54,253,5.106,11010.50226,696483.5488,5.5802,0,0,0.055562,0,0,28.471,0,0,0,0.151728,0,1.184437619,0.110695556,0
54,253,5.106,11010.50226,696483.5488,0.003822,0,0.79947,0,0,0,0,0,0,0,81.042,0,1.184437619,0.110695556,0
54,253,5.106,11010.50226,696483.5488,0.18244,0,0,0,0,0,0,0,0,0,0.151728,0,1.184437619,0.110695556,0
54,253,5.106,11010.50226,696483.5488,0,0,0,0,0,0.56312,0,0,0,0,0,0,1.184437619,0.110695556,0
54,253,5.106,11010.50226,696483.5488,10.582,0,0,0.016837,0,0,0,0,0,0,1.33728,0,1.184437619,0.110695556,0
54,253,5.106,11010.50226,696483.5488,0.00524,0,0,0,0,0,0,0,0.19057,0,0,0,1.184437619,0.110695556,0
54,253,5.106,11010.50226,696483.5488,0.0072895,0,0,0,0,1.5693,0,0,0,0,0.151728,0,1.184437619,0.110695556,0
54,253,5.106,11010.50226,696483.5488,0.00524,0,0,0,0,0,0,0,0,0,0.151728,0,1.184437619,0.110695556,0
54,253,5.106,11010.50226,696483.5488,0.038936,0,0,0.00524,0,0,0,0,0,0,10.9077,0,1.184437619,0.110695556,0
54,253,5.106,11010.50226,696483.5488,0,0,0,0,0.05414,0,0,0,0,0,30.648,0,1.184437619,0.110695556,0
54,253,5.106,11010.50226,696483.5488,0.00524,0,0,0,0.021906,0,0,0,0,0,0.99864,0,1.184437619,0.110695556,0
54,253,5.106,11010.50226,696483.5488,3.3665,0,0,43.946,0,0,0,0,0,0,0.6021,0,1.184437619,0.110695556,0
54,253,5.106,11010.50226,696483.5488,0.001493,0,0.20219,0,0,0,0,0,0,0,0,0,1.184437619,0.110695556,0
54,253,5.106,11010.50226,696483.5488,0.013476,0,0,2.7097,3.1081,0.000182,0,0,0,0,0.151728,0,1.184437619,0.110695556,0
54,253,5.106,11010.50226,696483.5488,4.6688,0,0,0.014341,0.11919,0,0,0,0,0,0.151728,0,1.184437619,0.110695556,0
54,253,5.106,11010.50226,696483.5488,0.008004,0,49.464,0.008333,0,0,0,0,0,0,2.76468,0,1.184437619,0.110695556,0
54,253,5.106,11010.50226,696483.5488,0.19126,0,0,0,0,0,0,0,0,0,0.151728,0,1.184437619,0.110695556,0
54,253,5.106,11010.50226,696483.5488,0.018322,0,0,0,0,0,0,0,0,0,0.151728,0,1.184437619,0.110695556,0
54,253,5.106,11010.50226,696483.5488,0,0,0,0.00644,1.2072,0,12.553,0,0,0,1.47333,0,1.184437619,0.110695556,0
54,253,5.106,11010.50226,696483.5488,0,0,14.81,0,0,21.538,0,0,0,0,0.273366,0,1.184437619,0.110695556,0
54,253,5.106,11010.50226,696483.5488,0,0,0.75757,0,3.3777,0,0,0,0,0,0.286086,0,1.184437619,0.110695556,0
54,253,5.106,11010.50226,696483.5488,0,0,0,0,0,0.77921,0,0,0,0,0.151728,0,1.184437619,0.110695556,0
54,253,5.106,11010.50226,696483.5488,0,0,0,0,26.494,0.000024,0,0,0,0,6.8079,0,1.184437619,0.110695556,0
54,253,5.106,11010.50226,696483.5488,0.00062,0,0,0.013606,0,0,0,0,0,0,0.27948,0,1.184437619,0.110695556,0
54,253,5.106,11010.50226,696483.5488,0.00644,0,0,0,0,0,0,0,0,0,0,0,1.184437619,0.110695556,0
54,253,5.106,11010.50226,696483.5488,8.3439,0,0,0,0.001669,0,0,0,0,0,14.4507,0,1.184437619,0.110695556,0
54,253,5.106,11010.50226,696483.5488,1.898,0,0,0,0,0,0,0,0,0,56.145,0,1.184437619,0.110695556,0
54,253,5.106,11010.50226,696483.5488,0,0,0,0.80704,0,0,0,0,0,0,0,0,1.184437619,0.110695556,0
54,253,5.106,11010.50226,696483.5488,0.020418,0,0,0,0,0,0,0,0,0,43.863,0,1.184437619,0.110695556,0
54,253,5.106,11010.50226,696483.5488,0.0152,0,0,0.73108,1.8824,0,0,0,0,0,0,0,1.184437619,0.110695556,0
54,253,5.106,11010.50226,696483.5488,0,0,0,0,5.2863,0,0.059897,0,0,0,3.4818,0,1.184437619,0.110695556,0
54,253,5.106,11010.50226,696483.5488,0.010364,0,0,0,0,0,18.58,0,0,0,0,0,1.184437619,0.110695556,0
54,253,5.106,11010.50226,696483.5488,5.8431,0,0,0,3.7158,0,0,0,0,0,0.87174,0,1.184437619,0.110695556,0
54,253,5.106,11010.50226,696483.5488,0,0,0,0,1.6868,0,0,0,0,0,0.151728,0,1.184437619,0.110695556,0
54,253,5.106,11010.50226,696483.5488,0,0,0,0.33642,0,0,0,0,0,0,41.715,0,1.184437619,0.110695556,0
54,253,5.106,11010.50226,696483.5488,0.024955,0,0,0.019748,0.021907,0,0,0,0,0,0.53757,0,1.184437619,0.110695556,0
54,253,5.106,11010.50226,696483.5488,0,0,0,0,0,0,0,0,0,0,0.86343,0,1.184437619,0.110695556,0
54,253,5.106,11010.50226,696483.5488,0.000688,0,0,0,0.00524,0,0,0,0,0,0.151728,0,1.184437619,0.110695556,0
54,253,5.106,11010.50226,696483.5488,4.8879,0,0,0,0.090777,1.4271,0,0,0,0,0.27948,0,1.184437619,0.110695556,0
54,253,5.106,11010.50226,696483.5488,0.005239,0,0,0.01836,4.5941,0,0,0,0,0,0.151728,0,1.184437619,0.110695556,0
54,253,5.106,11010.50226,696483.5488,1.5374,0,0,0.27563,0,0,0,0,0,0,1.09155,0,1.184437619,0.110695556,0
54,253,5.106,11010.50226,696483.5488,0.001669,0,0,0.0060235,0,0,0,0,0,0,0,0,1.184437619,0.110695556,0
54,253,5.106,11010.50226,696483.5488,0.49815,0,0,0,0.86472,0,0,0,0,0,14.0655,0,1.184437619,0.110695556,0
54,253,5.106,11010.50226,696483.5488,0,0,0,0.018148,0,0,0,0,0,0,2.76954,0,1.184437619,0.110695556,0
54,253,5.106,11010.50226,696483.5488,0.007697,0,0,0.65591,0.081175,0,0,0,0,0,1.98174,0,1.184437619,0.110695556,0
54,253,5.106,11010.50226,696483.5488,0,0,0,0.00036,0,0,0,13.209,0,0,15.252,0,1.184437619,0.110695556,0
54,253,5.106,11010.50226,696483.5488,0.18674,0,0,0,0.14993,0,0.10863,0,0,0,0.280578,0,1.184437619,0.110695556,0
54,253,5.106,11010.50226,696483.5488,0,0,0,0,0,0,0,0,0,0,0.181728,0,1.184437619,0.110695556,0
54,253,5.106,11010.50226,696483.5488,0.042136,0,0,0,1.7249,0,0,0,0,0,0,0,1.184437619,0.110695556,0
54,253,5.106,11010.50226,696483.5488,0.098565,0,0,3.6568,0.009056,0,0,0,0,0,0,0,1.184437619,0.110695556,0
54,253,5.106,11010.50226,696483.5488,0.013404,0,0,0,0,0,0,0,0,0,0.181728,0,1.184437619,0.110695556,0
54,253,5.106,11010.50226,696483.5488,0.17094,0,0,0,0,0,0.002308,0,0,0,0.151728,0,1.184437619,0.110695556,0
54,253,5.106,11010.50226,696483.5488,0,0,0,0.17658,0,0,18.313,0,0,0,5.4381,0,1.184437619,0.110695556,0
54,253,5.106,11010.50226,696483.5488,0.002031,0,0,0.11243,0,0.000064,0,0,0,0,57.423,0,1.184437619,0.110695556,0
54,253,5.106,11010.50226,696483.5488,0.078253,0,0,0.0084875,8.5334,0,0,0,0,0,0.151728,0,1.184437619,0.110695556,0
54,253,5.106,11010.50226,696483.5488,0.008333,0,0,0,0,0,0,0,0,0,0.151728,0,1.184437619,0.110695556,0
54,253,5.106,11010.50226,696483.5488,0.003295,0,0,0,3.5225,0,0,0,0,0,0.278529,0,1.184437619,0.110695556,0
54,253,5.106,11010.50226,696483.5488,0.0098678,0,0,0,9.0733,0,0.10863,0,0,0,0,0,1.184437619,0.110695556,83.31707317
54,253,5.106,11010.50226,696483.5488,0.1613,0,0,0.013546,7.7396,0,0,0,0,0,0.151728,0,1.184437619,0.110695556,3.329268293
54,253,5.106,11010.50226,696483.5488,0.58468,0,0,0,0,0,0,0,0,0,7.4118,0,1.184437619,0.110695556,0
54,253,5.106,11010.50226,696483.5488,0.098565,0,0,0.008333,0,0.77921,0,0,0,0,6.1116,0,1.184437619,0.110695556,0
54,253,5.106,11010.50226,696483.5488,0.028169,0,0,0,0,1.0657,0,0,0,0,0.151728,0,1.184437619,0.110695556,0
54,253,5.106,11010.50226,696483.5488,19.622,0,0,0.0098389,0.000739,0,0,0,0,0,0.151728,0,1.184437619,0.110695556,0
54,253,5.106,11010.50226,696483.5488,1.8709,0,3.5804,0,0.008763,0,0,0,0,0,7.2111,0,1.184437619,0.110695556,0
54,253,5.106,11010.50226,696483.5488,0.35231,0,0,0,4.6708,0,0,0,0,0,0,0,1.184437619,0.110695556,0
54,253,5.106,11010.50226,696483.5488,0,0,0,0.008333,0,0.026145,0,0,0,0,83.223,0,1.184437619,0.110695556,0
54,253,5.106,11010.50226,696483.5488,0.0055384,0,0,0.009056,0,0.89381,0,0,0,0,0.151728,0,1.184437619,0.110695556,0
54,253,5.106,11010.50226,696483.5488,0.013408,0,0,0,0,0,0,0,0,0,0.293307,0,1.184437619,0.110695556,0
54,253,5.106,11010.50226,696483.5488,0.008336,0,0.040094,0,0,0,0,0,0,0,0,0,1.184437619,0.110695556,0
54,253,5.106,11010.50226,696483.5488,0,0,0,0,0.011527,0,0,0,0,0,0.151728,0,1.184437619,0.110695556,0
54,253,5.106,11010.50226,696483.5488,0,0,0,0,0.013746,0,0,0,0,0,3.3018,0,1.184437619,0.110695556,0
54,253,5.106,11010.50226,696483.5488,2.1473,0,0,0,0,0,0,0,0,0,0.151728,0,1.184437619,0.110695556,0
54,253,5.106,11010.50226,696483.5488,0.3628,0,0,0.58718,0.0078558,0,0,0,0,0,0,0,1.184437619,0.110695556,0
54,253,5.106,11010.50226,696483.5488,0.013476,0,4.1772,0,0.013518,0,0,0,0,0,0.151728,0,1.184437619,0.110695556,0
54,253,5.106,11010.50226,696483.5488,23.064,0,0,0,0,0,0,0,0,0,0,0,1.184437619,0.110695556,0
54,253,5.106,11010.50226,696483.5488,0,0,0,0.00524,0,0,0,0,0,0,0.33174,0,1.184437619,0.110695556,0
54,253,5.106,11010.50226,696483.5488,0.00524,0,0,0,0,0,0,0,0,0,0.151728,0,1.184437619,0.110695556,0
54,253,5.106,11010.50226,696483.5488,0.002011,0,0,1.231,5.9309,0,0,0,0,0,0.36174,0,1.184437619,0.110695556,0
54,253,5.106,11010.50226,696483.5488,0.00524,0,0,0.16809,0.007148,0,0,0,0,0,0.151728,0,1.184437619,0.110695556,0
54,253,5.106,11010.50226,696483.5488,0,0,12.976,0,0.008333,0.80154,0,0,0,0,0.151728,0,1.184437619,0.110695556,0
54,253,5.106,11010.50226,696483.5488,0.15712,0,0,853.16,0,0,0,0,0,0,0.151728,0,1.184437619,0.110695556,0
54,253,5.106,11010.50226,696483.5488,0,0,0,0,0.17886,0,0.67845,0,0,0,0,0,1.184437619,0.110695556,0
54,253,5.106,11010.50226,696483.5488,0.034521,0,0,0,0,0.30776,0,0,0,0,0.151728,0,1.184437619,0.110695556,0
54,253,5.106,11010.50226,696483.5488,0,0,0,0,0,0.85321,0,0,0,0,0.151728,0,1.184437619,0.110695556,0
54,253,5.106,11010.50226,696483.5488,23.064,0,0.801,0.013421,0,0,0.13028,0,0,0,0.151728,0,1.184437619,0.110695556,0
54,253,5.106,11010.50226,696483.5488,0.032537,0,0,0,850.39,0,0,0,0,0,0,0,1.184437619,0.110695556,0
54,253,5.106,11010.50226,696483.5488,0,0,0,0,0,0,0,0,0,0,0,0,1.184437619,0.110695556,0
54,253,5.106,11010.50226,696483.5488,0.067102,0,0,0,4.9078,0,0,0,0,0,4.4358,0,1.184437619,0.110695556,0
54,253,5.106,11010.50226,696483.5488,1.0344,0,0,0.33242,5.9309,0.0024365,0,0,0,0,0.151728,0,1.184437619,0.110695556,0
54,253,5.106,11010.50226,696483.5488,0.00524,0,0,0.00524,0.003821,0,0,0,0,0,0,0,1.184437619,0.110695556,0
54,253,5.106,11010.50226,696483.5488,46.059,0,0,0,0.000739,0,0,0,0,0,0.37014,0,1.184437619,0.110695556,0
54,253,5.106,11010.50226,696483.5488,0.35231,0,0,0,0,0.91771,0,0,0,0,0,0,1.184437619,0.110695556,0
54,253,5.106,11010.50226,696483.5488,0.002031,0,0,23.551,0,0,0,0,0,0,149.193,0,1.184437619,0.110695556,0
54,253,5.106,11010.50226,696483.5488,0,0,0,123.21,0,0,21.515,0,0,0,0.67983,0,1.184437619,0.110695556,0
54,253,5.106,11010.50226,696483.5488,0,0,0,0,0,0,0,0,0,0,0.151728,0,1.184437619,0.110695556,0
54,253,5.106,11010.50226,696483.5488,0,0,0,0,0,0,0,0,0,0,9.4467,0,1.184437619,0.110695556,0
54,253,5.106,11010.50226,696483.5488,0,0,0,0,0,0,0.13028,0,0,0,1.95174,0,1.184437619,0.110695556,0
54,253,5.106,11010.50226,696483.5488,0.0152,0,0,0.11621,62.065,0,0,0,0,0,0.28866,0,1.184437619,0.110695556,0
54,253,5.106,11010.50226,696483.5488,0.00524,0,0.00524,835.4,0,0,0,0,0,0,0.151728,0,1.184437619,0.110695556,0
54,253,5.106,11010.50226,696483.5488,0,0,0,0,0,0,0,0,0,0,29.7018,0,1.184437619,0.110695556,0
54,253,5.106,11010.50226,696483.5488,0.01048,0,0,0,54.848,0,0.13028,0,0,0,4.4103,0,1.184437619,0.110695556,0
54,253,5.106,11010.50226,696483.5488,0,0,0,0,0,0,0.13028,0,0,0,0,0,1.184437619,0.110695556,0
54,253,5.106,11010.50226,696483.5488,0.008333,0,0,0.008335,0,0,0,0,0,0,5.0406,0,1.184437619,0.110695556,0
54,253,5.106,11010.50226,696483.5488,3.0116,0,0,32.687,0.008333,0,0,0,0,0,0,0,1.184437619,0.110695556,0
54,253,5.106,11010.50226,696483.5488,6.8272,0,0,0.01836,0.1136,0,0,0,0,0,0,0,1.184437619,0.110695556,0
54,253,5.106,11010.50226,696483.5488,0.008333,0,0,0,0,0,0,0,0,0,0.151728,0,1.184437619,0.110695556,0
54,253,5.106,11010.50226,696483.5488,2.1571,0,0,1.6635,0,0,0,0,0,0,3.4818,0,1.184437619,0.110695556,0
54,253,5.106,11010.50226,696483.5488,0,0,0,0,0.010996,0.54465,0,0,0,0,0,0,1.184437619,0.110695556,0
54,253,5.106,11010.50226,696483.5488,0.038936,0,0,0,0,0,0,0,0,0,25.56,0,1.184437619,0.110695556,0
54,253,5.106,11010.50226,696483.5488,0,0,0,0,0,0,0,0,0,0,9.1953,0,1.184437619,0.110695556,0
54,253,5.106,11010.50226,696483.5488,0.48229,0,0.0057565,1.5881,0.002741,0,0,0,0,0,0,0,1.184437619,0.110695556,0
54,253,5.106,11010.50226,696483.5488,0.008333,0,0,0,0.031711,0,0,0,0,0,1.31526,0,1.184437619,0.110695556,0
54,253,5.106,11010.50226,696483.5488,0.005239,0,0,13.409,0,2.5906,0,0,0,0,0,0,1.184437619,0.110695556,0
54,253,5.106,11010.50226,696483.5488,0,0,0,0,0,0,0,0,0,0,0.151728,0,1.184437619,0.110695556,0
54,253,5.106,11010.50226,696483.5488,0.005239,0,0,0,0,1.4857,13.175,0,0,0,0,0,1.184437619,0.110695556,0
54,253,5.106,11010.50226,696483.5488,0.008333,0,0,0,1.2072,0,0,0,0,0,0,0,1.184437619,0.110695556,0
54,253,5.106,11010.50226,696483.5488,0,0,0,0,0,0,0,0,0,0,2.05122,0,1.184437619,0.110695556,0
54,253,5.106,11010.50226,696483.5488,0.00644,0,0,0.017468,8.0306,0,97.067,0,0,0,0,0,1.184437619,0.110695556,0
54,253,5.106,11010.50226,696483.5488,0,0,0,0.0021738,0,0.77921,0,0,0,0,7.3638,0,1.184437619,0.110695556,0
54,253,5.106,11010.50226,696483.5488,0.024955,0,0,0,0,0,0.59876,0,0,0,8.3751,0,1.184437619,0.110695556,0
54,253,5.106,11010.50226,696483.5488,0,0,0,14.189,7.2444,0,0,0,0,0,3.8946,0,1.184437619,0.110695556,0
54,253,5.106,11010.50226,696483.5488,0.008333,0,0,0,0,0,0,0,0,0,0.151728,0,1.184437619,0.110695556,0
54,253,5.106,11010.50226,696483.5488,0,0,0,55.04,0.005239,0,0,0,0,0,34.872,0,1.184437619,0.110695556,0
54,253,5.106,11010.50226,696483.5488,0.045123,0,0,0.00524,13.549,0,0,0,0,0,0.276924,0,1.184437619,0.110695556,0
54,253,5.106,11010.50226,696483.5488,0.74435,0,0,0,0,0,0,0,0,0,0,0,1.184437619,0.110695556,0
54,253,5.106,11010.50226,696483.5488,0.10527,0,0,0,0,0,0,0,0,0,12.3399,0,1.184437619,0.110695556,0
54,253,5.106,11010.50226,696483.5488,12.994,0,0,0.008332,0,0,0,0,0,0,0.151728,0,1.184437619,0.110695556,0
54,253,5.106,11010.50226,696483.5488,50.529,0,0,0,29.422,0.45857,0,0,0,0,0,0,1.184437619,0.110695556,0
54,253,5.106,11010.50226,696483.5488,0.008333,0,0,0.00524,5.9309,0,9.6768,0,0,0,0,0,1.184437619,0.110695556,0
54,253,5.106,11010.50226,696483.5488,0.76883,0,0,0,0.011131,0,0,0,0,0,1.57404,0,1.184437619,0.110695556,0
54,253,5.106,11010.50226,696483.5488,0,0,0,0,0,0,0,0,0,0,0,0,1.184437619,0.110695556,0
54,253,5.106,11010.50226,696483.5488,0.00524,0,0,0,0.070777,0,0,0,0,0,0.151728,0,1.184437619,0.110695556,0
54,253,5.106,11010.50226,696483.5488,0,0,0,1.788,0,0,0,0,0.003485,0,0.151728,0,1.184437619,0.110695556,0
54,253,5.106,11010.50226,696483.5488,0,0,0,0.008333,2.439,0,0,0,0,0,0,0,1.184437619,0.110695556,0
54,253,5.106,11010.50226,696483.5488,2.5794,0,0,0.008333,0,0,0,0,0,0,0.151728,0,1.184437619,0.110695556,0
54,253,5.106,11010.50226,696483.5488,0.27365,0,0,0,0,0,0,0,0,0,37.836,0,1.184437619,0.110695556,0
54,253,5.106,11010.50226,696483.5488,0.00524,0,0,2.2778,32.03,0,0,0,0,0,0,0,1.184437619,0.110695556,0
54,253,5.106,11010.50226,696483.5488,0.08029,0,0,0,0,0,20.151,0,0,0,1.52439,0,1.184437619,0.110695556,0
54,253,5.106,11010.50226,696483.5488,0.008333,0,0.64381,0,2.0594,0,0,0,0,0,0.151728,0,1.184437619,0.110695556,0
54,253,5.106,11010.50226,696483.5488,0.00524,0,0,7.2355,0.008335,0,0,0,0,0,0.278526,0,1.184437619,0.110695556,0
54,253,5.106,11010.50226,696483.5488,0.0094073,0,0,1.0205,0,0,0,0,0,0,4.0518,0,1.184437619,0.110695556,0
54,253,5.106,11010.50226,696483.5488,0.0068531,0,0,0,14.269,0,0,0,0,0,35.547,0,1.184437619,0.110695556,0
54,253,5.106,11010.50226,696483.5488,9.5606,0,0,0,80.307,0,0.10863,0,0,0,20.2284,0,1.184437619,0.110695556,0
54,253,5.106,11010.50226,696483.5488,0.00644,0,0,0.0097027,0,0,0,0,0,0,0,0,1.184437619,0.110695556,0
54,253,5.106,11010.50226,696483.5488,0,0,0,0,0,0,0,0,0,0,4.6029,0,1.184437619,0.110695556,0
54,253,5.106,11010.50226,696483.5488,0.011015,0,0,0,0.005239,0,0,0,0,0,7.2051,0,1.184437619,0.110695556,0
54,253,5.106,11010.50226,696483.5488,0,0,0,0.33642,20.177,0,0,0,0,0,0,0,1.184437619,0.110695556,0
54,253,5.106,11010.50226,696483.5488,0.007697,0,0,0,0,0,0,0,0,0,0.280446,0,1.184437619,0.110695556,6.231707317
54,253,5.106,11010.50226,696483.5488,0.008333,0,0.82178,0,10.444,0.57086,0,0,0,0,2.73105,0,1.184437619,0.110695556,0
54,253,5.106,11010.50226,696483.5488,0,0,0,0,0,0,0,0,0,0,9.6318,0,1.184437619,0.110695556,0
54,253,5.106,11010.50226,696483.5488,0.040702,0,0,0.000376,0,0,0,0,0,0,0,0,1.184437619,0.110695556,0
54,253,5.106,11010.50226,696483.5488,0.005239,0,0,0.000251,0.026162,0,0,0,0,0,1.17966,0,1.184437619,0.110695556,0
54,253,5.106,11010.50226,696483.5488,14.115,0,0.21206,0,0,0,0,0,0,0,0,0,1.184437619,0.110695556,0
54,253,5.106,11010.50226,696483.5488,0,0,0,0.26453,0,0,0,0,0,0,0,0,1.184437619,0.110695556,0
54,253,5.106,11010.50226,696483.5488,0,0,0,0,0,0,29.961,0,0,0,0,0,1.184437619,0.110695556,0
54,253,5.106,11010.50226,696483.5488,0.005239,0,0,7.1341,0,0.18042,0.008333,0,0,0,2.3544,0,1.184437619,0.110695556,0
54,253,5.106,11010.50226,696483.5488,0.008333,0,0,0,0,0,0,0,0,0,0.151728,0,1.184437619,0.110695556,0
54,253,5.106,11010.50226,696483.5488,0.000251,0,0,0,0,0,0,0,0,0,25.2354,0,1.184437619,0.110695556,0
54,253,5.106,11010.50226,696483.5488,853.14,0,0,0,27.763,0,0,0,0,0,0.50493,0,1.184437619,0.110695556,0
54,253,5.106,11010.50226,696483.5488,0,0,0.82593,8.5618,2.0594,0,0,0,0,0,0,0,1.184437619,0.110695556,0
54,253,5.106,11010.50226,696483.5488,0,0,0,0,0,0,0,0,0,0,7.4118,0,1.184437619,0.110695556,0
54,253,5.106,11010.50226,696483.5488,0.034133,0,0,0,0.000739,0,0.40452,0,0,0,14.8218,0,1.184437619,0.110695556,0
54,253,5.106,11010.50226,696483.5488,0,0,0,0.00524,0,9.7428,0,0,0,0,16.6719,0,1.184437619,0.110695556,0
54,253,5.106,11010.50226,696483.5488,0.008333,0,0.005264,0,0,0,0,0,0,0,0.151728,0,1.184437619,0.110695556,0
54,253,5.106,11010.50226,696483.5488,0,0,0,0,2.006,0,0,0,0,0,7.0536,0,1.184437619,0.110695556,0
54,253,5.106,11010.50226,696483.5488,0.00524,0,0,5.1219,0,775.66,0,0,0,0,35.547,0,1.184437619,0.110695556,0
54,253,5.106,11010.50226,696483.5488,0,0,0,0,2.439,0.97535,0,0,0,0,0.151728,0,1.184437619,0.110695556,0
54,253,5.106,11010.50226,696483.5488,0.001009,0,3.0958,0.011527,2.8821,0,0,0,0,0,0.204657,0,1.184437619,0.110695556,0
54,253,5.106,11010.50226,696483.5488,184.67,0,0,0,0.17886,0,0,0,0,0,0,0,1.184437619,0.110695556,0
54,253,5.106,11010.50226,696483.5488,0.67038,0,0,0,0,0,0,0,0,0,0.181728,0,1.184437619,0.110695556,0
54,253,5.106,11010.50226,696483.5488,0,0,0,0,0,0,0,0,0,0,1.27794,0,1.184437619,0.110695556,0
54,253,5.106,11010.50226,696483.5488,0,0,0,0,0,0,0,0,0,0,0.151728,0,1.184437619,0.110695556,0
54,253,5.106,11010.50226,696483.5488,0,0,0,0,0,0,0,0,0,0,0,0,1.184437619,0.110695556,71.02439024
54,253,5.106,11010.50226,696483.5488,0.011569,0,0,0,0,0,0,0,0,0,0,0,1.184437619,0.110695556,0
54,253,5.106,11010.50226,696483.5488,0,0,0,0.015045,4.1692,0.78209,0,0,0,0,0,0,1.184437619,0.110695556,0
54,253,5.106,11010.50226,696483.5488,0.042738,0,0,0,0,0,0,0,0,0,0.151728,0,1.184437619,0.110695556,0
54,253,5.106,11010.50226,696483.5488,0,0,0,0,0,0,0,0,0,0,8.9118,0,1.184437619,0.110695556,0
54,253,5.106,11010.50226,696483.5488,0.28712,0,0,0.008333,0.4381,0,0,0,0,0,8.1576,0,1.184437619,0.110695556,0
54,253,5.106,11010.50226,696483.5488,0.007697,0,0,2.1625,0.86472,0,0,0,0,0,1.74174,0,1.184437619,0.110695556,0
54,253,5.106,11010.50226,696483.5488,0.026942,0,0,0,0.021909,0,0,0,0,0,97.974,0,1.184437619,0.110695556,0
54,253,5.106,11010.50226,696483.5488,22.323,0,0,0,0.008333,0,0,0,0,0,0,0,1.184437619,0.110695556,0
54,253,5.106,11010.50226,696483.5488,0.00524,0,0,0,0,0,0,0,0,0,16.6719,0,1.184437619,0.110695556,0
54,253,5.106,11010.50226,696483.5488,0,0,0,0,0,0,0,0,0,0,0.279489,0,1.184437619,0.110695556,0
54,253,5.106,11010.50226,696483.5488,0,0,0,123.21,0.008333,1.1637,0,0,0,0,29.4918,0,1.184437619,0.110695556,0
54,253,5.106,11010.50226,696483.5488,0.009021,0,0,0,21.064,0.006508,0,0,0,0,9.0018,0,1.184437619,0.110695556,0
54,253,5.106,11010.50226,696483.5488,0,0,0,0,0.005395,0,0,0,0,0,0,0,1.184437619,0.110695556,0
54,253,5.106,11010.50226,696483.5488,3.8421,0,0,0.000688,0,0,0,0,0,0,0,0,1.184437619,0.110695556,0
54,253,5.106,11010.50226,696483.5488,0.0088108,0,0,0.015552,0,0,0.42744,0,0,0,0.151728,0,1.184437619,0.110695556,0
54,253,5.106,11010.50226,696483.5488,0,0,0,0,0.005239,0,0,0,0,0,0.181728,0,1.184437619,0.110695556,0
54,253,5.106,11010.50226,696483.5488,0.008333,0,0,2.3519,0,0,0,0,0,0,44.763,0,1.184437619,0.110695556,0
54,253,5.106,11010.50226,696483.5488,0,0,0,0.008333,0,0.014181,0,0,0,0,0.151728,0,1.184437619,0.110695556,0
54,253,5.106,11010.50226,696483.5488,0.008333,0,0,0.55992,0.010996,0,0,0,0,0,0,0,1.184437619,0.110695556,0
54,253,5.106,11010.50226,696483.5488,0,0,0,0,0.003821,0,0,0,0,0,45.663,0,1.184437619,0.110695556,0
54,253,5.106,11010.50226,696483.5488,0.00644,0,0,0,0.008333,0,0,0,0,0,12.6336,0,1.184437619,0.110695556,0
54,253,5.106,11010.50226,696483.5488,5.8431,0,0,0,0,0,0,0,0,0,0,0,1.184437619,0.110695556,0
54,253,5.106,11010.50226,696483.5488,4.9504,0,0,0,8.5334,0,0,0,0,0,4.5897,0,1.184437619,0.110695556,0
54,253,5.106,11010.50226,696483.5488,0.71313,0,0,853.16,0,0,0,0,0,0,6.2754,0,1.184437619,0.110695556,0
54,253,5.106,11010.50226,696483.5488,0.012568,0,0,0.00524,0,0,0,0,0,0,0.151728,0,1.184437619,0.110695556,0
54,253,5.106,11010.50226,696483.5488,0.063798,0,0,0.040274,0,0,0,0,0,0,8.3751,0,1.184437619,0.110695556,0
54,253,5.106,11010.50226,696483.5488,0.08029,0,0,0.1455,0,0,0,0,0,0,0,0,1.184437619,0.110695556,0
54,253,5.106,11010.50226,696483.5488,0,0,0,0.02191,0,0,0,0,0,0,7.6818,0,1.184437619,0.110695556,0
54,253,5.106,11010.50226,696483.5488,7.5139,0,0,0.030965,0.01787,0,0,0,0,0,0.33174,0,1.184437619,0.110695556,0
54,253,5.106,11010.50226,696483.5488,0.00062,0,0,0,2.2481,1.0657,0,0,0,0,0,0,1.184437619,0.110695556,0
54,253,5.106,11010.50226,696483.5488,0,0,0,0.0097027,0.021909,0,0,0,0,0,0.151728,0,1.184437619,0.110695556,0
54,253,5.106,11010.50226,696483.5488,5.6933,0,0.00524,0.040274,0,0,0,0,0,0,30.123,0,1.184437619,0.110695556,0
54,253,5.106,11010.50226,696483.5488,9.3106,0,0,0,0,0,0,0,0,0,0,0,1.184437619,0.110695556,0
54,253,5.106,11010.50226,696483.5488,0,0,0,5.1219,0.008332,0,246.03,0,0,0,0.53757,0,1.184437619,0.110695556,0
54,253,5.106,11010.50226,696483.5488,0.00753,0,0,0.15605,1.5099,0,0,0,0,0,0,0,1.184437619,0.110695556,0
54,253,5.106,11010.50226,696483.5488,0.39409,0,0,0,0,0,0,0,0,0,2.06073,0,1.184437619,0.110695556,0
54,253,5.106,11010.50226,696483.5488,0.013573,0,0,0.016837,0.008333,0,0,0,0,0,0,0,1.184437619,0.110695556,0
54,253,5.106,11010.50226,696483.5488,0.38105,0,0,0,0,0,0,0,0,0,0.293307,0,1.184437619,0.110695556,0
54,253,5.106,11010.50226,696483.5488,0,0,0,0,0,0,0,0,0,0,0.286419,0,1.184437619,0.110695556,0
54,253,5.106,11010.50226,696483.5488,3.3665,0,0,0,0,0,0,0,0,0,5.2875,0,1.184437619,0.110695556,0
54,253,5.106,11010.50226,696483.5488,0,0,0,0,0,0,308.3,0,0,0,0.151728,0,1.184437619,0.110695556,0
54,253,5.106,11010.50226,696483.5488,0.008333,0,0,0,0,0,0,0,0,0,17.2929,0,1.184437619,0.110695556,0
54,253,5.106,11010.50226,696483.5488,8.6108,0,0,6.7865,0.64611,0,0,0,0,0,0,0,1.184437619,0.110695556,0
54,253,5.106,11010.50226,696483.5488,7.5139,0,0,0,0,0,0,0,0,0,0,0,1.184437619,0.110695556,0
54,253,5.106,11010.50226,696483.5488,0,0,0,0,0.73688,0,124.31,0,0,0,1.91388,0,1.184437619,0.110695556,0
54,253,5.106,11010.50226,696483.5488,0,0,0,0,0,0,5.7969,0,0,0,0,0,1.184437619,0.110695556,0
54,253,5.106,11010.50226,696483.5488,0.15712,0,0,0,0.008333,0,0,0,0,0,0,0,1.184437619,0.110695556,0
54,253,5.106,11010.50226,696483.5488,0.20435,0,0,0.0084875,0,0,25.715,0,0,0,0,0,1.184437619,0.110695556,0
54,253,5.106,11010.50226,696483.5488,0,0,0,0,0.008332,0,0,0,0,0,0,0,1.184437619,0.110695556,0
54,253,5.106,11010.50226,696483.5488,0.052214,0,0,0,1.7912,0,0,0,0,0,0,0,1.184437619,0.110695556,0
54,253,5.106,11010.50226,696483.5488,0,0,0,0,0,0,0.40452,0,0,0,1.10577,0,1.184437619,0.110695556,0
54,253,5.106,11010.50226,696483.5488,0.009021,0,0,0.010479,0,0,0,0,0,0,0,0,1.184437619,0.110695556,0
54,253,5.106,11010.50226,696483.5488,0.000078,0,0,0.00524,0,0,0,0,0,0,0.288579,0,1.184437619,0.110695556,0
54,253,5.106,11010.50226,696483.5488,49.592,0,0.001434,0,0,0,0,0,0,0,0,0,1.184437619,0.110695556,0
54,253,5.106,11010.50226,696483.5488,10.582,0,0,0,0,15.509,0,0,0,0,0.27432,0,1.184437619,0.110695556,0
54,253,5.106,11010.50226,696483.5488,0.007697,0,0,0,0.49136,0,0,0,0,0,0.151728,0,1.184437619,0.110695556,0
54,253,5.106,11010.50226,696483.5488,0,0,0,0,0.014078,0,0,8.3981,0,0,0.278694,0,1.184437619,0.110695556,0
54,253,5.106,11010.50226,696483.5488,0.98357,0,0,2.4172,0,0,0,0,0,0,0,0,1.184437619,0.110695556,0
54,253,5.106,11010.50226,696483.5488,0.71313,0,0,0,0,0,0,0,0,0,0.151728,0,1.184437619,0.110695556,0
54,253,5.106,11010.50226,696483.5488,0.0059107,0,0,0.019748,5.7051,0,0,0,0,0,29.7048,0,1.184437619,0.110695556,0
54,253,5.106,11010.50226,696483.5488,0.0088426,0,0,0.000078,0,0,0,0,0,0,3.3057,0,1.184437619,0.110695556,0
54,253,5.106,11010.50226,696483.5488,0.74435,0,0,0,0.001669,0.000668,0,0,0,0,0.37014,0,1.184437619,0.110695556,0
54,253,5.106,11010.50226,696483.5488,0.000251,0,0,0,0,0,0,0,0,0,0.78174,0,1.184437619,0.110695556,0
54,253,5.106,11010.50226,696483.5488,0.13074,0,0,0,44.94,0,0,0,0,0,0.151728,0,1.184437619,0.110695556,0
54,253,5.106,11010.50226,696483.5488,0,0,0,0.017238,0,0,0,0,0,0,7.2168,0,1.184437619,0.110695556,0
54,253,5.106,11010.50226,696483.5488,0.014773,0,0,0,0.008333,0,0,0,0,0,0.151728,0,1.184437619,0.110695556,0
54,253,5.106,11010.50226,696483.5488,0.16583,0,0,0.10345,0,0,0,0,0,0,0,0,1.184437619,0.110695556,0
54,253,5.106,11010.50226,696483.5488,0,0,0,0,0,0,0,0,0,0,1.62018,0,1.184437619,0.110695556,0
54,253,5.106,11010.50226,696483.5488,0.008333,0,0,0,0.21192,0,0,0,0,0,0.9426,0,1.184437619,0.110695556,0
54,253,5.106,11010.50226,696483.5488,0,0,0,0.21079,0.005239,0,0,0,0,0,0,0,1.184437619,0.110695556,0
54,253,5.106,11010.50226,696483.5488,0.009261,0,1.9693,0,0,0,0,0,0,0,0.151728,0,1.184437619,0.110695556,0
54,253,5.106,11010.50226,696483.5488,0.022279,0,0,0.008332,0.25607,0,0,0,0,0,3.5568,0,1.184437619,0.110695556,0
54,253,5.106,11010.50226,696483.5488,0.008333,0,0,0.27563,0,0,0,0,0,0,3.4926,0,1.184437619,0.110695556,0
54,253,5.106,11010.50226,696483.5488,0.0724,0,0,11.325,0.01564,0,0,0,0,0,0,0,1.184437619,0.110695556,0
54,253,5.106,11010.50226,696483.5488,0.000739,0,0,0,0,0,0,0,0,0,0.151728,0,1.184437619,0.110695556,0
54,253,5.106,11010.50226,696483.5488,0,0,0,0.0306,0,0,0,0,0,0,0.151728,0,1.184437619,0.110695556,0
54,253,5.106,11010.50226,696483.5488,0.10284,0,0,0.008336,0.72843,0,0,0,0,0,0,0,1.184437619,0.110695556,0
54,253,5.106,11010.50226,696483.5488,0.013404,0,0,0,0.008333,0,0,0,0,0,0,0,1.184437619,0.110695556,0
54,253,5.106,11010.50226,696483.5488,0.018381,0,0,0,0,0,15.481,0,0,0,1.26477,0,1.184437619,0.110695556,0
54,253,5.106,11010.50226,696483.5488,0,0,0,0.00524,0.008333,0,0,0,0,0,32.442,0,1.184437619,0.110695556,0
54,253,5.106,11010.50226,696483.5488,0.00644,0,0,0.002139,0.008333,0,0,0,0,0,6.8079,0,1.184437619,0.110695556,0
54,253,5.106,11010.50226,696483.5488,2.5794,0,0,0.009056,0.50221,0,22.25,0,0,0,0.151728,0,1.184437619,0.110695556,0
54,253,5.106,11010.50226,696483.5488,0.050392,0,0,0,0.27367,0.97535,0.60778,0,0,0,0,0,1.184437619,0.110695556,0
54,253,5.106,11010.50226,696483.5488,0,0,0,0,0.003346,0,0,0,0,0,0.151728,0,1.184437619,0.110695556,0
54,253,5.106,11010.50226,696483.5488,2.4135,0,0,0.01172,0,0,0,0,0,0,0,0,1.184437619,0.110695556,0
54,253,5.106,11010.50226,696483.5488,0.018381,0,0,0,0,0,0,0,0,0,0,0,1.184437619,0.110695556,0
54,253,5.106,11010.50226,696483.5488,0,0,0,0,0.060787,0,0,0,0,0,0,0,1.184437619,0.110695556,0
54,253,5.106,11010.50226,696483.5488,27.506,0,6.3982,4.7441,15.439,0,52.175,0,0,0,9.6318,0,1.184437619,0.110695556,0
54,253,5.106,11010.50226,696483.5488,0.051828,0,0,0.00524,0,0,0,0,0,0,0,0,1.184437619,0.110695556,0
54,253,5.106,11010.50226,696483.5488,0,0,0,0,0,0,54.329,0,0,0,2.01174,0,1.184437619,0.110695556,0
54,253,5.106,11010.50226,696483.5488,4.616,0,0,0.75591,0.007148,0,0,0,0,0,0.151728,0,1.184437619,0.110695556,0
54,253,5.106,11010.50226,696483.5488,22.323,0,0,0,0.020274,0,3.015,0,0,0,5.787,0,1.184437619,0.110695556,0
54,253,5.106,11010.50226,696483.5488,0,0,0,0.009064,0,0,0,0,0,0,2.94174,0,1.184437619,0.110695556,0
54,253,5.106,11010.50226,696483.5488,1.8115,0,0,0,0,0,0,0,0,0,29.7048,0,1.184437619,0.110695556,0
54,253,5.106,11010.50226,696483.5488,0,0,0,0,0,0,0,0,0,0,8.5644,0,1.184437619,0.110695556,0
54,253,5.106,11010.50226,696483.5488,0,0,24.529,0.077265,0.008333,0,0,0,0,0,0,0,1.184437619,0.110695556,0
54,253,5.106,11010.50226,696483.5488,0.71313,0,0.00524,2.9167,0.008333,0,0,0,0,0,0.151728,0,1.184437619,0.110695556,0
54,253,5.106,11010.50226,696483.5488,0,0,0,0,0,0,0,0,0,0,18.1353,0,1.184437619,0.110695556,0
54,253,5.106,11010.50226,696483.5488,0.010338,0,0,0,0,0,0,0,0,0,0,0,1.184437619,0.110695556,0
54,253,5.106,11010.50226,696483.5488,0,0,0,0,0,0,0.13028,0,0,0,0,0,1.184437619,0.110695556,0
54,253,5.106,11010.50226,696483.5488,2.2494,0,0,0,0,0,0,0,0,0,0.151728,0,1.184437619,0.110695556,0
54,253,5.106,11010.50226,696483.5488,5.7412,0,0,5.2482,0.001434,0,0,0,0.008338,0,0.151728,0,1.184437619,0.110695556,0
54,253,5.106,11010.50226,696483.5488,0.68217,0,0,0,0.008333,0,0,0,0,0,0.151728,0,1.184437619,0.110695556,49.34146341
54,253,5.106,11010.50226,696483.5488,0.00524,0,0,4.648,0,0,0,0,0,0,2.39871,0,1.184437619,0.110695556,0
54,253,5.106,11010.50226,696483.5488,0,0,0,0,7.8711,0,0,0,0,0,7.6407,0,1.184437619,0.110695556,0
54,253,5.106,11010.50226,696483.5488,0,0,0,0.008321,0,0,0,0,0,0,0.151728,0,1.184437619,0.110695556,0
54,253,5.106,11010.50226,696483.5488,0,0,0,0,3.1902,0,0,0,0,0,1.57107,0,1.184437619,0.110695556,0
54,253,5.106,11010.50226,696483.5488,0.010054,0,0,4.8058,0,0,0,0,0,0,0.151728,0,1.184437619,0.110695556,0
54,253,5.106,11010.50226,696483.5488,0,0,0,0.013976,0,0,109.35,0,0,0,0,0,1.184437619,0.110695556,0
54,253,5.106,11010.50226,696483.5488,0.0088426,0,0,0,0,0,0,0,0,0,0.151728,0,1.184437619,0.110695556,0
54,253,5.106,11010.50226,696483.5488,0.3067,0,0,0,0.030965,0,0,0,0,0,0,0,1.184437619,0.110695556,0
54,253,5.106,11010.50226,696483.5488,2.1821,0,0,5.7154,0.008335,0.002355,52.387,0,0,0,0.151728,0,1.184437619,0.110695556,0
54,253,5.106,11010.50226,696483.5488,0.013012,0,0,0.1455,0,0,0,0,0,0,34.746,0,1.184437619,0.110695556,0
54,253,5.106,11010.50226,696483.5488,0.075337,0,0,0,0,0,0,0,0,0,10.4865,0,1.184437619,0.110695556,0
54,253,5.106,11010.50226,696483.5488,0,0,0,0,0,0,0,0,0,0,0.181728,0,1.184437619,0.110695556,0
54,253,5.106,11010.50226,696483.5488,0.17481,0,0,0,0,0,0.13028,0,0,0,0,0,1.184437619,0.110695556,0
54,253,5.106,11010.50226,696483.5488,0.00524,0,0,0.00524,0.36581,9.7428,0,0,0,0,1.17456,0,1.184437619,0.110695556,0
54,253,5.106,11010.50226,696483.5488,0.0068531,0,0,0,0.002156,0,0,0,0,0,1.04805,0,1.184437619,0.110695556,0
54,253,5.106,11010.50226,696483.5488,0,0,0,0,0,0,0,0,0,0,0,0,1.184437619,0.110695556,0
54,253,5.106,11010.50226,696483.5488,0.00524,0,0,0,0,0,0,0,0,0,14.5008,0,1.184437619,0.110695556,0
54,253,5.106,11010.50226,696483.5488,0.00043,0,0,0,3.3385,0,0,0,0,0,11.7102,0,1.184437619,0.110695556,0
54,253,5.106,11010.50226,696483.5488,0,0,0,0,0.008333,0,0,0,0,0,0,0,1.184437619,0.110695556,0
54,253,5.106,11010.50226,696483.5488,0.39409,0,0,8.0353,0,0,0,0,0,0,0.151728,0,1.184437619,0.110695556,0
54,253,5.106,11010.50226,696483.5488,0.008333,0,0,0,0,0,0,0,0,0,15.9147,0,1.184437619,0.110695556,0
54,253,5.106,11010.50226,696483.5488,0.00062,0,0,0,0,0,0.059897,0,0,0,1.17966,0,1.184437619,0.110695556,0
54,253,5.106,11010.50226,696483.5488,8.933,0,0,0,0.003346,0,0,0,0,0,21.2118,0,1.184437619,0.110695556,0
54,253,5.106,11010.50226,696483.5488,0.5002,0,0,1.244,0,0.77921,0,0,0,0,0,0,1.184437619,0.110695556,0
54,253,5.106,11010.50226,696483.5488,0.006702,0,0,0,0,0,0,0,0,0,1.62048,0,1.184437619,0.110695556,0
54,253,5.106,11010.50226,696483.5488,0.017603,0,0,0.00524,0,0,0,0,0,0,20.2284,0,1.184437619,0.110695556,0
54,253,5.106,11010.50226,696483.5488,3.8421,0,0,0,0,0,0,0,0,0,0.151728,0,1.184437619,0.110695556,0
54,253,5.106,11010.50226,696483.5488,0,0,0,1.788,0.007102,0,0,0,0,0,2.3544,0,1.184437619,0.110695556,0
54,253,5.106,11010.50226,696483.5488,0,0,0,0,0.05414,0.78092,0.59876,0,0,0,0.151728,0,1.184437619,0.110695556,0
54,253,5.106,11010.50226,696483.5488,0.029004,0,0,0,0,0,0,0,0,0,0.151728,0,1.184437619,0.110695556,0
54,253,5.106,11010.50226,696483.5488,2.2987,0,0,0,0,0,0,0,0,0,1.52439,0,1.184437619,0.110695556,0
54,253,5.106,11010.50226,696483.5488,198.15,0,0,0,0.31656,0.79321,0,0,0,0,0,0,1.184437619,0.110695556,0
54,253,5.106,11010.50226,696483.5488,0.016058,0,0,0,0.041022,0,0,0,0,0,0,0,1.184437619,0.110695556,0
54,253,5.106,11010.50226,696483.5488,0.67499,0,0,0,0,5.1571,0,0,0,0,0,0,1.184437619,0.110695556,0
54,253,5.106,11010.50226,696483.5488,0,0,0,0,0.001478,0,0.13028,0,0,0,0,0,1.184437619,0.110695556,0
54,253,5.106,11010.50226,696483.5488,0,0,0,0,0.67362,0,0,0,0,0,0,0,1.184437619,0.110695556,0
54,253,5.106,11010.50226,696483.5488,0,0,0,0,0,0,0,0,0.012187,0,19.2864,0,1.184437619,0.110695556,0
54,253,5.106,11010.50226,696483.5488,0,0,0,0,0,0.77921,0,0,0,0,18.849,0,1.184437619,0.110695556,0
54,253,5.106,11010.50226,696483.5488,0,0,0,0,0.008333,0,0,0,0,0,7.6407,0,1.184437619,0.110695556,0
54,253,5.106,11010.50226,696483.5488,0.0064565,0,0,0.094899,0,0,11.179,0,0,0,0,0,1.184437619,0.110695556,0
54,253,5.106,11010.50226,696483.5488,0.17713,0,0,47.493,0.00524,0,0,0,0,0,4.4103,0,1.184437619,0.110695556,0
54,253,5.106,11010.50226,696483.5488,0.002139,0,0,0,26.765,0,25.715,0,0,0,9.8421,0,1.184437619,0.110695556,0
54,253,5.106,11010.50226,696483.5488,0.008333,0,0,0.001434,0.013551,6.9496,0,0,0,0,0.151728,0,1.184437619,0.110695556,0
54,253,5.106,11010.50226,696483.5488,7.8157,0,0.54082,0,3.9118,0,0,0,0,0,0,0,1.184437619,0.110695556,0
54,253,5.106,11010.50226,696483.5488,0,0,0,0,0.000688,0,0,0,0,0,198.603,0,1.184437619,0.110695556,0
54,253,5.106,11010.50226,696483.5488,0.009056,0,0,0,0,0,0,0,0,0,5.2239,0,1.184437619,0.110695556,0
54,253,5.106,11010.50226,696483.5488,0,0,0,20.449,0.008333,0,0.67845,0,0,0,0.70341,0,1.184437619,0.110695556,0
54,253,5.106,11010.50226,696483.5488,0.015764,0,0,0,0,0,0,0,0,0,1.57179,0,1.184437619,0.110695556,0
54,253,5.106,11010.50226,696483.5488,0,0,0,0.008335,0,0,0,0,0,0,0,0,1.184437619,0.110695556,0
54,253,5.106,11010.50226,696483.5488,0.043527,0,0,0.02891,1.4315,0,0,0,0,0,1.05978,0,1.184437619,0.110695556,0
54,253,5.106,11010.50226,696483.5488,0.0094528,0,0,0,0.00524,2.1024,0,0,0,0,2.39772,0,1.184437619,0.110695556,0
54,253,5.106,11010.50226,696483.5488,0.38105,0,0,0,9.3522,0,0.74966,0,0.008859,0,30.885,0,1.184437619,0.110695556,0
54,253,5.106,11010.50226,696483.5488,0,0,0,0.029402,0,0,0,0,0,0,4.5198,0,1.184437619,0.110695556,0
54,253,5.106,11010.50226,696483.5488,0,0,0,0.003538,0,13.237,0,0,0,0,0,0,1.184437619,0.110695556,0
54,253,5.106,11010.50226,696483.5488,0.011015,0,0,0,10.115,0,0,0,0,0,0,0,1.184437619,0.110695556,0
54,253,5.106,11010.50226,696483.5488,0.2494,0,0,0,0.014119,0.89381,0,0,0,0,3.0075,0,1.184437619,0.110695556,0
54,253,5.106,11010.50226,696483.5488,3.6358,0,0,0,0.001669,0,0,0,0,0,0,0,1.184437619,0.110695556,0
54,253,5.106,11010.50226,696483.5488,1.4385,0,0,0,0.73688,0,0,0,0,0,0.271128,0,1.184437619,0.110695556,0
54,253,5.106,11010.50226,696483.5488,0.032101,0,0,0,0,0,0,0,0,0,97.974,0,1.184437619,0.110695556,0
54,253,5.106,11010.50226,696483.5488,0,0,0,14.804,0,9.3295,137.34,0,0,0,0,0,1.184437619,0.110695556,0
54,253,5.106,11010.50226,696483.5488,0,0,0,0.008333,1.7509,0.66655,0,0,0,0,0,0,1.184437619,0.110695556,0
54,253,5.106,11010.50226,696483.5488,177.88,0,0,0.00524,0,0,0,0,0,0,0,0,1.184437619,0.110695556,0
54,253,5.106,11010.50226,696483.5488,0.011015,0,0,0.068295,0,0,0,0,0,0,3.6918,0,1.184437619,0.110695556,0
54,253,5.106,11010.50226,696483.5488,0.001309,0,0,0,0,0,0,0,0,0,0,0,1.184437619,0.110695556,0
54,253,5.106,11010.50226,696483.5488,0.008333,0,0,0,0,0,0,0,0,0,0.90174,0,1.184437619,0.110695556,0
54,253,5.106,11010.50226,696483.5488,0,0,0.54712,0,14.856,0,0,0,0,0,0.151728,0,1.184437619,0.110695556,0
54,253,5.106,11010.50226,696483.5488,0.0068531,0,0,0,0,0,0,0,0,0,4.4103,0,1.184437619,0.110695556,0
54,253,5.106,11010.50226,696483.5488,0,0,0,0,1.3821,0,0,0,0,0,0,0,1.184437619,0.110695556,0
54,253,5.106,11010.50226,696483.5488,0.00524,0,0,0,1.0363,0,0,0,0,0,3.9402,0,1.184437619,0.110695556,0
54,253,5.106,11010.50226,696483.5488,0,0,0,0.69261,0.19458,0.000182,0,0,0,0,0,0,1.184437619,0.110695556,0
54,253,5.106,11010.50226,696483.5488,0.17094,0,0,0.21079,0.008333,0,0,0,0,0,1.52439,0,1.184437619,0.110695556,0
54,253,5.106,11010.50226,696483.5488,0.003822,0,0,0,0,0,0,0,0,0,18.819,0,1.184437619,0.110695556,0
54,253,5.106,11010.50226,696483.5488,0.19126,0,0,0.45906,0,0,0,0,0,0,0,0,1.184437619,0.110695556,0
54,253,5.106,11010.50226,696483.5488,1.2894,0,0,0,0.00524,0,0,0,0,0,1.62018,0,1.184437619,0.110695556,0
54,253,5.106,11010.50226,696483.5488,0,0,0,10.898,0.00524,0,0,0,0.0081821,0,0,0,1.184437619,0.110695556,42
54,253,5.106,11010.50226,696483.5488,0,0,0,0,0,0,0,0,0,0,0,0,1.184437619,0.110695556,0
54,253,5.106,11010.50226,696483.5488,0.000376,0,0,0,0,0,0,0,0,0,0,0,1.184437619,0.110695556,0
54,253,5.106,11010.50226,696483.5488,17.385,0,0,0.011527,0,0,0.13028,0,0,0,1.10577,0,1.184437619,0.110695556,0
54,253,5.106,11010.50226,696483.5488,0,0,19.593,0,0.16189,0,0,0,0,0,0,0,1.184437619,0.110695556,0
54,253,5.106,11010.50226,696483.5488,0.00524,0,0,0.015258,0.005239,0,0,0,0,0,6.8079,0,1.184437619,0.110695556,0
54,253,5.106,11010.50226,696483.5488,0.00644,0,0.86597,0.62945,0,0,0,0,0,0,0.151728,0,1.184437619,0.110695556,0
54,253,5.106,11010.50226,696483.5488,0,0,0,0,0.002031,0,0,0,0,0,0.151728,0,1.184437619,0.110695556,0
54,253,5.106,11010.50226,696483.5488,0.008333,0,0,0,0,0,0,0,0,0,0.151728,0,1.184437619,0.110695556,0
54,253,5.106,11010.50226,696483.5488,0,0,0,1.0692,0,0,0,0,0,0,58.353,0,1.184437619,0.110695556,0
54,253,5.106,11010.50226,696483.5488,0.12797,0,0,0,0,1.2403,0.13028,0,0,0,0.151728,0,1.184437619,0.110695556,34.14634146
54,253,5.106,11010.50226,696483.5488,0,0,0,0,0.027174,0,0,0,0,0,47.328,0,1.184437619,0.110695556,0
54,253,5.106,11010.50226,696483.5488,0,0,0,0.011074,0,0,0,0,0,0,0,0,1.184437619,0.110695556,0
54,253,5.106,11010.50226,696483.5488,50.278,0,0,0,0,0,0,0,0,0,0.279822,0,1.184437619,0.110695556,0
54,253,5.106,11010.50226,696483.5488,0.036852,0,0,14.804,0,1.9376,0,0,0,0,0,0,1.184437619,0.110695556,0
54,253,5.106,11010.50226,696483.5488,0.63883,0,0,0,0,0,0,0,0,0,0,0,1.184437619,0.110695556,0
54,253,5.106,11010.50226,696483.5488,0.008489,0,0,0.008333,0.003346,12.13,0.13028,0,0,0,0,0,1.184437619,0.110695556,0
54,253,5.106,11010.50226,696483.5488,853.14,0,0,0,6.5443,0.79321,0,0,0,0,0.151728,0,1.184437619,0.110695556,0
54,253,5.106,11010.50226,696483.5488,5.2762,0,0,0,0,0,0,0,0,0,9.1953,0,1.184437619,0.110695556,0
54,253,5.106,11010.50226,696483.5488,0.5201,0,0,0.008333,0,0,0.13028,0,0,0,0.151728,0,1.184437619,0.110695556,0
54,253,5.106,11010.50226,696483.5488,0.00644,0,0,0,0.008333,0,0,0,0,0,6.2754,0,1.184437619,0.110695556,0
54,253,5.106,11010.50226,696483.5488,0.008333,0,0,0.00524,0,0.008935,0,0,0,0,0,0,1.184437619,0.110695556,0
54,253,5.106,11010.50226,696483.5488,0.008335,0,0,0,0.007148,0,0,0,0,0,0.93561,0,1.184437619,0.110695556,0
54,253,5.106,11010.50226,696483.5488,0.00524,0,0,0.0021738,0,0,0,0,0,0,0.27432,0,1.184437619,0.110695556,0
54,253,5.106,11010.50226,696483.5488,36.159,0,0,0,0.00524,0.0006805,0,0,0,0,0.78174,0,1.184437619,0.110695556,0
54,253,5.106,11010.50226,696483.5488,0,0,0,4.3923,0,0,0,0,0,0,0.151728,0,1.184437619,0.110695556,0
54,253,5.106,11010.50226,696483.5488,0.043506,0,0,0,0,0,0,0,0,0,0.181728,0,1.184437619,0.110695556,0
54,253,5.106,11010.50226,696483.5488,0.28712,0,0,0.12252,0,0,0,0,0,0,0,0,1.184437619,0.110695556,0
54,253,5.106,11010.50226,696483.5488,0.0097975,0,0,0.071721,0,0,0,0,0,0,1.03647,0,1.184437619,0.110695556,0
54,253,5.106,11010.50226,696483.5488,0,0,0,9.0645,0.68315,0,0,0,0,0,0,0,1.184437619,0.110695556,0
54,253,5.106,11010.50226,696483.5488,0,0,0,0,0,0,0,0,0,0,0.278526,0,1.184437619,0.110695556,0
54,253,5.106,11010.50226,696483.5488,0,0,0,0,35.29,0,0,0,0,0,1.65174,0,1.184437619,0.110695556,0
54,253,5.106,11010.50226,696483.5488,5.5802,0,0,0.013455,0,0,0,0,0,0,0.181728,0,1.184437619,0.110695556,0
54,253,5.106,11010.50226,696483.5488,0,0,0,0.014206,0,0,7.2385,0,2.5895,0,0,0,1.184437619,0.110695556,0
54,253,5.106,11010.50226,696483.5488,0.00524,0,0,0.000063,0,0,0,0,0,0,10.1169,0,1.184437619,0.110695556,0
54,253,5.106,11010.50226,696483.5488,0.008333,0,0,0,0,0,0,0,0,0,0,0,1.184437619,0.110695556,0
54,253,5.106,11010.50226,696483.5488,872.97,0,0,0,0.88295,0,0,0,0,0,0,0,1.184437619,0.110695556,0
54,253,5.106,11010.50226,696483.5488,0,0,0,0.003821,0,0,0,0,0,0,0,0,1.184437619,0.110695556,0
54,253,5.106,11010.50226,696483.5488,1.8709,0,0,0,0.00524,0,0,0,0,0,0.271728,0,1.184437619,0.110695556,0
54,253,5.106,11010.50226,696483.5488,43.218,0,0,0,0.008333,0,0,0,0,0,0.151728,0,1.184437619,0.110695556,0
54,253,5.106,11010.50226,696483.5488,0,0,0,0,0,0,0,0,0,0,0,0,1.184437619,0.110695556,0
54,253,5.106,11010.50226,696483.5488,0,0,0,0,0.081175,0,0,0,0,0,0.276939,0,1.184437619,0.110695556,0
54,253,5.106,11010.50226,696483.5488,0.031802,0,0,0,0.0082165,0,0,0,0,0,18.0318,0,1.184437619,0.110695556,0
54,253,5.106,11010.50226,696483.5488,0,0,0,6.9518,0,0.000182,0,0,0,0,0.204657,0,1.184437619,0.110695556,0
54,253,5.106,11010.50226,696483.5488,0,0,0,0,8.0698,0,0,0,0,0,0,0,1.184437619,0.110695556,0
54,253,5.106,11010.50226,696483.5488,7.1589,0,0,0.42786,0,0,0,0,0,0,0,0,1.184437619,0.110695556,0
54,253,5.106,11010.50226,696483.5488,0.000376,0,0,853.16,0,0.000273,0.13028,0,0,0,0.151728,0,1.184437619,0.110695556,0
54,253,5.106,11010.50226,696483.5488,0,0,0,0.00524,0,0,0,0,0,0,0.151728,0,1.184437619,0.110695556,0
54,253,5.106,11010.50226,696483.5488,0.00524,0,0,0,0.00524,0.000182,0,0,0,0,4.2768,0,1.184437619,0.110695556,0
54,253,5.106,11010.50226,696483.5488,0.00524,0,0,2.0984,27.763,0,0,0,0,0,0,0,1.184437619,0.110695556,0
54,253,5.106,11010.50226,696483.5488,0,0,0,0,0,0,0,0,0,0,0.151728,0,1.184437619,0.110695556,0
54,253,5.106,11010.50226,696483.5488,0.002868,0,0,0,0,0,0,0,0,0,7.3638,0,1.184437619,0.110695556,0
54,253,5.106,11010.50226,696483.5488,25.253,0,0,0,0,0,0,0,0,0,0.92517,0,1.184437619,0.110695556,0
54,253,5.106,11010.50226,696483.5488,0.029004,0,0.00062,0,0.018282,0,0.10863,0,0,0,11.1597,0,1.184437619,0.110695556,0
54,253,5.106,11010.50226,696483.5488,0,0,1.565,0,0,0.000033,0,0,0,0,14.8218,0,1.184437619,0.110695556,0
54,253,5.106,11010.50226,696483.5488,0.008333,0,0,0,0,0,0.13028,0,0,0,0,0,1.184437619,0.110695556,0
54,253,5.106,11010.50226,696483.5488,0.00036,0,0,1.1174,0,0,0.93424,0,0,0,0,0,1.184437619,0.110695556,0
54,253,5.106,11010.50226,696483.5488,0,0,0,0.10345,0.003346,0.77921,0,0,0,0,0.151728,0,1.184437619,0.110695556,0
54,253,5.106,11010.50226,696483.5488,0.00524,0,0,2.6259,0.008333,0,0,0,0,0,2.34429,0,1.184437619,0.110695556,0
54,253,5.106,11010.50226,696483.5488,0,0,0.00191,2.853,0,9.3295,0,0,0,0,1.09647,0,1.184437619,0.110695556,0
54,253,5.106,11010.50226,696483.5488,0.00524,0,0,11.552,0,0,0,0,0,0,0,0,1.184437619,0.110695556,0
54,253,5.106,11010.50226,696483.5488,0,0,0,0.001434,0,0.77921,6.9504,0,0,0,3.9402,0,1.184437619,0.110695556,0
54,253,5.106,11010.50226,696483.5488,0.021605,0,0,0.005239,0.076792,0,0,0,0,0,0,0,1.184437619,0.110695556,0
54,253,5.106,11010.50226,696483.5488,0.0068531,0,0,0,9.0733,0,0,0,0,0,0.151728,0,1.184437619,0.110695556,0
54,253,5.106,11010.50226,696483.5488,0.10284,0,0,0.011652,0,0.005828,0,0,0,0,0.151728,0,1.184437619,0.110695556,0
54,253,5.106,11010.50226,696483.5488,0,0,0,0,0,0,0,0,0,0,1.88184,0,1.184437619,0.110695556,0
54,253,5.106,11010.50226,696483.5488,0.12208,0,0,0,0,0,0,0,0,0,0.151728,0,1.184437619,0.110695556,0
54,253,5.106,11010.50226,696483.5488,0.029004,0,0,0.26453,0.00524,0,0,0,0,0,8.3928,0,1.184437619,0.110695556,0
54,253,5.106,11010.50226,696483.5488,0.1789,0,0,0,0,0,0,0,0,0,0.151728,0,1.184437619,0.110695556,0
54,253,5.106,11010.50226,696483.5488,0.019152,0,0,15.984,0,4.3866,0,0,0,0,0.44541,0,1.184437619,0.110695556,0
54,253,5.106,11010.50226,696483.5488,0,0,1.444,0,0.007328,0,0,0,0,0,1.02351,0,1.184437619,0.110695556,0
54,253,5.106,11010.50226,696483.5488,0,0,0,0,11.73,0,0.13028,0,0,0,0,0,1.184437619,0.110695556,0
54,253,5.106,11010.50226,696483.5488,184.67,0,0,0,0.008333,6.3468,0.008333,0,0,0,1.63956,0,1.184437619,0.110695556,0
54,253,5.106,11010.50226,696483.5488,0,0,0,4.4534,0,0,0.002308,0,0,0,0,0,1.184437619,0.110695556,16.56097561
54,253,5.106,11010.50226,696483.5488,0,0,0,0,0,0,0,0,0,0,0,0,1.184437619,0.110695556,0
54,253,5.106,11010.50226,696483.5488,0.01357,0,0,0,0,0,53.409,0,0,0,0,0,1.184437619,0.110695556,0
54,253,5.106,11010.50226,696483.5488,0,0,0,0.008333,0,0,0,0,0,0,17.2929,0,1.184437619,0.110695556,0
54,253,5.106,11010.50226,696483.5488,0.078253,0,0,0.007328,0,0,0,0,0,0,0.70341,0,1.184437619,0.110695556,0
54,253,5.106,11010.50226,696483.5488,0,0,0,0,1.7912,0,0,0,0,0,0.151728,0,1.184437619,0.110695556,0
54,253,5.106,11010.50226,696483.5488,0.008333,0,0,0.013606,0,0,0,0,0,0,0.151728,0,1.184437619,0.110695556,0
54,253,5.106,11010.50226,696483.5488,0.00036,0,0,0.00524,0,0,0,0,0,0,18.7944,0,1.184437619,0.110695556,0
54,253,5.106,11010.50226,696483.5488,0,0,0,0.00524,0,0,0,0,0,0,0,0,1.184437619,0.110695556,0
54,253,5.106,11010.50226,696483.5488,0.00644,0,0,0.17658,50.346,0.80155,0,0,0,0,0,0,1.184437619,0.110695556,0
54,253,5.106,11010.50226,696483.5488,74.841,0,0,0,0.012187,0,0,0,0,0,0.151728,0,1.184437619,0.110695556,0
54,253,5.106,11010.50226,696483.5488,0,0,0,1.4153,0,0.28057,0,0,0,0,0,0,1.184437619,0.110695556,0
54,253,5.106,11010.50226,696483.5488,0.87352,0,0,0,0.008332,0,0,0,0,0,0.151728,0,1.184437619,0.110695556,0
54,253,5.106,11010.50226,696483.5488,0,0,0,0,0,0,0,0,0,0,2.94174,0,1.184437619,0.110695556,0
54,253,5.106,11010.50226,696483.5488,0,0,0,0.003821,0.001493,0,0,0,0,0,0.151728,0,1.184437619,0.110695556,4.695121951
54,253,5.106,11010.50226,696483.5488,0.013408,0,0,0.000063,0.003538,0,0,0,0,0,0.90174,0,1.184437619,0.110695556,0
54,253,5.106,11010.50226,696483.5488,4.119,0,0,0.002011,0.010107,0,0,0,0,0,0.151728,0,1.184437619,0.110695556,0
54,253,5.106,11010.50226,696483.5488,14.875,0,0,849.21,0,0,42.065,0,0,0,1.08339,0,1.184437619,0.110695556,0
54,253,5.106,11010.50226,696483.5488,0.003346,0,0,0,0.0096305,0,0,0,0,0,0,0,1.184437619,0.110695556,0
54,253,5.106,11010.50226,696483.5488,0.0062156,0,0,0,0.019681,0.080226,0,0,0,0,0.293307,0,1.184437619,0.110695556,0
54,253,5.106,11010.50226,696483.5488,0.00524,0,0,0.0088426,0.37101,0,36.808,0,0,0,0,0,1.184437619,0.110695556,0
54,253,5.106,11010.50226,696483.5488,22.449,0,0,0,0.005769,0.29431,0,0,0,0,16.0194,0,1.184437619,0.110695556,0
54,253,5.106,11010.50226,696483.5488,0,0,0,12.981,0,0,0.13028,0,0,0,0.151728,0,1.184437619,0.110695556,0
54,253,5.106,11010.50226,696483.5488,0,0,0,0.068295,0,0,705.16,0,0,0,0.151728,0,1.184437619,0.110695556,0
54,253,5.106,11010.50226,696483.5488,5.865,0,0,0.00524,17.64,0,29.961,0,0,0,0.181728,0,1.184437619,0.110695556,0
54,253,5.106,11010.50226,696483.5488,0.021605,0,0,0.008333,0,0,0,0,0,0,6.8079,0,1.184437619,0.110695556,0
54,253,5.106,11010.50226,696483.5488,0.004864,0,0,0,0.0078558,0,0,0,0,0,0.151728,0,1.184437619,0.110695556,0
54,253,5.106,11010.50226,696483.5488,0.87352,0,0,0,0,0,0,0,0,0,1.08339,0,1.184437619,0.110695556,0
54,253,5.106,11010.50226,696483.5488,0,0,0,0,0,0,0,0,0,0,0,0,1.184437619,0.110695556,0
54,253,5.106,11010.50226,696483.5488,5.4818,0,0,0,16.858,0,0,0,0,0,18.0318,0,1.184437619,0.110695556,0
54,253,5.106,11010.50226,696483.5488,0.0031025,0,0,0,0,0,0,0,0,0,0.151728,0,1.184437619,0.110695556,0
54,253,5.106,11010.50226,696483.5488,0.00524,0,0,0,0,0.026763,0,0,0,0,0,0,1.184437619,0.110695556,0
54,253,5.106,11010.50226,696483.5488,6.0303,0,0,0,0,0,0,0,0,0,1.17966,0,1.184437619,0.110695556,0
54,253,5.106,11010.50226,696483.5488,0,0,0,0,0.008333,0.077537,0,0,0,0,0.151728,0,1.184437619,0.110695556,0
55,254,1,37456.82708,2369380,0,0,0,0.002031,0.007697,0.014181,0,0,0,0,0.151728,1.788434249,4.045503593,0.378085991,0
55,254,1,37456.82708,2369380,4.6688,0,0,0,0.00524,0,0,0,0,0,0.151728,2.282103912,4.045503593,0.378085991,0
55,254,1,37456.82708,2369380,0.024955,0,0,0,0.007148,0,0,0,0,0,16.6719,4.862686845,4.045503593,0.378085991,0
55,254,1,37456.82708,2369380,2.0814,0,0,0,0,0.006508,0,0,0,0,6.9018,19.71922933,4.045503593,0.378085991,0
55,254,1,37456.82708,2369380,0.001493,0,0,0,0,0,0,0,0,0,0.151728,2.550491043,4.045503593,0.378085991,0
55,254,1,37456.82708,2369380,0,0,0,0,0,0,0,0,0.008333,0,0.271728,6.438851272,4.045503593,0.378085991,0
55,254,1,37456.82708,2369380,0.87352,0,0.005239,0.17235,0.0094073,0.10693,0,0,0,0,0,7.61406159,4.045503593,0.378085991,0
55,254,1,37456.82708,2369380,0.0068531,0,0,0,813.22,0,0,0,0,0,0.151728,7.432290306,4.045503593,0.378085991,0
55,254,1,37456.82708,2369380,0.00644,0,0,0.034928,0.00062,0,0,0,0,0,0.151728,1.753869239,4.045503593,0.378085991,0
55,254,1,37456.82708,2369380,0,0,0,0,0,0,0,0,0,0,0.273018,19.16080795,4.045503593,0.378085991,0
55,254,1,37456.82708,2369380,0.000739,0,0,0,0.05414,0,0.86583,0,0,0,0.278526,1.480602342,4.045503593,0.378085991,0
55,254,1,37456.82708,2369380,0,0,0,3.325,0.011527,0,0.13028,0,0,0,0.30174,19.16080795,4.045503593,0.378085991,0
55,254,1,37456.82708,2369380,0.0088426,0,0,0,0,0,0,0,0,0,0.151728,1.611949377,4.045503593,0.378085991,0
55,254,1,37456.82708,2369380,0.0056959,0,0,0,0,0.78754,0,0,0,0,8.9418,9.094257285,4.045503593,0.378085991,0
55,254,1,37456.82708,2369380,0.00524,0,0,0.16809,0,0,0,0,0,0,0,10.8444667,4.045503593,0.378085991,0
55,254,1,37456.82708,2369380,0,0,0,0,0.0306,0,65.662,0,0,0,0.42399,96.95287753,4.045503593,0.378085991,0
55,254,1,37456.82708,2369380,6.8272,0,0,0,0.0062716,6.3468,0,0,0,0,13.3746,12.02691112,4.045503593,0.378085991,0
55,254,1,37456.82708,2369380,0,0,0,0.008333,0.001434,0,0.74966,0,0,0,38.517,8.563989377,4.045503593,0.378085991,0
55,254,1,37456.82708,2369380,0.001009,0,0,0,0.003822,0,0,0,0,0,0,0.533114438,4.045503593,0.378085991,0
55,254,1,37456.82708,2369380,0,0,0,0.081032,0.046926,0,0,0,0,0,7.3638,7.61406159,4.045503593,0.378085991,0
55,254,1,37456.82708,2369380,0,0,0,0,3.7158,0.54465,0,0,0,0,1.17456,0.677067536,4.045503593,0.378085991,0
55,254,1,37456.82708,2369380,0.00524,0,0,0,0.022119,0,0,0,0,0,1.31526,2.742428507,4.045503593,0.378085991,0
55,254,1,37456.82708,2369380,0,0,0,0.67703,0,0,1.9322,0,0,0,0.151728,8.153142895,4.045503593,0.378085991,25.52439024
55,254,1,37456.82708,2369380,0.15712,0,0,0.42786,0,0,0,0,0,0,6.3561,1.629841853,4.045503593,0.378085991,0
55,254,1,37456.82708,2369380,0.19126,0,0,0,0,1.3521,0,0,0,0,0.271128,1.082901411,4.045503593,0.378085991,0
55,254,1,37456.82708,2369380,0.005239,0,0,0.011406,0,0,0,0,0,0,5.0757,8.563989377,4.045503593,0.378085991,0
55,254,1,37456.82708,2369380,0,0,0,0,0,0,0,0,0,0,1.08174,5.924849251,4.045503593,0.378085991,0
55,254,1,37456.82708,2369380,0,0,0,52.922,0,0,0,0,0,0,0,8.643285575,4.045503593,0.378085991,0
55,254,1,37456.82708,2369380,5.8431,0,0,0,0,0,0.10863,0,0,0,9.4467,3.50611189,4.045503593,0.378085991,0
55,254,1,37456.82708,2369380,0.001267,0,0,0,0,0,0,0,0,0,0,0.308645201,4.045503593,0.378085991,22.36585366
55,254,1,37456.82708,2369380,0.003485,0,0,0.00524,0,0,0,0,0,0,0.9426,1.600969904,4.045503593,0.378085991,0
55,254,1,37456.82708,2369380,1.8154,0,0,0,2.5837,0,0.841,0,0,0,0.70764,2.742428507,4.045503593,0.378085991,0
55,254,1,37456.82708,2369380,25.253,0,0,0,0.0022594,0,0.93424,0,0,0,0,1.480602342,4.045503593,0.378085991,0
55,254,1,37456.82708,2369380,0.008333,0,0,0,0,0,0,0,0,0,0.151728,1.953939646,4.045503593,0.378085991,0
55,254,1,37456.82708,2369380,0.00524,0,0,0.48282,0.0078558,0,0,0,0,0,30.648,57.83043216,4.045503593,0.378085991,0
55,254,1,37456.82708,2369380,0,0,0,0,0,0,0,0,0,0,0,5.924849251,4.045503593,0.378085991,0
55,254,1,37456.82708,2369380,0.10994,0,0,0,0.050892,0.89381,0,0,0,0,73.308,0.51278208,4.045503593,0.378085991,0
55,254,1,37456.82708,2369380,0,0,0,0.11243,0.053112,0,0.002308,0,0,0,8.8155,0.090682319,4.045503593,0.378085991,0
55,254,1,37456.82708,2369380,6.0303,0,0,0.008335,0,0,0,0,0,0,0,10.8444667,4.045503593,0.378085991,0
55,254,1,37456.82708,2369380,0,0,0,0,0.050892,0,0.008333,0,0,0,1.47252,6.438851272,4.045503593,0.378085991,0
55,254,1,37456.82708,2369380,11.135,0,0,0,0,0,0,0,0,0,1.57404,2.742428507,4.045503593,0.378085991,0
55,254,1,37456.82708,2369380,0,0,0,0,0.00524,0,0,0,0,0,0.151728,7.432290306,4.045503593,0.378085991,0
55,254,1,37456.82708,2369380,0,0,0.81675,0,1.4612,0.77921,0,0,0,0,0.151728,3.294248715,4.045503593,0.378085991,0
55,254,1,37456.82708,2369380,22.449,0,0,0.088496,0.029406,0,0,0,0,0,0.151728,0.533114438,4.045503593,0.378085991,0
55,254,1,37456.82708,2369380,27.506,0,0,0.00524,0.019681,0,0,0,0,0,30.123,4.748825638,4.045503593,0.378085991,0
55,254,1,37456.82708,2369380,1.7472,0,0.00524,0,0,0,0,0,0,0,1.33728,0.677067536,4.045503593,0.378085991,0
55,254,1,37456.82708,2369380,0,0,0,0,0,0,0.67053,0,0,0,0,6.85281809,4.045503593,0.378085991,0
55,254,1,37456.82708,2369380,8.933,0,0,0,0,0,0,0,0,0,0.68376,3.50611189,4.045503593,0.378085991,0
55,254,1,37456.82708,2369380,11.344,0,0,0,0.67362,0,0,0,0,0,3.7518,34.6982593,4.045503593,0.378085991,0
55,254,1,37456.82708,2369380,0,0,0,0.46711,0.002492,0,0,0,0,0,0.151728,5.751441887,4.045503593,0.378085991,0
55,254,1,37456.82708,2369380,0.00524,0,0,0,0.008333,0,0.13028,0,0,0,0.151728,1.458846718,4.045503593,0.378085991,0
55,254,1,37456.82708,2369380,3.9799,0,0,0,0,0,0,0,0,0,0.151728,4.748825638,4.045503593,0.378085991,0
55,254,1,37456.82708,2369380,9.7427,0,0,0,0,0,0,0,0,0,1.09647,1.629841853,4.045503593,0.378085991,0
55,254,1,37456.82708,2369380,0.0066265,0,0,0.062249,2.0529,0,0,0,0,0,1.86174,3.370698383,4.045503593,0.378085991,0
55,254,1,37456.82708,2369380,0,0,0,0.00524,0,0,0,0,0,0,0,19.16080795,4.045503593,0.378085991,0
55,254,1,37456.82708,2369380,0,0,0,0,0,0,0,0,0,0,8.172,1.912461635,4.045503593,0.378085991,0
55,254,1,37456.82708,2369380,0.002784,0,0,0,0,0,0,0,0,0,0,4.286874454,4.045503593,0.378085991,0
55,254,1,37456.82708,2369380,3.3665,0,0,0.03272,0,0,0,0,0,0,0.151728,7.61406159,4.045503593,0.378085991,73.07317073
55,254,1,37456.82708,2369380,0.10284,0,0,0,0,0,0,0,0,0,2.10972,0.506275725,4.045503593,0.378085991,0
55,254,1,37456.82708,2369380,0.002784,0,0,0,2.3758,0,0,0,0,0,6.8154,2.473634728,4.045503593,0.378085991,0
55,254,1,37456.82708,2369380,0,0,0,0,1.2446,0,0,0,0,0,0.293307,1.082901411,4.045503593,0.378085991,0
55,254,1,37456.82708,2369380,0.17962,0,0,0,0,0,0,0,0,0,47.883,3.539348854,4.045503593,0.378085991,0
55,254,1,37456.82708,2369380,0.00644,0,0,0,0.070777,0,0,0,0,0,0.151728,4.791523591,4.045503593,0.378085991,0
55,254,1,37456.82708,2369380,36.159,0,0,8.8181,0,0.77921,1.8833,0,0,0,7.6407,1.953939646,4.045503593,0.378085991,0
55,254,1,37456.82708,2369380,0.008333,0,0,0,0.001493,0,0,0,0,0,12.0405,126.2789109,4.045503593,0.378085991,0
55,254,1,37456.82708,2369380,0.008333,0,0,0.008333,1.2208,0,0,0,0,0,0.181728,1.926287639,4.045503593,0.378085991,0
55,254,1,37456.82708,2369380,0.075337,0,0,0.008333,0.000688,0,0,0,0,0,4.3869,459.9889457,4.045503593,0.378085991,0
55,254,1,37456.82708,2369380,0.001326,0,0,0,0,0,0,0,0,0,0,1.788434249,4.045503593,0.378085991,0
55,254,1,37456.82708,2369380,0.061767,0,0,15.984,12.308,0,0,0,0,0,0,4.748825638,4.045503593,0.378085991,0
55,254,1,37456.82708,2369380,0.011297,0,0,0,0.008333,0,0,0,0,0,0,3.37110503,4.045503593,0.378085991,0
55,254,1,37456.82708,2369380,0.005239,0,0,0.008335,0,0.79321,0,0,0,0,52.569,7.61406159,4.045503593,0.378085991,41.48780488
55,254,1,37456.82708,2369380,0,0,0,14.189,9.0733,0,0,0,0,0,28.113,0.308645201,4.045503593,0.378085991,0
55,254,1,37456.82708,2369380,0,0,0,0,0.008333,0,0.13028,0,0,0,5.1447,0.51278208,4.045503593,0.378085991,0
55,254,1,37456.82708,2369380,0,0,3.8903,0,0.003468,0,0,0,0,0,0,4.791523591,4.045503593,0.378085991,0
55,254,1,37456.82708,2369380,0.045123,0,0,0,0,0.60215,0,0,0,0,0,5.751441887,4.045503593,0.378085991,0
55,254,1,37456.82708,2369380,0,0,0,0,0,0,0,0,0,0,44.763,2.550491043,4.045503593,0.378085991,0
55,254,1,37456.82708,2369380,0,0,0,0,0,0,0,0,0,0,4.4103,1.611949377,4.045503593,0.378085991,0
55,254,1,37456.82708,2369380,8.2504,0,0,0.007148,0,0,0,0,0,0,66.003,1.082901411,4.045503593,0.378085991,0
55,254,1,37456.82708,2369380,0.00524,0,0,0,0,0,0.008333,0,0,0,0,0.496109546,4.045503593,0.378085991,0
55,254,1,37456.82708,2369380,0.008333,0,0,0,0,0,0,0,0,0,6.2754,3.27635624,4.045503593,0.378085991,0
55,254,1,37456.82708,2369380,0.72108,0,0,0,0,0.77921,0,0,0,0,2.68779,19.16080795,4.045503593,0.378085991,0
55,254,1,37456.82708,2369380,0.008333,0,0,68.713,0,0,0,0,0,0,0.151728,1.437091095,4.045503593,0.378085991,0
55,254,1,37456.82708,2369380,0.27066,0,0,0,0.010507,0,0,0,0,0,11.0037,4.748825638,4.045503593,0.378085991,0
55,254,1,37456.82708,2369380,0.008333,0,0,0,0,0,0,0,0,0,0.151728,19.16080795,4.045503593,0.378085991,0
55,254,1,37456.82708,2369380,0,0,0,0.014341,0,0,0,0,0,0,1.02366,3.27635624,4.045503593,0.378085991,0
55,254,1,37456.82708,2369380,0.13903,0,0,0,0,0.00524,150.43,0,0,0,0.3897,1.082901411,4.045503593,0.378085991,39.69512195
55,254,1,37456.82708,2369380,0,0,0,0,0.00524,0,0,0,0,0,3.6486,1.953939646,4.045503593,0.378085991,0
55,254,1,37456.82708,2369380,5.15,0,0,0.097569,0.008333,0.79321,0,0,0,0,0,1.926287639,4.045503593,0.378085991,0
55,254,1,37456.82708,2369380,0.58468,0,0,0.002031,0,6.5672,0,0,0,0,0.151728,2.282103912,4.045503593,0.378085991,0
55,254,1,37456.82708,2369380,0.51774,0,0,3.0889,0,0,0,0,0,0,0,1.480602342,4.045503593,0.378085991,0
55,254,1,37456.82708,2369380,0.005372,0,0,0.00043,0.0021738,0,0,0,0,0,43.602,4.791523591,4.045503593,0.378085991,0
55,254,1,37456.82708,2369380,0,0,0,0,0.001267,0,0,0,0,0,0.151728,1.082901411,4.045503593,0.378085991,0
55,254,1,37456.82708,2369380,0,0,0.126,0,0,0,0,0,0,0,0.151728,1.912461635,4.045503593,0.378085991,0
55,254,1,37456.82708,2369380,0,0,0,2.0817,0.008321,0,45.746,0,0,0,0.151728,0.090682319,4.045503593,0.378085991,0
55,254,1,37456.82708,2369380,1.8905,0,0,6.2716,0,0,0,0,0,0,1.26477,6.509873784,4.045503593,0.378085991,0
55,254,1,37456.82708,2369380,0,0,0,0,0.003144,0,0,0,0,0,73.296,0.090682319,4.045503593,0.378085991,0
55,254,1,37456.82708,2369380,0,0,0,0,13.549,0,0,0,0,0,0.50493,8.153142895,4.045503593,0.378085991,0
55,254,1,37456.82708,2369380,0.00753,0,0,0,0,0,0,0,0,0,0.151728,2.742428507,4.045503593,0.378085991,0
55,254,1,37456.82708,2369380,0.010479,0,0,0,0.002031,0,0,0,0,0,0,8.86877143,4.045503593,0.378085991,0
55,254,1,37456.82708,2369380,0,0,0,0,0.038297,0,0,0,0,0,0,6.85281809,4.045503593,0.378085991,0
55,254,1,37456.82708,2369380,0,0,0,0,0,0,0,0,0,0,9.4467,57.7672295,4.045503593,0.378085991,0
55,254,1,37456.82708,2369380,0.5201,0,0,0,0,0,0,0,0,0,0.54798,107.1285055,4.045503593,0.378085991,0
55,254,1,37456.82708,2369380,0,0,0,0,0,0,0,0,0,0,4.8864,1.437091095,4.045503593,0.378085991,0
55,254,1,37456.82708,2369380,0,0,0,0,0.0068531,0.78209,0.021726,0,0,0,0.151728,57.83043216,4.045503593,0.378085991,0
55,254,1,37456.82708,2369380,28.979,0,0.002031,0,0.27367,0,0,0,0,0,0.290478,57.7672295,4.045503593,0.378085991,0
55,254,1,37456.82708,2369380,0,0,7.1966,0,0,0,0,0,0,0,8.3928,1.611949377,4.045503593,0.378085991,0
55,254,1,37456.82708,2369380,0,0,0,2.0984,0.0073964,0,0,0,0,0,42.996,4.286874454,4.045503593,0.378085991,0
55,254,1,37456.82708,2369380,0,0,0,0,0,0,0,0,0.000688,0,23.5818,8.643285575,4.045503593,0.378085991,0
55,254,1,37456.82708,2369380,0,0,1.0971,0,0,0,0,0,0,0,3.1572,1.740043236,4.045503593,0.378085991,0
55,254,1,37456.82708,2369380,0.008335,0,0,0,0.00524,0,0,0,0,0,0,4.791523591,4.045503593,0.378085991,0
55,254,1,37456.82708,2369380,3.4031,0,0,0,0,0,0,0,0,0,9.4467,3.27635624,4.045503593,0.378085991,0
55,254,1,37456.82708,2369380,57.072,0,0,0.044269,0.030073,0,0,0,0,0,0.151728,3.50611189,4.045503593,0.378085991,0
55,254,1,37456.82708,2369380,0.00043,0,0,0,0,0,0,0,0,0,1.52439,62.76023949,4.045503593,0.378085991,0
55,254,1,37456.82708,2369380,0,0,0,0.008333,0,0,0,0,0,0,0.280587,13.20935554,4.045503593,0.378085991,0
55,254,1,37456.82708,2369380,4.119,0,0,0,0,0,0,0,0,0,1.63956,1.437091095,4.045503593,0.378085991,0
55,254,1,37456.82708,2369380,2.2987,0,0.33369,0,0,0,0,0,0,0,0.151728,0.163878809,4.045503593,0.378085991,0
55,254,1,37456.82708,2369380,0.027357,0,0,0,0,0,0,0,0,0,0.151728,0.506275725,4.045503593,0.378085991,0
55,254,1,37456.82708,2369380,0,0,0,0,0,0.78033,0,0,0,0,0,0.496109546,4.045503593,0.378085991,0
55,254,1,37456.82708,2369380,0,0,0,0,0,0.008333,0,0,0,0,16.0221,3.294248715,4.045503593,0.378085991,0
55,254,1,37456.82708,2369380,3.0939,0,0,0,8.3856,0.79307,0,0,0,0,60.207,8.563989377,4.045503593,0.378085991,0
55,254,1,37456.82708,2369380,0.000688,0,0,0,0,0,0,0,0,0,5.0718,1.753869239,4.045503593,0.378085991,0
55,254,1,37456.82708,2369380,10.309,0,0,849.21,0,0,0,0,0,0,1.70622,2.742428507,4.045503593,0.378085991,0
55,254,1,37456.82708,2369380,0,0,0,0,0,0,0,0,54.794,0,0.278526,1.953939646,4.045503593,0.378085991,0
55,254,1,37456.82708,2369380,0.00021,0,0,0,1.1039,78.459,0,0,0,0,0,2.473634728,4.045503593,0.378085991,0
55,254,1,37456.82708,2369380,1.4385,0,0,0.010558,0,0.79321,0,0,0,0,97.974,5.751441887,4.045503593,0.378085991,0
55,254,1,37456.82708,2369380,0,0,0,0.005769,0.008333,0,0,0,0,0,0.151728,1.480602342,4.045503593,0.378085991,0
55,254,1,37456.82708,2369380,0,0,0.86597,0,0.002868,0,0,0,0,0,0.151728,34.6982593,4.045503593,0.378085991,0
55,254,1,37456.82708,2369380,2.2256,0,0,0,0,1.0657,0,0,0,0,1.17456,8.643285575,4.045503593,0.378085991,0
55,254,1,37456.82708,2369380,50.529,0,0,0,27.763,0,0,0,0,0,0.151728,7.432290306,4.045503593,0.378085991,0
55,254,1,37456.82708,2369380,0,0,0,0,4.2931,0,0,0,0,0,0.286419,6.509873784,4.045503593,0.378085991,28.51219512
55,254,1,37456.82708,2369380,0.050392,0,0,0,0,0,0,0,0,0,1.52439,8.563989377,4.045503593,0.378085991,0
55,254,1,37456.82708,2369380,25.253,0,0,2.8113,0,0,0,0,0,0,198.615,0.506275725,4.045503593,0.378085991,0
55,254,1,37456.82708,2369380,36.159,0,0,7.1031,0,0,0,0,0,0,0.2871,1.611949377,4.045503593,0.378085991,0
55,254,1,37456.82708,2369380,0.010054,0,0,0,0,0,10.349,0,0,0,28.8018,0.677067536,4.045503593,0.378085991,63
55,254,1,37456.82708,2369380,0.00644,0,0,0.008333,0.32888,0,0,0,0,0,0.151728,3.539348854,4.045503593,0.378085991,0
55,254,1,37456.82708,2369380,0.014402,0,0,2.2017,0,0,0,0,0,0,0.151728,7.61406159,4.045503593,0.378085991,0
55,254,1,37456.82708,2369380,19.622,0,0,0,3.1902,0,0,0,0,0,1.42239,38.6168241,4.045503593,0.378085991,0
55,254,1,37456.82708,2369380,0.032537,0,0,0.007697,7.0738,0,0,0,0,0,0.72228,3.933904712,4.045503593,0.378085991,0
55,254,1,37456.82708,2369380,0,0,0,0.013415,0.00524,0,0,0,0,0,0.151728,2.550491043,4.045503593,0.378085991,0
55,254,1,37456.82708,2369380,0,0,0,0.002031,0,0.79321,0,0,0,0,10.6086,0.308645201,4.045503593,0.378085991,0
55,254,1,37456.82708,2369380,0,0,0,8.8181,0,0,0,0,0,0,4.8618,2.742428507,4.045503593,0.378085991,0
55,254,1,37456.82708,2369380,0,0,0,0,0.44929,0.13226,0,0,0,0,0.151728,7.61406159,4.045503593,0.378085991,0
55,254,1,37456.82708,2369380,0,0,0,0.01836,0.008333,0,0,0,0,0,0.280446,0.506275725,4.045503593,0.378085991,0
55,254,1,37456.82708,2369380,0,0,0,0.02647,9.8934,0,0,0,0,0,0.151728,3.539348854,4.045503593,0.378085991,0
55,254,1,37456.82708,2369380,0.001493,0,0,0,0,0,0,0,0,0,9.5499,2.626534064,4.045503593,0.378085991,0
55,254,1,37456.82708,2369380,3.5699,0,0,4.7441,4.5283,0.40336,0,0,0,0,0.151728,6.85281809,4.045503593,0.378085991,0
55,254,1,37456.82708,2369380,0.63883,0,0,0,0,0,0,0,0,0,0,19.16080795,4.045503593,0.378085991,0
55,254,1,37456.82708,2369380,0.032101,0,0,0,0,0.28057,0,0,0,0,0,6.438851272,4.045503593,0.378085991,0
55,254,1,37456.82708,2369380,0,0,0,0.37527,0,0,0,0,0,0,10.6818,6.85281809,4.045503593,0.378085991,0
55,254,1,37456.82708,2369380,0,0,0,0.008333,0,0,0.13028,0,0,0,0,8.153142895,4.045503593,0.378085991,19.46341463
55,254,1,37456.82708,2369380,0,0,0,0.0055919,0,0,0,0,0,0,8.5524,9.094257285,4.045503593,0.378085991,0
55,254,1,37456.82708,2369380,0,0,0,0.008333,0,0,0,0,0,0,14.0655,0.163878809,4.045503593,0.378085991,0
55,254,1,37456.82708,2369380,0.0031025,0,0,2.0984,0,0,0,0,0,0,46.353,1.611949377,4.045503593,0.378085991,0
55,254,1,37456.82708,2369380,0.009261,0,0,0,0.00524,0,0,0,0,0,0,1.912461635,4.045503593,0.378085991,0
55,254,1,37456.82708,2369380,6.87,0,0,0,0,0,0,0,0,0,0,3.370698383,4.045503593,0.378085991,0
55,254,1,37456.82708,2369380,2.1473,0,0.005264,0,0,0.015921,0,0,0,0,2.7027,3.27635624,4.045503593,0.378085991,0
55,254,1,37456.82708,2369380,0,0,0,5.4764,0.16189,0,0,0,0,0,2.96682,1.953939646,4.045503593,0.378085991,0
55,254,1,37456.82708,2369380,0.078253,0,0,0,0,0,0,0,0,0,15.252,57.83043216,4.045503593,0.378085991,0
55,254,1,37456.82708,2369380,0.71246,0,0,0,10.361,0,0,0,0,0,0,20.03672595,4.045503593,0.378085991,0
55,254,1,37456.82708,2369380,0.22048,0,0.00043,3.8138,0.008321,0,132.95,0,0,0,10.4415,0.308645201,4.045503593,0.378085991,0
55,254,1,37456.82708,2369380,7.1711,0,0,0.6175,0,0,0,0,0,0,0.151728,1.600969904,4.045503593,0.378085991,0
55,254,1,37456.82708,2369380,0.44516,0,0,0.041028,0,0,0,0,0,0,0.279585,0.090682319,4.045503593,0.378085991,0
55,254,1,37456.82708,2369380,0,0,0,0,0,0,0,0,0,0,0.151728,3.37110503,4.045503593,0.378085991,44.64634146
55,254,1,37456.82708,2369380,46.059,0,0,0,0,0.79321,0,0,0,0,0.151728,0.496109546,4.045503593,0.378085991,0
55,254,1,37456.82708,2369380,0.008333,0,3.163,0,0,0,0,0,0,0,0.37014,4.044970118,4.045503593,0.378085991,0
55,254,1,37456.82708,2369380,0,0,0,0,0,12.855,0,0,0,0,0.151728,1.953939646,4.045503593,0.378085991,0
55,254,1,37456.82708,2369380,0,0,0,0,0,0,0,0,0,0,0,5.924849251,4.045503593,0.378085991,0
55,254,1,37456.82708,2369380,5.865,0,0,0,0,0,0,0,0,0,0.151728,1.437091095,4.045503593,0.378085991,0
55,254,1,37456.82708,2369380,0.043527,0,0,47.493,0.097858,0,0,0,0,0,0,0.496109546,4.045503593,0.378085991,0
55,254,1,37456.82708,2369380,0,0,0,0.0088426,0.026162,0,0,0,0,0,3.3018,3.294248715,4.045503593,0.378085991,0
55,254,1,37456.82708,2369380,0.003485,0,0,0.22843,0,0,0,0,0,0,0,3.50611189,4.045503593,0.378085991,0
55,254,1,37456.82708,2369380,0.0021738,0,0,0.088496,0.79075,0.004625,30.781,0,0,0,5.2875,1.480602342,4.045503593,0.378085991,0
55,254,1,37456.82708,2369380,0,0,0,0,0,0,0,0,0,0,0,3.66575417,4.045503593,0.378085991,0
55,254,1,37456.82708,2369380,0,0,0,6.4627,0,0,0,0,0,0,0,3.933904712,4.045503593,0.378085991,0
55,254,1,37456.82708,2369380,0.00036,0,0,0,0,0.78092,0,0,0,0,0.92517,3.294248715,4.045503593,0.378085991,0
55,254,1,37456.82708,2369380,10.582,0,0,0,0,0,0,0,0,0,0.37014,2.282103912,4.045503593,0.378085991,0
55,254,1,37456.82708,2369380,0.004143,0,0,0.003821,14.084,0,0,0,0,0,0.151728,20.03672595,4.045503593,0.378085991,0
55,254,1,37456.82708,2369380,0,0,0,23.551,8.0306,0,0,0,0,0,0.151728,19.16080795,4.045503593,0.378085991,0
55,254,1,37456.82708,2369380,2.4135,0,0,0,0.007148,0,0,0,0,0,2.6481,2.626534064,4.045503593,0.378085991,0
55,254,1,37456.82708,2369380,853.14,0,0,0,0.008333,0,5.1885,0,0,0,0,6.85281809,4.045503593,0.378085991,0
55,254,1,37456.82708,2369380,0.053886,0,0,0,5.2863,0,0,0,0,0,0.151728,1.082901411,4.045503593,0.378085991,0
55,254,1,37456.82708,2369380,0.17962,0,0,0,0,0,0,0,0,0,4.1568,5.924849251,4.045503593,0.378085991,0
55,254,1,37456.82708,2369380,0.14827,0,0,8.8181,0.0099455,0,0,0,0,0,0.278694,1.600969904,4.045503593,0.378085991,0
55,254,1,37456.82708,2369380,0,0,0,0,0,0,0,0,0,0,4.5105,2.473634728,4.045503593,0.378085991,0
55,254,1,37456.82708,2369380,0.008333,0,0,0,0,0,0.67845,0,0,0,0,1.953939646,4.045503593,0.378085991,0
55,254,1,37456.82708,2369380,2.5794,0,0,0,0,0,0,0,0,0,11.9625,0.51278208,4.045503593,0.378085991,0
55,254,1,37456.82708,2369380,0.0021738,0,0,0.019748,10.115,0,0,0,0,0,0.151728,0.090682319,4.045503593,0.378085991,0
55,254,1,37456.82708,2369380,0.008335,0,0,0,4.5941,0,12.2,0,0,0,5.5146,4.748825638,4.045503593,0.378085991,0
55,254,1,37456.82708,2369380,0,0,0,0,0,0,0,0,0,0,11.1597,3.370698383,4.045503593,0.378085991,0
55,254,1,37456.82708,2369380,0,0,0,0,0.63967,0,0,0,0,0,28.0509,3.37110503,4.045503593,0.378085991,0
55,254,1,37456.82708,2369380,1.6091,0,0,25.355,0,0,13.456,0,0,0,3.1572,4.044970118,4.045503593,0.378085991,0
55,254,1,37456.82708,2369380,0,0,0,0,0.00524,0.79321,0,0,0,0,0,2.626534064,4.045503593,0.378085991,0
55,254,1,37456.82708,2369380,0,0,0,0,0.053112,0,0,0,0,0,1.47333,1.753869239,4.045503593,0.378085991,0
55,254,1,37456.82708,2369380,0,0,0,0,8.688,0,0,0,0,0,3.9402,1.600969904,4.045503593,0.378085991,0
55,254,1,37456.82708,2369380,0,0,0,0.00524,0.049462,0,52.387,0,0,0,0,4.791523591,4.045503593,0.378085991,0
55,254,1,37456.82708,2369380,0.048638,0,0,0,0,0,0,0,0,0,12.0405,1.437091095,4.045503593,0.378085991,0
55,254,1,37456.82708,2369380,0.001009,0,0,0,0,0,0,0,0,0,0,8.563989377,4.045503593,0.378085991,0
55,254,1,37456.82708,2369380,0,0,0,11.552,0,0.7872,0,0,0,0,0.77829,7.432290306,4.045503593,0.378085991,0
55,254,1,37456.82708,2369380,0,0,0,0.026311,0,0,0,0,0,0,0.278526,34.6982593,4.045503593,0.378085991,0
55,254,1,37456.82708,2369380,0,0,0,0,0,0.77921,0,0,0,0,0.279615,0.163878809,4.045503593,0.378085991,0
55,254,1,37456.82708,2369380,8.6108,0,0,0.0074133,0,0,0.021726,0,88.04,0,0,1.600969904,4.045503593,0.378085991,0
55,254,1,37456.82708,2369380,0,0,2.792,0,10.361,0.0024365,0.93424,0,0,0,1.02366,1.611949377,4.045503593,0.378085991,0
55,254,1,37456.82708,2369380,0.015667,0,220.32,0,0.005239,0.096353,0,0,0,0,0,13.20935554,4.045503593,0.378085991,0
55,254,1,37456.82708,2369380,0,0,0,0.008333,0,0.008335,0,0,0,0,0.271128,2.742428507,4.045503593,0.378085991,30.13414634
55,254,1,37456.82708,2369380,0,0,0,0,0,0.78058,0,0,0,0,0,7.61406159,4.045503593,0.378085991,0
55,254,1,37456.82708,2369380,0,0,0,2.4172,0.0033865,0,0,0,0,0,3.4635,14.97902997,4.045503593,0.378085991,0
55,254,1,37456.82708,2369380,0.019714,0,0,0,0,0.28057,0,0,0,0,0,0.533114438,4.045503593,0.378085991,0
55,254,1,37456.82708,2369380,0,0,0,0,0,0,0,0,0,0,0,13.20935554,4.045503593,0.378085991,0
55,254,1,37456.82708,2369380,0,0,10.101,0,0,0,0,0,0,0,0.293307,4.862686845,4.045503593,0.378085991,0
55,254,1,37456.82708,2369380,0.7554,0,0,0,0,0,0,0,0,0,0,3.933904712,4.045503593,0.378085991,0
55,254,1,37456.82708,2369380,0.013476,0,0,0,0,1.1312,0,0,0,0,0.151728,13.58857149,4.045503593,0.378085991,0
55,254,1,37456.82708,2369380,16.8,0,0,2.8607,0,0,0,0,0,0,28.0509,0.163878809,4.045503593,0.378085991,0
55,254,1,37456.82708,2369380,0.007835,0,0,0,0,0,0,0,0,0,4.8864,2.626534064,4.045503593,0.378085991,0
55,254,1,37456.82708,2369380,0.46343,0,0,0.80704,0.030965,0,0,0,0,0,0.273018,0.308645201,4.045503593,0.378085991,0
55,254,1,37456.82708,2369380,0.008333,0,0,0.005769,0.008333,0,0,0,0,0,0.50493,6.438851272,4.045503593,0.378085991,30.3902439
55,254,1,37456.82708,2369380,0,0,0,0,0.03958,0,0,0,0,0,6.8079,3.66575417,4.045503593,0.378085991,0
55,254,1,37456.82708,2369380,0,0,0,4.6787,0,25.566,0,0,0,0,0.151728,8.643285575,4.045503593,0.378085991,0
55,254,1,37456.82708,2369380,0.00524,0,0,0,0,0,0,0,0,0,4.7865,4.044970118,4.045503593,0.378085991,0
55,254,1,37456.82708,2369380,0.008333,0,0,0,0.24663,0,0,0,0,0,8.8155,1.611949377,4.045503593,0.378085991,0
55,254,1,37456.82708,2369380,0.008333,0,0,0,0.008333,0,0,0,0,0,0,19.71922933,4.045503593,0.378085991,0
55,254,1,37456.82708,2369380,0.013476,0,0,0.017468,0,0,0,0,0,0,2.34429,1.926287639,4.045503593,0.378085991,0
55,254,1,37456.82708,2369380,0,0,0,0,0,0,0,0,0,0,0,1.788434249,4.045503593,0.378085991,55.82926829
55,254,1,37456.82708,2369380,0,0,0,20.576,4.6708,10.661,0,0,0,0,0,1.953939646,4.045503593,0.378085991,0
55,254,1,37456.82708,2369380,0.17903,0,0,0,0,0,0,0,0,0,10.6818,8.563989377,4.045503593,0.378085991,0
55,254,1,37456.82708,2369380,0.008585,0,0,0,0,0,0,0,0,0,12.4689,2.626534064,4.045503593,0.378085991,0
55,254,1,37456.82708,2369380,0.001009,0,0,0,0.076792,0,0,0,0,0,0.27711,0.506275725,4.045503593,0.378085991,0
55,254,1,37456.82708,2369380,0,0,0,0,0.0041885,0,0,0,0,0,0,126.2789109,4.045503593,0.378085991,0
55,254,1,37456.82708,2369380,0.16397,0,0,0.086213,1.6868,0,0,0,0,0,0.151728,1.600969904,4.045503593,0.378085991,0
55,254,1,37456.82708,2369380,0.1789,0,0,13.805,0.005239,0,0,0,0,0,0.271128,1.082901411,4.045503593,0.378085991,0
55,254,1,37456.82708,2369380,0,0,0,0,17.64,0.77921,0,0,0,0,0.151728,502.4295306,4.045503593,0.378085991,0
55,254,1,37456.82708,2369380,0.012154,0,0,7.1341,3.1339,4.0839,0,0,0,0,0.28866,8.563989377,4.045503593,0.378085991,83.14634146
55,254,1,37456.82708,2369380,0,0,0,208.31,0,0,0,0,0,0,0.151728,2.473634728,4.045503593,0.378085991,0
55,254,1,37456.82708,2369380,1.6091,0,0,0,0,0,0,0,0,0,47.328,1.437091095,4.045503593,0.378085991,0
55,254,1,37456.82708,2369380,0.17903,0,0,5.1219,0.00524,0,0,0,0,0,7.2051,3.50611189,4.045503593,0.378085991,0
55,254,1,37456.82708,2369380,0.012671,0,0,0,0,0.7814,5.7969,0,0,0,1.08339,6.438851272,4.045503593,0.378085991,0
55,254,1,37456.82708,2369380,1.385,0,0,0.001677,0,0,0,0,0,0,0.271728,0.090682319,4.045503593,0.378085991,0
55,254,1,37456.82708,2369380,0,0,0,55.04,0,0,0.13028,0,0,0,0.181728,0.496109546,4.045503593,0.378085991,0
55,254,1,37456.82708,2369380,0,0,0,1.2164,0,0,0,0,0,0,0,4.862686845,4.045503593,0.378085991,0
55,254,1,37456.82708,2369380,0,0,0,0.0097027,0,0,0,0,0,0,0,0.506275725,4.045503593,0.378085991,0
55,254,1,37456.82708,2369380,0.00387,0,0,0,0,0,0,0,0,0,0,3.27635624,4.045503593,0.378085991,0
55,254,1,37456.82708,2369380,4.6688,0,0,0,0,0,0,0,0,0,1.17966,126.2789109,4.045503593,0.378085991,0
55,254,1,37456.82708,2369380,0,0,0.0021738,0,0,0,0,0,0,0,0,41.65055169,4.045503593,0.378085991,0
55,254,1,37456.82708,2369380,0,0,0,0.003538,2.5837,0,0,0,0,0,0,96.95287753,4.045503593,0.378085991,0
55,254,1,37456.82708,2369380,0,0,0,849.21,21.064,0,0.059897,0,0,0,0,2.473634728,4.045503593,0.378085991,0
55,254,1,37456.82708,2369380,0.007221,0,0,0.008333,0.88295,0,0,0,0,0,52.569,3.933904712,4.045503593,0.378085991,81.52439024
55,254,1,37456.82708,2369380,1.1984,0,0.000739,0,0.68784,0,0,0,0,0,0.181728,1.611949377,4.045503593,0.378085991,0
55,254,1,37456.82708,2369380,0,0,0,0,0.008333,0,0,0,0,0,0,13.20935554,4.045503593,0.378085991,0
55,254,1,37456.82708,2369380,0.023705,0,0,0,0,0,0,0,0,0,0.151728,3.539348854,4.045503593,0.378085991,0
55,254,1,37456.82708,2369380,0.00524,0,0,0,0,0,0,0,0,0,0,1.458846718,4.045503593,0.378085991,0
55,254,1,37456.82708,2369380,0.000688,0,0,0,1.2208,0,0,0,0,0,19.5987,0.51278208,4.045503593,0.378085991,0
55,254,1,37456.82708,2369380,0.00644,0,0,0.026311,0,0,0,0,0,0,4.4103,1.740043236,4.045503593,0.378085991,0
55,254,1,37456.82708,2369380,0.00824,0,0,0,0,0,0,0,0,0,5.1447,9.094257285,4.045503593,0.378085991,0
55,254,1,37456.82708,2369380,6.8272,0,0,0,0,0,0,0,0,0,4.8507,0.403800639,4.045503593,0.378085991,0
55,254,1,37456.82708,2369380,0.0094528,0,0,0,0,0,0,0,0,0,0.151728,1.740043236,4.045503593,0.378085991,0
55,254,1,37456.82708,2369380,0.01048,0,0,0,3.3777,0,0,0,0,0,17.1858,0.163878809,4.045503593,0.378085991,0
55,254,1,37456.82708,2369380,14.661,0,59.109,0,6.2079,0,0,0,0,0,0,20.03672595,4.045503593,0.378085991,0
55,254,1,37456.82708,2369380,0.009056,0,0,0,0,0,0,0,0,0,0,8.563989377,4.045503593,0.378085991,0
55,254,1,37456.82708,2369380,0,0,0,6.0441,0,0,0,0,0,0,0.151728,4.791523591,4.045503593,0.378085991,0
55,254,1,37456.82708,2369380,0.008333,0,0,0.00524,0.40097,0,0,0,0,0,7.2312,5.721119019,4.045503593,0.378085991,0
55,254,1,37456.82708,2369380,0.000752,0,0,0.0097027,0.008332,0,28.076,0,0,0,18.3318,1.437091095,4.045503593,0.378085991,0
55,254,1,37456.82708,2369380,0,0,0,0.026977,0,0,0,0,0,0,2.76468,7.432290306,4.045503593,0.378085991,0
55,254,1,37456.82708,2369380,4.4514,0,0,0,80.307,0,0,0,0,0,46.353,13.20935554,4.045503593,0.378085991,0
55,254,1,37456.82708,2369380,0.00833,0,0,0,0,0,0,0,0,0,0.151728,4.862686845,4.045503593,0.378085991,0
55,254,1,37456.82708,2369380,0.010364,0,0,0.00524,0,0,0,0,0,0,0.151728,3.50611189,4.045503593,0.378085991,0
55,254,1,37456.82708,2369380,0,0,0,0,0.008333,0,0,0,0,0,1.5003,57.7672295,4.045503593,0.378085991,0
55,254,1,37456.82708,2369380,0.001493,0,0,0,0,0,0,0,0,0,11.1597,107.1285055,4.045503593,0.378085991,0
55,254,1,37456.82708,2369380,0,0,0,0,70.761,0,0,0,0,0,0,5.721119019,4.045503593,0.378085991,0
55,254,1,37456.82708,2369380,0.008321,0,0,0,0,0,0.059897,0,0,0,8.7918,1.753869239,4.045503593,0.378085991,0
55,254,1,37456.82708,2369380,0,0,0,0,0.027174,0,19.544,0,0,0,0,14.97902997,4.045503593,0.378085991,0.426829268
55,254,1,37456.82708,2369380,0,0,0,14.189,0.013573,7.8317,51.57,0,0,0,0,6.438851272,4.045503593,0.378085991,0
55,254,1,37456.82708,2369380,0.023275,0,0,0.0011005,0,0,0,0,0,0,0,5.924849251,4.045503593,0.378085991,0
55,254,1,37456.82708,2369380,0,0,0,0,0,0,0,0,0,0,0.151728,3.370698383,4.045503593,0.378085991,0
55,254,1,37456.82708,2369380,0.018338,0,0,0,0.023106,0,0,0,0,0,87.522,0.677067536,4.045503593,0.378085991,0
55,254,1,37456.82708,2369380,0.023275,0,0,0,0,0,27.706,0,0,0,0.151728,8.563989377,4.045503593,0.378085991,0
55,254,1,37456.82708,2369380,0,0,0,0,0,0,0,0,0,0,10.3692,13.58857149,4.045503593,0.378085991,0
55,254,1,37456.82708,2369380,0.00524,0,0,17.373,5.7051,0,0,0,0,0,0.151728,14.97902997,4.045503593,0.378085991,0
55,254,1,37456.82708,2369380,3.0939,0,0,0.0094528,4.6708,0.79385,0,0,0,0,0,3.66575417,4.045503593,0.378085991,0
55,254,1,37456.82708,2369380,0.0097975,0,0,0,0,0,0,0,0,0,0,1.788434249,4.045503593,0.378085991,0
55,254,1,37456.82708,2369380,0.18244,0,0,0,44.94,0,0,0,0,0,0,1.600969904,4.045503593,0.378085991,0
55,254,1,37456.82708,2369380,0,0,0.42531,45.052,0,0.78754,0,0,0,0,0,2.626534064,4.045503593,0.378085991,0
56,255,1,37486.99771,2371288.482,0.031098,0,0,6.6309,2.0298,0,0,0,0,0,0.151728,1.651413523,4.040923153,0.377657911,0
56,255,1,37486.99771,2371288.482,0,0,0,0,0,0,0,0,0,0,0.151728,6.472102045,4.040923153,0.377657911,0
56,255,1,37486.99771,2371288.482,0,0,0,0,0,0,9.569,0,0,0,10.7733,3.789481443,4.040923153,0.377657911,0
56,255,1,37486.99771,2371288.482,51.143,0,0,0.3794,0,0,0,0,0,0,1.08798,3.789481443,4.040923153,0.377657911,0
56,255,1,37486.99771,2371288.482,0.00043,0,0,0,0,0,0,0,0,0,1.84839,0.219704697,4.040923153,0.377657911,0
56,255,1,37486.99771,2371288.482,4.8879,0,0.09243,10.118,0,0.069446,0,0,0,0,8.6688,0.219704697,4.040923153,0.377657911,0
56,255,1,37486.99771,2371288.482,0.008333,0,0,1.7274,0.060787,0,0,0,0,0,0,0.301225485,4.040923153,0.377657911,0
56,255,1,37486.99771,2371288.482,0,0,0,0,0,0,0,0,0,0,1.57179,0.219704697,4.040923153,0.377657911,0
56,255,1,37486.99771,2371288.482,12.38,0,0,4.3923,0,0,0,0,0,0,3.9018,3.237208988,4.040923153,0.377657911,0
56,255,1,37486.99771,2371288.482,0.017603,0,0,0.007328,0.053112,0,0,0,0,0,0,1.651413523,4.040923153,0.377657911,0
56,255,1,37486.99771,2371288.482,0,0,0,0,0,0,45.746,0,0,0,30.786,0.99739448,4.040923153,0.377657911,0
56,255,1,37486.99771,2371288.482,45.509,0,0,0,0,0.77921,0,0,0,0,0,0.085689464,4.040923153,0.377657911,0
56,255,1,37486.99771,2371288.482,3.6358,0,0,0.005769,6.0919,0,15.593,0,0,0,0,1.035375756,4.040923153,0.377657911,0
56,255,1,37486.99771,2371288.482,0,0,0,0.008333,0.0082165,0.010345,0,0,0,0,4.2768,0.423815456,4.040923153,0.377657911,0
56,255,1,37486.99771,2371288.482,0,0,0,5.0428,0.00524,0,0,0,0,0,0.78999,11.68233493,4.040923153,0.377657911,0
56,255,1,37486.99771,2371288.482,28.979,0,0,4.8779,0.008333,0,0.13028,0,0,0,0,0.219704697,4.040923153,0.377657911,0
56,255,1,37486.99771,2371288.482,0,0,0,0,56.549,0,0,0,0,0,2.06073,0.219704697,4.040923153,0.377657911,0
56,255,1,37486.99771,2371288.482,0.10527,0,0,0,0,0,0.13028,0,0,0,0.151728,1.035375756,4.040923153,0.377657911,60.09756098
56,255,1,37486.99771,2371288.482,49.592,0,0,3.8959,813.22,0,0,0,0,0,0.278703,0.301225485,4.040923153,0.377657911,0
56,255,1,37486.99771,2371288.482,0,0,0,0,0,0,0,0,0,0,10.3692,4.278895437,4.040923153,0.377657911,0
56,255,1,37486.99771,2371288.482,0,0,0,0,0,0,0,0,0,0,0.78174,6.472102045,4.040923153,0.377657911,0
56,255,1,37486.99771,2371288.482,22.323,0,0,0.00833,0.25607,0,0.13028,0,0,0,39.753,1.651413523,4.040923153,0.377657911,0
56,255,1,37486.99771,2371288.482,0,0,0,0.036193,29.422,0,0,0,0,0,11.0184,0.423815456,4.040923153,0.377657911,0
56,255,1,37486.99771,2371288.482,0,0,0,0.018148,0.008332,0,0,0,0,0,0.273357,2.124635517,4.040923153,0.377657911,0
56,255,1,37486.99771,2371288.482,0,0,0.000739,0.01377,0,0,0.10863,0,0,0,0.273366,0.541773565,4.040923153,0.377657911,0
56,255,1,37486.99771,2371288.482,0.008321,0,0,1.5881,0,0,0,0,0,0,47.328,0.99739448,4.040923153,0.377657911,0
56,255,1,37486.99771,2371288.482,1.0702,0,0,0,0.001267,0,0,0,0,0,0.151728,13.06734301,4.040923153,0.377657911,0
56,255,1,37486.99771,2371288.482,0.001326,0,0,0.1455,0,0,0,0,0,0,0.34593,0.541773565,4.040923153,0.377657911,0
56,255,1,37486.99771,2371288.482,0.002598,0,0,0,0,0.38161,0,0,0,0,0.268926,15.12102526,4.040923153,0.377657911,0
56,255,1,37486.99771,2371288.482,0,0,0,5.0428,0.00524,0,0.021726,0,0,0,15.0003,11.33524931,4.040923153,0.377657911,0
56,255,1,37486.99771,2371288.482,0.12208,0,0,0,0.0057595,0,0,0,0,0,0.151728,0.541773565,4.040923153,0.377657911,0
56,255,1,37486.99771,2371288.482,0.0045845,0,0,0,0.00036,0,0,0,0,0,0.273366,11.33524931,4.040923153,0.377657911,0
56,255,1,37486.99771,2371288.482,0.014402,0,0,0,0.021909,1.6459,0,0,0,0,2.3544,15.12102526,4.040923153,0.377657911,0
56,255,1,37486.99771,2371288.482,0,0,0,0,0.007102,0.047442,0,0,0,0,0.54798,1.035375756,4.040923153,0.377657911,0
56,255,1,37486.99771,2371288.482,0.00644,0,0,0,0.074576,0,0,0,0,0,0,2.124635517,4.040923153,0.377657911,0
56,255,1,37486.99771,2371288.482,0,0,0,0.010479,0,0,0,0,0,0,14.3958,0.99739448,4.040923153,0.377657911,0
56,255,1,37486.99771,2371288.482,0.003295,0,0,0,0,0,0,0,0,0,10.2414,2.124635517,4.040923153,0.377657911,0
56,255,1,37486.99771,2371288.482,0,0,0,0,0,0,0,0,0,0,1.03647,25.71929039,4.040923153,0.377657911,0
56,255,1,37486.99771,2371288.482,0,0,0,0.008333,0,16.163,0,0,0,0,10.7733,3.789481443,4.040923153,0.377657911,0
56,255,1,37486.99771,2371288.482,0.007221,0,0,0,0,1.1965,0,0,0,0,0.48174,0.423815456,4.040923153,0.377657911,0
56,255,1,37486.99771,2371288.482,0,0,0,0,246.96,0,27.295,0,0,0,123.993,1.035375756,4.040923153,0.377657911,0
56,255,1,37486.99771,2371288.482,0.008333,0,0,0,0.008333,0,0.88059,0,0,0,25.56,0.423815456,4.040923153,0.377657911,0
56,255,1,37486.99771,2371288.482,1.1394,0,0.001669,13.805,0.12099,0,0,0,0,0,12.8454,0.301225485,4.040923153,0.377657911,0
56,255,1,37486.99771,2371288.482,0.053886,0,0,2.4911,0,0,0,0,0,0,60.207,0.541773565,4.040923153,0.377657911,0
56,255,1,37486.99771,2371288.482,0.051828,0,0,0.65046,2.1344,0,0,0,0,0,4.8687,15.12102526,4.040923153,0.377657911,0
56,255,1,37486.99771,2371288.482,0.011569,0,0,0,20.653,0,0.13028,0,0,0,0.92517,2.474804353,4.040923153,0.377657911,0
56,255,1,37486.99771,2371288.482,0.017603,0,0,56.999,0,0,0,0,0,0,1.86174,0.219704697,4.040923153,0.377657911,0
56,255,1,37486.99771,2371288.482,0,0,0,0,0.00524,0,0,0,0,0,0.151728,6.472102045,4.040923153,0.377657911,0
56,255,1,37486.99771,2371288.482,0.23451,0,0,0.009056,0,0,44.799,0,0,0,0,1.651413523,4.040923153,0.377657911,0
56,255,1,37486.99771,2371288.482,0.015764,0,0,2.6593,0,0,0,0,0,0,0.151728,0.301225485,4.040923153,0.377657911,0
56,255,1,37486.99771,2371288.482,0,0,0,0,0,0,0,0,0,0,0,3.789481443,4.040923153,0.377657911,0
56,255,1,37486.99771,2371288.482,0.010122,0,0,0,0.014581,0,0,0,0,0,30.885,0.301225485,4.040923153,0.377657911,0
56,255,1,37486.99771,2371288.482,109.34,0,0,0.01254,0.18217,0,0.13028,0,0,0,0,1.651413523,4.040923153,0.377657911,0
56,255,1,37486.99771,2371288.482,0.040702,0,0,0,0,0,0,0,0,0,8.6688,11.33524931,4.040923153,0.377657911,0
56,255,1,37486.99771,2371288.482,0,0,0,0,0.14172,0,0,0,0,0,0.151728,3.789481443,4.040923153,0.377657911,85.2804878
56,255,1,37486.99771,2371288.482,0.19126,0,5.3593,11.325,15.439,0,7.0485,0,0,0,0.151728,1.651413523,4.040923153,0.377657911,0
56,255,1,37486.99771,2371288.482,0.25336,0,0,0,0,0,0,0,0,0,0,0.219704697,4.040923153,0.377657911,0
56,255,1,37486.99771,2371288.482,0.002784,0,0,0.27312,211.21,0,0,1.6156,0,0,2.01174,10.04744876,4.040923153,0.377657911,0
56,255,1,37486.99771,2371288.482,0,0,0,0,0.24663,1.4857,0,0,0,0,2.94174,0.301225485,4.040923153,0.377657911,0
56,255,1,37486.99771,2371288.482,0,0,0,0,0,0,0.13028,0,0,0,2.3544,11.33524931,4.040923153,0.377657911,0
56,255,1,37486.99771,2371288.482,0,0,0,0,0.024251,2.4302,0,0,0,0,4.1406,11.33524931,4.040923153,0.377657911,0
56,255,1,37486.99771,2371288.482,0,0,0,0.0074133,0,0.047442,0,0,0,0,2.13174,0.085689464,4.040923153,0.377657911,0
56,255,1,37486.99771,2371288.482,0.008585,0,0,0,0.007697,0,0,0,0,0,0.151728,0.085689464,4.040923153,0.377657911,0
56,255,1,37486.99771,2371288.482,4.1811,0,0,0.0027505,0.14993,0,0,0,0,0,0,4.278895437,4.040923153,0.377657911,0
56,255,1,37486.99771,2371288.482,0.17962,0,0,0.030237,26.765,0,0.13028,0,0,0,2.6931,13.06734301,4.040923153,0.377657911,0
56,255,1,37486.99771,2371288.482,0.010963,0,834.92,0,0,12.13,15.202,0,0,0,87.522,0.541773565,4.040923153,0.377657911,0
56,255,1,37486.99771,2371288.482,7.8157,0,0,0,4.4409,0,0,0,0,0,0.151728,3.237208988,4.040923153,0.377657911,0
56,255,1,37486.99771,2371288.482,1.366,0,0,9.5845,0.011841,0,0,0,0,0,1.31526,0.219704697,4.040923153,0.377657911,0
56,255,1,37486.99771,2371288.482,0,0,0,0,0,0,0,0,0,0,8.6688,1.035375756,4.040923153,0.377657911,0
56,255,1,37486.99771,2371288.482,0.008332,0,0,0.42984,0,0,0,0,0,0,0.151728,2.474804353,4.040923153,0.377657911,0
56,255,1,37486.99771,2371288.482,0,0,0,0,0,0,0,0,0,0,0,0.219704697,4.040923153,0.377657911,0
56,255,1,37486.99771,2371288.482,0,0,0,0.0060235,0,0,0,0,0,0,17.2929,143.9831763,4.040923153,0.377657911,0
56,255,1,37486.99771,2371288.482,0.013575,0,0,13.409,0,0.0016135,0,0,0,0,0.57,15.12102526,4.040923153,0.377657911,0
56,255,1,37486.99771,2371288.482,0.19126,0,0.3747,0.0306,44.94,0,0,0,0,0,0,11.68233493,4.040923153,0.377657911,0
56,255,1,37486.99771,2371288.482,0,0,0,0.00833,0,0,0,0,0.31429,0,0.151728,3.789481443,4.040923153,0.377657911,0
56,255,1,37486.99771,2371288.482,0,0,0,0,0,0,0,11.835,0,0,0,0.423815456,4.040923153,0.377657911,0
56,255,1,37486.99771,2371288.482,0,0,0,1.8616,0,0.28057,0,0,0,0,0.151728,0.423815456,4.040923153,0.377657911,0
56,255,1,37486.99771,2371288.482,0,0,0,73.41,0,0,0,0,0,0,0,6.472102045,4.040923153,0.377657911,0
56,255,1,37486.99771,2371288.482,0,0,0,0,0,0,0,0,0,0,5.1444,0.99739448,4.040923153,0.377657911,0
56,255,1,37486.99771,2371288.482,0,0,0,0,0.010107,0,0,0,0,0,0,2.474804353,4.040923153,0.377657911,0
56,255,1,37486.99771,2371288.482,0.0059107,0,0,10.612,0.44929,0,0,0,0,0,0,2.124635517,4.040923153,0.377657911,64.19512195
56,255,1,37486.99771,2371288.482,0.51774,0,4.0368,1.231,0,0.39637,0,0,0,0,2.6481,11.33524931,4.040923153,0.377657911,0
56,255,1,37486.99771,2371288.482,0,0,0,0,0.000063,0,0,0,0,0,0.34593,2.124635517,4.040923153,0.377657911,0
56,255,1,37486.99771,2371288.482,0.006702,0,0,1.2164,0.008333,0,0,0,0,0,1.09155,1.035375756,4.040923153,0.377657911,0
56,255,1,37486.99771,2371288.482,4.8879,0,0,0.008333,0,0,0,0,0,0,0.151728,1.651413523,4.040923153,0.377657911,0
56,255,1,37486.99771,2371288.482,0.018322,0,0,0,10.361,1.5329,0,0,0,0,2.6931,11.33524931,4.040923153,0.377657911,0
56,255,1,37486.99771,2371288.482,0.0068531,0,0,0.00524,0,0,0,0,0,0,0,0.423815456,4.040923153,0.377657911,0
56,255,1,37486.99771,2371288.482,0,0,0,0.008333,0,0,0,0,0,0,0,6.472102045,4.040923153,0.377657911,0
56,255,1,37486.99771,2371288.482,0,0,0,0.00524,0.013973,0,0,0,0,0,0.31755,0.301225485,4.040923153,0.377657911,0
56,255,1,37486.99771,2371288.482,0,0,0,0,0.006456,0,0,0,0.38916,0,0,6.472102045,4.040923153,0.377657911,0
56,255,1,37486.99771,2371288.482,0,0,0,0.01048,0.008333,0,0,0,0,0,0.151728,0.085689464,4.040923153,0.377657911,0
56,255,1,37486.99771,2371288.482,0,0,0,0.01048,0.05414,0,0.42744,0,0,0,0.275769,1.035375756,4.040923153,0.377657911,0
56,255,1,37486.99771,2371288.482,0.010963,0,0.000688,1.8616,0,0.008335,0,0,0,0,0,0.541773565,4.040923153,0.377657911,0
56,255,1,37486.99771,2371288.482,0.001436,0,0,0,0.00524,0,0,0,0,0,0.181728,0.541773565,4.040923153,0.377657911,0
56,255,1,37486.99771,2371288.482,0,0,0,0,0,0,0,0,0,0,0.151728,0.99739448,4.040923153,0.377657911,0
56,255,1,37486.99771,2371288.482,0,0,0,0,0,0,0,0,0,0,0,13.06734301,4.040923153,0.377657911,0
56,255,1,37486.99771,2371288.482,0,0,0,0,14.692,0,0,0,0,0,0,1.651413523,4.040923153,0.377657911,0
56,255,1,37486.99771,2371288.482,0,0,0,0,0,0,0.67053,0,0,0,0.286419,0.085689464,4.040923153,0.377657911,0
56,255,1,37486.99771,2371288.482,6.0303,0,0,0,0,0,0,0,0,0,1.67382,22.79016382,4.040923153,0.377657911,0
56,255,1,37486.99771,2371288.482,0,0,0,0,0,0,28.735,0,0,0,0.151728,3.237208988,4.040923153,0.377657911,0
56,255,1,37486.99771,2371288.482,1.2774,0,0,0,0,0,0,0,0,0,0.151728,22.79016382,4.040923153,0.377657911,0
56,255,1,37486.99771,2371288.482,0.007221,0,0,0,0,0,203.53,0,0,0,6.102,11.33524931,4.040923153,0.377657911,0
56,255,1,37486.99771,2371288.482,0.013408,0,0,0,0.008321,0.39637,0,0,0,0,0,0.219704697,4.040923153,0.377657911,0
56,255,1,37486.99771,2371288.482,0,0,0,7.1031,0,0,0,0,0,0,25.56,0.423815456,4.040923153,0.377657911,0
56,255,1,37486.99771,2371288.482,0.00644,0,0,0,3.3777,0,0,0,0,0,1.42239,13.06734301,4.040923153,0.377657911,0
56,255,1,37486.99771,2371288.482,0,0,0.25792,0.010479,0,0,0,0,0,0,0.151728,1.035375756,4.040923153,0.377657911,0
56,255,1,37486.99771,2371288.482,0,0,0,0,0.49136,0.79321,25.393,0,0,0,0,3.789481443,4.040923153,0.377657911,0
56,255,1,37486.99771,2371288.482,0.10994,0,0,0,5.6507,0,0,0,0,0,28.8018,0.085689464,4.040923153,0.377657911,0
56,255,1,37486.99771,2371288.482,0,0,0,0.073717,0,0,0,0,0,0,0.151728,2.474804353,4.040923153,0.377657911,0
56,255,1,37486.99771,2371288.482,0.005239,0,0,0.00524,0,0,0,0,0,0,0.151728,143.9831763,4.040923153,0.377657911,0
56,255,1,37486.99771,2371288.482,0,0,0,0,0,0,0,0,0,0,0,2.124635517,4.040923153,0.377657911,0
56,255,1,37486.99771,2371288.482,0.011203,0,0,0,0.65463,0,0,0,0,0,0.151728,0.301225485,4.040923153,0.377657911,0
56,255,1,37486.99771,2371288.482,0,0,0,0.030631,0,0,0.002308,0,0,0,0.151728,6.472102045,4.040923153,0.377657911,0
56,255,1,37486.99771,2371288.482,0.047912,0,0,0,0.009767,0,0,0,0,0,0.37014,6.495762651,4.040923153,0.377657911,0
56,255,1,37486.99771,2371288.482,253.52,0,0,0.038288,0,0,0,0,0,0,0.151728,0.301225485,4.040923153,0.377657911,0
56,255,1,37486.99771,2371288.482,0,0,0,0.008333,0,0,0,0,0,0,0,0.541773565,4.040923153,0.377657911,0
56,255,1,37486.99771,2371288.482,0,0,0,0,0,0,0.59876,0,0,0,2.64756,0.219704697,4.040923153,0.377657911,0
56,255,1,37486.99771,2371288.482,3.3665,0,0,0,0,0,0,0,0,0,53.889,0.541773565,4.040923153,0.377657911,0
56,255,1,37486.99771,2371288.482,0,0,0,0,0.67362,0,0,0,0,0,0,3.789481443,4.040923153,0.377657911,0
56,255,1,37486.99771,2371288.482,0.0088108,0,6.7823,0,58.159,0,0,0,0,0,0,11.33524931,4.040923153,0.377657911,0
56,255,1,37486.99771,2371288.482,0,0,1.1811,0,0,0,0,0,0,0,0,39.57625232,4.040923153,0.377657911,0
56,255,1,37486.99771,2371288.482,0,0,0,0,0,0,0,0,0,0,0.151728,11.33524931,4.040923153,0.377657911,0
56,255,1,37486.99771,2371288.482,0.015333,0,0,0,0,0,0,0,0,0,0,1.035375756,4.040923153,0.377657911,0
56,255,1,37486.99771,2371288.482,0.002382,0,0,0,0.008333,0,0.13028,0,0,0,15.252,3.237208988,4.040923153,0.377657911,0
56,255,1,37486.99771,2371288.482,8.933,0,0,9.5845,0,0,0,0,0,0,0.151728,2.474804353,4.040923153,0.377657911,0
56,255,1,37486.99771,2371288.482,2.4135,0,0,0,0.00524,0,0,0,0,0,0,2.474804353,4.040923153,0.377657911,0
56,255,1,37486.99771,2371288.482,0,0,0,0.33642,0.021907,0,45.746,0,0,0,1.62018,0.541773565,4.040923153,0.377657911,0
56,255,1,37486.99771,2371288.482,0.008333,0,0,0,0,0,0,0,0,0,0.36174,0.541773565,4.040923153,0.377657911,0
56,255,1,37486.99771,2371288.482,0,0,0,0,0,0,0,0,0,0,0.279585,1.035375756,4.040923153,0.377657911,0
56,255,1,37486.99771,2371288.482,1.3203,0,0,31.038,0,0,0,0,0,0,37.836,2.124635517,4.040923153,0.377657911,0
56,255,1,37486.99771,2371288.482,0.008335,0,0,0.007251,0,0,0,0,0,0,1.88184,0.085689464,4.040923153,0.377657911,0
56,255,1,37486.99771,2371288.482,0,0,0,0,0,0,4.3529,0,0,0,0,1.035375756,4.040923153,0.377657911,67.52439024
56,255,1,37486.99771,2371288.482,0,0,0,0.003346,0.010479,0,0,0,0,0,0.44541,11.33524931,4.040923153,0.377657911,71.62195122
56,255,1,37486.99771,2371288.482,0,0,0,0,0.18217,0,0,0,0,0,19.7118,0.423815456,4.040923153,0.377657911,0
56,255,1,37486.99771,2371288.482,46.878,0,0,0.003346,0,0,0,0,0,0,1.26477,0.219704697,4.040923153,0.377657911,0
56,255,1,37486.99771,2371288.482,0,0,0,0,0,0,0,0,0,0,1.57404,1.035375756,4.040923153,0.377657911,0
56,255,1,37486.99771,2371288.482,0.008333,0,0,0.01391,0.000063,0,0.002308,0,0,0,11.7102,0.219704697,4.040923153,0.377657911,0
56,255,1,37486.99771,2371288.482,0,0,0,0,0.23723,0,0.74966,0,0,0,0.151728,1.035375756,4.040923153,0.377657911,0
56,255,1,37486.99771,2371288.482,0,0,0,0,0,1.5684,0,0,0,0,0,11.33524931,4.040923153,0.377657911,0
56,255,1,37486.99771,2371288.482,1.6744,0,0,4.4534,850.39,0,0,0,0,0,2.41287,0.219704697,4.040923153,0.377657911,0
56,255,1,37486.99771,2371288.482,0.17962,0,0,0,0.00036,0,0,0,0,0,1.62018,0.99739448,4.040923153,0.377657911,0
56,255,1,37486.99771,2371288.482,0.003822,0,0,0.007697,0,0,0,0,0,0,0.275769,2.007567612,4.040923153,0.377657911,0
56,255,1,37486.99771,2371288.482,0.008333,0,0.016815,0,0,0,0,0,0,0,7.2111,2.474804353,4.040923153,0.377657911,0
56,255,1,37486.99771,2371288.482,0.0045845,0,0,0.010165,0,1.5684,0,0,0,0,19.7118,2.007567612,4.040923153,0.377657911,0
56,255,1,37486.99771,2371288.482,25.205,0,0,0.47974,0,0,0,0,0,0,0.151728,2.474804353,4.040923153,0.377657911,0
56,255,1,37486.99771,2371288.482,55.389,0,0,0,0,0,0,0,0,0,0,11.33524931,4.040923153,0.377657911,0
56,255,1,37486.99771,2371288.482,0.98086,0,0,0,0.0041885,0,0,0,0,0,5.2875,0.219704697,4.040923153,0.377657911,0
56,255,1,37486.99771,2371288.482,1.5202,0,0,0,0,7.2949,0,0,0,0,0.151728,2.474804353,4.040923153,0.377657911,0
56,255,1,37486.99771,2371288.482,0,0,0,0,0,0,0,0,0,0,7.6818,1.651413523,4.040923153,0.377657911,0
56,255,1,37486.99771,2371288.482,0,0,0,0.008335,0.008333,0.77921,0,0,0,0,0,2.474804353,4.040923153,0.377657911,0
56,255,1,37486.99771,2371288.482,0.18449,0,0,0.73108,0.008333,0.17478,0,0,0,0,0,0.085689464,4.040923153,0.377657911,47.8902439
56,255,1,37486.99771,2371288.482,1.6091,0,0,2.6259,0.0059348,0,0,0,0,0,42.996,1.035375756,4.040923153,0.377657911,0
56,255,1,37486.99771,2371288.482,5.0534,0,0,0,0,0,0,0,0,0,7.2312,3.237208988,4.040923153,0.377657911,0
56,255,1,37486.99771,2371288.482,253.52,0,0,0,0.0062716,0,0,0,0,0,0.151728,0.99739448,4.040923153,0.377657911,0
56,255,1,37486.99771,2371288.482,0.0068531,0,0,4.5651,0.10502,0.82806,0,0,0,0,3.6159,0.219704697,4.040923153,0.377657911,0
56,255,1,37486.99771,2371288.482,4.282,0,0,0,0,0,0,0,0,0,12.3399,3.237208988,4.040923153,0.377657911,55.82926829
56,255,1,37486.99771,2371288.482,0.008335,0,0,0,0.0088426,0,0,0,0,0,0,1.035375756,4.040923153,0.377657911,0
56,255,1,37486.99771,2371288.482,0.001267,0,0,0.23606,0,0,0,0,0,0,0.151728,6.495762651,4.040923153,0.377657911,0
56,255,1,37486.99771,2371288.482,0.007102,0,0,0.68671,0,0,0,0,0,0,2.94174,2.474804353,4.040923153,0.377657911,0
56,255,1,37486.99771,2371288.482,0.0097027,0,0,0,0.014941,0,0,0,0,0,0.151728,0.99739448,4.040923153,0.377657911,0
56,255,1,37486.99771,2371288.482,0.002031,0,0,0,0,0,0,0,0,0,0,15.12102526,4.040923153,0.377657911,0
56,255,1,37486.99771,2371288.482,0.00524,0,0,0,0,0,0.60778,0,0,0,8.5434,0.99739448,4.040923153,0.377657911,0
56,255,1,37486.99771,2371288.482,0.008333,0,0,0,0,0,0,0,0,0,18.5811,1.035375756,4.040923153,0.377657911,0
56,255,1,37486.99771,2371288.482,0.0094528,0,0,0,2.1767,0,0,0,0,0,37.836,4.278895437,4.040923153,0.377657911,0
56,255,1,37486.99771,2371288.482,0.000688,0,0,0,0,0.77921,0,0,0,0,0,1.651413523,4.040923153,0.377657911,0
56,255,1,37486.99771,2371288.482,0.00524,0,0,0.000739,0.13896,0,0,0,0,0,123.993,22.79016382,4.040923153,0.377657911,0
56,255,1,37486.99771,2371288.482,0.075337,0,0,0.000739,5.9309,0,0,0,0,0,0,2.124635517,4.040923153,0.377657911,0
56,255,1,37486.99771,2371288.482,0,0,0,0,0,0,0.67053,0.029364,0,0,0,11.33524931,4.040923153,0.377657911,0
56,255,1,37486.99771,2371288.482,2.2256,0,0.032093,0,0.003346,0,19.664,0,0,0,0,0.301225485,4.040923153,0.377657911,0
56,255,1,37486.99771,2371288.482,0.026942,0,0,0.021906,0.008333,0,0,0,0,0,2.39772,3.237208988,4.040923153,0.377657911,0
56,255,1,37486.99771,2371288.482,0.001434,0,0,0,0,3.1357,0,0,0,0,0,143.9831763,4.040923153,0.377657911,0
56,255,1,37486.99771,2371288.482,0.11399,0,0,0,9.3772,0,0,0,0,0,0.151728,2.124635517,4.040923153,0.377657911,0
56,255,1,37486.99771,2371288.482,0,0,1.4218,2.6593,0,0,0,0,0,0,2.64756,11.68233493,4.040923153,0.377657911,0
56,255,1,37486.99771,2371288.482,0,0,0,0.000688,0.00524,0,0,0,0,0,0.151728,1.035375756,4.040923153,0.377657911,0
56,255,1,37486.99771,2371288.482,2.8708,0,0,0.48282,0.00328,2.5002,0,0,0,0,0,6.472102045,4.040923153,0.377657911,0
56,255,1,37486.99771,2371288.482,0,0,0,7.5633,0,0,0,0,0,0,0,13.06734301,4.040923153,0.377657911,0
56,255,1,37486.99771,2371288.482,0,0,0,8.1583,0,0,54.329,0,0,0,0,2.474804353,4.040923153,0.377657911,0
56,255,1,37486.99771,2371288.482,0,0,0,0,0.25607,0,0,0,0,0,4.4103,2.124635517,4.040923153,0.377657911,0
56,255,1,37486.99771,2371288.482,0.7988,0,0,0,0,1.5329,0.13028,0,0,0,0.34593,0.99739448,4.040923153,0.377657911,0
56,255,1,37486.99771,2371288.482,0.012154,0,0,0,0.002492,0,0.13028,0,0,0,0.279822,2.474804353,4.040923153,0.377657911,0
56,255,1,37486.99771,2371288.482,63.495,0,0,0,0,2.3282,0.13028,0,0,0,0.151728,1.651413523,4.040923153,0.377657911,0
56,255,1,37486.99771,2371288.482,0,0,0,0.026977,70.761,0,0,0,0,0,0,0.301225485,4.040923153,0.377657911,0
56,255,1,37486.99771,2371288.482,0.008321,0,0,0,0,0,10.349,0,0,0,0,2.474804353,4.040923153,0.377657911,24.07317073
56,255,1,37486.99771,2371288.482,0,0,0,0,0,0,0,0,0,0,3.2364,0.301225485,4.040923153,0.377657911,0
56,255,1,37486.99771,2371288.482,0,0,0,0,0.00524,0,0,0,0,0,0.181728,2.474804353,4.040923153,0.377657911,0
56,255,1,37486.99771,2371288.482,0.061886,0,0,0,0.005395,0,0,0,0,0,0.151728,0.085689464,4.040923153,0.377657911,0
56,255,1,37486.99771,2371288.482,0.17903,0,0,0,0,0,0,0,0,0,0,2.474804353,4.040923153,0.377657911,0
56,255,1,37486.99771,2371288.482,0,0,0,0,0,0,0,0,0,0,27.5562,3.789481443,4.040923153,0.377657911,0
56,255,1,37486.99771,2371288.482,0.63883,0,0,0,0,8.0819,0,0,0,0,3.3057,0.99739448,4.040923153,0.377657911,0
56,255,1,37486.99771,2371288.482,0,0,0,0,0.00524,0,0,0,0,0,4.0518,3.789481443,4.040923153,0.377657911,0
56,255,1,37486.99771,2371288.482,0.008333,0,0,70.359,0,0,0,0,0,0,39.753,22.79016382,4.040923153,0.377657911,0
57,256,4.43,37560.89189,2375962.754,0.045123,0,0,0.58718,14.269,0,0,0,0,0,0,0,4.040648085,0.377632204,0
57,256,4.43,37560.89189,2375962.754,0.001267,0,0,0.020093,0.001493,0,0,0,0,0,10.9077,0,4.040648085,0.377632204,0
57,256,4.43,37560.89189,2375962.754,0.39409,0,0,0,24.77,0.011,0.13028,0,0,0,0.78999,0,4.040648085,0.377632204,0
57,256,4.43,37560.89189,2375962.754,0.007697,0,0,0.008333,4.6346,0,0,0,0,0,0,0,4.040648085,0.377632204,0
57,256,4.43,37560.89189,2375962.754,0.67038,0,0,0,0,0,0.13028,0,0,0,0.67983,0,4.040648085,0.377632204,0
57,256,4.43,37560.89189,2375962.754,0.01048,0,0,0,0,20.64,0,0,0,0,0,0,4.040648085,0.377632204,0
57,256,4.43,37560.89189,2375962.754,0.2494,0,0,44.381,0,0,0,0,0,0,0,0,4.040648085,0.377632204,0
57,256,4.43,37560.89189,2375962.754,1.6989,0,0,0.22391,0,0,0,0,0,0,1.19187,0,4.040648085,0.377632204,0
57,256,4.43,37560.89189,2375962.754,0,0,0,0.27563,0,0.011,0,0,0.89075,0,0.151728,0,4.040648085,0.377632204,0
57,256,4.43,37560.89189,2375962.754,0.19126,0,0,0,0,0,30.99,0,0,0,0.34434,0,4.040648085,0.377632204,0
57,256,4.43,37560.89189,2375962.754,1.6091,0,0,17.373,0,0,0.13028,1.2224,0,0,0.151728,0,4.040648085,0.377632204,0
57,256,4.43,37560.89189,2375962.754,0,0,0,0.030964,0,0.10003,0,0,0,0,0.151728,0,4.040648085,0.377632204,0
57,256,4.43,37560.89189,2375962.754,0.0068531,0,0.005988,0,0,0.077537,0,0,0,0,1.72038,0,4.040648085,0.377632204,0
57,256,4.43,37560.89189,2375962.754,0.008333,0,0,0,0.008333,0,0,0,0,0,5.4765,0,4.040648085,0.377632204,0
57,256,4.43,37560.89189,2375962.754,4.6688,0,0,0,0.008335,0,0,0,0,0,0.151728,0,4.040648085,0.377632204,49.68292683
57,256,4.43,37560.89189,2375962.754,0.001478,0,0,0.051994,0,0,0,0,0,0,0,0,4.040648085,0.377632204,0
57,256,4.43,37560.89189,2375962.754,0,0,0,0,0,0,0,0,0,0,0.151728,0,4.040648085,0.377632204,0
57,256,4.43,37560.89189,2375962.754,0.019714,0,0,6.9518,0.19458,0,0,0,0,0,0,0,4.040648085,0.377632204,0
57,256,4.43,37560.89189,2375962.754,0.070781,0,0,0.0021738,0.00833,0.77806,0,0,0,0,4.6839,0,4.040648085,0.377632204,0
57,256,4.43,37560.89189,2375962.754,0.013404,0,0,0.008333,0.0014495,0,0,0,0,0,0.151728,0,4.040648085,0.377632204,0
57,256,4.43,37560.89189,2375962.754,0.012568,0,0,0,0,2.5906,0,0,0,0,11.7102,0,4.040648085,0.377632204,0
57,256,4.43,37560.89189,2375962.754,0,0,0,0,0.000063,0,0,0,0,0,0.151728,0,4.040648085,0.377632204,0
57,256,4.43,37560.89189,2375962.754,6.0739,0,0,0,2.439,0,0,0,0,0,0.151728,0,4.040648085,0.377632204,0
57,256,4.43,37560.89189,2375962.754,0.031098,0,0,0,0,0,0.74966,0,0,0,0.151728,0,4.040648085,0.377632204,0
57,256,4.43,37560.89189,2375962.754,0,0,0,0,0,0,0,0,0,0,0.35643,0,4.040648085,0.377632204,0
57,256,4.43,37560.89189,2375962.754,57.072,0,0.00524,0,0,0,0,0,0,0,0.151728,0,4.040648085,0.377632204,0
57,256,4.43,37560.89189,2375962.754,0,0,0,0,0,0,0,0,0,0,2.10972,0,4.040648085,0.377632204,0
57,256,4.43,37560.89189,2375962.754,2.5794,0,0,0,1.8824,0,0,0,0,0,0,0,4.040648085,0.377632204,0
57,256,4.43,37560.89189,2375962.754,0.0088426,0,0,0,0.00524,0,0,0,0,0,0,0,4.040648085,0.377632204,0
57,256,4.43,37560.89189,2375962.754,0.014662,0,0,0,0,0,0,0,0,0,3.2364,0,4.040648085,0.377632204,0
57,256,4.43,37560.89189,2375962.754,0,0,0,0,0,0,0,0,0,0,0.151728,0,4.040648085,0.377632204,0
57,256,4.43,37560.89189,2375962.754,7.9784,0,0,2.7689,0,0,0,0,0,0,0,0,4.040648085,0.377632204,0
57,256,4.43,37560.89189,2375962.754,0,0,0,0,0.00524,0,0,0,0,0,8.8155,0,4.040648085,0.377632204,0
57,256,4.43,37560.89189,2375962.754,6.4349,0,0,0.008333,0,0.008332,0,0,0,0,0,0,4.040648085,0.377632204,77.93902439
57,256,4.43,37560.89189,2375962.754,0.009056,0,0,0.006456,0.63967,0,0,0,0,0,3.9402,0,4.040648085,0.377632204,0
57,256,4.43,37560.89189,2375962.754,0,0,0,0,27.763,0.79321,0,0,0,0,8.3718,0,4.040648085,0.377632204,0
57,256,4.43,37560.89189,2375962.754,0.034133,0,0,0.011406,0.65463,0,0,0,0,0,0,0,4.040648085,0.377632204,0
57,256,4.43,37560.89189,2375962.754,0.00524,0,0,0,0,0,0,0,0,0,0.241728,0,4.040648085,0.377632204,0
57,256,4.43,37560.89189,2375962.754,0.17962,0,0,0,0.011526,0.76551,0.13028,0,0,0,7.3638,0,4.040648085,0.377632204,0
57,256,4.43,37560.89189,2375962.754,0.0068531,0,0,0,0,775.66,0,0,0,0,0,0,4.040648085,0.377632204,0
57,256,4.43,37560.89189,2375962.754,0,0,0,0.014043,0,0,0,0,0,0,0,0,4.040648085,0.377632204,0
57,256,4.43,37560.89189,2375962.754,3.7455,0,0,0,0,0.49503,0,0,0,0,15.3204,0,4.040648085,0.377632204,33.46341463
57,256,4.43,37560.89189,2375962.754,0,0,0,0,0,0,0,0,0,0,5.0757,0,4.040648085,0.377632204,0
57,256,4.43,37560.89189,2375962.754,0.008333,0,0,123.21,0,0,0,0,0,0,0.151728,0,4.040648085,0.377632204,0
57,256,4.43,37560.89189,2375962.754,0.00524,0,0,0,3.9118,0,0.13028,0,0,0,2.06073,0,4.040648085,0.377632204,0
57,256,4.43,37560.89189,2375962.754,0,0,0,0,3.6586,0,0,0,0,0,0.151728,0,4.040648085,0.377632204,0
57,256,4.43,37560.89189,2375962.754,0,0,0,0,0.003538,0.89381,0,0,0,0,5.1444,0,4.040648085,0.377632204,0
57,256,4.43,37560.89189,2375962.754,0,0,0,14.532,6.0919,0,0.59876,0,0,0,0.90174,0,4.040648085,0.377632204,0
57,256,4.43,37560.89189,2375962.754,0.0059398,0,0,1.2021,0.00524,0,0,0,0,0,0,0,4.040648085,0.377632204,0
57,256,4.43,37560.89189,2375962.754,0.008333,0,0,0,0.012187,0,0,0,0,0,5.4765,0,4.040648085,0.377632204,0
57,256,4.43,37560.89189,2375962.754,0,0,0,6.6309,0,0,0,0,0,0,18.5811,0,4.040648085,0.377632204,0
57,256,4.43,37560.89189,2375962.754,0,0,0,0,0,0,0,0,0,0,1.21974,0,4.040648085,0.377632204,0
57,256,4.43,37560.89189,2375962.754,0.008333,0,0.0021738,0.0055919,0,0,0.74966,0,0,0,0.211728,0,4.040648085,0.377632204,0
57,256,4.43,37560.89189,2375962.754,0.017603,0,0,0,0.030965,0,0,0,8.2261,0,0,0,4.040648085,0.377632204,0
57,256,4.43,37560.89189,2375962.754,0.008333,0,0,6.1619,0.014581,0,0,0,0,0,6.561,0,4.040648085,0.377632204,0
57,256,4.43,37560.89189,2375962.754,0,0,0,0,0,0,0,0,0,0,0.151728,0,4.040648085,0.377632204,0
57,256,4.43,37560.89189,2375962.754,0.001669,0,0,0,0,0.85442,0.13028,0,0,0,0,0,4.040648085,0.377632204,0
57,256,4.43,37560.89189,2375962.754,0.00524,0,0,8.2296,0,0.000138,0,0,0,0,0.151728,0,4.040648085,0.377632204,0
57,256,4.43,37560.89189,2375962.754,0.10994,0,0,8.389,0,0,0,0,0,0,0.151728,0,4.040648085,0.377632204,0
57,256,4.43,37560.89189,2375962.754,0.51774,0,0,17.373,0,5.9264,0,0,0,0,0.44541,0,4.040648085,0.377632204,0
57,256,4.43,37560.89189,2375962.754,0,0,0,0.002868,0,0,0,0,0,0,0,0,4.040648085,0.377632204,0
57,256,4.43,37560.89189,2375962.754,0.005239,0,0,6.9518,0,0,0,0,0,0,4.5897,0,4.040648085,0.377632204,0
57,256,4.43,37560.89189,2375962.754,0,0,0,0.008332,0.21192,0,30.99,0,0,0,0.151728,0,4.040648085,0.377632204,0
57,256,4.43,37560.89189,2375962.754,0,0,0,0.12679,0.1667,0,29.399,0,0,0,28.113,0,4.040648085,0.377632204,0
57,256,4.43,37560.89189,2375962.754,9.146,0,0,2.7097,0,0,0,0,0,0,0.84174,0,4.040648085,0.377632204,0
57,256,4.43,37560.89189,2375962.754,0,0,0,0.001669,29.422,0,55.44,0,0,0,0.278703,0,4.040648085,0.377632204,0
57,256,4.43,37560.89189,2375962.754,0,0,0,0.021603,0,0,0,0,0,0,0.151728,0,4.040648085,0.377632204,0
57,256,4.43,37560.89189,2375962.754,184.67,0,0,0.017468,0,0,0,0,0,0,0.151728,0,4.040648085,0.377632204,0
57,256,4.43,37560.89189,2375962.754,0.00322,0,0,0,0.049462,0,0,0,0,0,52.569,0,4.040648085,0.377632204,19.20731707
57,256,4.43,37560.89189,2375962.754,0.010479,0,0,0.0021738,0.002741,0,0,0,0,0,7.2312,0,4.040648085,0.377632204,0
57,256,4.43,37560.89189,2375962.754,109.34,0,0,0,20.056,0,0,0,0,0,0.151728,0,4.040648085,0.377632204,0
57,256,4.43,37560.89189,2375962.754,0.002011,0,0,0,0,0,0,0,0,0,66.645,0,4.040648085,0.377632204,0
57,256,4.43,37560.89189,2375962.754,1.4804,0,0,0,0,0,0,0,0,0,2.52933,0,4.040648085,0.377632204,0
57,256,4.43,37560.89189,2375962.754,0.008489,0,0,0,0,0,0,0,0,0,14.0655,0,4.040648085,0.377632204,0
57,256,4.43,37560.89189,2375962.754,0,0,0,3.2371,0.008333,0,0,0,0,0,0.279489,0,4.040648085,0.377632204,0
57,256,4.43,37560.89189,2375962.754,0.25336,0,0,0.05917,0.008321,0,0,0,0,0,0.151728,0,4.040648085,0.377632204,0
57,256,4.43,37560.89189,2375962.754,0,0,0,0,0.008333,0.79321,0,0,0,0,1.62018,0,4.040648085,0.377632204,47.46341463
57,256,4.43,37560.89189,2375962.754,0,0,0,43.946,0.70741,0,0,0,0,0,0.30174,0,4.040648085,0.377632204,0
57,256,4.43,37560.89189,2375962.754,0,0,0,0.068295,0.4786,0,0.40452,0,0,0,0,0,4.040648085,0.377632204,0
57,256,4.43,37560.89189,2375962.754,0,0,0,0.53462,0.00036,0,0,0,0,0,4.7865,0,4.040648085,0.377632204,0
57,256,4.43,37560.89189,2375962.754,23.582,0,0,0.86967,0.002031,0,0,0,0,0,0.273366,0,4.040648085,0.377632204,0
57,256,4.43,37560.89189,2375962.754,0.008333,0,0,0,0,0,0,0,0,0,0,0,4.040648085,0.377632204,0
57,256,4.43,37560.89189,2375962.754,2.3556,0,0,0.054581,0,0,0,0,0,0,0.36594,0,4.040648085,0.377632204,0
57,256,4.43,37560.89189,2375962.754,0,0,0,0.2491,0,0,0,0,0,0,4.4787,0,4.040648085,0.377632204,0
57,256,4.43,37560.89189,2375962.754,0,0,0,0,0,0,0,0,0,0,0.151728,0,4.040648085,0.377632204,0
57,256,4.43,37560.89189,2375962.754,0,0,0,0,0.37101,0,0,0,0,0,1.62048,0,4.040648085,0.377632204,0
57,256,4.43,37560.89189,2375962.754,0.005769,0,0,0,0,0,0,0,0,0,2.76954,0,4.040648085,0.377632204,0
57,256,4.43,37560.89189,2375962.754,0.0088426,0,0,0.007221,0,0,4.8562,0,0,0,198.603,0,4.040648085,0.377632204,0
57,256,4.43,37560.89189,2375962.754,0.10994,0,0,0,0,0,0,0,0,0,3.3018,0,4.040648085,0.377632204,0
57,256,4.43,37560.89189,2375962.754,0,0,0,0,0,0,0,0,0,0,0.151728,0,4.040648085,0.377632204,0
57,256,4.43,37560.89189,2375962.754,0,0,0,0,26.494,0,0,0,0,0,0.151728,0,4.040648085,0.377632204,0
57,256,4.43,37560.89189,2375962.754,1.8154,0,0,1.1174,0.00524,0,0,0,0,0,8.1576,0,4.040648085,0.377632204,0
57,256,4.43,37560.89189,2375962.754,0,0,0,0,0,0,0,0,0,0,0.151728,0,4.040648085,0.377632204,0
57,256,4.43,37560.89189,2375962.754,0.15712,0,0,0,0,0,0,0,0,0,0.273372,0,4.040648085,0.377632204,0
57,256,4.43,37560.89189,2375962.754,0,0,0,1.3952,0.0033865,0,0.13028,0,0,0,0,0,4.040648085,0.377632204,0
57,256,4.43,37560.89189,2375962.754,0,0,0,31.038,0,0,0,0,0,0,0,0,4.040648085,0.377632204,0
57,256,4.43,37560.89189,2375962.754,0,0,0,0,0,0,0,0,0,0,65.781,0,4.040648085,0.377632204,0
57,256,4.43,37560.89189,2375962.754,0,0,0,0,0.13592,0.78548,0,0,0,0,0.151728,0,4.040648085,0.377632204,0
57,256,4.43,37560.89189,2375962.754,0.008333,0,0,0,2.6315,0,0,0,0,0,3.8823,0,4.040648085,0.377632204,0
57,256,4.43,37560.89189,2375962.754,0.50457,0,0,0,0,0,21.515,0,0,0,10.6086,0,4.040648085,0.377632204,0
57,256,4.43,37560.89189,2375962.754,0.01332,0,46.499,0.005239,0.013476,0,0,0,0,0,0,0,4.040648085,0.377632204,0
57,256,4.43,37560.89189,2375962.754,74.841,0,0,0,0,0,0,0,0,0,123.993,0,4.040648085,0.377632204,0
57,256,4.43,37560.89189,2375962.754,0.00043,0,0,0.17658,0,0,30.781,0,0,0,0,0,4.040648085,0.377632204,0
57,256,4.43,37560.89189,2375962.754,0,0,0,3.1662,0.00524,0,0.84965,0,0,0,0.151728,0,4.040648085,0.377632204,0
57,256,4.43,37560.89189,2375962.754,0.10527,0,0,1.0205,0,0,0,0,0,0,0.54798,0,4.040648085,0.377632204,0
57,256,4.43,37560.89189,2375962.754,0.00524,0,0,0.030237,0,0,0,0,0,0,0.151728,0,4.040648085,0.377632204,0
57,256,4.43,37560.89189,2375962.754,21.068,0,0,0,0,0,0,0,0,0,0.151728,0,4.040648085,0.377632204,0
57,256,4.43,37560.89189,2375962.754,0.024955,0,0,4.7441,0.00524,0,0,0,0,0,0,0,4.040648085,0.377632204,0
57,256,4.43,37560.89189,2375962.754,8.2504,0,0,0,0,0.032076,0,0,0,0,0.151728,0,4.040648085,0.377632204,0
57,256,4.43,37560.89189,2375962.754,43.582,0,0,0,0.00036,0,0,0,0,0,0.151728,0,4.040648085,0.377632204,0
57,256,4.43,37560.89189,2375962.754,0.0088426,0,0,7.7379,0,0,0,0,0,0,0,0,4.040648085,0.377632204,0
57,256,4.43,37560.89189,2375962.754,0.38105,0,0,4.2796,0,0,0,0,0,0,9.1953,0,4.040648085,0.377632204,0
57,256,4.43,37560.89189,2375962.754,0.01357,0,0,0.14395,0,0,14.079,0,0,0,4.5897,0,4.040648085,0.377632204,0
57,256,4.43,37560.89189,2375962.754,0.071675,0,0,0.008333,0.008333,0,0,0,0,0,1.35936,0,4.040648085,0.377632204,59.41463415
57,256,4.43,37560.89189,2375962.754,0,0,0,0,0,0,0,0,0,0,0,0,4.040648085,0.377632204,0
57,256,4.43,37560.89189,2375962.754,0.17903,0,0,0,0.13896,0,0,0,0,0,0.65616,0,4.040648085,0.377632204,0
57,256,4.43,37560.89189,2375962.754,6.4349,0,0,0,0.61065,0,0,0,0,0,0.151728,0,4.040648085,0.377632204,19.37804878
57,256,4.43,37560.89189,2375962.754,17.385,0,0,14.532,0,0.002355,0,0,0,0,0.275769,0,4.040648085,0.377632204,0
57,256,4.43,37560.89189,2375962.754,0.00524,0,49.422,2.6593,2.2481,0,0,0,0,0,0,0,4.040648085,0.377632204,0
57,256,4.43,37560.89189,2375962.754,0.008335,0,0,0.000739,0,0.008332,0,0.8122,0,0,1.72038,0,4.040648085,0.377632204,72.81707317
57,256,4.43,37560.89189,2375962.754,0.5002,0,0,0.008321,0,0,0.13028,0,0,0,1.73121,0,4.040648085,0.377632204,0
57,256,4.43,37560.89189,2375962.754,0.006702,0,0,0.017468,0,0,15.593,0,0,0,0,0,4.040648085,0.377632204,0
57,256,4.43,37560.89189,2375962.754,0.005239,0,0.008795,0,0,0,0,2.5337,0,0,0.151728,0,4.040648085,0.377632204,0
57,256,4.43,37560.89189,2375962.754,2.0814,0,0,70.359,4.2216,0,0,0,0,0,0,0,4.040648085,0.377632204,0
57,256,4.43,37560.89189,2375962.754,55.389,0,0,0,43.956,0,0,0,0,0,4.5105,0,4.040648085,0.377632204,0
57,256,4.43,37560.89189,2375962.754,0.41786,0,0,0,10.721,0,0,0,0,0,11.6058,0,4.040648085,0.377632204,0
57,256,4.43,37560.89189,2375962.754,0.002031,0,0,0,0.032706,0,0,0,0,0,0.276939,0,4.040648085,0.377632204,0
57,256,4.43,37560.89189,2375962.754,0.008333,0,0,0,0,0,0,0,0,0,0.151728,0,4.040648085,0.377632204,0
57,256,4.43,37560.89189,2375962.754,0,0,0,0,5.4878,0,0,0,0,0,4.5897,0,4.040648085,0.377632204,0
57,256,4.43,37560.89189,2375962.754,0.15712,0,0,0,0,0,0,0,0,0,14.4696,0,4.040648085,0.377632204,0
57,256,4.43,37560.89189,2375962.754,6.4349,0,0,0,0,0,0,0,0,0,2.68779,0,4.040648085,0.377632204,0
57,256,4.43,37560.89189,2375962.754,0.70554,0,0,0,0,0,0.67845,0,0,0,3.3018,0,4.040648085,0.377632204,0
57,256,4.43,37560.89189,2375962.754,0,0,0,0,0.001267,0.76551,0,0,0,0,0,0,4.040648085,0.377632204,0
57,256,4.43,37560.89189,2375962.754,0.062652,0,0,0,0,0,0,0,0,0,5.6418,0,4.040648085,0.377632204,0
57,256,4.43,37560.89189,2375962.754,0,0,0,16.558,0.005239,0,0,0,0,0,0,0,4.040648085,0.377632204,0
57,256,4.43,37560.89189,2375962.754,0,0,0,0.027172,0.001326,0,0,0,0,0,3.2364,0,4.040648085,0.377632204,0
57,256,4.43,37560.89189,2375962.754,0,0,0,0.008333,43.562,0,0,0,0,0,0.36594,0,4.040648085,0.377632204,0
57,256,4.43,37560.89189,2375962.754,0.00524,0,0,0.0098389,0,0,0.13028,0,0,0,0,0,4.040648085,0.377632204,0
57,256,4.43,37560.89189,2375962.754,3.0116,0,0,0.036193,0,0,0,0,0,0,0.151728,0,4.040648085,0.377632204,0
57,256,4.43,37560.89189,2375962.754,0.008333,0,0,0,0.01787,0,0,0,0,0,0.151728,0,4.040648085,0.377632204,0
57,256,4.43,37560.89189,2375962.754,0.67038,0,0,0,0,0,0,0,0,0,5.0406,0,4.040648085,0.377632204,0
57,256,4.43,37560.89189,2375962.754,0,0,0,0,0.016895,0,0,0,0,0,0.151728,0,4.040648085,0.377632204,0
57,256,4.43,37560.89189,2375962.754,0,0,0,0.005239,0,0,0,0,0,0,0.72174,0,4.040648085,0.377632204,0
57,256,4.43,37560.89189,2375962.754,0.48229,0,0,0,0,0.7828,0,0,0,0,0.151728,0,4.040648085,0.377632204,0
57,256,4.43,37560.89189,2375962.754,0,0,0,0.008333,0,0,0,0,0,0,0.181728,0,4.040648085,0.377632204,0
57,256,4.43,37560.89189,2375962.754,46.878,0,0,5.7854,0,0,0.021726,0,0,0,0,0,4.040648085,0.377632204,0
57,256,4.43,37560.89189,2375962.754,0,0,0.034478,0,0,12.855,0,0,0,0,0.78174,0,4.040648085,0.377632204,0
57,256,4.43,37560.89189,2375962.754,0.0066265,0,0,0,0,0,13.103,0,0,0,0,0,4.040648085,0.377632204,0
57,256,4.43,37560.89189,2375962.754,28.979,0,0,0,0,0,19.544,0,0,0,0.275259,0,4.040648085,0.377632204,0
57,256,4.43,37560.89189,2375962.754,0,0,0,0,0,0,0,0,0,0,0.151728,0,4.040648085,0.377632204,0
57,256,4.43,37560.89189,2375962.754,0.008333,0,0,0.088496,0,0,0,0,0,0,0,0,4.040648085,0.377632204,0
57,256,4.43,37560.89189,2375962.754,0,0,0,1.3952,1.3478,0,0,0,0,0,0,0,4.040648085,0.377632204,0
57,256,4.43,37560.89189,2375962.754,0.3628,0,0,0,0,0,0,0,0,0,0.78999,0,4.040648085,0.377632204,0
57,256,4.43,37560.89189,2375962.754,0,0,0,0,44.94,0,0,0,0,0,0.151728,0,4.040648085,0.377632204,0
57,256,4.43,37560.89189,2375962.754,0.01332,0,0,17.76,0.008953,0,0,0,0,0,0.151728,0,4.040648085,0.377632204,0
57,256,4.43,37560.89189,2375962.754,0.10527,0,0.80302,0,0.26036,0,0,0,0,0,4.4358,0,4.040648085,0.377632204,0
57,256,4.43,37560.89189,2375962.754,0.011569,0,0,9.9,0,0,0,0,0,0,1.21974,0,4.040648085,0.377632204,0
57,256,4.43,37560.89189,2375962.754,0,0,0,0,0.000078,0,0,0,0,0,10.3692,0,4.040648085,0.377632204,0
57,256,4.43,37560.89189,2375962.754,0,0,0,0,0,0,0,0,0,0,0.275769,0,4.040648085,0.377632204,0
57,256,4.43,37560.89189,2375962.754,0.008333,0,0,0,0.031711,0,0,0,0,0,1.88184,0,4.040648085,0.377632204,0
57,256,4.43,37560.89189,2375962.754,0,0,0,12.177,1.2208,0,0,0,0,0,7.2168,0,4.040648085,0.377632204,0
57,256,4.43,37560.89189,2375962.754,0.00524,0,0,0,0,0,0,0,0,0,95.283,0,4.040648085,0.377632204,0
57,256,4.43,37560.89189,2375962.754,0,0,0,0,0,0,0,0,0,0,0.271128,0,4.040648085,0.377632204,0
57,256,4.43,37560.89189,2375962.754,0,0,0,0.011406,0,0,0,0,0,0,3.6423,0,4.040648085,0.377632204,0
57,256,4.43,37560.89189,2375962.754,0,0,0,0,0.19458,0,0.13028,0,0,0,0.151728,0,4.040648085,0.377632204,0
57,256,4.43,37560.89189,2375962.754,0.43058,0,0.048252,0.00833,0.21081,0,0,0,0,0,0.151728,0,4.040648085,0.377632204,0
57,256,4.43,37560.89189,2375962.754,0.00524,0,0,0,0,0,0,0,0,0,0,0,4.040648085,0.377632204,0
57,256,4.43,37560.89189,2375962.754,57.072,0,0,0.55992,0,0.79321,0,0,0,0,0.273384,0,4.040648085,0.377632204,0
57,256,4.43,37560.89189,2375962.754,4.8879,0,0,0,0.33405,1.692,0.13028,0,0,0,4.4313,0,4.040648085,0.377632204,0
57,256,4.43,37560.89189,2375962.754,0.008333,0,0,0.00524,0.0070165,8.1854,0,0,0,0,0.286419,0,4.040648085,0.377632204,0
57,256,4.43,37560.89189,2375962.754,0,0,0,0,0,0,0,0,0,0,0.37014,0,4.040648085,0.377632204,0
57,256,4.43,37560.89189,2375962.754,0,0,0,123.21,8.8857,0,35.561,0,0,0,1.02351,0,4.040648085,0.377632204,0
57,256,4.43,37560.89189,2375962.754,0.82366,0,0,0,0,0,0,0,0,0,0,0,4.040648085,0.377632204,0
57,256,4.43,37560.89189,2375962.754,0.08383,0,0,5.4015,0,0.010345,0,0,0,0,0.68376,0,4.040648085,0.377632204,0
57,256,4.43,37560.89189,2375962.754,0,0,0,3.7171,0,0,0,0,0,0,0.279615,0,4.040648085,0.377632204,0
57,256,4.43,37560.89189,2375962.754,0.00524,0,0,0,10.444,0,0.60778,0,0,0,0,0,4.040648085,0.377632204,0
57,256,4.43,37560.89189,2375962.754,1.4262,0,0,0,3.1339,0,0,0,0,0,5.0718,0,4.040648085,0.377632204,0
57,256,4.43,37560.89189,2375962.754,0.018381,0,0,0,0.008333,0,0,0,0,0,1.47333,0,4.040648085,0.377632204,0
57,256,4.43,37560.89189,2375962.754,0,0,0,0,0,0,0,0,0,0,0,0,4.040648085,0.377632204,42.59756098
57,256,4.43,37560.89189,2375962.754,0.41786,0,0,0,0,0,0,0,0,0,0.151728,0,4.040648085,0.377632204,0
57,256,4.43,37560.89189,2375962.754,0,0,0,51.422,0.002156,0,0,0,0,0,0.151728,0,4.040648085,0.377632204,0
57,256,4.43,37560.89189,2375962.754,0.18763,0,0,0,0,0,0.10863,0,0,0,1.08339,0,4.040648085,0.377632204,0
57,256,4.43,37560.89189,2375962.754,0.008333,0,0,0,0,0,25.393,0,0,0,5.4381,0,4.040648085,0.377632204,0
57,256,4.43,37560.89189,2375962.754,15.105,0,0.17841,0.0055291,0,0,0,0,0,0,0.151728,0,4.040648085,0.377632204,46.86585366
57,256,4.43,37560.89189,2375962.754,0.00524,0,0,3.8959,0,0,23.902,0,0,0,0.151728,0,4.040648085,0.377632204,0
57,256,4.43,37560.89189,2375962.754,0.000251,0,0,0,0.008333,0,0,0,0,0,0.37014,0,4.040648085,0.377632204,0
57,256,4.43,37560.89189,2375962.754,0,0,0,0,42.799,0,0,0,0,0,0.151728,0,4.040648085,0.377632204,0
57,256,4.43,37560.89189,2375962.754,0.00524,0,0,31.038,14.084,0,0,0,0,0,0.151728,0,4.040648085,0.377632204,0
57,256,4.43,37560.89189,2375962.754,0.017603,0,0,0,3.0251,0,0,0,0,0,0.273384,0,4.040648085,0.377632204,0
57,256,4.43,37560.89189,2375962.754,13.81,0,0,0,0,0,0,0,0,0,19.7118,0,4.040648085,0.377632204,0
57,256,4.43,37560.89189,2375962.754,0,0,0,0,0.010107,0,265.12,0,0,0,0.151728,0,4.040648085,0.377632204,0
57,256,4.43,37560.89189,2375962.754,0.71246,0,0,0,0,0.080226,0.008333,0,0,0,5.6418,0,4.040648085,0.377632204,0
57,256,4.43,37560.89189,2375962.754,0,0,0,0.0081579,0.00524,0,0,0,0,0,0.151728,0,4.040648085,0.377632204,0
57,256,4.43,37560.89189,2375962.754,0,0,0,0,0,0,0,0,0,0,0.151728,0,4.040648085,0.377632204,0
57,256,4.43,37560.89189,2375962.754,0.008333,0,0,0,0,0,0,0,0,0,0.151728,0,4.040648085,0.377632204,0
57,256,4.43,37560.89189,2375962.754,0.000124,0,0,31.038,3.3385,0,0,0,0,0,0,0,4.040648085,0.377632204,0
57,256,4.43,37560.89189,2375962.754,0,0,0,0,0.00524,0,0,0,0,0,0.42399,0,4.040648085,0.377632204,0
57,256,4.43,37560.89189,2375962.754,0,0,0,223.54,0,0,0,0,0,0,0,0,4.040648085,0.377632204,0
57,256,4.43,37560.89189,2375962.754,0.008333,0,0,0,0.008475,0,0,0,0,0,38.517,0,4.040648085,0.377632204,0
57,256,4.43,37560.89189,2375962.754,0.76883,0,0,0,0,0,0.60778,0,0,0,1.62048,0,4.040648085,0.377632204,0
57,256,4.43,37560.89189,2375962.754,0.008335,0,0,0,0,0,0,0,0,0,11.5818,0,4.040648085,0.377632204,0
57,256,4.43,37560.89189,2375962.754,0.008333,0,0,0,0,0,0,0,0,0,0,0,4.040648085,0.377632204,0
57,256,4.43,37560.89189,2375962.754,0,0,0,0,0.012452,0,0,0,0,0,1.17966,0,4.040648085,0.377632204,0
57,256,4.43,37560.89189,2375962.754,0.000688,0,0,0.030964,0.060787,0.096353,0,0,0,0,0.151728,0,4.040648085,0.377632204,0
57,256,4.43,37560.89189,2375962.754,0.046194,0,0,0,18.998,0.05486,0,0,0,0,0.151728,0,4.040648085,0.377632204,0
57,256,4.43,37560.89189,2375962.754,5.5802,0,0,0,0,0,0,0,0,0,5.1363,0,4.040648085,0.377632204,0
57,256,4.43,37560.89189,2375962.754,7.9005,0,0,0,0,0.000273,0.13028,0,0,0,0.151728,0,4.040648085,0.377632204,0
57,256,4.43,37560.89189,2375962.754,2.1821,0,0,0,0,0,0,0,0,0,0.151728,0,4.040648085,0.377632204,0
57,256,4.43,37560.89189,2375962.754,0,0,0,0,211.21,0,28.735,0,0,0,9.8421,0,4.040648085,0.377632204,0
57,256,4.43,37560.89189,2375962.754,0.046194,0,0,0,0,0,0,0,0,0,0,0,4.040648085,0.377632204,0
57,256,4.43,37560.89189,2375962.754,0,0,0,0.20517,0.23265,0,0,0,0,0,6.258,0,4.040648085,0.377632204,0
57,256,4.43,37560.89189,2375962.754,0,0,0,0.010986,0.005239,0,0,0,0,0,0.151728,0,4.040648085,0.377632204,0
57,256,4.43,37560.89189,2375962.754,0,0,0.005845,0,0.003346,0,0,0,0,0,0.151728,0,4.040648085,0.377632204,0
57,256,4.43,37560.89189,2375962.754,45.509,0,0,0,0.008321,0,0,0,0,0,0,0,4.040648085,0.377632204,0
57,256,4.43,37560.89189,2375962.754,0.002139,0,0,0.000078,0,0,0,0,0,0,198.603,0,4.040648085,0.377632204,0
57,256,4.43,37560.89189,2375962.754,0,0,0,0.007102,9.8934,15.927,0,23.386,0,0,0,0,4.040648085,0.377632204,0
57,256,4.43,37560.89189,2375962.754,0.010122,0,0,0.008333,0,0,0,0,0,0,6.9018,0,4.040648085,0.377632204,0
57,256,4.43,37560.89189,2375962.754,0.003485,0,0,0.005202,0.019035,0,0,0,0,0,0,0,4.040648085,0.377632204,0
57,256,4.43,37560.89189,2375962.754,0,0,0,0,0,0,0,0,0,0,0.151728,0,4.040648085,0.377632204,0
57,256,4.43,37560.89189,2375962.754,0.016858,0,0.81973,4.2796,514.83,0,0,0,0,0,0.151728,0,4.040648085,0.377632204,0
57,256,4.43,37560.89189,2375962.754,0,0,0,0,0,0,0,0,0,0,0,0,4.040648085,0.377632204,0
57,256,4.43,37560.89189,2375962.754,0,0,0,0,0.007328,0,0,0,0,0,0,0,4.040648085,0.377632204,0
57,256,4.43,37560.89189,2375962.754,0,0,0,23.551,0.1667,0,0,0,0,0,22.7118,0,4.040648085,0.377632204,0
57,256,4.43,37560.89189,2375962.754,0.18763,0,0,0.008335,0,0,0,0,0,0,2.37174,0,4.040648085,0.377632204,0
57,256,4.43,37560.89189,2375962.754,0.39529,0,0.005239,0,0,0,0,0,0,0,0.276939,0,4.040648085,0.377632204,0
57,256,4.43,37560.89189,2375962.754,0.01332,0,0,0,0.12099,0,0,0,0,0,0.151728,0,4.040648085,0.377632204,0
57,256,4.43,37560.89189,2375962.754,0,0,0,5.4764,0,0,0,0,0,0,0,0,4.040648085,0.377632204,0
57,256,4.43,37560.89189,2375962.754,0.030003,0,0,0.007328,0.00524,0,0,0,0,0,0.151728,0,4.040648085,0.377632204,0
57,256,4.43,37560.89189,2375962.754,0,0,0.000251,0,0,0,0,0,0,0,1.47333,0,4.040648085,0.377632204,0
57,256,4.43,37560.89189,2375962.754,0.002382,0,0,8.0353,514.83,0,65.662,0,0,0,0.241728,0,4.040648085,0.377632204,0
57,256,4.43,37560.89189,2375962.754,3.9799,0,0,0,0,0,0,0,0,0,0.151728,0,4.040648085,0.377632204,0
57,256,4.43,37560.89189,2375962.754,0,0,0,0,0,0,0,0,0,0,0,0,4.040648085,0.377632204,60.69512195
57,256,4.43,37560.89189,2375962.754,0.44516,0,0,0.002868,0,0.34159,11.551,0,0,0,0.151728,0,4.040648085,0.377632204,0
57,256,4.43,37560.89189,2375962.754,0.03314,0,0,0,1.2208,0.032076,0,0,0,0,2.34429,0,4.040648085,0.377632204,0
57,256,4.43,37560.89189,2375962.754,0,0,0,0,0,4.0019,0,0,0,0,0.151728,0,4.040648085,0.377632204,0
57,256,4.43,37560.89189,2375962.754,0,0,0,0,0,0,0,0,0,0,0.151728,0,4.040648085,0.377632204,0
57,256,4.43,37560.89189,2375962.754,0.0072895,0,0,0.008333,0.047685,0,0,0,0,0,0.151728,0,4.040648085,0.377632204,0
57,256,4.43,37560.89189,2375962.754,22.323,0,0,0.17235,0,0,0,0,0,0,4.6158,0,4.040648085,0.377632204,0
57,256,4.43,37560.89189,2375962.754,0.67038,0,0,0,12.308,0.78642,0,0,0,0,3.8946,0,4.040648085,0.377632204,0
57,256,4.43,37560.89189,2375962.754,0.38105,0,0,0.37527,0,0,0,0,0,0,0.151728,0,4.040648085,0.377632204,0
57,256,4.43,37560.89189,2375962.754,0.35231,0,0,0,0.21732,0,403.32,0,0,0,10.4865,0,4.040648085,0.377632204,0
57,256,4.43,37560.89189,2375962.754,0.0068531,0,0,0,0,0,0,0,0,0,6.8154,0,4.040648085,0.377632204,0
57,256,4.43,37560.89189,2375962.754,0,0,0,0,30.954,0,0,0,0,0,0,0,4.040648085,0.377632204,0
57,256,4.43,37560.89189,2375962.754,0.002011,0,0,0,0,0,0.059897,0,0,0,0.151728,0,4.040648085,0.377632204,0
57,256,4.43,37560.89189,2375962.754,0.0097027,0,0,0,0.17886,0,0,0,0,0,0.151728,0,4.040648085,0.377632204,0
57,256,4.43,37560.89189,2375962.754,0,0,0,7.1341,0.68315,0,0,0,0,0,0,0,4.040648085,0.377632204,0
57,256,4.43,37560.89189,2375962.754,0,0,0,0,3.1902,0,0,0,0,0,0.3897,0,4.040648085,0.377632204,0
57,256,4.43,37560.89189,2375962.754,0.030381,0,0.82282,8.389,0.008333,0,0,0,0,0,1.09155,0,4.040648085,0.377632204,0
57,256,4.43,37560.89189,2375962.754,12.994,0,0,0,0,775.66,9.569,0,0,0,7.8042,0,4.040648085,0.377632204,0
57,256,4.43,37560.89189,2375962.754,0,0,0,0,0.16189,0,0,0,0,0,0,0,4.040648085,0.377632204,0
57,256,4.43,37560.89189,2375962.754,0,0,0,0,0,0,0,0,0,0,12.8901,0,4.040648085,0.377632204,0
57,256,4.43,37560.89189,2375962.754,0.15712,0,0,0.00036,0,0,0,0,0,0,0,0,4.040648085,0.377632204,0
57,256,4.43,37560.89189,2375962.754,0.028169,0,0,0.00043,0,0,0,0,0,0,2.3544,0,4.040648085,0.377632204,0
57,256,4.43,37560.89189,2375962.754,0.53043,0,0,0,0,0,0,0,0,0,0.151728,0,4.040648085,0.377632204,0
57,256,4.43,37560.89189,2375962.754,0,0,0,0,0,0,0,0,0,0,0,0,4.040648085,0.377632204,0
57,256,4.43,37560.89189,2375962.754,0.008333,0,0,0,0.060787,0,0,0,0,0,0,0,4.040648085,0.377632204,0
57,256,4.43,37560.89189,2375962.754,0.00322,0,0,0.011201,0.4786,0.77921,0,0,0,0,46.293,0,4.040648085,0.377632204,0
57,256,4.43,37560.89189,2375962.754,0.015764,0,0,0.00524,8.1751,0,16.74,0,0,0,0.151728,0,4.040648085,0.377632204,0
57,256,4.43,37560.89189,2375962.754,0.007328,0,0,0.99417,0,4.0839,0,0,0,0,63.09,0,4.040648085,0.377632204,0
57,256,4.43,37560.89189,2375962.754,25.253,0,0,0,0,0,0,0,0,0,1.67382,0,4.040648085,0.377632204,0
57,256,4.43,37560.89189,2375962.754,0,0,0,0,0.005239,0,0,0,0,0,0,0,4.040648085,0.377632204,0
57,256,4.43,37560.89189,2375962.754,36.945,0,13.883,0,0.008333,0,0.10863,0,0,0,0.65616,0,4.040648085,0.377632204,0
57,256,4.43,37560.89189,2375962.754,0,0,0,0,0.01787,0,0,0,0,0,17.3325,0,4.040648085,0.377632204,0
57,256,4.43,37560.89189,2375962.754,0,0,0,0,0.008133,0,0,0,0,0,1.26477,0,4.040648085,0.377632204,0
57,256,4.43,37560.89189,2375962.754,0.17481,0,0,0.00524,4.5283,1.4857,0,0,0,0,7.2051,0,4.040648085,0.377632204,0
57,256,4.43,37560.89189,2375962.754,0.93731,0,0,6.1619,0.002508,0,0,0,0,0,0.151728,0,4.040648085,0.377632204,0
57,256,4.43,37560.89189,2375962.754,52.722,0,0,0,0,0,0,0,0,0,0,0,4.040648085,0.377632204,0
57,256,4.43,37560.89189,2375962.754,0.0021738,0,0,0,0,0,0,0,0,0,0,0,4.040648085,0.377632204,0
57,256,4.43,37560.89189,2375962.754,0.14297,0,0,0,0.61065,0,0,0,0,0,0.72174,0,4.040648085,0.377632204,0
57,256,4.43,37560.89189,2375962.754,0,0,12.694,0.008333,0,0,0,0,0,0,0,0,4.040648085,0.377632204,0
57,256,4.43,37560.89189,2375962.754,0.008333,0,0,0.0012795,850.39,0,0,0,0,0,0,0,4.040648085,0.377632204,0
57,256,4.43,37560.89189,2375962.754,4.5748,0,0,0.50869,0.013973,0,0,0,0,0,0,0,4.040648085,0.377632204,0
57,256,4.43,37560.89189,2375962.754,0.00014,0,0,0.0081579,0,0,0,0,0,0,0.50493,0,4.040648085,0.377632204,0
57,256,4.43,37560.89189,2375962.754,46.878,0,0,0.003346,0,0,0,0,0,0,0.151728,0,4.040648085,0.377632204,0
57,256,4.43,37560.89189,2375962.754,3.7455,0,0,2.853,0,0,0,0,0,0,0.151728,0,4.040648085,0.377632204,0
57,256,4.43,37560.89189,2375962.754,7.9005,0,0,0,0,0,0,0,0,0,0,0,4.040648085,0.377632204,0
57,256,4.43,37560.89189,2375962.754,0,0,0,0,0.00524,0,0,0,0,0,0.37014,0,4.040648085,0.377632204,0
57,256,4.43,37560.89189,2375962.754,4.5748,0,0,0,0,0,0,0,0,0,10.6818,0,4.040648085,0.377632204,0
57,256,4.43,37560.89189,2375962.754,0.0097027,0,0,0,0,0,0,0,0,0,1.73121,0,4.040648085,0.377632204,0
57,256,4.43,37560.89189,2375962.754,0.035255,0,0,0,0,0.044975,0.13028,0,0,0,0.151728,0,4.040648085,0.377632204,0
57,256,4.43,37560.89189,2375962.754,0.11399,0,0.10074,0.033648,2.0594,2.4302,0,0,0,0,0,0,4.040648085,0.377632204,0
57,256,4.43,37560.89189,2375962.754,0.051828,0,0,0,0,0,0,0,0,0,0,0,4.040648085,0.377632204,0
57,256,4.43,37560.89189,2375962.754,0.001436,0,0,0.00524,0,0,0,0,0,0,0.151728,0,4.040648085,0.377632204,0
57,256,4.43,37560.89189,2375962.754,0.009261,0,0.001434,0.009056,0.49136,0.40336,0,0,0,0,0,0,4.040648085,0.377632204,0
57,256,4.43,37560.89189,2375962.754,0.019152,0,13.883,0,0,0,19.664,0,0,0,0.286419,0,4.040648085,0.377632204,0
57,256,4.43,37560.89189,2375962.754,0.023275,0,0,0,0.00524,0,0,0,0,0,0,0,4.040648085,0.377632204,0
57,256,4.43,37560.89189,2375962.754,0,0,197.21,17.164,0,0,0,0,0,0,3.4926,0,4.040648085,0.377632204,0
57,256,4.43,37560.89189,2375962.754,0,0,0,31.038,0.00524,0,0,0,0,0,19.7118,0,4.040648085,0.377632204,0
57,256,4.43,37560.89189,2375962.754,0.15712,0,0,0,0,0,0,0,0,0,0.65616,0,4.040648085,0.377632204,0
57,256,4.43,37560.89189,2375962.754,0.000251,0,0,0,0,0,0.13028,0,0,0,0.45174,0,4.040648085,0.377632204,0
57,256,4.43,37560.89189,2375962.754,0,0,0,0,0,0,0,0.01656,0,0,9.4383,0,4.040648085,0.377632204,0
57,256,4.43,37560.89189,2375962.754,27.506,0,0,1.7556,0,0.0003,0,0,0,0,1.74174,0,4.040648085,0.377632204,18.95121951
57,256,4.43,37560.89189,2375962.754,0.00036,0,0,0,0,0,0,0,0,0,0.292407,0,4.040648085,0.377632204,0
57,256,4.43,37560.89189,2375962.754,0,0,0,7.4028,0.016012,0,0,0,0,0,0,0,4.040648085,0.377632204,0
57,256,4.43,37560.89189,2375962.754,0.011957,0,0,0,0,0,15.504,0,0,0,0,0,4.040648085,0.377632204,0
57,256,4.43,37560.89189,2375962.754,0,0,0,0,0.008333,0.85321,0,0,0,0,0,0,4.040648085,0.377632204,0
57,256,4.43,37560.89189,2375962.754,0,0,0,0,0,0,0,0,0,0,0,0,4.040648085,0.377632204,0
57,256,4.43,37560.89189,2375962.754,0,0,0,0,0.73688,0,0,0,0,0,0.151728,0,4.040648085,0.377632204,0
57,256,4.43,37560.89189,2375962.754,198.15,0,0,0,0.14172,0,0,0,0,0,0.273357,0,4.040648085,0.377632204,0
57,256,4.43,37560.89189,2375962.754,0.018235,0,0,4.7036,0,0.79321,0,0,0,0,0,0,4.040648085,0.377632204,0
57,256,4.43,37560.89189,2375962.754,0,0,0,0.014341,0.000251,0.13226,0,0,0,0,9.1953,0,4.040648085,0.377632204,0
57,256,4.43,37560.89189,2375962.754,0.005239,0,0,0,0,0,0,0,0,0,10.7733,0,4.040648085,0.377632204,0
57,256,4.43,37560.89189,2375962.754,0.00644,0,0,0.010105,0,0,0,0,0,0,0,0,4.040648085,0.377632204,33.63414634
57,256,4.43,37560.89189,2375962.754,0.005239,0,0,0,0,0,0,0,0,0,0,0,4.040648085,0.377632204,0
57,256,4.43,37560.89189,2375962.754,0,0,0,6.6309,0,0,0,0,0,0,0,0,4.040648085,0.377632204,0
57,256,4.43,37560.89189,2375962.754,13.595,0,0,0,0.31016,0,0.002308,0,0,0,0.151728,0,4.040648085,0.377632204,72.04878049
57,256,4.43,37560.89189,2375962.754,0,0,0,0,0.84234,0,0,0,0,0,0,0,4.040648085,0.377632204,0
57,256,4.43,37560.89189,2375962.754,0.016638,0,0,0,0,0,0.74966,0,0,0,5.0406,0,4.040648085,0.377632204,0
57,256,4.43,37560.89189,2375962.754,0,0,0,0,0.000063,0,0,0,0,0,0.151728,0,4.040648085,0.377632204,0
57,256,4.43,37560.89189,2375962.754,0.00524,0,1.8344,10.744,0,0,0,0,0,0,0,0,4.040648085,0.377632204,0
57,256,4.43,37560.89189,2375962.754,0,0,0.79446,0,1.3478,0,0,0,0,0,0,0,4.040648085,0.377632204,0
57,256,4.43,37560.89189,2375962.754,0,0,0,0,0,0.28057,47.395,0,0,0,0,0,4.040648085,0.377632204,0
57,256,4.43,37560.89189,2375962.754,0.034133,0,0,6.4627,0,0,0,0,0,0,17.3325,0,4.040648085,0.377632204,0
57,256,4.43,37560.89189,2375962.754,0,0,0.00043,0,0,0,0,0,0,0,0.151728,0,4.040648085,0.377632204,0
57,256,4.43,37560.89189,2375962.754,0.007221,0,0,0.75591,0.018282,0,0,0,0,0,0,0,4.040648085,0.377632204,0
57,256,4.43,37560.89189,2375962.754,0,0,0,0.3488,0.014941,0,20.673,0,0,0,0.75174,0,4.040648085,0.377632204,0
57,256,4.43,37560.89189,2375962.754,0.008333,0,0,23.551,0,0,0,0,0,0,0,0,4.040648085,0.377632204,0
57,256,4.43,37560.89189,2375962.754,0.00524,0,3.9436,0,0.010107,0,0,0,0,0,0.151728,0,4.040648085,0.377632204,0
57,256,4.43,37560.89189,2375962.754,0.003538,0,0,0,0.0068531,0,0,0,0,0,12.8901,0,4.040648085,0.377632204,0
57,256,4.43,37560.89189,2375962.754,0.030381,0,0,0,0,0,0.841,0,0,0,0.151728,0,4.040648085,0.377632204,0
57,256,4.43,37560.89189,2375962.754,0.0088108,0,0,0.33242,68.77,0,0,0,0,0,0.31098,0,4.040648085,0.377632204,0
57,256,4.43,37560.89189,2375962.754,0,0,0,0.13117,0.21081,0,0,0,0,0,37.53,0,4.040648085,0.377632204,0
57,256,4.43,37560.89189,2375962.754,0,0,0,0,0,0,0,0,0,0,3.6918,0,4.040648085,0.377632204,0
57,256,4.43,37560.89189,2375962.754,0.039743,0,0.09243,0,0,0.89381,0,0,0,0,0.151728,0,4.040648085,0.377632204,0
57,256,4.43,37560.89189,2375962.754,0.063798,0,0,0,0,0,0,0,0,0,11.5818,0,4.040648085,0.377632204,0
57,256,4.43,37560.89189,2375962.754,0,0,0,0,0.008333,0,0,0,0,0,0.278532,0,4.040648085,0.377632204,0
57,256,4.43,37560.89189,2375962.754,0,0,0,0.068295,0.003821,0,0,10.245,0,0,0.151728,0,4.040648085,0.377632204,0
57,256,4.43,37560.89189,2375962.754,0,0,0,0,1.5408,0,0,0,0,0,0.151728,0,4.040648085,0.377632204,0
57,256,4.43,37560.89189,2375962.754,0,0,0,43.946,0,0,0,0,0,0,3.0075,0,4.040648085,0.377632204,0
57,256,4.43,37560.89189,2375962.754,0.021605,0,0,0.008335,0,0,0,0,0,0,46.353,0,4.040648085,0.377632204,0
57,256,4.43,37560.89189,2375962.754,3.8421,0,0,0.018806,0.008475,0,0,0,0,0,0.151728,0,4.040648085,0.377632204,0
57,256,4.43,37560.89189,2375962.754,0,0,0.33369,2.0817,0,0,0,0,0,0,1.21974,0,4.040648085,0.377632204,0
57,256,4.43,37560.89189,2375962.754,0.000545,0,0,0.002741,0,0,0.59876,0,0,0,7.5918,0,4.040648085,0.377632204,0
57,256,4.43,37560.89189,2375962.754,0,0,0,0.008333,0,0,0,0,0,0,1.96911,0,4.040648085,0.377632204,0
57,256,4.43,37560.89189,2375962.754,0.0094528,0,0,0.049787,0,0.2468,0,0,0,0,2.7027,0,4.040648085,0.377632204,0
57,256,4.43,37560.89189,2375962.754,0.004864,0,0,0,0,0,0,0,0,0,34.746,0,4.040648085,0.377632204,0
57,256,4.43,37560.89189,2375962.754,0.048638,0,0,0,0.009767,0,0,0,0,0,9.6318,0,4.040648085,0.377632204,0
57,256,4.43,37560.89189,2375962.754,0.00524,0,0,0.000251,0.008333,0,0,0,0,0,0.151728,0,4.040648085,0.377632204,0
57,256,4.43,37560.89189,2375962.754,0.01357,0,0,0,0,0,0,0,0,0,0.151728,0,4.040648085,0.377632204,0
57,256,4.43,37560.89189,2375962.754,0,0,0,4.7441,0,0,0,0,0,0,95.283,0,4.040648085,0.377632204,0
57,256,4.43,37560.89189,2375962.754,0.23451,0,0,0,0,0,0,0,0,0,0.279615,0,4.040648085,0.377632204,0
57,256,4.43,37560.89189,2375962.754,0.00644,0,0,0,0.001326,0,0,0,0,0,1.57107,0,4.040648085,0.377632204,0
57,256,4.43,37560.89189,2375962.754,9.3106,0,0,0.16809,14.269,0,0,0,0,0,15.252,0,4.040648085,0.377632204,0
57,256,4.43,37560.89189,2375962.754,0,0,0,0,0,0,0,0,0,0,0.2871,0,4.040648085,0.377632204,0
57,256,4.43,37560.89189,2375962.754,0.008333,0,0,0,0,0,0,0,0.2244,0,0.70341,0,4.040648085,0.377632204,0
57,256,4.43,37560.89189,2375962.754,0.20881,0,0,0,0.0021738,0,0,0,0,0,0.151728,0,4.040648085,0.377632204,0
57,256,4.43,37560.89189,2375962.754,0.007697,0,0,7.0709,6.9699,0,0,0,0,0,11.9625,0,4.040648085,0.377632204,0
57,256,4.43,37560.89189,2375962.754,0.0068531,0,0,0.015045,0,0,0,0,0,0,0.92517,0,4.040648085,0.377632204,0
57,256,4.43,37560.89189,2375962.754,0,0,0,0,0,0,0,0,0,0,0,0,4.040648085,0.377632204,0
57,256,4.43,37560.89189,2375962.754,0.080184,0,0,0.23606,0,0,0,0,0,0,0.151728,0,4.040648085,0.377632204,0
57,256,4.43,37560.89189,2375962.754,0.3067,0,0,6.6309,0.003538,0,0,0,0,0,0,0,4.040648085,0.377632204,0
57,256,4.43,37560.89189,2375962.754,0.015333,0,0,0,62.065,0,0,0,0,0,0.151728,0,4.040648085,0.377632204,0
57,256,4.43,37560.89189,2375962.754,0.005239,0,0,0.005341,2.529,0,0,0,0,0,0.151728,0,4.040648085,0.377632204,0
57,256,4.43,37560.89189,2375962.754,2.2256,0,0,0,0.008333,0,0,0,0,0,0.283572,0,4.040648085,0.377632204,0
57,256,4.43,37560.89189,2375962.754,0.72108,0,0,0,0.64611,0,0,0,0,0,0.151728,0,4.040648085,0.377632204,0
57,256,4.43,37560.89189,2375962.754,0.029004,0,0,0,8.8857,0,0,0,0,0,0.151728,0,4.040648085,0.377632204,0
57,256,4.43,37560.89189,2375962.754,0,0,0,10.744,0,0,0,0,0,0,11.1597,0,4.040648085,0.377632204,0
57,256,4.43,37560.89189,2375962.754,0,0,0,0,0,0,12.641,0,0,0,0.54798,0,4.040648085,0.377632204,0
57,256,4.43,37560.89189,2375962.754,0.008333,0,0,19.222,0,0,0,0,0,0,41.634,0,4.040648085,0.377632204,0
57,256,4.43,37560.89189,2375962.754,6.8272,0,0,0.017238,0,0,0,0,0,0,0,0,4.040648085,0.377632204,0
57,256,4.43,37560.89189,2375962.754,0.028169,0,0,0,0.00036,0,0,0,0,0,12.2682,0,4.040648085,0.377632204,0
57,256,4.43,37560.89189,2375962.754,0.00524,0,0,0,0.00524,0,0,0,0,0,2.66157,0,4.040648085,0.377632204,0
57,256,4.43,37560.89189,2375962.754,0.71313,0,0,0,54.848,0,0,0,0,0,0.151728,0,4.040648085,0.377632204,0
57,256,4.43,37560.89189,2375962.754,0,0,0.001267,0.0076281,0,0.77921,0,0,0,0,45.933,0,4.040648085,0.377632204,0
57,256,4.43,37560.89189,2375962.754,0.004143,0,0,223.54,0,0,0,0,0,0,0,0,4.040648085,0.377632204,0
57,256,4.43,37560.89189,2375962.754,1.6091,0,0,0,0,0,0,0,0,0,0.151728,0,4.040648085,0.377632204,0
57,256,4.43,37560.89189,2375962.754,0.00644,0,0,0.008336,0,0,0,0,0,0,0,0,4.040648085,0.377632204,0
57,256,4.43,37560.89189,2375962.754,0.00014,0,0,0,54.848,0,0,0,0,0,0.151728,0,4.040648085,0.377632204,0
57,256,4.43,37560.89189,2375962.754,0,0,0,0,0.005239,0,0,34.054,0,0,0,0,4.040648085,0.377632204,0
57,256,4.43,37560.89189,2375962.754,3.7455,0,0,0,0.00524,0,0,0,0,0,28.1349,0,4.040648085,0.377632204,0
57,256,4.43,37560.89189,2375962.754,0.008004,0,0,0,0,0.000668,0,0,0,0,0.151728,0,4.040648085,0.377632204,0
57,256,4.43,37560.89189,2375962.754,0,0,0,0.70621,0,0,5.9575,0,0,0,0.279942,0,4.040648085,0.377632204,0
57,256,4.43,37560.89189,2375962.754,0.008333,0,0,0,0,0,0,0,0,0,7.2168,0,4.040648085,0.377632204,0
57,256,4.43,37560.89189,2375962.754,2.6701,0,2.0895,0.018806,0,0,0,0,0,0,0.35643,0,4.040648085,0.377632204,0
57,256,4.43,37560.89189,2375962.754,0,0,0,0.05917,0.010479,0,0,0,0,0,0,0,4.040648085,0.377632204,0
57,256,4.43,37560.89189,2375962.754,5.6933,0,0,0.26453,0,12.13,0,0,0,0,0.151728,0,4.040648085,0.377632204,0
57,256,4.43,37560.89189,2375962.754,0.23451,0,0,0.002139,0,0,0,0,0,0,0,0,4.040648085,0.377632204,0
57,256,4.43,37560.89189,2375962.754,0.025372,0,0,0.024145,0.00524,0.38161,14.243,0,0,0,0.151728,0,4.040648085,0.377632204,0
57,256,4.43,37560.89189,2375962.754,0.002382,0,0,0,0.008333,0,0.002308,0,0,0,0,0,4.040648085,0.377632204,0
57,256,4.43,37560.89189,2375962.754,0.00524,0,0,0.011527,0.00524,0,0,0,0,0,0.151728,0,4.040648085,0.377632204,0
57,256,4.43,37560.89189,2375962.754,0.10527,0,0,0,0,0,0,0,0,0,34.746,0,4.040648085,0.377632204,0
57,256,4.43,37560.89189,2375962.754,1.4262,0,0,0,0,0,0,0.33727,0,0,0.151728,0,4.040648085,0.377632204,0
57,256,4.43,37560.89189,2375962.754,0,0,0,0,0,0,4.4928,0,0,0,0.151728,0,4.040648085,0.377632204,0
57,256,4.43,37560.89189,2375962.754,2.1165,0,0,17.76,0,0,0,0,0,0,0.151728,0,4.040648085,0.377632204,37.64634146
57,256,4.43,37560.89189,2375962.754,0.0068531,0,0,0.008335,0,0,0,1.0927,0,0,28.113,0,4.040648085,0.377632204,0
57,256,4.43,37560.89189,2375962.754,0.0094528,0,0,1.0692,0,0,0,0,0,0,0.151728,0,4.040648085,0.377632204,0
57,256,4.43,37560.89189,2375962.754,0,0,0,0.48282,0,0,0,0,0,0,3.9018,0,4.040648085,0.377632204,0
57,256,4.43,37560.89189,2375962.754,0,0,0,0.022218,0,0,0,0,0,0,7.2111,0,4.040648085,0.377632204,0
57,256,4.43,37560.89189,2375962.754,0,0,0,0,0,0,0,0,0,0,0,0,4.040648085,0.377632204,0
57,256,4.43,37560.89189,2375962.754,0.002031,0,0,14.804,0,0,0,0,0,0,27.6384,0,4.040648085,0.377632204,0
57,256,4.43,37560.89189,2375962.754,2.6701,0,0,0,0,0.040918,0,0,0,0,0.151728,0,4.040648085,0.377632204,0
57,256,4.43,37560.89189,2375962.754,0.015764,0,0,0,0.0096305,0,0,0,0,0,1.88184,0,4.040648085,0.377632204,0
57,256,4.43,37560.89189,2375962.754,0,0,0,0.00387,3.2048,0,0,0,0,0,0,0,4.040648085,0.377632204,0
57,256,4.43,37560.89189,2375962.754,0.008336,0,0,0,0,0,0,0,0,0,1.47252,0,4.040648085,0.377632204,0
57,256,4.43,37560.89189,2375962.754,0,0,0,0,0.00014,0,0,0,0,0,0,0,4.040648085,0.377632204,0
57,256,4.43,37560.89189,2375962.754,0.067102,0,0,0.01254,0,0.12353,0,0,0,0,0,0,4.040648085,0.377632204,0
57,256,4.43,37560.89189,2375962.754,0,0,0,0,0,0,0,0,0,0,0,0,4.040648085,0.377632204,0
57,256,4.43,37560.89189,2375962.754,0,0,0,0.008333,0.00524,0,0,0,0,0,0.151728,0,4.040648085,0.377632204,0
57,256,4.43,37560.89189,2375962.754,0,0,0,0,0.046926,0,0,0,0,0,47.883,0,4.040648085,0.377632204,0
57,256,4.43,37560.89189,2375962.754,3.3665,0,0,0,0,0,0,0,0,0,0.151728,0,4.040648085,0.377632204,0
57,256,4.43,37560.89189,2375962.754,0,0,0,16.48,0.31656,0,0,0,0,0,0.151728,0,4.040648085,0.377632204,0
57,256,4.43,37560.89189,2375962.754,0.042738,0,0,0.00315,0.00062,0.000668,0,0,0,0,0.151728,0,4.040648085,0.377632204,0
57,256,4.43,37560.89189,2375962.754,0.46343,0,0,0,0,0,0,0,0,0,0.151728,0,4.040648085,0.377632204,0
57,256,4.43,37560.89189,2375962.754,6.3539,0,0,0,0.0088426,775.66,0,0,0,0,0.151728,0,4.040648085,0.377632204,0
57,256,4.43,37560.89189,2375962.754,37.409,0,0,0,0,0,0,0,0,0,0.151728,0,4.040648085,0.377632204,0
57,256,4.43,37560.89189,2375962.754,0.036852,0,0,8.8181,0.24663,0,0,0,0,0,7.6818,0,4.040648085,0.377632204,0
57,256,4.43,37560.89189,2375962.754,0.010122,0,0.0054435,0,0,0.001655,0.76779,0,0,0,0.151728,0,4.040648085,0.377632204,0
57,256,4.43,37560.89189,2375962.754,0.00524,0,0,56.999,0.25503,0,0,0,0,0,0.273357,0,4.040648085,0.377632204,0
57,256,4.43,37560.89189,2375962.754,36.945,0,0,0.027172,0,0.78972,0,0,0,0,0.151728,0,4.040648085,0.377632204,0
57,256,4.43,37560.89189,2375962.754,0.011015,0,3.3348,0,0,0,0,0,0,0,0,0,4.040648085,0.377632204,0
57,256,4.43,37560.89189,2375962.754,0.013404,0,0,0,0,0,0,0,0,0,11.6058,0,4.040648085,0.377632204,0
57,256,4.43,37560.89189,2375962.754,0.0088426,0,0,4.2796,0,0,0.059897,0,0,0,0.50493,0,4.040648085,0.377632204,0
57,256,4.43,37560.89189,2375962.754,0.017603,0,0,0,0.010479,0,0,0,0,0,0,0,4.040648085,0.377632204,0
57,256,4.43,37560.89189,2375962.754,3.0939,0,0,0,0.001493,0,0.13028,0,0,0,0,0,4.040648085,0.377632204,0
57,256,4.43,37560.89189,2375962.754,0.00524,0,1.332,0.030631,2.8091,0,0,0,0,0,8.5524,0,4.040648085,0.377632204,0
57,256,4.43,37560.89189,2375962.754,4.1811,0,0,0,0.008333,0,0,0,0,0,0.181728,0,4.040648085,0.377632204,0
57,256,4.43,37560.89189,2375962.754,5.5802,0,0,0,0,0,0,11.968,0,0,0,0,4.040648085,0.377632204,0
57,256,4.43,37560.89189,2375962.754,0,0,0,0.00043,0.00524,0,0,0,0,0,0.151728,0,4.040648085,0.377632204,0
57,256,4.43,37560.89189,2375962.754,3.5699,0,0,0,0,0,0,0,0,0,14.8218,0,4.040648085,0.377632204,0
57,256,4.43,37560.89189,2375962.754,15.2,0,0,0.021603,0,0,0,0,0,0,0,0,4.040648085,0.377632204,0
57,256,4.43,37560.89189,2375962.754,0,0,0,0.008333,0,0,0,0,0,0,0.53757,0,4.040648085,0.377632204,0
57,256,4.43,37560.89189,2375962.754,0.025372,0,0,0.000078,0,0,0,0,0,0,0.36594,0,4.040648085,0.377632204,0
57,256,4.43,37560.89189,2375962.754,53.36,0,0,0.008335,0.008333,0,0,0,0,0,0,0,4.040648085,0.377632204,0
57,256,4.43,37560.89189,2375962.754,0,0,0,0,14.269,0,0,0,0,0,0,0,4.040648085,0.377632204,0
57,256,4.43,37560.89189,2375962.754,0,0,0,0,0.27367,0,0,0,0,0,0.28509,0,4.040648085,0.377632204,0
57,256,4.43,37560.89189,2375962.754,0,0,0,0.015552,0,0,0,0,0,0,0.151728,0,4.040648085,0.377632204,0
57,256,4.43,37560.89189,2375962.754,0,0,0,15.197,0.008333,7.545,0,0,0,0,12.0081,0,4.040648085,0.377632204,18.6097561
57,256,4.43,37560.89189,2375962.754,21.786,0,0,0.008336,0,0,0,0,0,0,0.151728,0,4.040648085,0.377632204,0
57,256,4.43,37560.89189,2375962.754,0.17903,0,0,3.8138,0.010373,0,0,0,0,0,20.8818,0,4.040648085,0.377632204,0
57,256,4.43,37560.89189,2375962.754,0.012154,0,0,0.008333,0.019035,0,0,0,0,0,0.42399,0,4.040648085,0.377632204,0
57,256,4.43,37560.89189,2375962.754,0.17094,0,0,0,3.969,0,0,0,0,0,0.271128,0,4.040648085,0.377632204,0
57,256,4.43,37560.89189,2375962.754,0,0,0,0,1.0784,0,0,0,0,0,0,0,4.040648085,0.377632204,0
57,256,4.43,37560.89189,2375962.754,0.008333,0,0,0.003346,0.008133,1.6287,0,0,0,0,0.151728,0,4.040648085,0.377632204,0
57,256,4.43,37560.89189,2375962.754,0.0067502,0,0,0,0,0,0,0,0,0,0,0,4.040648085,0.377632204,0
57,256,4.43,37560.89189,2375962.754,5.5802,0,0,0.84472,0,0,0,0,0,0,2.34936,0,4.040648085,0.377632204,0
57,256,4.43,37560.89189,2375962.754,0,0,0,0.31537,0,0.23142,0.13028,0,0,0,0,0,4.040648085,0.377632204,0
57,256,4.43,37560.89189,2375962.754,16.603,0,0,0,0.0094528,0.28057,0,0,0,0,0.151728,0,4.040648085,0.377632204,0
57,256,4.43,37560.89189,2375962.754,0.46343,0,0,2.1757,0,0.54889,25.715,0,0,0,0,0,4.040648085,0.377632204,0
57,256,4.43,37560.89189,2375962.754,12.38,0,0,12.177,0,0,0,0,0,0,0.151728,0,4.040648085,0.377632204,0
57,256,4.43,37560.89189,2375962.754,0,0,0,0,0,0,0,0,0,0,11.5818,0,4.040648085,0.377632204,0
57,256,4.43,37560.89189,2375962.754,0.49815,0,0,223.54,0,0,0,0,0,0,0,0,4.040648085,0.377632204,0
57,256,4.43,37560.89189,2375962.754,0,0,0,0,0,0.044975,0,0.79321,0,0,4.8618,0,4.040648085,0.377632204,0
57,256,4.43,37560.89189,2375962.754,0.012154,0,0,0.01836,0,1.2403,0,0,0,0,0.6021,0,4.040648085,0.377632204,0
57,256,4.43,37560.89189,2375962.754,0.014402,0,0,0,0,0,0,0,0,0,3.1278,0,4.040648085,0.377632204,0
57,256,4.43,37560.89189,2375962.754,1.1697,0,0,0,0,0,0,0,0,0,1.97832,0,4.040648085,0.377632204,0
57,256,4.43,37560.89189,2375962.754,0,0,0,0,12.308,0,0,0,0,0,0,0,4.040648085,0.377632204,0
57,256,4.43,37560.89189,2375962.754,0,0,0,0,0,0,0,0,0,0,5.4381,0,4.040648085,0.377632204,0
57,256,4.43,37560.89189,2375962.754,0,0,0,0,0,0,0,0,0,0,44.763,0,4.040648085,0.377632204,0
57,256,4.43,37560.89189,2375962.754,0,0,0,0,0.008333,0,0,0,0,0,0,0,4.040648085,0.377632204,0
57,256,4.43,37560.89189,2375962.754,0.031802,0,0,0.47974,0.008333,0,0,0,0,0,0,0,4.040648085,0.377632204,0
57,256,4.43,37560.89189,2375962.754,0.010963,0,0,7.8163,0.003346,0,25.715,0,0,0,0.181728,0,4.040648085,0.377632204,0
57,256,4.43,37560.89189,2375962.754,0.008333,0,1.5932,0,0,0,0.59876,0,0,0,0.151728,0,4.040648085,0.377632204,0
57,256,4.43,37560.89189,2375962.754,4.9504,0,0.000124,0.18118,0,10.661,0,0,0,0,3.3018,0,4.040648085,0.377632204,0
57,256,4.43,37560.89189,2375962.754,0.008004,0,0,0,0.008332,0,0,0,0,0,0,0,4.040648085,0.377632204,0
57,256,4.43,37560.89189,2375962.754,0,0,0,1.4572,0,0,0.67053,0,0,0,0.65616,0,4.040648085,0.377632204,0
57,256,4.43,37560.89189,2375962.754,0,0,0,0.002139,0,0,0,0,0,0,0,0,4.040648085,0.377632204,0
57,256,4.43,37560.89189,2375962.754,0,0,0,0,0,0,0,0,0,0,0.151728,0,4.040648085,0.377632204,0
57,256,4.43,37560.89189,2375962.754,0.067102,0,25.373,9.5845,0,0,0,0,0,0,7.8042,0,4.040648085,0.377632204,0
57,256,4.43,37560.89189,2375962.754,0.00524,0,0,0.00524,0,0,28.076,0,0,0,0.151728,0,4.040648085,0.377632204,0
57,256,4.43,37560.89189,2375962.754,0.008333,0,0,0,0,0,0,0,0,0,0.44541,0,4.040648085,0.377632204,0
57,256,4.43,37560.89189,2375962.754,53.36,0,0,0,0,0,0,0,0,0,0.151728,0,4.040648085,0.377632204,0
57,256,4.43,37560.89189,2375962.754,43.218,0,0,0,0.0062156,0,0,0,0,0,0.151728,0,4.040648085,0.377632204,0
57,256,4.43,37560.89189,2375962.754,2.2256,0,0,0,0,1.1637,0,0,0,0,0,0,4.040648085,0.377632204,0
57,256,4.43,37560.89189,2375962.754,0,0,0,0.008333,0.4786,0,0,0,0,0,1.91388,0,4.040648085,0.377632204,0
57,256,4.43,37560.89189,2375962.754,0.043506,0,0,244.5,0.10502,0,0,0,0,0,0,0,4.040648085,0.377632204,79.73170732
57,256,4.43,37560.89189,2375962.754,0,0,0,0.00524,0,0,0,0,0,0,45.663,0,4.040648085,0.377632204,0
57,256,4.43,37560.89189,2375962.754,0.00036,0,0,0.017468,0,0,0,0,0,0,0.279822,0,4.040648085,0.377632204,0
57,256,4.43,37560.89189,2375962.754,0,0,0,0,0,0,0,0,0,0,0,0,4.040648085,0.377632204,0
57,256,4.43,37560.89189,2375962.754,1.7403,0,0,0.00524,0.003538,0,0,0,0,0,0.151728,0,4.040648085,0.377632204,0
57,256,4.43,37560.89189,2375962.754,0,0,0,0.008333,0.000688,0,0,0,0,0,4.8507,0,4.040648085,0.377632204,0
57,256,4.43,37560.89189,2375962.754,2.0814,0,0,0,0.002156,4.8967,6.9551,0,0,0,0.151728,0,4.040648085,0.377632204,0
57,256,4.43,37560.89189,2375962.754,2.2987,0,0,0,0,0.05486,0,0,0,0,4.4358,0,4.040648085,0.377632204,0
57,256,4.43,37560.89189,2375962.754,0,0,0,0,0.014719,0,0,0,0,0,0,0,4.040648085,0.377632204,0
57,256,4.43,37560.89189,2375962.754,0.001267,0,0,223.54,0,0,0,0.70822,0,0,3.4818,0,4.040648085,0.377632204,0
57,256,4.43,37560.89189,2375962.754,0,0,0,0,0,0,0,0,0,0,0,0,4.040648085,0.377632204,0
57,256,4.43,37560.89189,2375962.754,0,0,0,0,0.000739,0,0,0,0,0,3.1278,0,4.040648085,0.377632204,0
57,256,4.43,37560.89189,2375962.754,1.385,0,0,0,0,0.00524,0.10863,0,0,0,0.151728,0,4.040648085,0.377632204,0
57,256,4.43,37560.89189,2375962.754,0.28712,0,0,0,0,0,0,0,0,0,0.151728,0,4.040648085,0.377632204,0
57,256,4.43,37560.89189,2375962.754,0.00833,0,0,0,0,0,0,0,0,0,0,0,4.040648085,0.377632204,0
57,256,4.43,37560.89189,2375962.754,0,0,0,0,0.008333,0,0,0,0,0,8.7318,0,4.040648085,0.377632204,0
57,256,4.43,37560.89189,2375962.754,0,0,0,0,0,0,0,0,0,0,0.151728,0,4.040648085,0.377632204,32.01219512
57,256,4.43,37560.89189,2375962.754,0.001434,0,0,0,0,0,0,0,0,0,0,0,4.040648085,0.377632204,0
57,256,4.43,37560.89189,2375962.754,0,0,0,0,0.002031,0,0,0,0,0,0.151728,0,4.040648085,0.377632204,0
57,256,4.43,37560.89189,2375962.754,0,0,0,30.329,0,0,0,0,0,0,4.5897,0,4.040648085,0.377632204,0
57,256,4.43,37560.89189,2375962.754,0,0,0,0,14.856,0,0,0,0.11441,0,0.151728,0,4.040648085,0.377632204,0
57,256,4.43,37560.89189,2375962.754,8.2504,0,0,0,0,0,0,0,0,0,22.617,0,4.040648085,0.377632204,0
57,256,4.43,37560.89189,2375962.754,0,0,0,0,0,0,0,0,0,0,1.62018,0,4.040648085,0.377632204,0
57,256,4.43,37560.89189,2375962.754,0.00524,0,0,0.008332,68.77,8.1854,0,0,0,0,16.0221,0,4.040648085,0.377632204,0
57,256,4.43,37560.89189,2375962.754,0.001669,0,0,0,0,0,0,0,0,0,0.151728,0,4.040648085,0.377632204,0
57,256,4.43,37560.89189,2375962.754,0,0,0,0,0,0,0,0,0,0,12.3399,0,4.040648085,0.377632204,0
57,256,4.43,37560.89189,2375962.754,0.11748,0,0,0,0.002868,0,0,0,0,0,14.0655,0,4.040648085,0.377632204,0
57,256,4.43,37560.89189,2375962.754,0.002011,0,0,0,0.67961,0.78866,0,0,0,0,0.151728,0,4.040648085,0.377632204,0
57,256,4.43,37560.89189,2375962.754,0,0,0,55.04,0.00524,0,0,0,0,0,1.17456,0,4.040648085,0.377632204,0
57,256,4.43,37560.89189,2375962.754,0,0,0,0,0,0,0,0,0,0,0.286419,0,4.040648085,0.377632204,0
57,256,4.43,37560.89189,2375962.754,0,0,0.80154,0,0,0,0,0,0,0,0,0,4.040648085,0.377632204,0
57,256,4.43,37560.89189,2375962.754,0.002031,0,0,0,0,0,0,0,0,0,15.3204,0,4.040648085,0.377632204,0
57,256,4.43,37560.89189,2375962.754,0,0,10.101,0,0,0,10.791,0,0,0,0,0,4.040648085,0.377632204,0
57,256,4.43,37560.89189,2375962.754,0.0056959,0,0,0,0.000688,0,0,0,0,0,0.151728,0,4.040648085,0.377632204,0
57,256,4.43,37560.89189,2375962.754,0,0,0,0.48282,0,0,0,0,0,0,0,0,4.040648085,0.377632204,0
57,256,4.43,37560.89189,2375962.754,2.1571,0,0,0,0,0,0,0,0,0,3.4818,0,4.040648085,0.377632204,0
58,257,1,192360.3103,12168000,0,0,0,2.6593,11.928,0.78144,0,0,0,0,0.78174,0.308645201,19.20646109,1.79500369,0
58,257,1,192360.3103,12168000,0.008333,0,0,0.000688,0,0,0,0,0,0,0.27432,0.496109546,19.20646109,1.79500369,0
58,257,1,192360.3103,12168000,0.034133,0,0,0,3.1902,0,0,0.79321,0,0,0.70485,20.03672595,19.20646109,1.79500369,0
59,258,1,196984.3562,12460500,0,0,0,0,0,0,0.40452,0,0,0,5.2875,107.6982002,17.37573874,1.623907445,0
59,258,1,196984.3562,12460500,0.088719,0,0,0,0,0,0,0,0,0,0.269961,0.301225485,17.37573874,1.623907445,0
60,259,1,240937.1295,15240789.47,0.007221,0,0,0,0,0,0,0,0,0,42.996,0,21.62546659,2.021079893,0
60,259,1,240937.1295,15240789.47,0.85316,0,0,0,0,0,0.60778,0,0,0,0.151728,0,21.62546659,2.021079893,37.47560976
60,259,1,240937.1295,15240789.47,6.2048,0,0,0,0.03958,0,0,0,0,0,22.6218,0,21.62546659,2.021079893,0
60,259,1,240937.1295,15240789.47,0.65673,0,0,0.14897,0,0,0,0,0,0,0,0,21.62546659,2.021079893,0
60,259,1,240937.1295,15240789.47,0,0,0,0.16809,0,2.6999,0,0,0,0,2.3544,0,21.62546659,2.021079893,0
60,259,1,240937.1295,15240789.47,0,0,0,0.005239,0,0,0,0,0,0,0,0,21.62546659,2.021079893,0
60,259,1,240937.1295,15240789.47,0,0,0,11.552,0.15682,0,21.198,1.6333,0,0,0,0,21.62546659,2.021079893,9.646341463
60,259,1,240937.1295,15240789.47,0.68217,0,0,0,30.954,0,0,0,0,0,0.31059,0,21.62546659,2.021079893,73.41463415
60,259,1,240937.1295,15240789.47,0.012671,0,0,0.67703,0,0,0,0,0,0,0.276939,0,21.62546659,2.021079893,60.09756098
60,259,1,240937.1295,15240789.47,6.5562,0,0,0.26453,0,0,13.456,0,0,0,1.47252,0,21.62546659,2.021079893,0
60,259,1,240937.1295,15240789.47,0,0,0,0.008336,0.003822,8.1854,0,0,0,0,0.292407,0,21.62546659,2.021079893,0
60,259,1,240937.1295,15240789.47,1.1394,0,0,0.01172,0.008336,0,0.59876,0,0,0,0,0,21.62546659,2.021079893,0
60,259,1,240937.1295,15240789.47,0.003538,0,2.4044,0,0,0,5.7012,0,0,0,0.151728,0,21.62546659,2.021079893,0
60,259,1,240937.1295,15240789.47,0.0724,0,0,0,14.084,0,0,0,0,0,0.34434,0,21.62546659,2.021079893,0
60,259,1,240937.1295,15240789.47,0.052214,0,0,3.1662,9.5619,0,0,0,0,0,47.328,0,21.62546659,2.021079893,0
60,259,1,240937.1295,15240789.47,0,0,0,0,0,0,0,0,0,0,66.003,0,21.62546659,2.021079893,0
60,259,1,240937.1295,15240789.47,0,0,0,0.0088426,0.2943,0,0,0,0,0,56.145,0,21.62546659,2.021079893,43.79268293
60,259,1,240937.1295,15240789.47,0.012568,0,0,0,0,0,0,7.6372,0,0,0.285792,0,21.62546659,2.021079893,0
60,259,1,240937.1295,15240789.47,14.115,0,0.27894,0,5.1226,0,0.13028,0,0,0,0.151728,0,21.62546659,2.021079893,0
61,260,131.212,5.567962127,352.2086395,0.003465,0.00524,0,0,0,0,0,0,0,0,0.151728,0,0.000598892,5.59715E-05,0
61,260,131.212,5.567962127,352.2086395,0,0,0,0,0,0,0,0,0,0,0.93561,0,0.000598892,5.59715E-05,0
61,260,131.212,5.567962127,352.2086395,0.016668,0,0,0,0,0,0,0,0,0,0,0,0.000598892,5.59715E-05,0
61,260,131.212,5.567962127,352.2086395,0,0,0,0,0,0,0,0,0,0,1.04805,0,0.000598892,5.59715E-05,0
61,260,131.212,5.567962127,352.2086395,0,0,0,0,0,0,0,0,0,0,0.151728,0,0.000598892,5.59715E-05,0
61,260,131.212,5.567962127,352.2086395,0.016573,0,0,0,0,0,0,0,0,0,0.278694,0,0.000598892,5.59715E-05,0
61,260,131.212,5.567962127,352.2086395,0.0071287,0,0,0,0,0,0,0,0,0,5.1444,0,0.000598892,5.59715E-05,0
61,260,131.212,5.567962127,352.2086395,0,0,0,2.5093,0,0,1.6669,0,0,0,0,0,0.000598892,5.59715E-05,0
61,260,131.212,5.567962127,352.2086395,0.10348,0,0,0,0,0,0,0,0,0,0.151728,0,0.000598892,5.59715E-05,0
61,260,131.212,5.567962127,352.2086395,0,0,0,0,0,0,0,0,0,0,3.6285,0,0.000598892,5.59715E-05,0
61,260,131.212,5.567962127,352.2086395,0.40581,0,0,0,0,0.57598,0.10863,0,0,0,2.76954,0,0.000598892,5.59715E-05,0
61,260,131.212,5.567962127,352.2086395,2.2541,0,0,0,0,0,0,0,0,0,2.21292,0,0.000598892,5.59715E-05,0
61,260,131.212,5.567962127,352.2086395,0,0,0,0,0,0,0,0,0,0,0.151728,0,0.000598892,5.59715E-05,0
61,260,131.212,5.567962127,352.2086395,0,0,0,0,0,0,0,0,0,0,0.48174,0,0.000598892,5.59715E-05,0
61,260,131.212,5.567962127,352.2086395,0.000078,0,0,0,0,0,0,0,0,0,0,0,0.000598892,5.59715E-05,0
61,260,131.212,5.567962127,352.2086395,1.0767,0,0,0,0,0,0,0,0,0,0.34434,0,0.000598892,5.59715E-05,0
61,260,131.212,5.567962127,352.2086395,0,0,0,0,0,0,0.13028,0,0,0,0.151728,0,0.000598892,5.59715E-05,0
61,260,131.212,5.567962127,352.2086395,0.070537,0,0,0,0,0,0,0,0,0,2.6481,0,0.000598892,5.59715E-05,0
61,260,131.212,5.567962127,352.2086395,0,0,0,0,0,0,0,0,0,0,0.151728,0,0.000598892,5.59715E-05,0
61,260,131.212,5.567962127,352.2086395,0,0,0.007762,0,0,0,0,0,0,0,0,0,0.000598892,5.59715E-05,0
61,260,131.212,5.567962127,352.2086395,0,0,0,0,0,0,0.002308,0,0,0,0,0,0.000598892,5.59715E-05,0
61,260,131.212,5.567962127,352.2086395,0,0,0,0,0,0,0,0,0,0,0,0,0.000598892,5.59715E-05,0
61,260,131.212,5.567962127,352.2086395,0,0,0,2.0217,0,0,0,0,0,0,0.151728,0,0.000598892,5.59715E-05,0
61,260,131.212,5.567962127,352.2086395,0,0,0,0,0,0,0.40452,0,0,0,0.151728,0,0.000598892,5.59715E-05,0
61,260,131.212,5.567962127,352.2086395,0,0,0,0.6082,0,0,0,0,0,0,0.72228,0,0.000598892,5.59715E-05,0
61,260,131.212,5.567962127,352.2086395,0,0,0,0,0,0,0,0,0,0,0.293496,0,0.000598892,5.59715E-05,0
61,260,131.212,5.567962127,352.2086395,3.9444,0,0,0.00014,0,0,0.60778,0,0,0,0,0,0.000598892,5.59715E-05,0
61,260,131.212,5.567962127,352.2086395,0,0,0,0,0,0,0.13028,0,0,0,3.6918,0,0.000598892,5.59715E-05,0
61,260,131.212,5.567962127,352.2086395,0,0.0087735,0,0,0,0,0,0,0,0,0.151728,0,0.000598892,5.59715E-05,0
61,260,131.212,5.567962127,352.2086395,0.0047435,0,0,0,0,0,0.13028,0,0,0,0.151728,0,0.000598892,5.59715E-05,0
61,260,131.212,5.567962127,352.2086395,0.000078,0,0,0,0,3.4282,0,0,0,0,1.74174,0,0.000598892,5.59715E-05,0
61,260,131.212,5.567962127,352.2086395,0,0,0,0,0,0,0.42744,0,0,0,1.90248,0,0.000598892,5.59715E-05,0
61,260,131.212,5.567962127,352.2086395,0,0,0,0,0,0,0,0,0,0,0.280446,0,0.000598892,5.59715E-05,0
61,260,131.212,5.567962127,352.2086395,0,0,0,0,0,0,0.40452,0,0,0,0,0,0.000598892,5.59715E-05,0
61,260,131.212,5.567962127,352.2086395,0,0,0,0.0015935,0,0,0,0,0,0,0.151728,0,0.000598892,5.59715E-05,0
61,260,131.212,5.567962127,352.2086395,0.31985,0,0,0,0,0,0,0,0,0,0.27432,0,0.000598892,5.59715E-05,0
61,260,131.212,5.567962127,352.2086395,0,0.009915,0,0,0,0,0.13028,0,0,0,0.270372,0,0.000598892,5.59715E-05,0
61,260,131.212,5.567962127,352.2086395,0,0,0,0,0,0.015103,0,0,0,0,0.151728,0,0.000598892,5.59715E-05,0
61,260,131.212,5.567962127,352.2086395,0,0,0,0,0,0,0,0,0,0,2.3544,0,0.000598892,5.59715E-05,0
61,260,131.212,5.567962127,352.2086395,0,0,0,0,0,0,0,0,0,0,0,0,0.000598892,5.59715E-05,0
61,260,131.212,5.567962127,352.2086395,0,0,0,0,0,0,0.13028,0,0,0,0.151728,0,0.000598892,5.59715E-05,0
61,260,131.212,5.567962127,352.2086395,0.40581,0,0,0,0,0,0,0,0,0,0.151728,0,0.000598892,5.59715E-05,0
61,260,131.212,5.567962127,352.2086395,0,0.009004,0,0,0,0.056253,0,0,0,0,0.278526,0,0.000598892,5.59715E-05,0
61,260,131.212,5.567962127,352.2086395,0,0,0,0,0,0,0,0,0,0,0.151728,0,0.000598892,5.59715E-05,0
61,260,131.212,5.567962127,352.2086395,0,0,0,0,0,0,0,0,0,0,0.151728,0,0.000598892,5.59715E-05,0
61,260,131.212,5.567962127,352.2086395,0,0,0,0,0,0,0.10863,0,0,0,0.279942,0,0.000598892,5.59715E-05,0
61,260,131.212,5.567962127,352.2086395,0,0,0,0,0,0,0,0,0,0,4.1406,0,0.000598892,5.59715E-05,0
61,260,131.212,5.567962127,352.2086395,0,0,0,0.75184,0,0,0.13028,0,0,0,0.151728,0,0.000598892,5.59715E-05,0
61,260,131.212,5.567962127,352.2086395,0,0,0,0,0,0,0,0,0,0,0.151728,0,0.000598892,5.59715E-05,0
61,260,131.212,5.567962127,352.2086395,0,0,0,0,0,0,0,0,0,0,5.1444,0,0.000598892,5.59715E-05,0
61,260,131.212,5.567962127,352.2086395,0,0,0,0,0,0,0,0,0,0,0,0,0.000598892,5.59715E-05,0
61,260,131.212,5.567962127,352.2086395,1.0643,0,0,0,0,0.77921,0.78605,0,0,0,0,0,0.000598892,5.59715E-05,0
61,260,131.212,5.567962127,352.2086395,0,0,0,0.16013,0,0,0,0,0,0,0,0,0.000598892,5.59715E-05,0
61,260,131.212,5.567962127,352.2086395,0.87594,0.008803,0.16147,0,0,0,0.13028,0,0,0,0,0,0.000598892,5.59715E-05,0
61,260,131.212,5.567962127,352.2086395,0.1927,0,0,0,0,0,0,0,0,0,0,0,0.000598892,5.59715E-05,0
61,260,131.212,5.567962127,352.2086395,0,0,0.60238,0,0,0,0,0,0,0,0.151728,0,0.000598892,5.59715E-05,0
61,260,131.212,5.567962127,352.2086395,0.046641,0,0,0,0,0,0,0,0,0,0.151728,0,0.000598892,5.59715E-05,0
61,260,131.212,5.567962127,352.2086395,0,0,0,0,0,0,0,0,0,0,0,0,0.000598892,5.59715E-05,0
61,260,131.212,5.567962127,352.2086395,0,0,0,0,0,0,0,0,0,0,0.276939,0,0.000598892,5.59715E-05,0
61,260,131.212,5.567962127,352.2086395,0,0,0,0,0,0.79351,0,0,0,0,0.151728,0,0.000598892,5.59715E-05,0
61,260,131.212,5.567962127,352.2086395,0,0,0,0.01986,0,0,0,0,0,0,0,0,0.000598892,5.59715E-05,0
61,260,131.212,5.567962127,352.2086395,0,0,0,0,0,0,0,0,0,0,5.0652,0,0.000598892,5.59715E-05,0
61,260,131.212,5.567962127,352.2086395,2.7291,0,0,0,0,0.77927,0,0,0,0,0,0,0.000598892,5.59715E-05,0
61,260,131.212,5.567962127,352.2086395,0,0,0,0,0,0.77921,0,0,0,0,0.151728,0,0.000598892,5.59715E-05,0
61,260,131.212,5.567962127,352.2086395,0,0,0,0,0,0.00019,0,0,0,0,0,0,0.000598892,5.59715E-05,0
61,260,131.212,5.567962127,352.2086395,0,0,0,0,0,0,0.13028,0,0,0,0.273384,0,0.000598892,5.59715E-05,0
61,260,131.212,5.567962127,352.2086395,0,0,0,0,0,0,0,0,0,0,0.151728,0,0.000598892,5.59715E-05,0
61,260,131.212,5.567962127,352.2086395,0,0,0,0,0,0,0,0,0,0,0.151728,0,0.000598892,5.59715E-05,0
61,260,131.212,5.567962127,352.2086395,0,0,0,0,0,0.79321,0,0,0,0,1.67382,0,0.000598892,5.59715E-05,0
61,260,131.212,5.567962127,352.2086395,0,0,0,0,0,0,0,0,0,0,0,0,0.000598892,5.59715E-05,0
61,260,131.212,5.567962127,352.2086395,0,0,0,0.008333,0,2.2803,0,0,0,0,0.151728,0,0.000598892,5.59715E-05,0
61,260,131.212,5.567962127,352.2086395,0,0,0,0,0,0,0.13028,0,0,0,0.72174,0,0.000598892,5.59715E-05,0
61,260,131.212,5.567962127,352.2086395,0,0,0,0.0062156,0,0,0,0,0,0,0,0,0.000598892,5.59715E-05,0
61,260,131.212,5.567962127,352.2086395,0,2.4199,0,0,0,0,0.40452,0,0,0,0.75174,0,0.000598892,5.59715E-05,0
61,260,131.212,5.567962127,352.2086395,0,0,0,0,0,0,0,0,0,0,0,0,0.000598892,5.59715E-05,0
61,260,131.212,5.567962127,352.2086395,0,0,0,0,0,0,0,0,0,0,0,0,0.000598892,5.59715E-05,0
61,260,131.212,5.567962127,352.2086395,0,0,0,0.008333,0,0,0,0,0,0,0.151728,0,0.000598892,5.59715E-05,0
61,260,131.212,5.567962127,352.2086395,0,0,0,0,0,0,2.4054,0,0,0,0.151728,0,0.000598892,5.59715E-05,0
61,260,131.212,5.567962127,352.2086395,0,0,0,0,0,0,0,0,0,0,0,0,0.000598892,5.59715E-05,0
61,260,131.212,5.567962127,352.2086395,2.0562,0,0,0,0,0,0.13028,0,0,0,0,0,0.000598892,5.59715E-05,0
61,260,131.212,5.567962127,352.2086395,0,0,0,0,0,0,0.10863,0,0,0,0.50493,0,0.000598892,5.59715E-05,0
61,260,131.212,5.567962127,352.2086395,0,0,0,0.008365,0,0,0,0,0,0,1.27536,0,0.000598892,5.59715E-05,0
61,260,131.212,5.567962127,352.2086395,0,0,0,0,0,0,0.40452,0,0,0,0.151728,0,0.000598892,5.59715E-05,0
61,260,131.212,5.567962127,352.2086395,0,0,0,0,0,0,0,0,0,0,0.151728,0,0.000598892,5.59715E-05,0
61,260,131.212,5.567962127,352.2086395,0,0,0,0,0,1.5549,0,0,0,0,0.151728,0,0.000598892,5.59715E-05,0
61,260,131.212,5.567962127,352.2086395,0,0,0,0,0,0,0,0,0,0,0,0,0.000598892,5.59715E-05,0
61,260,131.212,5.567962127,352.2086395,0,0,0,0,0,0.79321,0.13028,0,0,0,0.151728,0,0.000598892,5.59715E-05,0
61,260,131.212,5.567962127,352.2086395,0.00062,0.0015055,0,0,0,4.1953,0,0,0,0,0.276939,0,0.000598892,5.59715E-05,0
61,260,131.212,5.567962127,352.2086395,0.22468,0,0,0.00043,0,0,0,0,0,0,0,0,0.000598892,5.59715E-05,0
61,260,131.212,5.567962127,352.2086395,0.00062,0,0,0,0,0,0,0,0,0,0.280578,0,0.000598892,5.59715E-05,0
61,260,131.212,5.567962127,352.2086395,0.00062,0,0,0,0,0.79321,0,0,0,0,0,0,0.000598892,5.59715E-05,0
61,260,131.212,5.567962127,352.2086395,0,0,0,0,0,0,0.13028,0,0,0,0.151728,0,0.000598892,5.59715E-05,0
61,260,131.212,5.567962127,352.2086395,0,0,0,0,0,0,0,0,0,0,0.151728,0,0.000598892,5.59715E-05,0
61,260,131.212,5.567962127,352.2086395,0,0,0,0,0,0,0,0,0,0,1.08798,0,0.000598892,5.59715E-05,0
61,260,131.212,5.567962127,352.2086395,0,0.008333,0,0.12808,0,0,0,0,0,0,0.290478,0,0.000598892,5.59715E-05,0
61,260,131.212,5.567962127,352.2086395,0,0,0,0,0,0,0,0,0,0,0,0,0.000598892,5.59715E-05,0
61,260,131.212,5.567962127,352.2086395,0,0.016216,0,0,0,0,0.10863,0,0,0,0,0,0.000598892,5.59715E-05,0
61,260,131.212,5.567962127,352.2086395,0,0,0,0,0,0,0.13028,0,0,0,0,0,0.000598892,5.59715E-05,0
61,260,131.212,5.567962127,352.2086395,2.0562,0,0,0,0,0,0,0,0,0,0,0,0.000598892,5.59715E-05,0
61,260,131.212,5.567962127,352.2086395,0.000765,0,0,0,0,0,0,0,0,0,0,0,0.000598892,5.59715E-05,0
61,260,131.212,5.567962127,352.2086395,0,0,0,0,0,0,0.13028,0,0,0,0.151728,0,0.000598892,5.59715E-05,0
61,260,131.212,5.567962127,352.2086395,0,0,0.0083335,0,0,0,0,0,0,0,0.30174,0,0.000598892,5.59715E-05,0
61,260,131.212,5.567962127,352.2086395,0,0,0,0,0,0,0,0,0,0,0.151728,0,0.000598892,5.59715E-05,0
61,260,131.212,5.567962127,352.2086395,0,0,0,0,0,0,0.10863,0,0,0,0,0,0.000598892,5.59715E-05,0
61,260,131.212,5.567962127,352.2086395,0,0,0,0,0,0,0,0,0,0,0,0,0.000598892,5.59715E-05,0
61,260,131.212,5.567962127,352.2086395,0.000234,0,0,0,0,0,0,0,0,0,0.151728,0,0.000598892,5.59715E-05,0
61,260,131.212,5.567962127,352.2086395,0.022752,0,0,0,0,0,0.059897,0,0,0,0.31755,0,0.000598892,5.59715E-05,0
61,260,131.212,5.567962127,352.2086395,0,0,0,0,0,0,0,0,0,0,0.87174,0,0.000598892,5.59715E-05,0
61,260,131.212,5.567962127,352.2086395,0.002784,0,0,0,0,0,0,0,0,0,0.151728,0,0.000598892,5.59715E-05,0
61,260,131.212,5.567962127,352.2086395,0,0,0,0,0,0,0,0,0,0,0.151728,0,0.000598892,5.59715E-05,0
61,260,131.212,5.567962127,352.2086395,0.003948,0,0,0,0,0,0,0,0,0,0,0,0.000598892,5.59715E-05,0
61,260,131.212,5.567962127,352.2086395,0,0,0,0,0,1.3976,0,0,0,0,2.29656,0,0.000598892,5.59715E-05,0
61,260,131.212,5.567962127,352.2086395,0.059844,0,0,0,0,0,0,0,0,0,4.515,0,0.000598892,5.59715E-05,0
61,260,131.212,5.567962127,352.2086395,0.00062,0,0,0,0,0,0,0,0,0,0.151728,0,0.000598892,5.59715E-05,0
61,260,131.212,5.567962127,352.2086395,0.092602,0,0,0,0,0,0,0,0,0,0,0,0.000598892,5.59715E-05,0
61,260,131.212,5.567962127,352.2086395,0,0,0,0,0,0.77806,0,0,0,0,0.55899,0,0.000598892,5.59715E-05,0
61,260,131.212,5.567962127,352.2086395,0,0,0,0,0,0,0,0,0,0,4.6839,0,0.000598892,5.59715E-05,0
61,260,131.212,5.567962127,352.2086395,0,0,0.089374,0,0,0,0.67927,0,0,0,0.151728,0,0.000598892,5.59715E-05,0
61,260,131.212,5.567962127,352.2086395,0,0,0,0.008333,0,0,0,0,0,0,0.151728,0,0.000598892,5.59715E-05,0
61,260,131.212,5.567962127,352.2086395,0,0.14159,0,0,0,0,0,0,0,0,0.285792,0,0.000598892,5.59715E-05,0
61,260,131.212,5.567962127,352.2086395,0,0,0,0,0,0,0,0,0,0,0,0,0.000598892,5.59715E-05,0
61,260,131.212,5.567962127,352.2086395,0,0.0071766,0.076941,0,0,0,0.60778,0,0,0,0.151728,0,0.000598892,5.59715E-05,0
61,260,131.212,5.567962127,352.2086395,0,0,0,0,0,0,0.13028,0,0,0,0.55899,0,0.000598892,5.59715E-05,0
61,260,131.212,5.567962127,352.2086395,0,0,0,0,0,0,0,0,0,0,1.70622,0,0.000598892,5.59715E-05,0
61,260,131.212,5.567962127,352.2086395,0,0,0,0,0,0,0,0,0,0,0.90174,0,0.000598892,5.59715E-05,0
61,260,131.212,5.567962127,352.2086395,0,0,0,0,0,0,0,0,0,0,0.151728,0,0.000598892,5.59715E-05,0
61,260,131.212,5.567962127,352.2086395,0.6449,0,0,0,0,0,0,0,0,0,1.27536,0,0.000598892,5.59715E-05,0
61,260,131.212,5.567962127,352.2086395,0,0,0,0,0,0,0.13028,0,0,0,0.70734,0,0.000598892,5.59715E-05,0
61,260,131.212,5.567962127,352.2086395,1.7536,0,0,0,0,0.78884,0,0,0,0,0,0,0.000598892,5.59715E-05,0
61,260,131.212,5.567962127,352.2086395,2.0704,0,0,0.46453,0,0,0,0,0,0,0,0,0.000598892,5.59715E-05,0
61,260,131.212,5.567962127,352.2086395,0.1963,0,0,0,0,0.77904,0.13028,0,0,0,1.27536,0,0.000598892,5.59715E-05,0
61,260,131.212,5.567962127,352.2086395,0.027207,0,0,0,0,0,0,0,0,0,0.78174,0,0.000598892,5.59715E-05,0
61,260,131.212,5.567962127,352.2086395,0.30279,0,0.34717,0,0,0,0,0,0,0,1.38174,0,0.000598892,5.59715E-05,0
61,260,131.212,5.567962127,352.2086395,0,0,0,0.19827,0,0,0,0,0,0,0.78174,0,0.000598892,5.59715E-05,0
61,260,131.212,5.567962127,352.2086395,0.00328,0,0,0,0,0,0.59876,0,0,0,0,0,0.000598892,5.59715E-05,0
61,260,131.212,5.567962127,352.2086395,0,0,0,0,0,0,0,0,0,0,1.63956,0,0.000598892,5.59715E-05,0
61,260,131.212,5.567962127,352.2086395,0.14171,0,0,0,0,0.77921,0.13028,0,0,0,0.151728,0,0.000598892,5.59715E-05,0
61,260,131.212,5.567962127,352.2086395,0,0,0,0,0,0,0,0,0,0,0.94704,0,0.000598892,5.59715E-05,0
61,260,131.212,5.567962127,352.2086395,0,0,0,0.0007275,0,0,0,0,0,0,0,0,0.000598892,5.59715E-05,0
61,260,131.212,5.567962127,352.2086395,0,0,0,0,0,0,0,0,0,0,0,0,0.000598892,5.59715E-05,0
61,260,131.212,5.567962127,352.2086395,0,2.9791,0,0,0,0,0.13028,0,0,0,0,0,0.000598892,5.59715E-05,0
61,260,131.212,5.567962127,352.2086395,0,0,0,0,0,0,0,0,0,0,0,0,0.000598892,5.59715E-05,0
61,260,131.212,5.567962127,352.2086395,0,0,0,0,0,0,0,0,0,0,0,0,0.000598892,5.59715E-05,0
61,260,131.212,5.567962127,352.2086395,0,0,0,0,0,0,0,0,0,0,3.9402,0,0.000598892,5.59715E-05,0
61,260,131.212,5.567962127,352.2086395,0,0.018473,0,0,0,0.002317,0,0,0,0,0.151728,0,0.000598892,5.59715E-05,0
61,260,131.212,5.567962127,352.2086395,0,0,0,0,0,0,0,0,0,0,0.151728,0,0.000598892,5.59715E-05,0
61,260,131.212,5.567962127,352.2086395,0.26564,0,0,0,0,0,0,0,0,0,1.33728,0,0.000598892,5.59715E-05,0
61,260,131.212,5.567962127,352.2086395,0,0,0,0,0,0,0,0,0,0,0,0,0.000598892,5.59715E-05,0
61,260,131.212,5.567962127,352.2086395,0,0,0,0,0,0,0,0,0,0,0.151728,0,0.000598892,5.59715E-05,0
61,260,131.212,5.567962127,352.2086395,0,0,0,0,0,0,0,0,0,0,0.151728,0,0.000598892,5.59715E-05,0
61,260,131.212,5.567962127,352.2086395,0.005958,1.4691,0,0,0,0,0.59876,0,0,0,2.68779,0,0.000598892,5.59715E-05,0
61,260,131.212,5.567962127,352.2086395,0,0.53595,0,0,0,0,0,0,0,0,0,0,0.000598892,5.59715E-05,0
61,260,131.212,5.567962127,352.2086395,0,0,0,0,0,0,0.13028,0,0,0,0.271728,0,0.000598892,5.59715E-05,0
61,260,131.212,5.567962127,352.2086395,0,0,0,0,0,0,0,0,0,0,0,0,0.000598892,5.59715E-05,0
61,260,131.212,5.567962127,352.2086395,0,0,0,0,0,0,0,0,0,0,0.28509,0,0.000598892,5.59715E-05,0
61,260,131.212,5.567962127,352.2086395,0,0,0,1.6653,0,0,0,0,0,0,0.151728,0,0.000598892,5.59715E-05,0
61,260,131.212,5.567962127,352.2086395,0,0,0,0,0,0,0,0,0,0,0.286419,0,0.000598892,5.59715E-05,0
61,260,131.212,5.567962127,352.2086395,0,0.007102,0,0,0,0,0.008333,0,0,0,0.151728,0,0.000598892,5.59715E-05,0
61,260,131.212,5.567962127,352.2086395,0,0,0,0,0,0,0,0,0,0,5.0652,0,0.000598892,5.59715E-05,0
61,260,131.212,5.567962127,352.2086395,0.10513,0,0,0,0,0.036129,0,0,0,0,0.34593,0,0.000598892,5.59715E-05,0
61,260,131.212,5.567962127,352.2086395,0.022752,0,0,0,0,0,0,0,0,0,0.70413,0,0.000598892,5.59715E-05,0
61,260,131.212,5.567962127,352.2086395,0,0,0,0,0,0,0.13028,0,0,0,0.151728,0,0.000598892,5.59715E-05,0
61,260,131.212,5.567962127,352.2086395,0,0,0,0.008333,0,0,0,0,0,0,0,0,0.000598892,5.59715E-05,0
61,260,131.212,5.567962127,352.2086395,0,0,0,0,0,0,0,0,0,0,0,0,0.000598892,5.59715E-05,0
61,260,131.212,5.567962127,352.2086395,0,1.7036,0,0,0,0,0,0,0,0,0,0,0.000598892,5.59715E-05,0
61,260,131.212,5.567962127,352.2086395,0,0,0,0,0,0,0,0,0,0,0.151728,0,0.000598892,5.59715E-05,0
61,260,131.212,5.567962127,352.2086395,0,0,0,0,0,0,0,0,0,0,0.151728,0,0.000598892,5.59715E-05,0
61,260,131.212,5.567962127,352.2086395,0,2.4749,0.23368,0,0,0,0,0,0,0,0.84174,0,0.000598892,5.59715E-05,0
61,260,131.212,5.567962127,352.2086395,0.58804,0,0,0,0,0,0,0,0,0,0.92517,0,0.000598892,5.59715E-05,0
61,260,131.212,5.567962127,352.2086395,0,0,0,0,0,0.79291,0,0,0,0,0,0,0.000598892,5.59715E-05,0
61,260,131.212,5.567962127,352.2086395,0,0,0,0,0,0,0.13028,0,0,0,0,0,0.000598892,5.59715E-05,0
61,260,131.212,5.567962127,352.2086395,0,0,0,0,0,0,0,0,0,0,0,0,0.000598892,5.59715E-05,0
61,260,131.212,5.567962127,352.2086395,0,0,0,0,0,0,0,0,0,0,0,0,0.000598892,5.59715E-05,0
61,260,131.212,5.567962127,352.2086395,0,0,0,0,0,0,0.13028,0,0,0,0,0,0.000598892,5.59715E-05,0
61,260,131.212,5.567962127,352.2086395,2.444,0,0,0,0,0,0,0,0,0,0,0,0.000598892,5.59715E-05,0
61,260,131.212,5.567962127,352.2086395,0,0,0,0,0,0,0,0,0,0,0.286419,0,0.000598892,5.59715E-05,0
61,260,131.212,5.567962127,352.2086395,0,0,0,0,0,0,0,0,0,0,0,0,0.000598892,5.59715E-05,0
61,260,131.212,5.567962127,352.2086395,0,0,0,0,0,0.79321,0,0,0,0,2.39871,0,0.000598892,5.59715E-05,0
61,260,131.212,5.567962127,352.2086395,0,0,0,0,0,0,0.10863,0,0,0,0,0,0.000598892,5.59715E-05,0
61,260,131.212,5.567962127,352.2086395,0,0,0,0,0,0,0.13028,0,0,0,0,0,0.000598892,5.59715E-05,0
61,260,131.212,5.567962127,352.2086395,0,0,0,0,0,0.79321,0.42744,0,0,0,1.63956,0,0.000598892,5.59715E-05,0
61,260,131.212,5.567962127,352.2086395,0,0,0,0,0,4.5469,0,0,0,0,0.151728,0,0.000598892,5.59715E-05,0
61,260,131.212,5.567962127,352.2086395,0.034901,0,0,0,0,0,0.13028,0,0,0,0,0,0.000598892,5.59715E-05,0
61,260,131.212,5.567962127,352.2086395,0,0,0,0,0,0,0,0,0,0,1.26477,0,0.000598892,5.59715E-05,0
61,260,131.212,5.567962127,352.2086395,0,0,0,0,0,0.79321,0,0,0,0,0,0,0.000598892,5.59715E-05,0
61,260,131.212,5.567962127,352.2086395,0,0.00036,0,0,0,0,0,0,0,0,0,0,0.000598892,5.59715E-05,0
61,260,131.212,5.567962127,352.2086395,0,0,0,0,0,0,0,0,0,0,0,0,0.000598892,5.59715E-05,0
61,260,131.212,5.567962127,352.2086395,0,0,0,0,0,0,0,0,0,0,0,0,0.000598892,5.59715E-05,0
61,260,131.212,5.567962127,352.2086395,0,0,0,0,0,0,0,0,0,0,0.181728,0,0.000598892,5.59715E-05,0
61,260,131.212,5.567962127,352.2086395,0,0,0,0,0,0,0,0,0,0,0,0,0.000598892,5.59715E-05,0
61,260,131.212,5.567962127,352.2086395,0.68542,0.019181,0,0,0,0,0,0,0,0,0.151728,0,0.000598892,5.59715E-05,0
61,260,131.212,5.567962127,352.2086395,0,0,0,0,0,0,0,0,0,0,0.151728,0,0.000598892,5.59715E-05,0
61,260,131.212,5.567962127,352.2086395,0,0.008333,0,0,0,0,0,0,0,0,2.76954,0,0.000598892,5.59715E-05,0
61,260,131.212,5.567962127,352.2086395,0,0,0.3978,0,0,0,0,0,0,0,0,0,0.000598892,5.59715E-05,0
61,260,131.212,5.567962127,352.2086395,0,0,0,0,0,0,0,0,0,0,0,0,0.000598892,5.59715E-05,0
61,260,131.212,5.567962127,352.2086395,0,0,0.010149,0,0,0.18363,0,0,0,0,0.151728,0,0.000598892,5.59715E-05,0
61,260,131.212,5.567962127,352.2086395,0,0,0,0,0,0,0,0,0,0,1.02366,0,0.000598892,5.59715E-05,0
61,260,131.212,5.567962127,352.2086395,0,0,0,0,0,0,0,0,0,0,0,0,0.000598892,5.59715E-05,0
61,260,131.212,5.567962127,352.2086395,0.082238,2.9553,0,0,0,0,0,0,0,0,0,0,0.000598892,5.59715E-05,0
61,260,131.212,5.567962127,352.2086395,0.001267,0,0,0,0,0,0,0,0,0,1.62018,0,0.000598892,5.59715E-05,0
61,260,131.212,5.567962127,352.2086395,0,0,0,0,0,0,0,0,0,0,0,0,0.000598892,5.59715E-05,0
61,260,131.212,5.567962127,352.2086395,0,0,0,0.000739,0,0,0,0,0,0,0,0,0.000598892,5.59715E-05,0
61,260,131.212,5.567962127,352.2086395,0,0,0,0.024828,0,0,0,0,0,0,0,0,0.000598892,5.59715E-05,0
61,260,131.212,5.567962127,352.2086395,0.003827,0,0,0,0,0,0,0,0,0,0.151728,0,0.000598892,5.59715E-05,0
61,260,131.212,5.567962127,352.2086395,0,0,0,0,0,0,0,0,0,0,0,0,0.000598892,5.59715E-05,0
61,260,131.212,5.567962127,352.2086395,0,0,0,0,0,0,0,0,0,0,0,0,0.000598892,5.59715E-05,0
61,260,131.212,5.567962127,352.2086395,0,0,0,0,0,0,0,0,0,0,0.151728,0,0.000598892,5.59715E-05,0
61,260,131.212,5.567962127,352.2086395,1.7536,0,0,0,0,0,0,0,0,0,0,0,0.000598892,5.59715E-05,0
61,260,131.212,5.567962127,352.2086395,0.002784,0,0,0,0,0,0,0,0,0,0,0,0.000598892,5.59715E-05,0
61,260,131.212,5.567962127,352.2086395,0,0,0,0.19077,0,0,0,0,0,0,0.151728,0,0.000598892,5.59715E-05,0
61,260,131.212,5.567962127,352.2086395,0,0,0,0,0,0,0,0,0,0,0.151728,0,0.000598892,5.59715E-05,0
61,260,131.212,5.567962127,352.2086395,0,0,0,0,0,0,0,0,0,0,0.151728,0,0.000598892,5.59715E-05,0
61,260,131.212,5.567962127,352.2086395,0,0,0,0,0,0,1.3964,0,0,0,0,0,0.000598892,5.59715E-05,0
61,260,131.212,5.567962127,352.2086395,0,0,0,0.053789,0,0,0.13028,0,0,0,0,0,0.000598892,5.59715E-05,0
61,260,131.212,5.567962127,352.2086395,0,0,0,0,0,0,0,0,0,0,0.151728,0,0.000598892,5.59715E-05,0
61,260,131.212,5.567962127,352.2086395,0,0,0,0,0,0,0,0,0,0,0.73911,0,0.000598892,5.59715E-05,0
61,260,131.212,5.567962127,352.2086395,0,0,0,0.008333,0,0,0,0,0,0,2.21292,0,0.000598892,5.59715E-05,0
61,260,131.212,5.567962127,352.2086395,0,0,0,0,0,0,0.42744,0,0,0,0,0,0.000598892,5.59715E-05,0
61,260,131.212,5.567962127,352.2086395,0,0,0,0,0,0,0,0,0,0,0,0,0.000598892,5.59715E-05,0
61,260,131.212,5.567962127,352.2086395,0,0.001493,0,0,0,0,0,0,0,0,2.73105,0,0.000598892,5.59715E-05,0
61,260,131.212,5.567962127,352.2086395,0,0,0,0,0,0,0,0,0,0,0,0,0.000598892,5.59715E-05,0
61,260,131.212,5.567962127,352.2086395,0,0,0,0,0,0,0,0,0,0,1.73121,0,0.000598892,5.59715E-05,0
61,260,131.212,5.567962127,352.2086395,0.5001,0,0,0,0,0,0,0,0,0,0,0,0.000598892,5.59715E-05,0
61,260,131.212,5.567962127,352.2086395,0,0,0,0,0,0,0,0,0,0,0.151728,0,0.000598892,5.59715E-05,0
61,260,131.212,5.567962127,352.2086395,0,0,0,0,0,0,0,0,0,0,0.270372,0,0.000598892,5.59715E-05,0
61,260,131.212,5.567962127,352.2086395,0,0,0,0,0,0,0,0,0,0,0,0,0.000598892,5.59715E-05,0
61,260,131.212,5.567962127,352.2086395,0,0,0,0,0,0,0,0,0,0,0,0,0.000598892,5.59715E-05,0
61,260,131.212,5.567962127,352.2086395,0,0,0,0,0,0,0,0,0,0,0,0,0.000598892,5.59715E-05,0
61,260,131.212,5.567962127,352.2086395,0.63009,0,0,0,0,0,0,0,0,0,0,0,0.000598892,5.59715E-05,0
61,260,131.212,5.567962127,352.2086395,0,0,0,0,0,0.79321,0,0,0,0,0,0,0.000598892,5.59715E-05,0
61,260,131.212,5.567962127,352.2086395,0,0.042134,0,0,0,0,0,0,0,0,5.0718,0,0.000598892,5.59715E-05,0
61,260,131.212,5.567962127,352.2086395,0,0,0,0,0,0.7776,0.002308,0,0,0,0.279942,0,0.000598892,5.59715E-05,0
61,260,131.212,5.567962127,352.2086395,0,0,0,0,0,0,0,0,0,0,0.273324,0,0.000598892,5.59715E-05,0
61,260,131.212,5.567962127,352.2086395,0,0,0,0,0,0,0,0,0,0,5.037,0,0.000598892,5.59715E-05,0
61,260,131.212,5.567962127,352.2086395,0,0,0,0,0,0,0,0,0,0,4.4103,0,0.000598892,5.59715E-05,0
61,260,131.212,5.567962127,352.2086395,3.3279,0,0,0,0,0,0,0,0,0,1.62018,0,0.000598892,5.59715E-05,0
61,260,131.212,5.567962127,352.2086395,0,0,0,0,0,0,0.60778,0,0,0,1.97832,0,0.000598892,5.59715E-05,0
61,260,131.212,5.567962127,352.2086395,0.005713,0,0,0.008333,0,0,0,0,0,0,0.151728,0,0.000598892,5.59715E-05,0
61,260,131.212,5.567962127,352.2086395,1.4573,0,0,0,0,0,0,0,0,0,0.241728,0,0.000598892,5.59715E-05,0
61,260,131.212,5.567962127,352.2086395,0.00328,0,0,0,0,0,0,0,0,0,0.151728,0,0.000598892,5.59715E-05,0
61,260,131.212,5.567962127,352.2086395,0.27485,0.24003,0,0.98424,0,0,0,0,0,0,0.151728,0,0.000598892,5.59715E-05,0
61,260,131.212,5.567962127,352.2086395,0,0,0,0,0,0,0,0,0,0,5.037,0,0.000598892,5.59715E-05,0
61,260,131.212,5.567962127,352.2086395,0,0,0,0.001436,0,0,5.1475,0,0,0,0.151728,0,0.000598892,5.59715E-05,0
61,260,131.212,5.567962127,352.2086395,0,0,0,0,0,0,0,0,0,0,0.275259,0,0.000598892,5.59715E-05,0
61,260,131.212,5.567962127,352.2086395,0.014654,0,0,0,0,0.00019,0,0,0,0,0.90174,0,0.000598892,5.59715E-05,0
61,260,131.212,5.567962127,352.2086395,0.025779,0,0,0,0,0,0,0,0,0,0.68376,0,0.000598892,5.59715E-05,0
61,260,131.212,5.567962127,352.2086395,0,0,0,0,0,0,0,0,0,0,1.51233,0,0.000598892,5.59715E-05,0
61,260,131.212,5.567962127,352.2086395,0.0047435,0,0,0,0,0,0,0,0,0,0,0,0.000598892,5.59715E-05,0
61,260,131.212,5.567962127,352.2086395,0,0,0,0,0,0.0031055,0,0,0,0,0,0,0.000598892,5.59715E-05,0
61,260,131.212,5.567962127,352.2086395,0,0,0,0,0,0.056253,0,0,0,0,0.278526,0,0.000598892,5.59715E-05,0
61,260,131.212,5.567962127,352.2086395,0,0,0,0,0,0,0,0,0,0,0.278532,0,0.000598892,5.59715E-05,0
61,260,131.212,5.567962127,352.2086395,0,0,0,0,0,0,0,0,0,0,0,0,0.000598892,5.59715E-05,0
61,260,131.212,5.567962127,352.2086395,0,0,0,0,0,0,0,0,0,0,0,0,0.000598892,5.59715E-05,0
61,260,131.212,5.567962127,352.2086395,0,0.008859,0,0,0,0,0,0,0,0,0.151728,0,0.000598892,5.59715E-05,0
61,260,131.212,5.567962127,352.2086395,0.17204,0,0,0,0,0.77927,0,0,0,0,2.2572,0,0.000598892,5.59715E-05,0
61,260,131.212,5.567962127,352.2086395,0,0,0,1.1722,0,0,0,0,0,0,0,0,0.000598892,5.59715E-05,0
61,260,131.212,5.567962127,352.2086395,0,0,0,0,0,0,0.59876,0,0,0,0.151728,0,0.000598892,5.59715E-05,0
61,260,131.212,5.567962127,352.2086395,0,0,0,0,0,0,0.13028,0,0,0,0.151728,0,0.000598892,5.59715E-05,0
61,260,131.212,5.567962127,352.2086395,0,0,0,0.10164,0,0,0.13028,0,0,0,0,0,0.000598892,5.59715E-05,0
61,260,131.212,5.567962127,352.2086395,0.0062479,0,0,0,0,0,0,0,0,0,0,0,0.000598892,5.59715E-05,0
61,260,131.212,5.567962127,352.2086395,0,0.0082963,0,0,0,0,0,0,0,0,0.151728,0,0.000598892,5.59715E-05,0
61,260,131.212,5.567962127,352.2086395,0.003948,0,0,0,0,0,0,0,0,0,0.28509,0,0.000598892,5.59715E-05,0
61,260,131.212,5.567962127,352.2086395,0,0,0,0,0,0,0,0,0,0,0.42174,0,0.000598892,5.59715E-05,0
61,260,131.212,5.567962127,352.2086395,0.00052,0,0,0,0,0,0,0,0,0,1.04805,0,0.000598892,5.59715E-05,0
61,260,131.212,5.567962127,352.2086395,0,0,0,0,0,0,0,0,0,0,0.151728,0,0.000598892,5.59715E-05,0
61,260,131.212,5.567962127,352.2086395,0,0,0,0,0,0,0,0,0,0,0.37014,0,0.000598892,5.59715E-05,0
61,260,131.212,5.567962127,352.2086395,0,0,0,0,0,0,0,0,0,0,0,0,0.000598892,5.59715E-05,0
61,260,131.212,5.567962127,352.2086395,0,0,0,0.000063,0,0,0,0,0,0,0.151728,0,0.000598892,5.59715E-05,0
61,260,131.212,5.567962127,352.2086395,0,0,0,0,0,0,0,0,0,0,0.151728,0,0.000598892,5.59715E-05,0
61,260,131.212,5.567962127,352.2086395,0,0,0,0,0,0,0,0,0,0,0.273366,0,0.000598892,5.59715E-05,0
61,260,131.212,5.567962127,352.2086395,0,0,0,0,0,0,0,0,0,0,0,0,0.000598892,5.59715E-05,0
61,260,131.212,5.567962127,352.2086395,1.3083,0,0,0,0,0,0.13028,0,0,0,0.28509,0,0.000598892,5.59715E-05,0
61,260,131.212,5.567962127,352.2086395,0.011991,0,0,0,0,0,0,0,0,0,1.85526,0,0.000598892,5.59715E-05,0
61,260,131.212,5.567962127,352.2086395,3.5238,0,0,0,0,0,0,0,0,0,0,0,0.000598892,5.59715E-05,0
61,260,131.212,5.567962127,352.2086395,0,0,0,0,0,0,0,0,0,0,0,0,0.000598892,5.59715E-05,0
61,260,131.212,5.567962127,352.2086395,0,0,0,0,0,0,0,0,0,0,0,0,0.000598892,5.59715E-05,0
61,260,131.212,5.567962127,352.2086395,0,0,0,0,0,0,0,0,0,0,3.3018,0,0.000598892,5.59715E-05,0
61,260,131.212,5.567962127,352.2086395,0,0,0,0,0,0,0,0,0,0,1.10112,0,0.000598892,5.59715E-05,0
61,260,131.212,5.567962127,352.2086395,1.6223,0,0,0,0,0,0,0,0,0,0.151728,0,0.000598892,5.59715E-05,0
61,260,131.212,5.567962127,352.2086395,0,0,0,0,0,0,0,0,0,0,5.2239,0,0.000598892,5.59715E-05,0
61,260,131.212,5.567962127,352.2086395,0,0,0,0,0,0.79321,0,0,0,0,4.0518,0,0.000598892,5.59715E-05,0
61,260,131.212,5.567962127,352.2086395,0,0,0,0,0,0,1.7163,0,0,0,0,0,0.000598892,5.59715E-05,0
61,260,131.212,5.567962127,352.2086395,0.000254,0,0,0,0,0,0,0,0,0,0.151728,0,0.000598892,5.59715E-05,0
61,260,131.212,5.567962127,352.2086395,0,0,0,0,0,0,0,0,0,0,0.151728,0,0.000598892,5.59715E-05,0
61,260,131.212,5.567962127,352.2086395,0,0,0,0,0,0,0,0,0,0,4.8618,0,0.000598892,5.59715E-05,0
61,260,131.212,5.567962127,352.2086395,0,0,0,0,0,0,0.60778,0,0,0,0,0,0.000598892,5.59715E-05,0
61,260,131.212,5.567962127,352.2086395,0,0,0,3.1633,0,0,0,0,0,0,0.151728,0,0.000598892,5.59715E-05,0
61,260,131.212,5.567962127,352.2086395,0.28047,0,0,0,0,0,0,0,0,0,0.197586,0,0.000598892,5.59715E-05,0
61,260,131.212,5.567962127,352.2086395,0,0,0,0,0,0,0,0,0,0,1.47174,0,0.000598892,5.59715E-05,0
61,260,131.212,5.567962127,352.2086395,0,0,0,0,0,0,0,0,0,0,0.271128,0,0.000598892,5.59715E-05,0
61,260,131.212,5.567962127,352.2086395,0,0,0,0,0,0,0,0,0,0,0.51381,0,0.000598892,5.59715E-05,0
61,260,131.212,5.567962127,352.2086395,0,0.008333,0,0,0,0,0,0,0,0,0.285792,0,0.000598892,5.59715E-05,0
61,260,131.212,5.567962127,352.2086395,0.00021,0,0,0,0,0,0,0,0,0,2.37174,0,0.000598892,5.59715E-05,0
61,260,131.212,5.567962127,352.2086395,0,0,0,0,0,0.010588,0,0,0,0,0.151728,0,0.000598892,5.59715E-05,0
61,260,131.212,5.567962127,352.2086395,0.034341,0,0,0,0,0,0,0,0,0,0,0,0.000598892,5.59715E-05,0
61,260,131.212,5.567962127,352.2086395,0,0,0,0,0,0,0.80081,0,0,0,0,0,0.000598892,5.59715E-05,0
61,260,131.212,5.567962127,352.2086395,0,0,0,0,0,0,0,0,0,0,0,0,0.000598892,5.59715E-05,0
61,260,131.212,5.567962127,352.2086395,0,0,0,0,0,0,0,0,0,0,1.08798,0,0.000598892,5.59715E-05,0
61,260,131.212,5.567962127,352.2086395,0,0,0,0.002868,0,0,0.13028,0,0,0,0.75903,0,0.000598892,5.59715E-05,0
61,260,131.212,5.567962127,352.2086395,0,0,0,0,0,0,0,0,0,0,0,0,0.000598892,5.59715E-05,0
61,260,131.212,5.567962127,352.2086395,0,0,0,0,0,0,0,0,0,0,4.8687,0,0.000598892,5.59715E-05,0
61,260,131.212,5.567962127,352.2086395,0.012423,0,0,0,0,0,0,0,0,0,0.280446,0,0.000598892,5.59715E-05,0
61,260,131.212,5.567962127,352.2086395,0,0.0062716,0,0,0,0,0,0,0,0,0,0,0.000598892,5.59715E-05,0
61,260,131.212,5.567962127,352.2086395,0,0,0,0,0,0,0,0,0,0,0,0,0.000598892,5.59715E-05,0
61,260,131.212,5.567962127,352.2086395,0,0,0,0,0,0,0,0,0,0,0,0,0.000598892,5.59715E-05,0
61,260,131.212,5.567962127,352.2086395,0,0.008337,0,0,0,0,0,0,0,0,0.151728,0,0.000598892,5.59715E-05,0
61,260,131.212,5.567962127,352.2086395,0,0,0,0.008333,0,0,0,0,0,0,0.151728,0,0.000598892,5.59715E-05,0
61,260,131.212,5.567962127,352.2086395,0,0,0,0,0,0,0.40452,0,0,0,0.151728,0,0.000598892,5.59715E-05,0
61,260,131.212,5.567962127,352.2086395,0,0,0,0,0,0,0,0,0,0,3.2268,0,0.000598892,5.59715E-05,0
61,260,131.212,5.567962127,352.2086395,0.012423,0,0,0,0,0,0.42744,0,0,0,0.151728,0,0.000598892,5.59715E-05,0
61,260,131.212,5.567962127,352.2086395,0,0,0,0,0,0,0,0,0,0,0.280587,0,0.000598892,5.59715E-05,0
61,260,131.212,5.567962127,352.2086395,0,0,0,0,0,0,0,0,0,0,0.280446,0,0.000598892,5.59715E-05,0
61,260,131.212,5.567962127,352.2086395,0,2.4199,0,0,0,0,0,0,0,0,0,0,0.000598892,5.59715E-05,0
61,260,131.212,5.567962127,352.2086395,0,0,0,0,0,0,0.13028,0,0,0,0,0,0.000598892,5.59715E-05,0
61,260,131.212,5.567962127,352.2086395,0,0.008321,0,0,0,0,0,0,0,0,0,0,0.000598892,5.59715E-05,0
61,260,131.212,5.567962127,352.2086395,0,0.003346,0,0,0,0,1.3964,0,0,0,0.273384,0,0.000598892,5.59715E-05,0
61,260,131.212,5.567962127,352.2086395,0,0,0,1.1722,0,0,0,0,0,0,0.151728,0,0.000598892,5.59715E-05,0
61,260,131.212,5.567962127,352.2086395,1.5489,0,0,0,0,0,0,0,0,0,0.151728,0,0.000598892,5.59715E-05,0
61,260,131.212,5.567962127,352.2086395,0,0,0,0,0,0,0.002308,0,0,0,0.72228,0,0.000598892,5.59715E-05,0
61,260,131.212,5.567962127,352.2086395,0,0,0,0,0,0,0.008333,0,0,0,0,0,0.000598892,5.59715E-05,0
61,260,131.212,5.567962127,352.2086395,0,4.5179,0,0.00524,0,0.77921,0,0,0,0,0,0,0.000598892,5.59715E-05,0
61,260,131.212,5.567962127,352.2086395,0,0,0.000955,0,0,0,0,0,0,0,0.241728,0,0.000598892,5.59715E-05,0
61,260,131.212,5.567962127,352.2086395,0.010507,0,0,0,0,0,0.40452,0,0,0,0.278526,0,0.000598892,5.59715E-05,0
61,260,131.212,5.567962127,352.2086395,1.1814,0,0,0,0,0,0,0,0,0,0.68376,0,0.000598892,5.59715E-05,0
61,260,131.212,5.567962127,352.2086395,0,0,0,0,0,0,0,0,0,0,0,0,0.000598892,5.59715E-05,0
61,260,131.212,5.567962127,352.2086395,0,0,0,3.6711,0,0,0,0,0,0,1.09155,0,0.000598892,5.59715E-05,0
61,260,131.212,5.567962127,352.2086395,0,0,0,0,0,0.14521,0,0,0,0,0.151728,0,0.000598892,5.59715E-05,0
61,260,131.212,5.567962127,352.2086395,0,0,0,0.70239,0,0,0,0,0,0,0,0,0.000598892,5.59715E-05,0
61,260,131.212,5.567962127,352.2086395,0,0,0,0,0,0,0,0,0,0,0.151728,0,0.000598892,5.59715E-05,0
61,260,131.212,5.567962127,352.2086395,0,0,0,0,0,2.2803,0,0,0,0,0.151728,0,0.000598892,5.59715E-05,0
61,260,131.212,5.567962127,352.2086395,0,0,0,0,0,0,0,0,0,0,5.1363,0,0.000598892,5.59715E-05,0
61,260,131.212,5.567962127,352.2086395,0.078882,0,0,0,0,0.00158,0,0,0,0,0.151728,0,0.000598892,5.59715E-05,0
61,260,131.212,5.567962127,352.2086395,0,0,0,0.060169,0,0,0,0,0,0,0,0,0.000598892,5.59715E-05,0
61,260,131.212,5.567962127,352.2086395,2.0704,0,0,0,0,0,0,0,0,0,0,0,0.000598892,5.59715E-05,0
61,260,131.212,5.567962127,352.2086395,0,0,0,0,0,0.78099,0,0,0,0,2.69043,0,0.000598892,5.59715E-05,0
61,260,131.212,5.567962127,352.2086395,0,0,0.026251,0,0,0,0,0,0,0,0,0,0.000598892,5.59715E-05,0
61,260,131.212,5.567962127,352.2086395,2.0033,0,0,0,0,0,0.059897,0,0,0,0,0,0.000598892,5.59715E-05,0
61,260,131.212,5.567962127,352.2086395,0,0,0,0.0059262,0,0,0,0,0,0,2.37174,0,0.000598892,5.59715E-05,0
61,260,131.212,5.567962127,352.2086395,0,0,0,0,0,0,0,0,0,0,2.39871,0,0.000598892,5.59715E-05,0
61,260,131.212,5.567962127,352.2086395,0,0,0,0,0,0,0,0,0,0,0,0,0.000598892,5.59715E-05,0
61,260,131.212,5.567962127,352.2086395,0,0.029906,0,0,0,0,0,0,0,0,4.5198,0,0.000598892,5.59715E-05,0
61,260,131.212,5.567962127,352.2086395,0,0.23097,0,0,0,0,0,0,0,0,0,0,0.000598892,5.59715E-05,0
61,260,131.212,5.567962127,352.2086395,0,0.008333,0,0,0,0,0.13028,0,0,0,0.280446,0,0.000598892,5.59715E-05,0
61,260,131.212,5.567962127,352.2086395,0,0,0,0,0,0,0,0,0,0,0,0,0.000598892,5.59715E-05,0
61,260,131.212,5.567962127,352.2086395,0,0,0,0,0,0,0,0,0,0,0,0,0.000598892,5.59715E-05,0
61,260,131.212,5.567962127,352.2086395,0,0,0,0,0,0.79321,0.13028,0,0,0,3.3018,0,0.000598892,5.59715E-05,0
61,260,131.212,5.567962127,352.2086395,0,0,0,3.6202,0,0,0.002308,0,0,0,0.151728,0,0.000598892,5.59715E-05,0
61,260,131.212,5.567962127,352.2086395,0,0,0,0,0,0,0,0,0,0,0.151728,0,0.000598892,5.59715E-05,0
61,260,131.212,5.567962127,352.2086395,0,0,0,0,0,0,0,0,0,0,0.151728,0,0.000598892,5.59715E-05,0
61,260,131.212,5.567962127,352.2086395,0,0,0,0,0,0,0,0,0,0,0.151728,0,0.000598892,5.59715E-05,0
61,260,131.212,5.567962127,352.2086395,0,0,0,0,0,0,0,0,0,0,0,0,0.000598892,5.59715E-05,0
61,260,131.212,5.567962127,352.2086395,0,0.001205,0,0,0,0,0,0,0,0,4.3869,0,0.000598892,5.59715E-05,0
61,260,131.212,5.567962127,352.2086395,0,0,0,0,0,0,0,0,0,0,1.08798,0,0.000598892,5.59715E-05,0
61,260,131.212,5.567962127,352.2086395,0,0,0,0,0,0,0.021726,0,0,0,0,0,0.000598892,5.59715E-05,0
61,260,131.212,5.567962127,352.2086395,0,0,0,0,0,0,0,0,0,0,0.75174,0,0.000598892,5.59715E-05,0
61,260,131.212,5.567962127,352.2086395,0.001205,0.00062,0,0,0,0,0.008333,0,0,0,0.151728,0,0.000598892,5.59715E-05,0
61,260,131.212,5.567962127,352.2086395,0.003485,0,0,0,0,0,0,0,0,0,0.241728,0,0.000598892,5.59715E-05,0
61,260,131.212,5.567962127,352.2086395,0,0,0,0,0,0,0.059897,0,0,0,0.2871,0,0.000598892,5.59715E-05,0
61,260,131.212,5.567962127,352.2086395,0.0044655,0,0,0,0,0,0,0,0,0,1.95174,0,0.000598892,5.59715E-05,0
61,260,131.212,5.567962127,352.2086395,0,0.00824,0,0,0,0,0.13028,0,0,0,0.151728,0,0.000598892,5.59715E-05,0
61,260,131.212,5.567962127,352.2086395,0,0,0,0,0,0,0.13028,0,0,0,0.273366,0,0.000598892,5.59715E-05,0
61,260,131.212,5.567962127,352.2086395,0,0,0,0,0,0,0,0,0,0,0.151728,0,0.000598892,5.59715E-05,0
61,260,131.212,5.567962127,352.2086395,0.011642,0,0,0.66476,0,0,0,0,0,0,0,0,0.000598892,5.59715E-05,0
61,260,131.212,5.567962127,352.2086395,0,0.32999,0,0,0,0,0,0,0,0,0.273021,0,0.000598892,5.59715E-05,0
61,260,131.212,5.567962127,352.2086395,0,0,0,0.0065058,0,0,0,0,0,0,3.498,0,0.000598892,5.59715E-05,0
61,260,131.212,5.567962127,352.2086395,0.63009,0,0,0.62453,0,0,0.13028,0,0,0,1.47174,0,0.000598892,5.59715E-05,0
61,260,131.212,5.567962127,352.2086395,0,0,0,0.12387,0,0,0,0,0,0,1.47333,0,0.000598892,5.59715E-05,0
61,260,131.212,5.567962127,352.2086395,0,0,0,0,0,0,0,0,0,0,0.68376,0,0.000598892,5.59715E-05,0
61,260,131.212,5.567962127,352.2086395,0.000765,0,0,0,0,0,0,0,0,0,0,0,0.000598892,5.59715E-05,0
61,260,131.212,5.567962127,352.2086395,0,0,0,0,0,0.79321,0,0,0,0,0.151728,0,0.000598892,5.59715E-05,0
61,260,131.212,5.567962127,352.2086395,0,0,0,0,0,0,0,0,0,0,0.151728,0,0.000598892,5.59715E-05,0
61,260,131.212,5.567962127,352.2086395,0.0066659,0,0,0.0059262,0,0,0,0,0,0,3.6159,0,0.000598892,5.59715E-05,0
61,260,131.212,5.567962127,352.2086395,0,0,0,0,0,0,0,0,0,0,4.3869,0,0.000598892,5.59715E-05,0
61,260,131.212,5.567962127,352.2086395,0,0.0021035,0,0,0,0,0,0,0,0,0.151728,0,0.000598892,5.59715E-05,0
61,260,131.212,5.567962127,352.2086395,0,0.3896,0,0,0,0,0,0,0,0,0,0,0.000598892,5.59715E-05,0
61,260,131.212,5.567962127,352.2086395,0,0,0,0,0,0,0,0,0,0,0.151728,0,0.000598892,5.59715E-05,0
61,260,131.212,5.567962127,352.2086395,0,0,0,0,0,0,0,0,0,0,5.2344,0,0.000598892,5.59715E-05,0
61,260,131.212,5.567962127,352.2086395,0,0,0,0,0,0,0,0,0,0,0.27432,0,0.000598892,5.59715E-05,0
61,260,131.212,5.567962127,352.2086395,0,0,0,0,0,0,0.13028,0,0,0,0.285792,0,0.000598892,5.59715E-05,0
61,260,131.212,5.567962127,352.2086395,0.40581,0,0,0,0,0,0,0,0,0,2.41287,0,0.000598892,5.59715E-05,0
61,260,131.212,5.567962127,352.2086395,0.31985,0,0,3.4019,0,0,0,0,0,0,0,0,0.000598892,5.59715E-05,0
61,260,131.212,5.567962127,352.2086395,0,0,0,0.008333,0,0,0,0,0,0,0,0,0.000598892,5.59715E-05,0
61,260,131.212,5.567962127,352.2086395,0,0,0,0,0,0,0.60778,0,0,0,0.151728,0,0.000598892,5.59715E-05,0
61,260,131.212,5.567962127,352.2086395,0,0.004345,0,0,0,0,0,0,0,0,0.151728,0,0.000598892,5.59715E-05,0
61,260,131.212,5.567962127,352.2086395,0,0,0,0,0,0,0,0,0,0,0,0,0.000598892,5.59715E-05,0
61,260,131.212,5.567962127,352.2086395,0,0,0,0,0,0,0.008333,0,0,0,0.151728,0,0.000598892,5.59715E-05,0
61,260,131.212,5.567962127,352.2086395,0,0,0,0.008321,0,0,0,0,0,0,0.151728,0,0.000598892,5.59715E-05,0
61,260,131.212,5.567962127,352.2086395,0.014654,0,0,0,0,0.78033,0.60778,0,0,0,0.241728,0,0.000598892,5.59715E-05,0
61,260,131.212,5.567962127,352.2086395,0.020635,0,0,0,0,0,0,0,0,0,0.151728,0,0.000598892,5.59715E-05,0
61,260,131.212,5.567962127,352.2086395,0,0,0,0,0,0,0,0,0,0,0.275769,0,0.000598892,5.59715E-05,0
61,260,131.212,5.567962127,352.2086395,0,0,0,0,0,0,0,0,0,0,0.151728,0,0.000598892,5.59715E-05,0
61,260,131.212,5.567962127,352.2086395,0.010052,0,0,0,0,1.6194,0.13028,0,0,0,0.279489,0,0.000598892,5.59715E-05,0
61,260,131.212,5.567962127,352.2086395,0.22468,0,0,0,0,0,0,0,0,0,2.91441,0,0.000598892,5.59715E-05,0
61,260,131.212,5.567962127,352.2086395,0.31253,0,0,0.21229,0,0,0.008333,0,0,0,0.151728,0,0.000598892,5.59715E-05,0
61,260,131.212,5.567962127,352.2086395,0,0,0,0,0,0,0,0,0,0,0.75903,0,0.000598892,5.59715E-05,0
61,260,131.212,5.567962127,352.2086395,0,0,0,0,0,1.6194,0,0,0,0,2.96682,0,0.000598892,5.59715E-05,0
61,260,131.212,5.567962127,352.2086395,1.0643,0,0,0,0,0,0,0,0,0,0,0,0.000598892,5.59715E-05,0
61,260,131.212,5.567962127,352.2086395,0,0,0,0,0,0,0,0,0,0,0.27432,0,0.000598892,5.59715E-05,0
61,260,131.212,5.567962127,352.2086395,0,0.66077,0,0.057619,0,0,0,0,0,0,1.73121,0,0.000598892,5.59715E-05,0
61,260,131.212,5.567962127,352.2086395,0.0081166,0,0,0,0,0,0,0,0,0,2.91441,0,0.000598892,5.59715E-05,0
61,260,131.212,5.567962127,352.2086395,0,0,0,0,0,0,0,0,0,0,0.151728,0,0.000598892,5.59715E-05,0
61,260,131.212,5.567962127,352.2086395,0,0,0,0,0,0,0,0,0,0,0.151728,0,0.000598892,5.59715E-05,0
61,260,131.212,5.567962127,352.2086395,0,0,0,0,0,0,0,0,0,0,0.151728,0,0.000598892,5.59715E-05,0
61,260,131.212,5.567962127,352.2086395,0,0,0,0.005239,0,0,0,0,0,0,0,0,0.000598892,5.59715E-05,0
61,260,131.212,5.567962127,352.2086395,2.1632,0.000475,0,0,0,0,0,0,0,0,0.151728,0,0.000598892,5.59715E-05,0
61,260,131.212,5.567962127,352.2086395,0,0,0,0,0,0,0,0,0,0,1.57404,0,0.000598892,5.59715E-05,0
61,260,131.212,5.567962127,352.2086395,0.012001,0,0,0,0,0,0,0,0,0,0,0,0.000598892,5.59715E-05,0
61,260,131.212,5.567962127,352.2086395,0,0,0,0,0,0,0,0,0,0,0.151728,0,0.000598892,5.59715E-05,0
61,260,131.212,5.567962127,352.2086395,0,0,0,0,0,0,0,0,0,0,0,0,0.000598892,5.59715E-05,0
61,260,131.212,5.567962127,352.2086395,0,0.00524,0,0,0,0.00158,0,0,0,0,0.151728,0,0.000598892,5.59715E-05,0
61,260,131.212,5.567962127,352.2086395,0,0.13045,0,0,0,0.79321,0,0,0,0,0.151728,0,0.000598892,5.59715E-05,0
61,260,131.212,5.567962127,352.2086395,0,0,0,0,0,0,0,0,0,0,0.278694,0,0.000598892,5.59715E-05,0
61,260,131.212,5.567962127,352.2086395,0.58804,0,0,0,0,0,0,0,0,0,0.73911,0,0.000598892,5.59715E-05,0
61,260,131.212,5.567962127,352.2086395,0,0,0,0,0,0,0,0,0,0,0,0,0.000598892,5.59715E-05,0
61,260,131.212,5.567962127,352.2086395,0,0,0,0,0,0,0,0,0,0,0,0,0.000598892,5.59715E-05,0
61,260,131.212,5.567962127,352.2086395,0,0,1.9203,0,0,0,0.40452,0,0,0,0,0,0.000598892,5.59715E-05,0
61,260,131.212,5.567962127,352.2086395,0.35553,0,0,0,0,0,0,0,0,0,0.151728,0,0.000598892,5.59715E-05,0
61,260,131.212,5.567962127,352.2086395,0,0,0,0,0,0,0,0,0,0,0.48174,0,0.000598892,5.59715E-05,0
61,260,131.212,5.567962127,352.2086395,0,0.0002425,0,0,0,0,0,0,0,0,0,0,0.000598892,5.59715E-05,0
61,260,131.212,5.567962127,352.2086395,0,0,0,0,0,0,4.3857,0,0,0,0.151728,0,0.000598892,5.59715E-05,0
61,260,131.212,5.567962127,352.2086395,0,0,0,0,0,0,0,0,0,0,0.27711,0,0.000598892,5.59715E-05,0
61,260,131.212,5.567962127,352.2086395,0,0,0,0,0,0,0,0,0,0,0,0,0.000598892,5.59715E-05,0
61,260,131.212,5.567962127,352.2086395,0,0,0,0,0,0,0,0,0,0,0.151728,0,0.000598892,5.59715E-05,0
61,260,131.212,5.567962127,352.2086395,0,0,0,0,0,0,0,0,0,0,0,0,0.000598892,5.59715E-05,0
61,260,131.212,5.567962127,352.2086395,0,0,0,0,0,0,0,0,0,0,0.151728,0,0.000598892,5.59715E-05,0
61,260,131.212,5.567962127,352.2086395,0,0,0,0.023027,0,0,0,0,0,0,0.151728,0,0.000598892,5.59715E-05,0
61,260,131.212,5.567962127,352.2086395,0,0,0,0,0,0,0,0,0,0,0.279585,0,0.000598892,5.59715E-05,0
61,260,131.212,5.567962127,352.2086395,0,0,0,0,0,0,0,0,0,0,0.151728,0,0.000598892,5.59715E-05,0
61,260,131.212,5.567962127,352.2086395,0,0,0,0,0,0,0,0,0,0,1.27536,0,0.000598892,5.59715E-05,0
61,260,131.212,5.567962127,352.2086395,0,0,0,0,0,0,0,0,0,0,4.7352,0,0.000598892,5.59715E-05,0
61,260,131.212,5.567962127,352.2086395,0,0,0,0,0,3.4282,0,0,0,0,0.273384,0,0.000598892,5.59715E-05,0
61,260,131.212,5.567962127,352.2086395,0,0,0,0,0,0,0,0,0,0,0,0,0.000598892,5.59715E-05,0
61,260,131.212,5.567962127,352.2086395,0,0,0,0,0,0,0,0,0,0,0,0,0.000598892,5.59715E-05,0
61,260,131.212,5.567962127,352.2086395,0,0,0,0,0,0,0,0,0,0,0.151728,0,0.000598892,5.59715E-05,0
61,260,131.212,5.567962127,352.2086395,0,0,0,0,0,0,5.1475,0,0,0,0.151728,0,0.000598892,5.59715E-05,0
61,260,131.212,5.567962127,352.2086395,0,0,0,0,0,0,0,0,0,0,0,0,0.000598892,5.59715E-05,0
61,260,131.212,5.567962127,352.2086395,0,0,0,0,0,0,0.10863,0,0,0,0.151728,0,0.000598892,5.59715E-05,0
61,260,131.212,5.567962127,352.2086395,0,0,0,0,0,0,0,0,0,0,0,0,0.000598892,5.59715E-05,0
61,260,131.212,5.567962127,352.2086395,0,0,0,0,0,0,0,0,0,0,0,0,0.000598892,5.59715E-05,0
61,260,131.212,5.567962127,352.2086395,0,0,0,0,0,0,0,0,0,0,3.6918,0,0.000598892,5.59715E-05,0
61,260,131.212,5.567962127,352.2086395,0.053861,0,0,0,0,0,0,0,0,0,0.151728,0,0.000598892,5.59715E-05,0
61,260,131.212,5.567962127,352.2086395,0,0,0,0,0,0,0.13028,0,0,0,0.28509,0,0.000598892,5.59715E-05,0
61,260,131.212,5.567962127,352.2086395,0.00328,0,0,0,0,0,0.059897,0,0,0,0.151728,0,0.000598892,5.59715E-05,0
61,260,131.212,5.567962127,352.2086395,0,0,0,0,0,0,0,0,0,0,0,0,0.000598892,5.59715E-05,0
61,260,131.212,5.567962127,352.2086395,0,0,0,0,0,0,0.021726,0,0,0,0,0,0.000598892,5.59715E-05,0
61,260,131.212,5.567962127,352.2086395,0.10348,0,0,0,0,0,0,0,0,0,0.151728,0,0.000598892,5.59715E-05,0
61,260,131.212,5.567962127,352.2086395,0,0,0,0.75184,0,0,0,0,0,0,0,0,0.000598892,5.59715E-05,0
61,260,131.212,5.567962127,352.2086395,0,0.002998,0,0,0,0,0,0,0,0,0.88596,0,0.000598892,5.59715E-05,0
61,260,131.212,5.567962127,352.2086395,0,0,0,0,0,0,0,0,0,0,0.151728,0,0.000598892,5.59715E-05,0
61,260,131.212,5.567962127,352.2086395,0,3.2986,0,0,0,0,0,0,0,0,0,0,0.000598892,5.59715E-05,0
61,260,131.212,5.567962127,352.2086395,0,0.011751,0,0,0,0,0,0,0,0,0.151728,0,0.000598892,5.59715E-05,0
61,260,131.212,5.567962127,352.2086395,0,0,0,0.000078,0,0,0,0,0,0,0.151728,0,0.000598892,5.59715E-05,0
61,260,131.212,5.567962127,352.2086395,0,0.15958,0,0,0,0,0.42744,0,0,0,2.56893,0,0.000598892,5.59715E-05,0
61,260,131.212,5.567962127,352.2086395,0,0,0,0.07716,0,0,0.40452,0,0,0,0,0,0.000598892,5.59715E-05,0
61,260,131.212,5.567962127,352.2086395,1.7,0,0,0.002508,0,0,0.13028,0,0,0,2.31141,0,0.000598892,5.59715E-05,0
61,260,131.212,5.567962127,352.2086395,0,0,0,0,0,0,0.13028,0,0,0,0,0,0.000598892,5.59715E-05,0
61,260,131.212,5.567962127,352.2086395,0.58804,0,0,0.008333,0,0,0,0,0,0,1.26477,0,0.000598892,5.59715E-05,0
61,260,131.212,5.567962127,352.2086395,2.9519,0,0,0,0,0,0,0,0,0,0,0,0.000598892,5.59715E-05,0
61,260,131.212,5.567962127,352.2086395,0,0,0,0,0,0.77886,0,0,0,0,0,0,0.000598892,5.59715E-05,0
61,260,131.212,5.567962127,352.2086395,0,0,0,0,0,0,0,0,0,0,0,0,0.000598892,5.59715E-05,0
61,260,131.212,5.567962127,352.2086395,0,0,0,0.013778,0,0,0,0,0,0,0.151728,0,0.000598892,5.59715E-05,0
61,260,131.212,5.567962127,352.2086395,0,0,0,0,0,0,0.021726,0,0,0,0,0,0.000598892,5.59715E-05,0
61,260,131.212,5.567962127,352.2086395,0.035789,0,0,0,0,0,0,0,0,0,0,0,0.000598892,5.59715E-05,0
61,260,131.212,5.567962127,352.2086395,0,0,0,0,0,0,0,0,0,0,0.151728,0,0.000598892,5.59715E-05,0
61,260,131.212,5.567962127,352.2086395,0,0,0,0,0,0,0,0,0,0,0,0,0.000598892,5.59715E-05,0
61,260,131.212,5.567962127,352.2086395,0,0,0,0,0,0,0,0,0,0,4.8993,0,0.000598892,5.59715E-05,0
61,260,131.212,5.567962127,352.2086395,0.17784,0,0,0,0,0,0.59876,0,0,0,0.151728,0,0.000598892,5.59715E-05,0
61,260,131.212,5.567962127,352.2086395,0,0,0,0,0,0,0.021726,0,0,0,0,0,0.000598892,5.59715E-05,0
61,260,131.212,5.567962127,352.2086395,0,0,0,0,0,0,0,0,0,0,0.151728,0,0.000598892,5.59715E-05,0
61,260,131.212,5.567962127,352.2086395,0,0,0,0,0,0,0,0,0,0,0,0,0.000598892,5.59715E-05,0
61,260,131.212,5.567962127,352.2086395,0.002344,0,0,0,0,0,0,0,0,0,0.151728,0,0.000598892,5.59715E-05,0
61,260,131.212,5.567962127,352.2086395,0,0.015762,0,0,0,0,0,0,0,0,0.151728,0,0.000598892,5.59715E-05,0
61,260,131.212,5.567962127,352.2086395,0,0,0,0,0,0,0.13028,0,0,0,0,0,0.000598892,5.59715E-05,0
61,260,131.212,5.567962127,352.2086395,0,0,0,0,0,0,0,0,0,0,4.8993,0,0.000598892,5.59715E-05,0
61,260,131.212,5.567962127,352.2086395,0,0,0,0,0,0,0,0,0,0,0,0,0.000598892,5.59715E-05,0
61,260,131.212,5.567962127,352.2086395,0,0,0,0,0,0,0,0,0,0,0.48174,0,0.000598892,5.59715E-05,0
61,260,131.212,5.567962127,352.2086395,0.14171,0,0,0,0,0,0,0,0,0,0.151728,0,0.000598892,5.59715E-05,0
61,260,131.212,5.567962127,352.2086395,0,0,0,0,0,0,0,0,0,0,0,0,0.000598892,5.59715E-05,0
61,260,131.212,5.567962127,352.2086395,0,1.326,0,0,0,0,0,0,0,0,0,0,0.000598892,5.59715E-05,0
61,260,131.212,5.567962127,352.2086395,0.029081,0,0,0,0,0,0.42744,0,0,0,0.151728,0,0.000598892,5.59715E-05,0
61,260,131.212,5.567962127,352.2086395,2.7291,0,0,0,0,0.79321,0.67927,0,0,0,0,0,0.000598892,5.59715E-05,0
61,260,131.212,5.567962127,352.2086395,0,0,0,0,0,0,0,0,0,0,0.151728,0,0.000598892,5.59715E-05,0
61,260,131.212,5.567962127,352.2086395,0,0,0,0.019348,0,0,0.13028,0,0,0,0.151728,0,0.000598892,5.59715E-05,0
61,260,131.212,5.567962127,352.2086395,0,0.0057645,0,0.008523,0,0,0,0,0,0,0.151728,0,0.000598892,5.59715E-05,0
61,260,131.212,5.567962127,352.2086395,0,0,0,0,0,0.77921,0,0,0,0,0.151728,0,0.000598892,5.59715E-05,0
61,260,131.212,5.567962127,352.2086395,0.01667,0,0,0,0,0,0,0,0,0,1.17711,0,0.000598892,5.59715E-05,0
61,260,131.212,5.567962127,352.2086395,0,0,0,0,0,0,0,0,0,0,0.278703,0,0.000598892,5.59715E-05,0
61,260,131.212,5.567962127,352.2086395,0,0,0,0.0062156,0,0,0.13028,0,0,0,0,0,0.000598892,5.59715E-05,0
61,260,131.212,5.567962127,352.2086395,0,0,0,0,0,0,0,0,0,0,2.96682,0,0.000598892,5.59715E-05,0
61,260,131.212,5.567962127,352.2086395,0,4.6287,0,0.09618,0,0,0,0,0,0,0.151728,0,0.000598892,5.59715E-05,0
61,260,131.212,5.567962127,352.2086395,0.71928,0,0,0,0,0.78099,0,0,0,0,0,0,0.000598892,5.59715E-05,0
61,260,131.212,5.567962127,352.2086395,0,0,0,0,0,0,0,0,0,0,3.1572,0,0.000598892,5.59715E-05,0
61,260,131.212,5.567962127,352.2086395,0,0,0,0.008333,0,0,0.42744,0,0,0,0.151728,0,0.000598892,5.59715E-05,0
61,260,131.212,5.567962127,352.2086395,0.35553,0,0,0,0,0.12278,0,0,0,0,0,0,0.000598892,5.59715E-05,0
61,260,131.212,5.567962127,352.2086395,0,0,0,0,0,0,0,0,0,0,5.1444,0,0.000598892,5.59715E-05,0
61,260,131.212,5.567962127,352.2086395,0,0,0,0,0,0,0,0,0,0,0.70341,0,0.000598892,5.59715E-05,0
61,260,131.212,5.567962127,352.2086395,0,0,0,0,0,0,0,0,0,0,0,0,0.000598892,5.59715E-05,0
61,260,131.212,5.567962127,352.2086395,0,0,0,0,0,0,0,0,0,0,0,0,0.000598892,5.59715E-05,0
61,260,131.212,5.567962127,352.2086395,0,0,0,0,0,0,0,0,0,0,0,0,0.000598892,5.59715E-05,0
61,260,131.212,5.567962127,352.2086395,0.011991,0,0,0,0,0,0,0,0,0,1.32447,0,0.000598892,5.59715E-05,0
62,261,178.326,41.10372967,2600.069536,1.4231,0.008333,0,0,0,0,0,0,0,0,1.08339,0,0.004425623,0.000413611,0
62,261,178.326,41.10372967,2600.069536,0,0,0,0,0,0,0,0,0,0,34.539,0,0.004425623,0.000413611,0
62,261,178.326,41.10372967,2600.069536,0,0,0,0,0,0,0,0,0,0,0,0,0.004425623,0.000413611,0
62,261,178.326,41.10372967,2600.069536,0.13908,0,0,0,0,0,0,0,0,0,0.30174,0,0.004425623,0.000413611,0
62,261,178.326,41.10372967,2600.069536,0,0,0,0,0,0,0,0,0,0,3.1278,0,0.004425623,0.000413611,0
62,261,178.326,41.10372967,2600.069536,0,0,0,0,0,0,0,0,0,0,0.151728,0,0.004425623,0.000413611,0
62,261,178.326,41.10372967,2600.069536,0.00328,0,0,0,0,0,0,0,0,0,6.3789,0,0.004425623,0.000413611,0
62,261,178.326,41.10372967,2600.069536,0,0,0,0,0,0,0,0,0,0,0,0,0.004425623,0.000413611,0
62,261,178.326,41.10372967,2600.069536,1.9362,0,0,0,0,0,15.455,0,0,0,0,0,0.004425623,0.000413611,0
62,261,178.326,41.10372967,2600.069536,0,0,0,0,0,0,0,0,0,0,0,0,0.004425623,0.000413611,0
62,261,178.326,41.10372967,2600.069536,0,0,0,0,0,0,0,0,0,0,0.151728,0,0.004425623,0.000413611,0
62,261,178.326,41.10372967,2600.069536,0.016666,0,0,0,0,0,0,0,0,0,0,0,0.004425623,0.000413611,0
62,261,178.326,41.10372967,2600.069536,0,0,0,0,0,0,0,0,0,0,0.151728,0,0.004425623,0.000413611,0
62,261,178.326,41.10372967,2600.069536,0,0,0,0,0,0,0,0,0,0,1.65174,0,0.004425623,0.000413611,0
62,261,178.326,41.10372967,2600.069536,0,0,0,0,0,0,0,0,0,0,0,0,0.004425623,0.000413611,0
62,261,178.326,41.10372967,2600.069536,0,0,0,0,0,0,0,0,0,0,0.151728,0,0.004425623,0.000413611,0
62,261,178.326,41.10372967,2600.069536,0,0,0,0,0,0,0,0,0,0,0.280446,0,0.004425623,0.000413611,0
62,261,178.326,41.10372967,2600.069536,0.17204,0,0,0,0,0,0,0,0,0,0,0,0.004425623,0.000413611,0
62,261,178.326,41.10372967,2600.069536,0,0,0,0.002508,0,0,0,0,0,0,0.181728,0,0.004425623,0.000413611,0
62,261,178.326,41.10372967,2600.069536,0,7.4718,0,0,0,0,0.13028,0,0,0,0.269961,0,0.004425623,0.000413611,0
62,261,178.326,41.10372967,2600.069536,0.1295,0,0,0,0,0,0,0,0,0,0.151728,0,0.004425623,0.000413611,0
62,261,178.326,41.10372967,2600.069536,0,0,0,0,0,0,0.13028,0,0,0,0.284376,0,0.004425623,0.000413611,0
62,261,178.326,41.10372967,2600.069536,0,0,0,0,0,6.5193,0,0,0,0,0.151728,0,0.004425623,0.000413611,0
62,261,178.326,41.10372967,2600.069536,0,0,0,0,0,0,0,0,0,0,0.151728,0,0.004425623,0.000413611,0
62,261,178.326,41.10372967,2600.069536,0,0,0,0,0,0,6.7574,0,0,0,29.7048,0,0.004425623,0.000413611,0
62,261,178.326,41.10372967,2600.069536,0.0085521,0,0,0,0,0,0,0,0,0,28.113,0,0.004425623,0.000413611,0
62,261,178.326,41.10372967,2600.069536,0,0,0,0,0,0,0,0,0,0,0,0,0.004425623,0.000413611,0
62,261,178.326,41.10372967,2600.069536,2.6816,0,0,0,0,0,0.059897,0,0,0,2.37174,0,0.004425623,0.000413611,0
62,261,178.326,41.10372967,2600.069536,0.01667,0,0,0,0,0,11.775,0,0,0,0.51381,0,0.004425623,0.000413611,0
62,261,178.326,41.10372967,2600.069536,0,0,0.021469,0,0,0,0,0,0,0,0.37014,0,0.004425623,0.000413611,0
62,261,178.326,41.10372967,2600.069536,0.44662,0,0,0,0,0,10.904,0,0,0,5.2239,0,0.004425623,0.000413611,0
62,261,178.326,41.10372967,2600.069536,0,0,7.5239,0,0,0,0,0,0,0,0,0,0.004425623,0.000413611,0
62,261,178.326,41.10372967,2600.069536,0,0,0,25.232,0,0,0,0,0,0,0.273324,0,0.004425623,0.000413611,0
62,261,178.326,41.10372967,2600.069536,0,0.003465,0,0,0,0.79549,0,0,0,0,2.39772,0,0.004425623,0.000413611,0
62,261,178.326,41.10372967,2600.069536,0,0,0,0,0,0,0,0,0,0,0,0,0.004425623,0.000413611,0
62,261,178.326,41.10372967,2600.069536,0,0,0,0,0,0,0,0,0,0,4.6839,0,0.004425623,0.000413611,0
62,261,178.326,41.10372967,2600.069536,0.090401,0,0,0,0,0,0.40452,0,0,0,0,0,0.004425623,0.000413611,0
62,261,178.326,41.10372967,2600.069536,0,0,0,0,0,0,0,0,0,0,0.151728,0,0.004425623,0.000413611,0
62,261,178.326,41.10372967,2600.069536,0.015944,0,0,0,0,0,0.40452,0,0,0,0,0,0.004425623,0.000413611,0
62,261,178.326,41.10372967,2600.069536,0,0,0,0,0,0,2.6355,0,0,0,0.151728,0,0.004425623,0.000413611,0
62,261,178.326,41.10372967,2600.069536,0,0,0,0,0,0,0.13028,0,0,0,0.276939,0,0.004425623,0.000413611,0
62,261,178.326,41.10372967,2600.069536,0,0,0,0,0,0,0.13028,0,0,0,0.30174,0,0.004425623,0.000413611,0
62,261,178.326,41.10372967,2600.069536,0.71928,0,0,0,0,0,0.059897,0,0,0,2.05122,0,0.004425623,0.000413611,0
62,261,178.326,41.10372967,2600.069536,0,0,0,0.0060235,0,0,9.9672,0,0,0,0,0,0.004425623,0.000413611,0
62,261,178.326,41.10372967,2600.069536,0.082238,0,0,0,0,0.79321,0,0,0,0,0,0,0.004425623,0.000413611,0
62,261,178.326,41.10372967,2600.069536,0,0.46651,0,0,0,0,0,0,0,0,0.88596,0,0.004425623,0.000413611,17.41463415
62,261,178.326,41.10372967,2600.069536,0,0,0,0,0,0,0,0,0,0,17.3718,0,0.004425623,0.000413611,0
62,261,178.326,41.10372967,2600.069536,0,0,0,0.85504,0,0,5.1475,0,0,0,6.5508,0,0.004425623,0.000413611,0
62,261,178.326,41.10372967,2600.069536,0.020635,0,0,0.024828,0,0,0,0,0,0,0.151728,0,0.004425623,0.000413611,0
62,261,178.326,41.10372967,2600.069536,0,12.359,0,0,0,0,0,0,0,0,0,0,0.004425623,0.000413611,0
62,261,178.326,41.10372967,2600.069536,0,0.030325,0,0,0,0,0,0,0,0,7.6818,0,0.004425623,0.000413611,0
62,261,178.326,41.10372967,2600.069536,0,0,0,0,0,0,0,0,0,0,0.151728,0,0.004425623,0.000413611,0
62,261,178.326,41.10372967,2600.069536,0,0,0,0,0,0,0,0,0,0,0.151728,0,0.004425623,0.000413611,0
62,261,178.326,41.10372967,2600.069536,0,0,0,0,0,0,0.42744,0,0,0,22.6218,0,0.004425623,0.000413611,0
62,261,178.326,41.10372967,2600.069536,0,0,0,0.003465,0,0,0,0,0,0,0.278526,0,0.004425623,0.000413611,0
62,261,178.326,41.10372967,2600.069536,0.000688,0,0,0,0,0,0,0,0,0,0.151728,0,0.004425623,0.000413611,0
62,261,178.326,41.10372967,2600.069536,0,0,0,0,0,0,0,0,0,0,2.13174,0,0.004425623,0.000413611,0
62,261,178.326,41.10372967,2600.069536,0.14171,0,0,0,0,0,0,0,0,0,0.273384,0,0.004425623,0.000413611,0
62,261,178.326,41.10372967,2600.069536,0.084223,0,0,0,0,0.77921,19.592,0,0,0,0.151728,0,0.004425623,0.000413611,0
62,261,178.326,41.10372967,2600.069536,0.0047435,0,0.10254,0,0,0,0.13028,0,0,0,3.6285,0,0.004425623,0.000413611,0
62,261,178.326,41.10372967,2600.069536,0.00062,0,0,0,0,0,0.13028,0,0,0,0,0,0.004425623,0.000413611,0
62,261,178.326,41.10372967,2600.069536,0,0,0,0,0,0,0,0,0,0,0.84174,0,0.004425623,0.000413611,0
62,261,178.326,41.10372967,2600.069536,0.00062,0,0,0,0,0,0,0,0,0,9.6318,0,0.004425623,0.000413611,0
62,261,178.326,41.10372967,2600.069536,0,0,0,0,0,0,0,0,0,0,0,0,0.004425623,0.000413611,0
62,261,178.326,41.10372967,2600.069536,0,0.005639,0,0,0,0.00019,0,0,0,0,0,0,0.004425623,0.000413611,0
62,261,178.326,41.10372967,2600.069536,0,0,0,7.0561,0,0,0,0,0,0,12.8454,0,0.004425623,0.000413611,0
62,261,178.326,41.10372967,2600.069536,0,0,0,0,0,0,0,0,0,0,0,0,0.004425623,0.000413611,36.36585366
62,261,178.326,41.10372967,2600.069536,0,0,0,0,0,0,0.13028,0,0,0,0,0,0.004425623,0.000413611,0
62,261,178.326,41.10372967,2600.069536,0,0,0,0,0,0,0,0,0,0,0,0,0.004425623,0.000413611,0
62,261,178.326,41.10372967,2600.069536,0,0,0,0,0,0,0,0,0,0,0,0,0.004425623,0.000413611,0
62,261,178.326,41.10372967,2600.069536,0,0,0,0,0,0,0,0,0,0,1.70622,0,0.004425623,0.000413611,0
62,261,178.326,41.10372967,2600.069536,0,0,0,0,0,2.0228,0,0,0,0,0.31755,0,0.004425623,0.000413611,0
62,261,178.326,41.10372967,2600.069536,0,0,0,12.786,0,0,0,0,0,0,11.7525,0,0.004425623,0.000413611,0
62,261,178.326,41.10372967,2600.069536,0,0,0,0,0,0.78085,0,0,0,0,0,0,0.004425623,0.000413611,0
62,261,178.326,41.10372967,2600.069536,0,0,0,0.000063,0,0,0.059897,0,0,0,0.286086,0,0.004425623,0.000413611,0
62,261,178.326,41.10372967,2600.069536,0.002068,0,0,0,0,0,0,0,0,0,0.88596,0,0.004425623,0.000413611,0
62,261,178.326,41.10372967,2600.069536,0,0,0,3.5389,0,0,27.352,0,0,0,0,0,0.004425623,0.000413611,0
62,261,178.326,41.10372967,2600.069536,0.68542,0,0,6.7899,0,0,0,0,0,0,25.2354,0,0.004425623,0.000413611,0
62,261,178.326,41.10372967,2600.069536,0,0,0,0,0,0,0,0,0,0,0,0,0.004425623,0.000413611,0
62,261,178.326,41.10372967,2600.069536,0,0,0.97664,0,0,0,0,0,0,0,0.151728,0,0.004425623,0.000413611,0
62,261,178.326,41.10372967,2600.069536,0,0,0,0,0,0,13.802,0,0,0,16.0194,0,0.004425623,0.000413611,0
62,261,178.326,41.10372967,2600.069536,0.011991,0,0,0,0,0,0.008333,0,0,0,9.6318,0,0.004425623,0.000413611,0
62,261,178.326,41.10372967,2600.069536,0,0,0,0,0,0,0,0,0,0,20.2284,0,0.004425623,0.000413611,0
62,261,178.326,41.10372967,2600.069536,0,0,0,0,0,0,0.76987,0,0,0,0,0,0.004425623,0.000413611,0
62,261,178.326,41.10372967,2600.069536,0,0,0,0,0,0,0,0,0,0,0.151728,0,0.004425623,0.000413611,0
62,261,178.326,41.10372967,2600.069536,0,0,0,0,0,0,0,0,0,0,0.270372,0,0.004425623,0.000413611,0
62,261,178.326,41.10372967,2600.069536,0.87594,0,0,0,0,0,0,0,0,0,5.0406,0,0.004425623,0.000413611,0
62,261,178.326,41.10372967,2600.069536,1.5489,0,0,0,0,0,16.253,0,0,0,0.276924,0,0.004425623,0.000413611,0
62,261,178.326,41.10372967,2600.069536,0.26564,0.00524,0,0,0,0,0,0,0,0,0,0,0.004425623,0.000413611,0
62,261,178.326,41.10372967,2600.069536,1.6223,0,0,0,0,0,0,0,0,0,11.0268,0,0.004425623,0.000413611,0
62,261,178.326,41.10372967,2600.069536,0,0,0,0,0,0,0,0,0,0,17.3418,0,0.004425623,0.000413611,0
62,261,178.326,41.10372967,2600.069536,0.001493,0,0,0,0,0,9.2947,0,0,0,0,0,0.004425623,0.000413611,0
62,261,178.326,41.10372967,2600.069536,0,0.12053,0,3.6711,0,0,0.13028,0,0,0,0.151728,0,0.004425623,0.000413611,0
62,261,178.326,41.10372967,2600.069536,0.14678,0,0,0.008333,0,0,7.6069,0,0,0,8.5644,0,0.004425623,0.000413611,0
62,261,178.326,41.10372967,2600.069536,0,0,0,0,0,0,0.80878,0,0,0,0,0,0.004425623,0.000413611,0
62,261,178.326,41.10372967,2600.069536,0.000234,0,0,0,0,0.79321,0,0,0,0,0,0,0.004425623,0.000413611,0
62,261,178.326,41.10372967,2600.069536,0,0,0,0,0,0,0,0,0,0,0.151728,0,0.004425623,0.000413611,0
62,261,178.326,41.10372967,2600.069536,0,0,0,0,0,0.78239,0,0,0,0,0.151728,0,0.004425623,0.000413611,0
62,261,178.326,41.10372967,2600.069536,0,0,0,0,0,0,0,0,0,0,6.5418,0,0.004425623,0.000413611,0
62,261,178.326,41.10372967,2600.069536,0.003485,0,0,0,0,0,0,0,0,0,22.617,0,0.004425623,0.000413611,0
62,261,178.326,41.10372967,2600.069536,19.704,0,0,0,0,0,0,0,0,0,0.273384,0,0.004425623,0.000413611,0
62,261,178.326,41.10372967,2600.069536,0,2.0145,0,0,0,0,5.6128,0,0,0,0.276924,0,0.004425623,0.000413611,0
62,261,178.326,41.10372967,2600.069536,0,0,0,0.47183,0,0,0,0,0,0,0,0,0.004425623,0.000413611,0
62,261,178.326,41.10372967,2600.069536,0,0,0,0,0,0,0,0,0,0,0,0,0.004425623,0.000413611,0
62,261,178.326,41.10372967,2600.069536,0.01199,0,0,0,0,0,0,0,0,0,18.9018,0,0.004425623,0.000413611,0
62,261,178.326,41.10372967,2600.069536,0,0,0,0,0,0.78033,0,0,0,0,1.91388,0,0.004425623,0.000413611,0
62,261,178.326,41.10372967,2600.069536,0,0,0,0,0,0,0,0,0,0,2.20755,0,0.004425623,0.000413611,0
62,261,178.326,41.10372967,2600.069536,0,0,0,0,0,0,0,0,0,0,28.113,0,0.004425623,0.000413611,0
62,261,178.326,41.10372967,2600.069536,0,0,0,0.002508,0,0.079175,16.743,0,0,0,0.34434,0,0.004425623,0.000413611,0
62,261,178.326,41.10372967,2600.069536,0,0,0,0,0,0,0,0,0,0,0.151728,0,0.004425623,0.000413611,0
62,261,178.326,41.10372967,2600.069536,0,0,0,0,0,0,0.059897,0,0,0,0,0,0.004425623,0.000413611,0
62,261,178.326,41.10372967,2600.069536,0,0,0,0,0,0,0,0,0,0,0.151728,0,0.004425623,0.000413611,0
62,261,178.326,41.10372967,2600.069536,0,0,0,0,0,0.77806,0,0,0,0,11.5245,0,0.004425623,0.000413611,0
62,261,178.326,41.10372967,2600.069536,8.701,0,0,0,0,0,0,0,0,0,28.8018,0,0.004425623,0.000413611,0
62,261,178.326,41.10372967,2600.069536,0.034901,0,0,0,0,0,0.42744,0,0,0,0,0,0.004425623,0.000413611,0
62,261,178.326,41.10372967,2600.069536,0,0,0,0,0,0,0,0,0,0,0,0,0.004425623,0.000413611,0
62,261,178.326,41.10372967,2600.069536,0.042624,0,0,0,0,0,0,0,0,0,1.88184,0,0.004425623,0.000413611,0
62,261,178.326,41.10372967,2600.069536,0,0.053883,0,0,0,0,13.633,0,0,0,3.6285,0,0.004425623,0.000413611,0
62,261,178.326,41.10372967,2600.069536,0.035318,0,0,0,0,0,0.13028,0,0,0,0.181728,0,0.004425623,0.000413611,0
62,261,178.326,41.10372967,2600.069536,0,39.843,0,0,0,0,0,0,0,0,0.78174,0,0.004425623,0.000413611,0
62,261,178.326,41.10372967,2600.069536,0.27485,0,0,0,0,0,0,0,0,0,7.5918,0,0.004425623,0.000413611,0
62,261,178.326,41.10372967,2600.069536,0.016666,0,0,0,0,13.934,0,0,0,0,4.5555,0,0.004425623,0.000413611,0
62,261,178.326,41.10372967,2600.069536,6.1631,0,0,0,0,0,0,0,0,0,0.70734,0,0.004425623,0.000413611,0
62,261,178.326,41.10372967,2600.069536,0,0.035179,0,0,0,0,0,0,0,0,0.181728,0,0.004425623,0.000413611,0
62,261,178.326,41.10372967,2600.069536,0,0,0,0,0,0,0,0,0,0,0,0,0.004425623,0.000413611,0
62,261,178.326,41.10372967,2600.069536,0,0,0,0,0,0,0,0,0,0,0.42174,0,0.004425623,0.000413611,0
62,261,178.326,41.10372967,2600.069536,0,0,0,0,0,0,0,0,0,0,0.151728,0,0.004425623,0.000413611,0
62,261,178.326,41.10372967,2600.069536,0,0,0,0,0,0,0,0,0,0,0.151728,0,0.004425623,0.000413611,0
62,261,178.326,41.10372967,2600.069536,0,0,0,0,0,0,0,0,0,0,0.151728,0,0.004425623,0.000413611,0
62,261,178.326,41.10372967,2600.069536,0,0,0,0.008321,0,0,0,0,0,0,10.3692,0,0.004425623,0.000413611,0
62,261,178.326,41.10372967,2600.069536,0,0,0,0,0,0,0,0,0,0,0,0,0.004425623,0.000413611,0
62,261,178.326,41.10372967,2600.069536,0,0,0,0.12175,0,0,0.13028,0,0,0,0,0,0.004425623,0.000413611,0
62,261,178.326,41.10372967,2600.069536,0,0,0,0,0,0,0.42744,0,0,0,0.151728,0,0.004425623,0.000413611,0
62,261,178.326,41.10372967,2600.069536,1.976,0,0,0,0,0,0,0,0,0,8.1018,0,0.004425623,0.000413611,0
62,261,178.326,41.10372967,2600.069536,8.1282,0,0,0,0,0,0,0,0,0,0.151728,0,0.004425623,0.000413611,0
62,261,178.326,41.10372967,2600.069536,6.6358,0.010904,0,0,0,0,0,0,0,0,0,0,0.004425623,0.000413611,0
62,261,178.326,41.10372967,2600.069536,0,0,0,0,0,0.77921,0,0,0,0,1.97832,0,0.004425623,0.000413611,0
62,261,178.326,41.10372967,2600.069536,0,0,0,0,0,0,0,0,0,0,0,0,0.004425623,0.000413611,0
62,261,178.326,41.10372967,2600.069536,0,0,0,0,0,0,0.13028,0,0,0,0,0,0.004425623,0.000413611,0
62,261,178.326,41.10372967,2600.069536,0.54215,0,0,0,0,0,0,0,0,0,4.8618,0,0.004425623,0.000413611,0
62,261,178.326,41.10372967,2600.069536,0,0,0,0,0,0,23.562,0,0,0,11.9625,0,0.004425623,0.000413611,0
62,261,178.326,41.10372967,2600.069536,0.005577,0,0,0,0,0,0,0,0,0,1.67382,0,0.004425623,0.000413611,0
62,261,178.326,41.10372967,2600.069536,0,0,0,0.005239,0,0,0,0,0,0,0,0,0.004425623,0.000413611,0
62,261,178.326,41.10372967,2600.069536,0,0,0,0,0,0,0,0,0,0,0,0,0.004425623,0.000413611,0
62,261,178.326,41.10372967,2600.069536,0,0,0,0,0,0,0,0,0,0,0,0,0.004425623,0.000413611,0
62,261,178.326,41.10372967,2600.069536,0,0,0,0,0,0,0,0,0,0,4.4313,0,0.004425623,0.000413611,0
62,261,178.326,41.10372967,2600.069536,0,0,0,0,0,0,0,0,0,0,0.151728,0,0.004425623,0.000413611,0
62,261,178.326,41.10372967,2600.069536,0.089174,0,0,0,0,0,0,0,0,0,0.278526,0,0.004425623,0.000413611,0
62,261,178.326,41.10372967,2600.069536,0,0,0,0,0,0.77904,0.13028,0,0,0,0,0,0.004425623,0.000413611,0
62,261,178.326,41.10372967,2600.069536,0,0,0,0,0,0,0,0,0,0,14.4138,0,0.004425623,0.000413611,0
62,261,178.326,41.10372967,2600.069536,0,0.011751,0,0,0,0,0.13028,0,0,0,32.442,0,0.004425623,0.000413611,0
62,261,178.326,41.10372967,2600.069536,3.9444,0,0,0,0,0,0,0,0,0,1.17966,0,0.004425623,0.000413611,0
62,261,178.326,41.10372967,2600.069536,0,0,0,0,0,0,0,0,0,0,0,0,0.004425623,0.000413611,0
62,261,178.326,41.10372967,2600.069536,2.9519,0,0,0,0,0,0,0,0,0,0.151728,0,0.004425623,0.000413611,0
62,261,178.326,41.10372967,2600.069536,0.01537,0,0,0.008333,0,0,0,0,0,0,0,0,0.004425623,0.000413611,0
62,261,178.326,41.10372967,2600.069536,0.001292,0,0,0,0,0,30.147,0,0,0,1.95174,0,0.004425623,0.000413611,0
62,261,178.326,41.10372967,2600.069536,0,0,0,0,0,0,0,0,0,0,10.8618,0,0.004425623,0.000413611,0
62,261,178.326,41.10372967,2600.069536,0,0,9.7968,0,0,0,0,0,0,0,13.9131,0,0.004425623,0.000413611,0
62,261,178.326,41.10372967,2600.069536,0.003173,0,0,0.98424,0,0,16.743,0,0,0,1.05978,0,0.004425623,0.000413611,0
62,261,178.326,41.10372967,2600.069536,0,0,0,0,0,0,0,0,0,0,0.151728,0,0.004425623,0.000413611,0
62,261,178.326,41.10372967,2600.069536,0,0,0,0,0,0,10.513,0,0,0,1.62018,0,0.004425623,0.000413611,0
62,261,178.326,41.10372967,2600.069536,0,0,0,0,0,0.781,0,0,0,0,0.93813,0,0.004425623,0.000413611,0
62,261,178.326,41.10372967,2600.069536,0.43529,0,0,0,0,0,0,0,0,0,0.151728,0,0.004425623,0.000413611,0
62,261,178.326,41.10372967,2600.069536,0,0,0,0,0,0,0,0,0,0,0,0,0.004425623,0.000413611,0
62,261,178.326,41.10372967,2600.069536,0.66097,0,0,0.001436,0,0,0,0,0,0,0,0,0.004425623,0.000413611,0
62,261,178.326,41.10372967,2600.069536,0,0,0,0,0,0,0,0,0,0,9.6318,0,0.004425623,0.000413611,0
62,261,178.326,41.10372967,2600.069536,0,0,0,0,0,0,0.59876,0,0,0,0.65616,0,0.004425623,0.000413611,0
62,261,178.326,41.10372967,2600.069536,0,0,0,0,0,0,0,0,0,0,18.9018,0,0.004425623,0.000413611,0
62,261,178.326,41.10372967,2600.069536,0,0,0,0,0,0,0,0,0,0,0.151728,0,0.004425623,0.000413611,0
62,261,178.326,41.10372967,2600.069536,0.090401,0,0,0,0,0,0,0,0,0,0,0,0.004425623,0.000413611,0
62,261,178.326,41.10372967,2600.069536,0,0,0,0,0,0.005347,0.13028,0,0,0,0.151728,0,0.004425623,0.000413611,0
62,261,178.326,41.10372967,2600.069536,0,0,0,0,0,0,0,0,0,0,0.151728,0,0.004425623,0.000413611,0
62,261,178.326,41.10372967,2600.069536,0,0,0,0,0,0,0.002308,0,0,0,10.2414,0,0.004425623,0.000413611,0
62,261,178.326,41.10372967,2600.069536,0,0,0,0.00524,0,0,0,0,0,0,0,0,0.004425623,0.000413611,0
62,261,178.326,41.10372967,2600.069536,0,0,0,0,0,0,0,0,0,0,0.151728,0,0.004425623,0.000413611,0
62,261,178.326,41.10372967,2600.069536,8.1282,0,0,0,0,0,0,0,0,0,0,0,0.004425623,0.000413611,0
62,261,178.326,41.10372967,2600.069536,0,0,0,0,0,0,35.163,0,0,0,0.151728,0,0.004425623,0.000413611,0
62,261,178.326,41.10372967,2600.069536,0,5.3118,0,0.008397,0,0,0,0,0,0,0,0,0.004425623,0.000413611,0
62,261,178.326,41.10372967,2600.069536,0,0,0,0,0,0,0,0,0,0,0,0,0.004425623,0.000413611,0
62,261,178.326,41.10372967,2600.069536,0.17784,0.0093415,0,0.29653,0,0,0,0,0,0,28.8018,0,0.004425623,0.000413611,0
62,261,178.326,41.10372967,2600.069536,1.5489,0,0,0.26891,0,0,0,0,0,0,36.924,0,0.004425623,0.000413611,0
62,261,178.326,41.10372967,2600.069536,0.078882,0,0,0,0,0,0.67927,0,0,0,0,0,0.004425623,0.000413611,0
62,261,178.326,41.10372967,2600.069536,0.005958,0,0,0,0,0,0,0,0,0,0.151728,0,0.004425623,0.000413611,0
62,261,178.326,41.10372967,2600.069536,0,0.018473,0,0,0,1.0992,0,0,0,0,0.151728,0,0.004425623,0.000413611,0
62,261,178.326,41.10372967,2600.069536,0.01199,0,0,0,0,0,0.008333,0,0,0,0.151728,0,0.004425623,0.000413611,0
62,261,178.326,41.10372967,2600.069536,0,0,0,0,0,0,0,0,0,0,0.68376,0,0.004425623,0.000413611,0
62,261,178.326,41.10372967,2600.069536,3.3279,0,0,0,0,0,0,0,0,0,1.91388,0,0.004425623,0.000413611,0
62,261,178.326,41.10372967,2600.069536,0,0,0,0,0,0,0,0,0,0,1.57179,0,0.004425623,0.000413611,0
62,261,178.326,41.10372967,2600.069536,0.029081,0,0,0,0,0,0,0,0,0,7.2732,0,0.004425623,0.000413611,0
62,261,178.326,41.10372967,2600.069536,0,0,0,0,0,0.79321,0.13028,0,0,0,0.279489,0,0.004425623,0.000413611,0
62,261,178.326,41.10372967,2600.069536,0,0,0,0.0059262,0,0,0,0,0,0,0,0,0.004425623,0.000413611,0
62,261,178.326,41.10372967,2600.069536,0,1.6282,0,0,0,0,0,0,0,0,12.3399,0,0.004425623,0.000413611,0
62,261,178.326,41.10372967,2600.069536,0,0,0,1.3282,0,0,0,0,0,0,0,0,0.004425623,0.000413611,0
62,261,178.326,41.10372967,2600.069536,0,0.12112,0,0,0,0.079175,0,0,0,0,0.151728,0,0.004425623,0.000413611,0
62,261,178.326,41.10372967,2600.069536,0,20.809,0,0,0,0,0.80081,0,0,0,0,0,0.004425623,0.000413611,0
62,261,178.326,41.10372967,2600.069536,0,0,0,0,0,0.78085,0,0,0,0,0,0,0.004425623,0.000413611,0
62,261,178.326,41.10372967,2600.069536,6.2758,0,0,0,0,0.000464,0,0,0,0,3.0075,0,0.004425623,0.000413611,0
62,261,178.326,41.10372967,2600.069536,0,0,0,0,0,0,0,0,0,0,12.2682,0,0.004425623,0.000413611,0
62,261,178.326,41.10372967,2600.069536,0.002344,0,0,0,0,0,0.13028,0,0,0,0,0,0.004425623,0.000413611,0
62,261,178.326,41.10372967,2600.069536,32.277,0,0.000826,0,0,0,0,0,0,0,1.96911,0,0.004425623,0.000413611,0
62,261,178.326,41.10372967,2600.069536,0.016623,0,0,0,0,0,0.059897,0,0,0,1.88184,0,0.004425623,0.000413611,0
62,261,178.326,41.10372967,2600.069536,0,0,0,0,0,0,0,0,0,0,3.4635,0,0.004425623,0.000413611,0
62,261,178.326,41.10372967,2600.069536,0,0,0,0.0021738,0,0,0,0,0,0,7.5918,0,0.004425623,0.000413611,0
62,261,178.326,41.10372967,2600.069536,0,4.5179,0,0,0,0,0,0,0,0,0,0,0.004425623,0.000413611,0
62,261,178.326,41.10372967,2600.069536,0,0,0,0,0,0,0,0,0,0,0,0,0.004425623,0.000413611,0
62,261,178.326,41.10372967,2600.069536,0,0,2.2228,0,0,0,0.002308,0,0,0,0.151728,0,0.004425623,0.000413611,0
62,261,178.326,41.10372967,2600.069536,0,0,0,0,0,0,0,0,0,0,0.151728,0,0.004425623,0.000413611,0
62,261,178.326,41.10372967,2600.069536,0.065984,0,0,0,0,0,0,0,0,0,1.19187,0,0.004425623,0.000413611,0
62,261,178.326,41.10372967,2600.069536,0,0,0,0,0,0,0.13028,0,0,0,0.181728,0,0.004425623,0.000413611,0
62,261,178.326,41.10372967,2600.069536,0.26916,0,0,0,0,0,0,0,0,0,0.151728,0,0.004425623,0.000413611,0
62,261,178.326,41.10372967,2600.069536,0,0,0,0,0,0,0,0,0,0,0,0,0.004425623,0.000413611,0
62,261,178.326,41.10372967,2600.069536,0,3.6525,0,2.2304,0,0,0,0,0,0,0,0,0.004425623,0.000413611,0
62,261,178.326,41.10372967,2600.069536,0.38369,0,0,0,0,0,0.59876,0,0,0,37.836,0,0.004425623,0.000413611,0
62,261,178.326,41.10372967,2600.069536,0,0,0,0,0,0,0,0,0,0,0,0,0.004425623,0.000413611,0
62,261,178.326,41.10372967,2600.069536,0,0,0,0,0,0.005347,0,0,0,0,0.27711,0,0.004425623,0.000413611,0
62,261,178.326,41.10372967,2600.069536,0,0,0,0.008332,0,0,0,0,0,0,0.151728,0,0.004425623,0.000413611,0
62,261,178.326,41.10372967,2600.069536,0,0,0,0,0,0,0,0,0,0,16.4517,0,0.004425623,0.000413611,0
62,261,178.326,41.10372967,2600.069536,0.012001,0,0,0,0,0,0,0,0,0,12.0081,0,0.004425623,0.000413611,0
62,261,178.326,41.10372967,2600.069536,0,0,0,0,0,8.2994,0,0,0,0,0,0,0.004425623,0.000413611,0
62,261,178.326,41.10372967,2600.069536,3.9444,0,0,0,0,0,0,0,0,0,23.3337,0,0.004425623,0.000413611,0
62,261,178.326,41.10372967,2600.069536,0,0,0,0,0,0,0.13028,0,0,0,10.1169,0,0.004425623,0.000413611,0
62,261,178.326,41.10372967,2600.069536,0,0,0,0,0,0,0,0,0,0,0.290478,0,0.004425623,0.000413611,0
62,261,178.326,41.10372967,2600.069536,0,0,0,0,0,0,0,0,0,0,0.31755,0,0.004425623,0.000413611,0
62,261,178.326,41.10372967,2600.069536,0,0,0,0.00043,0,0,0,0,0,0,1.42107,0,0.004425623,0.000413611,0
62,261,178.326,41.10372967,2600.069536,0,0,0,0,0,0,0.10863,0,0,0,0,0,0.004425623,0.000413611,0
62,261,178.326,41.10372967,2600.069536,0.55661,0,0,0,0,0,0.60778,0,0,0,0,0,0.004425623,0.000413611,0
62,261,178.326,41.10372967,2600.069536,0,0,0,0,0,0,0,0,0,0,0.151728,0,0.004425623,0.000413611,0
62,261,178.326,41.10372967,2600.069536,0,0,0,0,0,0,0,0,0,0,0,0,0.004425623,0.000413611,0
62,261,178.326,41.10372967,2600.069536,0,0,0,0,0,0,0,0,0,0,0.151728,0,0.004425623,0.000413611,0
62,261,178.326,41.10372967,2600.069536,0.10603,0,0,0,0,0,0,0,0,0,25.7361,0,0.004425623,0.000413611,0
62,261,178.326,41.10372967,2600.069536,0,0,0,0,0,0,27.171,0,0,0,6.528,0,0.004425623,0.000413611,0
62,261,178.326,41.10372967,2600.069536,0,0,0,0,0,0,0,0,0,0,0.151728,0,0.004425623,0.000413611,0
62,261,178.326,41.10372967,2600.069536,0,0.0059107,0,0,0,0,0,0,0,0,0.151728,0,0.004425623,0.000413611,0
62,261,178.326,41.10372967,2600.069536,0,0,0,0,0,0,0,0,0,0,0.151728,0,0.004425623,0.000413611,0
62,261,178.326,41.10372967,2600.069536,0.66097,0,0,0,0,0,0,0,0,0,0,0,0.004425623,0.000413611,0
62,261,178.326,41.10372967,2600.069536,0,0,0.000012,0,0,0,0,0,0,0,0.151728,0,0.004425623,0.000413611,0
62,261,178.326,41.10372967,2600.069536,0,0,0,0,0,0,0,0,0,0,0,0,0.004425623,0.000413611,0
62,261,178.326,41.10372967,2600.069536,0,0,0,0,0,0,0,0,0,0,0,0,0.004425623,0.000413611,0
62,261,178.326,41.10372967,2600.069536,0,0.008339,0,0,0,0,0.13028,0,0,0,0.151728,0,0.004425623,0.000413611,0
62,261,178.326,41.10372967,2600.069536,0,0,0,0.010957,0,6.1876,20.142,0,0,0,7.3638,0,0.004425623,0.000413611,0
62,261,178.326,41.10372967,2600.069536,0,0,0,0,0,0,0,0,0,0,0.151728,0,0.004425623,0.000413611,0
62,261,178.326,41.10372967,2600.069536,0,0,0,0,0,0,0.13028,0,0,0,0.37014,0,0.004425623,0.000413611,0
62,261,178.326,41.10372967,2600.069536,0,0,0,0,0,0,0.10863,0,0,0,17.2392,0,0.004425623,0.000413611,0
62,261,178.326,41.10372967,2600.069536,0.81665,0.0087735,6.2235,0,0,0,0,0,0,0,0.31074,0,0.004425623,0.000413611,0
62,261,178.326,41.10372967,2600.069536,0,0.003539,0,0,0,0,0,0,0,0,0,0,0.004425623,0.000413611,0
62,261,178.326,41.10372967,2600.069536,0,0,0,0,0,0,0,0,0,0,0.151728,0,0.004425623,0.000413611,19.54878049
62,261,178.326,41.10372967,2600.069536,0,0,9.7968,0.008332,0,0,0,0,0,0,0.151728,0,0.004425623,0.000413611,0
62,261,178.326,41.10372967,2600.069536,0,0,0,0,0,0,0.13028,0,0,0,12.3399,0,0.004425623,0.000413611,0
62,261,178.326,41.10372967,2600.069536,3.6281,0,0,0,0,0,0,0,0,0,0,0,0.004425623,0.000413611,0
62,261,178.326,41.10372967,2600.069536,0,0.21236,0,0,0,0,0,0,0,0,0,0,0.004425623,0.000413611,0
62,261,178.326,41.10372967,2600.069536,0,0,0,0,0,0,0.59876,0,0,0,0,0,0.004425623,0.000413611,0
62,261,178.326,41.10372967,2600.069536,0,0,0,0,0,0,0.13028,0,0,0,0,0,0.004425623,0.000413611,0
62,261,178.326,41.10372967,2600.069536,0,0,0,0,0,0,0,0,0,0,0.151728,0,0.004425623,0.000413611,0
62,261,178.326,41.10372967,2600.069536,0,0,0,1.1508,0,0,0,0,0,0,0,0,0.004425623,0.000413611,0
62,261,178.326,41.10372967,2600.069536,0,12.359,0,0.000187,0,0,0,0,0,0,0,0,0.004425623,0.000413611,0
62,261,178.326,41.10372967,2600.069536,0,0,0,0.019407,0,0,24.738,0,0,0,0.286419,0,0.004425623,0.000413611,0
62,261,178.326,41.10372967,2600.069536,0.020635,0,0,0.001009,0,0,0,0,0,0,5.1447,0,0.004425623,0.000413611,0
62,261,178.326,41.10372967,2600.069536,0,0,0,0,0,0,0,0,0,0,0,0,0.004425623,0.000413611,0
62,261,178.326,41.10372967,2600.069536,0,0.03412,0,0,0,0,0,0,0,0,0.151728,0,0.004425623,0.000413611,0
62,261,178.326,41.10372967,2600.069536,0,0,0,0,0,0,0,0,0,0,0.151728,0,0.004425623,0.000413611,0
62,261,178.326,41.10372967,2600.069536,0,0,0,0,0,0,0.008333,0,0,0,8.6688,0,0.004425623,0.000413611,27.40243902
62,261,178.326,41.10372967,2600.069536,0,0,0,0,0,0,0,0,0,0,0.151728,0,0.004425623,0.000413611,0
62,261,178.326,41.10372967,2600.069536,0,0,0,0,0,6.1876,0,0,0,0,0.151728,0,0.004425623,0.000413611,0
62,261,178.326,41.10372967,2600.069536,0,0,0,0,0,0,0,0,0,0,0.181728,0,0.004425623,0.000413611,0
62,261,178.326,41.10372967,2600.069536,0,0,0,0.008333,0,0,0,0,0,0,18.1353,0,0.004425623,0.000413611,0
62,261,178.326,41.10372967,2600.069536,0.00062,0,0,0,0,0.79321,27.391,0,0,0,0.151728,0,0.004425623,0.000413611,0
62,261,178.326,41.10372967,2600.069536,0,0.002508,0,0,0,0,0,0,0,0,0,0,0.004425623,0.000413611,0
62,261,178.326,41.10372967,2600.069536,0,0,0,0,0,0.79321,0,0,0,0,0,0,0.004425623,0.000413611,0
62,261,178.326,41.10372967,2600.069536,0,0,0,0,0,0,0,0,0,0,0.72228,0,0.004425623,0.000413611,0
62,261,178.326,41.10372967,2600.069536,2.5027,0,0,0.014371,0,0,13.802,0,0,0,0.151728,0,0.004425623,0.000413611,0
62,261,178.326,41.10372967,2600.069536,0,0,0,0,0,0,0,0,0,0,12.2682,0,0.004425623,0.000413611,0
62,261,178.326,41.10372967,2600.069536,0.016666,0,0,0,0,0,30.404,0,0,0,0,0,0.004425623,0.000413611,0
62,261,178.326,41.10372967,2600.069536,0,0,0,0,0,0,0,0,0,0,32.442,0,0.004425623,0.000413611,0
62,261,178.326,41.10372967,2600.069536,0.30907,0,0.002082,0,0,0,0,0,0,0,0.2871,0,0.004425623,0.000413611,0
62,261,178.326,41.10372967,2600.069536,0,12.17,0,0,0,0,0,0,0,0,0,0,0.004425623,0.000413611,0
62,261,178.326,41.10372967,2600.069536,0,0,0,0,0,0,0,0,0,0,0.31059,0,0.004425623,0.000413611,0
62,261,178.326,41.10372967,2600.069536,0,0,0,0,0,0,0,0,0,0,2.6481,0,0.004425623,0.000413611,0
62,261,178.326,41.10372967,2600.069536,0,0,0,0.007102,0,0,0,0,0,0,17.3325,0,0.004425623,0.000413611,0
62,261,178.326,41.10372967,2600.069536,0,0,0,0,0,0,0,0,0,0,0.73911,0,0.004425623,0.000413611,0
62,261,178.326,41.10372967,2600.069536,0,0,0,0,0,0,0,0,0,0,0,0,0.004425623,0.000413611,0
62,261,178.326,41.10372967,2600.069536,0.015944,0,0,0,0,0,0,0,0,0,0,0,0.004425623,0.000413611,0
62,261,178.326,41.10372967,2600.069536,0.26564,0.00524,0,0,0,0,0,0,0,0,0.241728,0,0.004425623,0.000413611,0
62,261,178.326,41.10372967,2600.069536,0.0066659,0,0,0,0,0,0,0,0,0,3.4818,0,0.004425623,0.000413611,0
62,261,178.326,41.10372967,2600.069536,0.005958,0,0,0,0,0,0,0,0,0,2.41287,0,0.004425623,0.000413611,0
62,261,178.326,41.10372967,2600.069536,0,0,0,0,0,0,0,0,0,0,0,0,0.004425623,0.000413611,0
62,261,178.326,41.10372967,2600.069536,0,0,0,0,0,0.056253,26.176,0,0,0,0.151728,0,0.004425623,0.000413611,0
62,261,178.326,41.10372967,2600.069536,0,0,0,0,0,0,0,0,0,0,0.151728,0,0.004425623,0.000413611,0
62,261,178.326,41.10372967,2600.069536,2.444,0,0.34717,0,0,0,0.002308,0,0,0,0.151728,0,0.004425623,0.000413611,0
62,261,178.326,41.10372967,2600.069536,0,0,0,0.46453,0,0,0.13028,0,0,0,0,0,0.004425623,0.000413611,0
62,261,178.326,41.10372967,2600.069536,0.011991,0,0,0,0,0,12.373,0,0,0,7.6614,0,0.004425623,0.000413611,0
62,261,178.326,41.10372967,2600.069536,0,0,0,0,0,0,0,0,0,0,0.151728,0,0.004425623,0.000413611,0
62,261,178.326,41.10372967,2600.069536,0,0,0,0,0,0,0,0,0,0,0.151728,0,0.004425623,0.000413611,0
62,261,178.326,41.10372967,2600.069536,0,0,0,0,0,0,0,0,0,0,14.4138,0,0.004425623,0.000413611,0
62,261,178.326,41.10372967,2600.069536,0,0,0,0,0,0,0,0,0,0,3.7518,0,0.004425623,0.000413611,0
62,261,178.326,41.10372967,2600.069536,0,0,0,0,0,0,0,0,0,0,0,0,0.004425623,0.000413611,0
62,261,178.326,41.10372967,2600.069536,0,0,0,0,0,0,0,0,0,0,0.94704,0,0.004425623,0.000413611,0
62,261,178.326,41.10372967,2600.069536,0,0,0,0,0,0.79321,0,0,0,0,0.84174,0,0.004425623,0.000413611,0
62,261,178.326,41.10372967,2600.069536,0,0.008333,0,0,0,0,0,0,0,0,1.47333,0,0.004425623,0.000413611,0
62,261,178.326,41.10372967,2600.069536,19.704,0,0,0,0,0,0,0,0,0,7.4502,0,0.004425623,0.000413611,0
62,261,178.326,41.10372967,2600.069536,0,0,0,0,0,0,0,0,0,0,0,0,0.004425623,0.000413611,0
62,261,178.326,41.10372967,2600.069536,0,0,0,0.008333,0,0,0,0,0,0,7.1259,0,0.004425623,0.000413611,0
62,261,178.326,41.10372967,2600.069536,0,0,0,0,0,0.79321,0,0,0,0,0,0,0.004425623,0.000413611,0
62,261,178.326,41.10372967,2600.069536,0,0.11228,0,0,0,0,20.437,0,0,0,0.151728,0,0.004425623,0.000413611,0
62,261,178.326,41.10372967,2600.069536,0,0,0,0,0,0,0,0,0,0,14.5008,0,0.004425623,0.000413611,0
62,261,178.326,41.10372967,2600.069536,0,0,0,18.51,0,0,0,0,0,0,0.151728,0,0.004425623,0.000413611,0
62,261,178.326,41.10372967,2600.069536,0,0.008338,0,0,0,0,0,0,0,0,5.9949,0,0.004425623,0.000413611,0
62,261,178.326,41.10372967,2600.069536,0.003539,0,0,0,0,0,0,0,0,0,0.38949,0,0.004425623,0.000413611,0
62,261,178.326,41.10372967,2600.069536,0,0,0,0,0,0,0,0,0,0,0.33174,0,0.004425623,0.000413611,0
62,261,178.326,41.10372967,2600.069536,1.7,0.5891,0,2.5093,0,0,0,0,0,0,13.5936,0,0.004425623,0.000413611,0
62,261,178.326,41.10372967,2600.069536,0,0,0,0,0,0,0.80081,0,0,0,0,0,0.004425623,0.000413611,0
62,261,178.326,41.10372967,2600.069536,0,0,0,0,0,0.79351,0,0,0,0,0.151728,0,0.004425623,0.000413611,0
62,261,178.326,41.10372967,2600.069536,2.3489,0,0,0,0,0,0,0,0,0,11.6058,0,0.004425623,0.000413611,0
62,261,178.326,41.10372967,2600.069536,0,0,0,0,0,0,0.13028,0,0,0,0,0,0.004425623,0.000413611,0
62,261,178.326,41.10372967,2600.069536,0,0,0,0,0,0,0,0,0,0,13.3746,0,0.004425623,0.000413611,0
62,261,178.326,41.10372967,2600.069536,0,0,0,0,0,0,0,0,0,0,0.151728,0,0.004425623,0.000413611,0
62,261,178.326,41.10372967,2600.069536,0.24532,0,0,0,0,0,0,0,0,0,0,0,0.004425623,0.000413611,20.31707317
62,261,178.326,41.10372967,2600.069536,0,0,0,0,0,0,0,0,0,0,1.47174,0,0.004425623,0.000413611,0
62,261,178.326,41.10372967,2600.069536,0,0,0,0,0,21.958,0.13028,0,0,0,0,0,0.004425623,0.000413611,0
62,261,178.326,41.10372967,2600.069536,0,0,0,0,0,0,0,0,0,0,19.2864,0,0.004425623,0.000413611,0
62,261,178.326,41.10372967,2600.069536,0.0065409,0,0,0,0,0,0,0,0,0,0.151728,0,0.004425623,0.000413611,0
62,261,178.326,41.10372967,2600.069536,0,0,0,0,0,0,0,0,0,0,0,0,0.004425623,0.000413611,0
62,261,178.326,41.10372967,2600.069536,0,0,0,0,0,0,0,0,0,0,5.0652,0,0.004425623,0.000413611,0
62,261,178.326,41.10372967,2600.069536,0,0,0,0,0,0,0,0,0,0,0.151728,0,0.004425623,0.000413611,0
62,261,178.326,41.10372967,2600.069536,0,0,0,0,0,0,0,0,0,0,0.38949,0,0.004425623,0.000413611,0
62,261,178.326,41.10372967,2600.069536,0,0.018473,0,10.623,0,0,0.13028,0,0,0,0,0,0.004425623,0.000413611,0
62,261,178.326,41.10372967,2600.069536,0,0,0,0,0,0.77921,0,0,0,0,0.75903,0,0.004425623,0.000413611,0
62,261,178.326,41.10372967,2600.069536,0,0,0,0,0,0,0.008333,0,0,0,0.151728,0,0.004425623,0.000413611,0
62,261,178.326,41.10372967,2600.069536,0,0,0,0,0,0,0,0,0,0,0.151728,0,0.004425623,0.000413611,0
62,261,178.326,41.10372967,2600.069536,0,0,0,0,0,0.008505,0,0,0,0,0.151728,0,0.004425623,0.000413611,0
62,261,178.326,41.10372967,2600.069536,0.016666,0,0,0,0,0,0,0,0,0,0.45174,0,0.004425623,0.000413611,0
62,261,178.326,41.10372967,2600.069536,0,0,0,0,0,0.57598,0,0,0,0,0.151728,0,0.004425623,0.000413611,0
62,261,178.326,41.10372967,2600.069536,0,0,0,0.00524,0,0,0,0,0,0,0.151728,0,0.004425623,0.000413611,0
62,261,178.326,41.10372967,2600.069536,0,0,5.9256,0,0,0,0,0,0,0,0,0,0.004425623,0.000413611,0
62,261,178.326,41.10372967,2600.069536,0.010052,0,0,0,0,0,0,0,0,0,0,0,0.004425623,0.000413611,0
62,261,178.326,41.10372967,2600.069536,0,0,0,0,0,0,0,0,0,0,7.5918,0,0.004425623,0.000413611,0
62,261,178.326,41.10372967,2600.069536,0.003485,0,0,1.2073,0,0,16.743,0,0,0,0.151728,0,0.004425623,0.000413611,0
62,261,178.326,41.10372967,2600.069536,0,0,0,0,0,0,0.13028,0,0,0,0.151728,0,0.004425623,0.000413611,0
62,261,178.326,41.10372967,2600.069536,2.1632,8.7037,0,0,0,0,0,0,0,0,17.3325,0,0.004425623,0.000413611,0
62,261,178.326,41.10372967,2600.069536,0,0,0,0,0,0,0,0,0,0,2.91441,0,0.004425623,0.000413611,0
62,261,178.326,41.10372967,2600.069536,0,0,0,0,0,0,0,0,0,0,0,0,0.004425623,0.000413611,0
62,261,178.326,41.10372967,2600.069536,0,0,0,0,0,0,0,0,0,0,5.0652,0,0.004425623,0.000413611,0
62,261,178.326,41.10372967,2600.069536,0.005713,0,0,0,0,0,0,0,0,0,4.3869,0,0.004425623,0.000413611,0
62,261,178.326,41.10372967,2600.069536,1.122,0,0,0,0,0,0,0,0,0,10.9065,0,0.004425623,0.000413611,0
62,261,178.326,41.10372967,2600.069536,0,0,0,0,0,0.18363,0,0,0,0,3.7518,0,0.004425623,0.000413611,0
62,261,178.326,41.10372967,2600.069536,0,0,0,0,0,0,0,0,0,0,4.4313,0,0.004425623,0.000413611,0
62,261,178.326,41.10372967,2600.069536,0,7.8589,0,0,0,0,0,0,0,0,0.73911,0,0.004425623,0.000413611,0
62,261,178.326,41.10372967,2600.069536,1.3822,0,0,0,0,0,0,0,0,0,4.515,0,0.004425623,0.000413611,0
62,261,178.326,41.10372967,2600.069536,0,0,0,0.24949,0,0,0,0,0,0,10.3965,0,0.004425623,0.000413611,0
62,261,178.326,41.10372967,2600.069536,0.014351,0,0,0,0,0,0,0,0,0,0.151728,0,0.004425623,0.000413611,0
62,261,178.326,41.10372967,2600.069536,0,0,0,0,0,0,0,0,0,0,10.7733,0,0.004425623,0.000413611,0
62,261,178.326,41.10372967,2600.069536,0,0,0,0,0,0,0,0,0,0,0,0,0.004425623,0.000413611,0
62,261,178.326,41.10372967,2600.069536,5.1443,0,0,0,0,4.5469,0.76987,0,0,0,0.151728,0,0.004425623,0.000413611,0
62,261,178.326,41.10372967,2600.069536,0,0,0.0090234,0,0,0,0,0,0,0,0,0,0.004425623,0.000413611,0
62,261,178.326,41.10372967,2600.069536,0,0,0,0,0,0,0,0,0,0,0.151728,0,0.004425623,0.000413611,0
62,261,178.326,41.10372967,2600.069536,0,0,0,0,0,1.9314,0,0,0,0,0,0,0.004425623,0.000413611,0
62,261,178.326,41.10372967,2600.069536,0,0,0,0,0,0,0,0,0,0,0,0,0.004425623,0.000413611,0
62,261,178.326,41.10372967,2600.069536,0,0,0,0,0,0,0,0,0,0,3.4818,0,0.004425623,0.000413611,0
62,261,178.326,41.10372967,2600.069536,0,0,0,0,0,0,0,0,0,0,0,0,0.004425623,0.000413611,0
62,261,178.326,41.10372967,2600.069536,0,0,0,7.5447,0,0,0,0,0,0,1.97832,0,0.004425623,0.000413611,0
62,261,178.326,41.10372967,2600.069536,0.034901,6.5787,0,0,0,0,12.015,0,0,0,0.151728,0,0.004425623,0.000413611,0
62,261,178.326,41.10372967,2600.069536,0,0,0,0.11385,0,0,1.7163,0,0,0,28.113,0,0.004425623,0.000413611,0
62,261,178.326,41.10372967,2600.069536,0,0,0,0,0,0,0,0,0,0,0,0,0.004425623,0.000413611,0
62,261,178.326,41.10372967,2600.069536,0,0,0,0,0,0.005347,0,0,0,0,0.151728,0,0.004425623,0.000413611,0
62,261,178.326,41.10372967,2600.069536,0,0,0,0,0,0,0.13028,0,0,0,0,0,0.004425623,0.000413611,0
62,261,178.326,41.10372967,2600.069536,4.1179,0,0,0,0,0,0,0,0,0,0,0,0.004425623,0.000413611,0
62,261,178.326,41.10372967,2600.069536,0,0,0,0,0,0,0,0,0,0,4.1406,0,0.004425623,0.000413611,0
62,261,178.326,41.10372967,2600.069536,0,0.005202,0,0,0,0,9.9672,0,0,0,10.4865,0,0.004425623,0.000413611,0
62,261,178.326,41.10372967,2600.069536,0,0,0,0,0,0,0,0,0,0,28.1349,0,0.004425623,0.000413611,0
62,261,178.326,41.10372967,2600.069536,0.002068,0,0,0,0,0.97455,4.3857,0,0,0,0,0,0.004425623,0.000413611,0
62,261,178.326,41.10372967,2600.069536,0,0,0,0,0,0,0,0,0,0,0.42174,0,0.004425623,0.000413611,0
62,261,178.326,41.10372967,2600.069536,0,0,0,0,0,0,0,0,0,0,0.68376,0,0.004425623,0.000413611,0
62,261,178.326,41.10372967,2600.069536,0,0,0,0,0,0,0,0,0,0,1.74174,0,0.004425623,0.000413611,0
62,261,178.326,41.10372967,2600.069536,0.11165,0.022209,0,0,0,0,0,0,0,0,16.6719,0,0.004425623,0.000413611,0
62,261,178.326,41.10372967,2600.069536,0,0.14707,0,0,0,0,0,0,0,0,0,0,0.004425623,0.000413611,0
62,261,178.326,41.10372967,2600.069536,0,0,0,0,0,0,0,0,0,0,0,0,0.004425623,0.000413611,0
62,261,178.326,41.10372967,2600.069536,0,0,0,0,0,0,0,0,0,0,1.09155,0,0.004425623,0.000413611,0
62,261,178.326,41.10372967,2600.069536,0,0,0,0,0,0,0.76987,0,0,0,0.151728,0,0.004425623,0.000413611,0
62,261,178.326,41.10372967,2600.069536,0.6449,0,0,0,0,0,0.021726,0,0,0,0,0,0.004425623,0.000413611,0
62,261,178.326,41.10372967,2600.069536,12.876,0,0,0,0,0,0,0,0,0,10.3965,0,0.004425623,0.000413611,0
62,261,178.326,41.10372967,2600.069536,13.876,0,0,0,0,0,0,0,0,0,18.0318,0,0.004425623,0.000413611,0
62,261,178.326,41.10372967,2600.069536,0,0,0,0,0,0,0,0,0,0,0,0,0.004425623,0.000413611,0
62,261,178.326,41.10372967,2600.069536,0,0,0,0.002139,0,0,0.59876,0,0,0,0.151728,0,0.004425623,0.000413611,0
62,261,178.326,41.10372967,2600.069536,0,0,0,0,0,0,0,0,0,0,0.151728,0,0.004425623,0.000413611,0
62,261,178.326,41.10372967,2600.069536,0,0,0,0.008333,0,0,0,0,0,0,0.151728,0,0.004425623,0.000413611,0
62,261,178.326,41.10372967,2600.069536,0.031315,0,0,0,0,0,0,0,0,0,0.151728,0,0.004425623,0.000413611,0
62,261,178.326,41.10372967,2600.069536,0,0.84705,0,0,0,0,0,0,0,0,0.151728,0,0.004425623,0.000413611,0
62,261,178.326,41.10372967,2600.069536,2.6816,6.8048,0,0,0,0,13.802,0,0,0,4.7865,0,0.004425623,0.000413611,0
62,261,178.326,41.10372967,2600.069536,0,0,0,0,0,0,0,0,0,0,0,0,0.004425623,0.000413611,0
62,261,178.326,41.10372967,2600.069536,0,0,0,0,0,0.0068495,0,0,0,0,0,0,0.004425623,0.000413611,0
62,261,178.326,41.10372967,2600.069536,0.017562,0,0,0.11752,0,0,0,0,0,0,0,0,0.004425623,0.000413611,0
62,261,178.326,41.10372967,2600.069536,0,0,0,0,0,0,0,0,0,0,0.151728,0,0.004425623,0.000413611,0
62,261,178.326,41.10372967,2600.069536,0,22.004,0,0,0,0,0,0,0,0,0.151728,0,0.004425623,0.000413611,0
62,261,178.326,41.10372967,2600.069536,0,0,0,0,0,0,0,0,0,0,0.151728,0,0.004425623,0.000413611,0
62,261,178.326,41.10372967,2600.069536,0,0,0,0,0,0,0,0,0,0,6.102,0,0.004425623,0.000413611,0
62,261,178.326,41.10372967,2600.069536,0,0,0,0,0,0,0,0,0,0,3.6159,0,0.004425623,0.000413611,0
62,261,178.326,41.10372967,2600.069536,0.016667,0,0,0,0,0,0,0,0,0,0,0,0.004425623,0.000413611,0
62,261,178.326,41.10372967,2600.069536,0,0,0,0,0,0,0,0,0,0,0,0,0.004425623,0.000413611,0
62,261,178.326,41.10372967,2600.069536,0.003465,0,0,0,0,0,0,0,0,0,12.7935,0,0.004425623,0.000413611,0
62,261,178.326,41.10372967,2600.069536,0.38369,0,0,0,0,0,0,0,0,0,6.108,0,0.004425623,0.000413611,0
62,261,178.326,41.10372967,2600.069536,0,0,0,0.008333,0,5.9261,0,0,0,0,13.9131,0,0.004425623,0.000413611,0
62,261,178.326,41.10372967,2600.069536,0,0,0,0,0,0.78239,0,0,0,0,0.151728,0,0.004425623,0.000413611,0
62,261,178.326,41.10372967,2600.069536,0,23.23,0,0,0,0.049829,0.13028,0,0,0,0.151728,0,0.004425623,0.000413611,0
62,261,178.326,41.10372967,2600.069536,0,0.008333,0.05232,0,0,0,0,0,0,0,0.151728,0,0.004425623,0.000413611,0
62,261,178.326,41.10372967,2600.069536,0,0,0,0,0,0,0,0,0,0,0.151728,0,0.004425623,0.000413611,0
62,261,178.326,41.10372967,2600.069536,0,0.13865,0,0,0,0,8.1131,0,0,0,0.42174,0,0.004425623,0.000413611,0
62,261,178.326,41.10372967,2600.069536,0,0,0,0,0,0,0,0,0,0,0.151728,0,0.004425623,0.000413611,0
62,261,178.326,41.10372967,2600.069536,3.0444,0,0,0,0,0,0,0,0,0,0.286086,0,0.004425623,0.000413611,0
62,261,178.326,41.10372967,2600.069536,0,0,0,0,0,0.77921,0,0,0,0,0.151728,0,0.004425623,0.000413611,0
62,261,178.326,41.10372967,2600.069536,6.2758,0,0,0,0,0,0,0,0,0,0,0,0.004425623,0.000413611,0
62,261,178.326,41.10372967,2600.069536,8.701,0,0,0,0,0,0,0,0,0,0,0,0.004425623,0.000413611,0
62,261,178.326,41.10372967,2600.069536,0,0,0,0,0,0,0,0,0,0,0.151728,0,0.004425623,0.000413611,0
62,261,178.326,41.10372967,2600.069536,0,0,0,0,0,0,18.465,0,0,0,0.151728,0,0.004425623,0.000413611,0
62,261,178.326,41.10372967,2600.069536,0,0.003346,0,0,0,0,10.904,0,0,0,6.2793,0,0.004425623,0.000413611,0
62,261,178.326,41.10372967,2600.069536,0.000765,0,0,0.00328,0,0,0,0,0,0,0.151728,0,0.004425623,0.000413611,0
62,261,178.326,41.10372967,2600.069536,0,0,0,0,0,0,0,0,0,0,2.37174,0,0.004425623,0.000413611,0
62,261,178.326,41.10372967,2600.069536,0.0047435,0,0,0,0,0,0.80081,0,0,0,0,0,0.004425623,0.000413611,0
62,261,178.326,41.10372967,2600.069536,0.040524,0,0,0,0,0,0,0,0,0,0,0,0.004425623,0.000413611,0
62,261,178.326,41.10372967,2600.069536,0,0.000078,0,0,0,0,0,0,0,0,9.7158,0,0.004425623,0.000413611,0
62,261,178.326,41.10372967,2600.069536,0,0,0,30.068,0,0,0,0,0,0,10.1169,0,0.004425623,0.000413611,0
62,261,178.326,41.10372967,2600.069536,0,0,0,0,0,0,0,0,0,0,7.6818,0,0.004425623,0.000413611,0
62,261,178.326,41.10372967,2600.069536,0,0,0,0,0,0,0,0,0,0,0.151728,0,0.004425623,0.000413611,0
62,261,178.326,41.10372967,2600.069536,0,0,0,0,0,0,0,0,0,0,0,0,0.004425623,0.000413611,0
62,261,178.326,41.10372967,2600.069536,0,0.0002425,0,0,0,0,0,0,0,0,11.0268,0,0.004425623,0.000413611,0
62,261,178.326,41.10372967,2600.069536,0,0.006456,0,0,0,0,0,0,0,0,0.93813,0,0.004425623,0.000413611,0
62,261,178.326,41.10372967,2600.069536,0,0,0,0,0,0,0,0,0,0,8.4681,0,0.004425623,0.000413611,0
62,261,178.326,41.10372967,2600.069536,0.0077682,0,0,0,0,0,0,0,0,0,0,0,0.004425623,0.000413611,0
62,261,178.326,41.10372967,2600.069536,0,0,0,0,0,0,0,0,0,0,0.151728,0,0.004425623,0.000413611,0
62,261,178.326,41.10372967,2600.069536,0,0,0,0,0,0.005347,0,0,0,0,0,0,0.004425623,0.000413611,0
62,261,178.326,41.10372967,2600.069536,0,0,0,0,0,0,25.722,0,0,0,6.3561,0,0.004425623,0.000413611,0
62,261,178.326,41.10372967,2600.069536,0,0,0,0,0,0,0,0,0,0,0.273021,0,0.004425623,0.000413611,0
62,261,178.326,41.10372967,2600.069536,0,0,0,0,0,0,6.9474,0,0,0,0,0,0.004425623,0.000413611,0
62,261,178.326,41.10372967,2600.069536,0,0.00524,0,4.7595,0,0,0,0,0,0,6.258,0,0.004425623,0.000413611,0
62,261,178.326,41.10372967,2600.069536,0,0,0,0,0,0,24.515,0,0,0,0,0,0.004425623,0.000413611,0
62,261,178.326,41.10372967,2600.069536,1.3251,0,0,0,0,0,0,0,0,0,0,0,0.004425623,0.000413611,0
62,261,178.326,41.10372967,2600.069536,0,0,0,0,0,0,0,0,0,0,15.0018,0,0.004425623,0.000413611,0
62,261,178.326,41.10372967,2600.069536,34.489,0.36316,0,0,0,0,0,0,0,0,0,0,0.004425623,0.000413611,0
62,261,178.326,41.10372967,2600.069536,0.052268,0,0,0,0,0,6.7574,0,0,0,0.151728,0,0.004425623,0.000413611,0
62,261,178.326,41.10372967,2600.069536,0.17485,0,0,0,0,0,1.8067,0,0,0,1.04637,0,0.004425623,0.000413611,0
62,261,178.326,41.10372967,2600.069536,0,0,0,0,0,0,0.80081,0,0,0,0.151728,0,0.004425623,0.000413611,0
62,261,178.326,41.10372967,2600.069536,0,0,0,0,0,0,0,0,0,0,0,0,0.004425623,0.000413611,0
62,261,178.326,41.10372967,2600.069536,0,0.00524,0,0,0,0,0,0,0,0,0.151728,0,0.004425623,0.000413611,0
62,261,178.326,41.10372967,2600.069536,0,0.003416,0,0,0,0,0,0,0,0,0.151728,0,0.004425623,0.000413611,0
62,261,178.326,41.10372967,2600.069536,0.016491,0,0,0,0,0,2.6355,0,0,0,0.285792,0,0.004425623,0.000413611,0
62,261,178.326,41.10372967,2600.069536,13.991,0,0,0,0,0,0,0,0,0,4.3869,0,0.004425623,0.000413611,0
62,261,178.326,41.10372967,2600.069536,0.83735,0,0,0,0,0,0,0,0,0,0.151728,0,0.004425623,0.000413611,0
62,261,178.326,41.10372967,2600.069536,0,0,0,0,0,0,0,0,0,0,0,0,0.004425623,0.000413611,0
62,261,178.326,41.10372967,2600.069536,0,0,4.067,0,0,0,0,0,0,0,30.786,0,0.004425623,0.000413611,0
62,261,178.326,41.10372967,2600.069536,0,0,0,4.7595,0,0,0,0,0,0,0,0,0.004425623,0.000413611,0
62,261,178.326,41.10372967,2600.069536,0,0,0,0,0,0,0,0,0,0,1.1697,0,0.004425623,0.000413611,0
62,261,178.326,41.10372967,2600.069536,0.31128,0,0,0,0,0,0,0,0,0,0.151728,0,0.004425623,0.000413611,0
62,261,178.326,41.10372967,2600.069536,0,0,0,0.01986,0,0,5.4582,0,0,0,0,0,0.004425623,0.000413611,0
62,261,178.326,41.10372967,2600.069536,0,0,0,0,0,0,0,0,0,0,23.3337,0,0.004425623,0.000413611,0
62,261,178.326,41.10372967,2600.069536,0,0,0,0,0,0,0,0,0,0,0,0,0.004425623,0.000413611,0
62,261,178.326,41.10372967,2600.069536,6.7272,0,0,0,0,1.5549,0,0,0,0,28.1349,0,0.004425623,0.000413611,0
62,261,178.326,41.10372967,2600.069536,0.0053115,0,0,0.000254,0,0,7.6069,0,0,0,0.151728,0,0.004425623,0.000413611,0
62,261,178.326,41.10372967,2600.069536,0,0,0,0,0,0,0,0,0,0,17.2392,0,0.004425623,0.000413611,0
62,261,178.326,41.10372967,2600.069536,2.0704,0,0,0,0,0,0,0,0,0,16.0194,0,0.004425623,0.000413611,0
62,261,178.326,41.10372967,2600.069536,0.01199,0,0,0,0,0,0,0,0,0,1.57404,0,0.004425623,0.000413611,0
62,261,178.326,41.10372967,2600.069536,0,0,0,0,0,0,0,0,0,0,0.181728,0,0.004425623,0.000413611,0
62,261,178.326,41.10372967,2600.069536,0,0,0,0.003822,0,0,0,0,0,0,0,0,0.004425623,0.000413611,0
62,261,178.326,41.10372967,2600.069536,0,0,0,0.013778,0,0,0.42744,0,0,0,0,0,0.004425623,0.000413611,0
62,261,178.326,41.10372967,2600.069536,0,0,0,0,0,0,0.13028,0,0,0,14.4507,0,0.004425623,0.000413611,0
62,261,178.326,41.10372967,2600.069536,1.976,0,0,0,0,0,0,0,0,0,0.151728,0,0.004425623,0.000413611,0
62,261,178.326,41.10372967,2600.069536,0,0,0,0.008333,0,0,0,0,0,0,1.67382,0,0.004425623,0.000413611,0
62,261,178.326,41.10372967,2600.069536,3.1199,0,0,0,0,0,0,0,0,0,0,0,0.004425623,0.000413611,0
62,261,178.326,41.10372967,2600.069536,0,0,0,0,0,0,0,0,0,0,5.1447,0,0.004425623,0.000413611,0
62,261,178.326,41.10372967,2600.069536,0.68542,0,0,0,0,0,0.13028,0,0,0,0,0,0.004425623,0.000413611,0
62,261,178.326,41.10372967,2600.069536,0,0,0,0,0,0,0,0,0,0,7.2168,0,0.004425623,0.000413611,0
62,261,178.326,41.10372967,2600.069536,0,0,0,0,0,0.78033,0,0,0,0,4.9119,0,0.004425623,0.000413611,0
62,261,178.326,41.10372967,2600.069536,0,0,0,0,0,0,0,0,0,0,0.28866,0,0.004425623,0.000413611,0
62,261,178.326,41.10372967,2600.069536,0,0,0,0,0,0,0,0,0,0,0.151728,0,0.004425623,0.000413611,0
62,261,178.326,41.10372967,2600.069536,0,0,0,0,0,0,0.059897,0,0,0,1.04637,0,0.004425623,0.000413611,0
62,261,178.326,41.10372967,2600.069536,0.059844,0,0,0,0,0,0,0,0,0,4.2768,0,0.004425623,0.000413611,0
62,261,178.326,41.10372967,2600.069536,1.1589,0,0,0,0,0,0,0,0,0,3.6159,0,0.004425623,0.000413611,0
62,261,178.326,41.10372967,2600.069536,0.1295,0,0,0.042243,0,0,0,0,0,0,0.151728,0,0.004425623,0.000413611,0
62,261,178.326,41.10372967,2600.069536,0,0.005239,0,0,0,0.77858,0.80081,0,0,0,0.151728,0,0.004425623,0.000413611,0
62,261,178.326,41.10372967,2600.069536,1.737,0,0,0,0,0,1.6669,0,0,0,0.151728,0,0.004425623,0.000413611,0
62,261,178.326,41.10372967,2600.069536,0,0,0,0,0,0,0,0,0,0,0.290082,0,0.004425623,0.000413611,0
62,261,178.326,41.10372967,2600.069536,0,0,0,0,0,0,30.147,0,0,0,0.151728,0,0.004425623,0.000413611,0
62,261,178.326,41.10372967,2600.069536,0,0,0,0,0,0,0,0,0,0,0.151728,0,0.004425623,0.000413611,0
62,261,178.326,41.10372967,2600.069536,0.089174,0,0,0,0,0,0,0,0,0,1.91388,0,0.004425623,0.000413611,0
62,261,178.326,41.10372967,2600.069536,0,0,0,0,0,0,0,0,0,0,0.70734,0,0.004425623,0.000413611,0
62,261,178.326,41.10372967,2600.069536,0.17485,0,0,0,0,0.79321,23.562,0,0,0,0.151728,0,0.004425623,0.000413611,0
62,261,178.326,41.10372967,2600.069536,0.1963,0,0,0,0,0,0,0,0,0,29.2218,0,0.004425623,0.000413611,0
62,261,178.326,41.10372967,2600.069536,0,0,0,0,0,0,0,0,0,0,0,0,0.004425623,0.000413611,0
62,261,178.326,41.10372967,2600.069536,0,0,0,0,0,0,30.39,0,0,0,0.273384,0,0.004425623,0.000413611,0
62,261,178.326,41.10372967,2600.069536,0,1.1816,0,0,0,0,0,0,0,0,0,0,0.004425623,0.000413611,0
62,261,178.326,41.10372967,2600.069536,0,0,0,0,0,0.64454,0,0,0,0,0.181728,0,0.004425623,0.000413611,25.86585366
62,261,178.326,41.10372967,2600.069536,0.002784,0,0,0,0,0,0,0,0,0,1.01106,0,0.004425623,0.000413611,0
62,261,178.326,41.10372967,2600.069536,0,0,0,0,0,0,0,0,0,0,12.8901,0,0.004425623,0.000413611,0
62,261,178.326,41.10372967,2600.069536,0,0,0,0,0,0,0,0,0,0,0,0,0.004425623,0.000413611,0
62,261,178.326,41.10372967,2600.069536,0,0,0.19754,0,0,0,0,0,0,0,0.197586,0,0.004425623,0.000413611,3.841463415
62,261,178.326,41.10372967,2600.069536,0,0,0,0,0,0,0,0,0,0,0,0,0.004425623,0.000413611,0
62,261,178.326,41.10372967,2600.069536,0.22468,0,0,0,0,0.64454,0,0,0,0,0.151728,0,0.004425623,0.000413611,0
62,261,178.326,41.10372967,2600.069536,0.016667,0,0,0,0,0,0,0,0,0,9.0918,0,0.004425623,0.000413611,0
62,261,178.326,41.10372967,2600.069536,0,0,0,0,0,0,0,0,0,0,0.151728,0,0.004425623,0.000413611,0
62,261,178.326,41.10372967,2600.069536,0,4.5887,0,0,0,0,0,0,0,0,0.151728,0,0.004425623,0.000413611,0
62,261,178.326,41.10372967,2600.069536,0.001493,15.518,0,0,0,0,0,0,0,0,0.151728,0,0.004425623,0.000413611,0
62,261,178.326,41.10372967,2600.069536,0,0.002741,0,0,0,0,30.39,0,0,0,0.151728,0,0.004425623,0.000413611,0
62,261,178.326,41.10372967,2600.069536,0,0,0,0,0,0,0,0,0,0,11.5245,0,0.004425623,0.000413611,0
63,262,77.896,113.8691029,7202.93725,0,0,0,0.0059262,0,0,23.562,0,0,0,22.7118,0,0.012319901,0.001151397,0
63,262,77.896,113.8691029,7202.93725,0,0,0,0,0,0,0,0,0,0,0,0,0.012319901,0.001151397,0
63,262,77.896,113.8691029,7202.93725,1.0643,0,0,0,0,0,0,0,0,0,17.3418,0,0.012319901,0.001151397,0
63,262,77.896,113.8691029,7202.93725,0.0081166,0,0,0,0,0.80296,0,0,0,0,0,0,0.012319901,0.001151397,0
63,262,77.896,113.8691029,7202.93725,0,0,0,0,0,0,0,0,0,0,29.4918,0,0.012319901,0.001151397,0
63,262,77.896,113.8691029,7202.93725,0,0.65469,0,0,0,0,0,0,0,0,8.9418,0,0.012319901,0.001151397,0
63,262,77.896,113.8691029,7202.93725,0,0,0,0.10338,0,1.6194,0.13028,0,0,0,0.151728,0,0.012319901,0.001151397,0
63,262,77.896,113.8691029,7202.93725,0,0,0,0,0,0,0,0,0,0,0,0,0.012319901,0.001151397,0
63,262,77.896,113.8691029,7202.93725,0.66097,0,0,0,0,0,23.847,0,0,0,18.819,0,0.012319901,0.001151397,0
63,262,77.896,113.8691029,7202.93725,0,0,0,0,0,0,0,0,0,0,0.72228,0,0.012319901,0.001151397,0
63,262,77.896,113.8691029,7202.93725,3.0444,0,0.089374,11.845,0,0,0,0,0,0,1.17711,0,0.012319901,0.001151397,0
63,262,77.896,113.8691029,7202.93725,0,0.0099065,0,6.7899,0,0,0.80081,0,0,0,0,0,0.012319901,0.001151397,0
63,262,77.896,113.8691029,7202.93725,0,0,0,0,0,0,0,0,0,0,0.151728,0,0.012319901,0.001151397,0
63,262,77.896,113.8691029,7202.93725,0,0,0,0,0,0,0,0,0,0,1.33728,0,0.012319901,0.001151397,0
63,262,77.896,113.8691029,7202.93725,0,0,0,0.43707,0,0,0,0,0,0,55.5,0,0.012319901,0.001151397,0
63,262,77.896,113.8691029,7202.93725,26.245,0,0,0,0,0,0,0,0,0,4.6158,0,0.012319901,0.001151397,0
63,262,77.896,113.8691029,7202.93725,0,0,0,0,0,0,0,0,0,0,2.76954,0,0.012319901,0.001151397,0
63,262,77.896,113.8691029,7202.93725,0,0.82621,0,0,0,0,0,0,0,0,0.273021,0,0.012319901,0.001151397,0
63,262,77.896,113.8691029,7202.93725,0,0,0,0,0,0,0,0,0,0,11.0184,0,0.012319901,0.001151397,0
63,262,77.896,113.8691029,7202.93725,0,0,0.089374,0,0,0.00019,8.7466,0,0,0,25.2354,0,0.012319901,0.001151397,0
63,262,77.896,113.8691029,7202.93725,0,0,0,0,0,0,0,0,0,0,0.29151,0,0.012319901,0.001151397,0
63,262,77.896,113.8691029,7202.93725,0,0,1.8902,0,0,0,0,0,0,0,4.4313,0,0.012319901,0.001151397,0
63,262,77.896,113.8691029,7202.93725,0,0,0,0,0,0,0,0,0,0,0,0,0.012319901,0.001151397,0
63,262,77.896,113.8691029,7202.93725,0,0,0,0,0,0,0,0,0,0,0,0,0.012319901,0.001151397,0
63,262,77.896,113.8691029,7202.93725,4.2755,0,0,0,0,0,0.002308,0,0,0,0.34434,0,0.012319901,0.001151397,0
63,262,77.896,113.8691029,7202.93725,0,0,0,0,0,0,0,0,0,0,6.108,0,0.012319901,0.001151397,0
63,262,77.896,113.8691029,7202.93725,0.011991,0,0,2.0903,0,0,0,0,0,0,0.151728,0,0.012319901,0.001151397,0
63,262,77.896,113.8691029,7202.93725,0.009454,0,0,0,0,0,0,0,0,0,0.285792,0,0.012319901,0.001151397,0
63,262,77.896,113.8691029,7202.93725,0,0.009445,0,0.008333,0,0.79321,0,0,0,0,12.8901,0,0.012319901,0.001151397,0
63,262,77.896,113.8691029,7202.93725,0.63009,0,0,0,0,0,0,0,0,0,0.151728,0,0.012319901,0.001151397,0
63,262,77.896,113.8691029,7202.93725,0.001436,0,0,0,0,0,0,0,0,0,0.151728,0,0.012319901,0.001151397,0
63,262,77.896,113.8691029,7202.93725,0,0,0,0,0,0,0.13028,0,0,0,10.3692,0,0.012319901,0.001151397,0
63,262,77.896,113.8691029,7202.93725,0,0,0,0,0,0,0,0,0,0,0.151728,0,0.012319901,0.001151397,0
63,262,77.896,113.8691029,7202.93725,0,0,0,0,0,0,0,0,0,0,0.151728,0,0.012319901,0.001151397,0
63,262,77.896,113.8691029,7202.93725,0.048756,0.007328,0,0,0,0,0,0,0,0,0.151728,0,0.012319901,0.001151397,0
63,262,77.896,113.8691029,7202.93725,0,0,0,0,0,0,0,0,0,0,3.4635,0,0.012319901,0.001151397,0
63,262,77.896,113.8691029,7202.93725,0,0,0,0,0,0,0,0,0,0,0,0,0.012319901,0.001151397,0
63,262,77.896,113.8691029,7202.93725,0.17204,0,0,0,0,0,0.008333,0,0,0,0.151728,0,0.012319901,0.001151397,0
63,262,77.896,113.8691029,7202.93725,0,0,0,0,0,0,0,0,0,0,0.279489,0,0.012319901,0.001151397,0
63,262,77.896,113.8691029,7202.93725,0,0,14.803,0,0,0,3.8779,0,0,0,4.5555,0,0.012319901,0.001151397,0
63,262,77.896,113.8691029,7202.93725,0,0,0,0.009915,0,7.2179,0,0,0,0,0,0,0.012319901,0.001151397,0
63,262,77.896,113.8691029,7202.93725,0,0,0,0,0,0,0,0,0,0,10.2414,0,0.012319901,0.001151397,0
63,262,77.896,113.8691029,7202.93725,0,0,0,0.0007275,0,0,0,0,0,0,64.437,0,0.012319901,0.001151397,0
63,262,77.896,113.8691029,7202.93725,0,0,0,0,0,0,0.13028,0,0,0,0.151728,0,0.012319901,0.001151397,0
63,262,77.896,113.8691029,7202.93725,0,0,0,0,0,0,0,0,0,0,23.3337,0,0.012319901,0.001151397,0
63,262,77.896,113.8691029,7202.93725,0.000081,0,0,0,0,0,30.018,0,0,0,0.70764,0,0.012319901,0.001151397,0
63,262,77.896,113.8691029,7202.93725,2.3489,0,0,0,0,0,38.153,0,0,0,0,0,0.012319901,0.001151397,0
63,262,77.896,113.8691029,7202.93725,0,0,0,5.7967,0,0,0,0,0,0,0.151728,0,0.012319901,0.001151397,0
63,262,77.896,113.8691029,7202.93725,0,0,0,0,0,0,0,0,0,0,4.8687,0,0.012319901,0.001151397,0
63,262,77.896,113.8691029,7202.93725,0,0,0,0,0,0,0,0,0,0,0.269961,0,0.012319901,0.001151397,0
63,262,77.896,113.8691029,7202.93725,0,0,0,0,0,0,0,0,0,0,0.181728,0,0.012319901,0.001151397,0
63,262,77.896,113.8691029,7202.93725,0,0,0,6.5095,0,0,0,0,0,0,0.78174,0,0.012319901,0.001151397,0
63,262,77.896,113.8691029,7202.93725,0,0,0,0,0,0,0,0,0,0,34.746,0,0.012319901,0.001151397,0
63,262,77.896,113.8691029,7202.93725,0,0,0,0,0,0,0,0,0,0,0,0,0.012319901,0.001151397,0
63,262,77.896,113.8691029,7202.93725,0,0,0,0,0,0,0,0,0,0,5.0406,0,0.012319901,0.001151397,0
63,262,77.896,113.8691029,7202.93725,0,0,0,0,0,0,0,0,0,0,0.151728,0,0.012319901,0.001151397,0
63,262,77.896,113.8691029,7202.93725,0,0,0,0,0,0,0.008333,0,0,0,0,0,0.012319901,0.001151397,0
63,262,77.896,113.8691029,7202.93725,0,0,0,0,0,0,0,0,0,0,0,0,0.012319901,0.001151397,0
63,262,77.896,113.8691029,7202.93725,0,0,0,0,0,0,0,0,0,0,0,0,0.012319901,0.001151397,0
63,262,77.896,113.8691029,7202.93725,0,0,0,0,0,0,0.059897,0,0,0,0,0,0.012319901,0.001151397,0
63,262,77.896,113.8691029,7202.93725,0,3.1283,0,0,0,0.77886,0,0,0,0,18.849,0,0.012319901,0.001151397,0
63,262,77.896,113.8691029,7202.93725,0,0,0,0,0,0,0,0,0,0,10.2414,0,0.012319901,0.001151397,0
63,262,77.896,113.8691029,7202.93725,0.0075217,0,0,0,0,3.0417,0,0,0,0,16.4517,0,0.012319901,0.001151397,0
63,262,77.896,113.8691029,7202.93725,0,0,0,0,0,0,0,0,0,0,2.39772,0,0.012319901,0.001151397,0
63,262,77.896,113.8691029,7202.93725,0,0,0,0,0,0,0,0,0,0,0.279942,0,0.012319901,0.001151397,0
63,262,77.896,113.8691029,7202.93725,0,0,0,0,0,0,0,0,0,0,4.3869,0,0.012319901,0.001151397,0
63,262,77.896,113.8691029,7202.93725,0,0,0,0,0,0,7.3665,0,0,0,0,0,0.012319901,0.001151397,0
63,262,77.896,113.8691029,7202.93725,0,0,0,0,0,2.7494,0,0,0,0,22.6218,0,0.012319901,0.001151397,0
63,262,77.896,113.8691029,7202.93725,0,0,0,0,0,0,0,0,0,0,12.8901,0,0.012319901,0.001151397,0
63,262,77.896,113.8691029,7202.93725,0,3.2986,0,0,0,0,0,0,0,0,0.151728,0,0.012319901,0.001151397,0
63,262,77.896,113.8691029,7202.93725,0,0,0,0,0,0,0,0,0,0,0.151728,0,0.012319901,0.001151397,0
63,262,77.896,113.8691029,7202.93725,0,0,0,0,0,0,0,0,0,0,5.0757,0,0.012319901,0.001151397,0
63,262,77.896,113.8691029,7202.93725,0.6449,0,0,0,0,0,0,0,0,0,1.1697,0,0.012319901,0.001151397,0
63,262,77.896,113.8691029,7202.93725,0,0.009898,0,0,0,0,0,0,0,0,5.4573,0,0.012319901,0.001151397,0
63,262,77.896,113.8691029,7202.93725,0,1.1481,0,0.10787,0,0,0.021726,0,0,0,4.8687,0,0.012319901,0.001151397,0
63,262,77.896,113.8691029,7202.93725,0,0,0,2.5093,0,0,0,0,0,0,0.151728,0,0.012319901,0.001151397,0
63,262,77.896,113.8691029,7202.93725,0,0,0,1.3282,0,0,0,0,0,0,0.90174,0,0.012319901,0.001151397,0
63,262,77.896,113.8691029,7202.93725,3.1199,0,0,0,0,0,0,0,0,0,0.42174,0,0.012319901,0.001151397,0
63,262,77.896,113.8691029,7202.93725,0,0,0,0,0,0,0,0,0,0,1.02657,0,0.012319901,0.001151397,0
63,262,77.896,113.8691029,7202.93725,0,0,0,0,0,0.79321,17.109,0,0,0,0.151728,0,0.012319901,0.001151397,0
63,262,77.896,113.8691029,7202.93725,0,0,0,0.11752,0,0,0.13028,0,0,0,0.278703,0,0.012319901,0.001151397,0
63,262,77.896,113.8691029,7202.93725,0,0,0,0,0,0,0,0,0,0,0,0,0.012319901,0.001151397,0
63,262,77.896,113.8691029,7202.93725,0,0,0,0,0,0,3.1279,0,0,0,0.151728,0,0.012319901,0.001151397,40.8902439
63,262,77.896,113.8691029,7202.93725,0,0,0,0,0,0,0,0,0,0,3.6159,0,0.012319901,0.001151397,0
63,262,77.896,113.8691029,7202.93725,0.1537,0,0,0,0,0.79321,0,0,0,0,0.151728,0,0.012319901,0.001151397,0
63,262,77.896,113.8691029,7202.93725,0,0,0,0,0,0,0,0,0,0,10.9077,0,0.012319901,0.001151397,0
63,262,77.896,113.8691029,7202.93725,0,0,0,11.845,0,4.1953,0,0,0,0,0.151728,0,0.012319901,0.001151397,0
63,262,77.896,113.8691029,7202.93725,0.023381,0,0,0.000234,0,0,0,0,0,0,2.10972,0,0.012319901,0.001151397,0
63,262,77.896,113.8691029,7202.93725,0.000765,0,0,0,0,0,0,0,0,0,0.181728,0,0.012319901,0.001151397,0
63,262,77.896,113.8691029,7202.93725,0,0.000124,0,0.004143,0,0,0,0,0,0,0.92517,0,0.012319901,0.001151397,0
63,262,77.896,113.8691029,7202.93725,0.13491,0,0,0.029911,0,0,0,0,0,0,0.151728,0,0.012319901,0.001151397,0
63,262,77.896,113.8691029,7202.93725,0,0,0,7.7185,0,0,0.021726,0,0,0,0,0,0.012319901,0.001151397,0
63,262,77.896,113.8691029,7202.93725,0,0,0,0.019348,0,0,0,0,0,0,9.4983,0,0.012319901,0.001151397,0
63,262,77.896,113.8691029,7202.93725,0.005958,0,0,0,0,0,0,0,0,0,0.28509,0,0.012319901,0.001151397,0
63,262,77.896,113.8691029,7202.93725,0,0,0,0,0,0.31644,0,0,0,0,0,0,0.012319901,0.001151397,0
63,262,77.896,113.8691029,7202.93725,0,3.3136,0,0,0,0,4.1059,0,0,0,19.2018,0,0.012319901,0.001151397,0
63,262,77.896,113.8691029,7202.93725,0,0,0,0,0,0,0.13028,0,0,0,14.4138,0,0.012319901,0.001151397,0
63,262,77.896,113.8691029,7202.93725,0,0,0,0,0,0,0,0,0,0,27.567,0,0.012319901,0.001151397,0
63,262,77.896,113.8691029,7202.93725,0,4.4834,0,0,0,0,0,0,0,0,0.151728,0,0.012319901,0.001151397,0
63,262,77.896,113.8691029,7202.93725,0,0,0,0,0,0,0,0,0,0,2.10972,0,0.012319901,0.001151397,0
63,262,77.896,113.8691029,7202.93725,0,0,0,0,0,0,0,0,0,0,0,0,0.012319901,0.001151397,0
63,262,77.896,113.8691029,7202.93725,0,0,0,0,0,0,0,0,0,0,56.145,0,0.012319901,0.001151397,0
63,262,77.896,113.8691029,7202.93725,0,0,0,0,0,0,0,0,0,0,4.4103,0,0.012319901,0.001151397,0
63,262,77.896,113.8691029,7202.93725,0,0,0,0,0,35.662,0.13028,0,0,0,16.3047,0,0.012319901,0.001151397,0
63,262,77.896,113.8691029,7202.93725,0,0,0,0,0,0,0,0,0,0,0.151728,0,0.012319901,0.001151397,0
63,262,77.896,113.8691029,7202.93725,0.40581,0.02835,0,0,0,0,0,0,0,0,0.151728,0,0.012319901,0.001151397,0
63,262,77.896,113.8691029,7202.93725,0.049547,0,0,0,0,0,0,0,0,0,7.8318,0,0.012319901,0.001151397,0
63,262,77.896,113.8691029,7202.93725,0.15688,0,0,70.588,0,0,0,0,0,0,5.9949,0,0.012319901,0.001151397,0
63,262,77.896,113.8691029,7202.93725,0,0,0,0,0,0,30.018,0,0,0,0.151728,0,0.012319901,0.001151397,0
63,262,77.896,113.8691029,7202.93725,0,0,0,0,0,0,0,0,0,0,0,0,0.012319901,0.001151397,0
63,262,77.896,113.8691029,7202.93725,1.5489,0,0,0,0,0,0,0,0,0,47.883,0,0.012319901,0.001151397,0
63,262,77.896,113.8691029,7202.93725,0.31985,0,0,0,0,0,27.171,0,0,0,0.278703,0,0.012319901,0.001151397,0
63,262,77.896,113.8691029,7202.93725,25.53,0,0,0,0,0,0.59876,0,0,0,4.2768,0,0.012319901,0.001151397,0
63,262,77.896,113.8691029,7202.93725,0,0,0,0,0,0,0,0,0,0,0.241728,0,0.012319901,0.001151397,0
63,262,77.896,113.8691029,7202.93725,47.361,0,0,0.008333,0,0.008505,0,0,0,0,0,0,0.012319901,0.001151397,0
63,262,77.896,113.8691029,7202.93725,0,2.0208,0,0,0,0,63.342,0,0,0,4.6839,0,0.012319901,0.001151397,0
63,262,77.896,113.8691029,7202.93725,0,0,0,0,0,0.025755,0,0,0,0,0.151728,0,0.012319901,0.001151397,0
63,262,77.896,113.8691029,7202.93725,0,0,0,9.038,0,0,0,0,0,0,0.151728,0,0.012319901,0.001151397,0
63,262,77.896,113.8691029,7202.93725,0.55661,0,0,0,0,0,0,0,0,0,0,0,0.012319901,0.001151397,0
63,262,77.896,113.8691029,7202.93725,0,0,0,0.007102,0,0,16.253,0,0,0,0.27432,0,0.012319901,0.001151397,0
63,262,77.896,113.8691029,7202.93725,0.54215,0,0,0,0,0,0,0,0,0,28.8018,0,0.012319901,0.001151397,0
63,262,77.896,113.8691029,7202.93725,0,0,0,0,0,0,0,0,0,0,0,0,0.012319901,0.001151397,0
63,262,77.896,113.8691029,7202.93725,0,0,0,0,0,0,0,0,0,0,0,0,0.012319901,0.001151397,0
63,262,77.896,113.8691029,7202.93725,0,0.000716,0,0,0,0,0,0,0,0,0,0,0.012319901,0.001151397,0
63,262,77.896,113.8691029,7202.93725,0,0,0,0,0,0,0,0,0,0,0.28866,0,0.012319901,0.001151397,0
63,262,77.896,113.8691029,7202.93725,0,0,0,0,0,0,0,0,0,0,0,0,0.012319901,0.001151397,0
63,262,77.896,113.8691029,7202.93725,0,0,0,0,0,0,0,0,0,0,0,0,0.012319901,0.001151397,0
63,262,77.896,113.8691029,7202.93725,0,0,0,0,0,0,0,0,0,0,0.38961,0,0.012319901,0.001151397,0
63,262,77.896,113.8691029,7202.93725,0,0,0,0,0,0,0.13028,0,0,0,4.6839,0,0.012319901,0.001151397,0
63,262,77.896,113.8691029,7202.93725,0,0,0,0,0,0,0.42744,0,0,0,0.151728,0,0.012319901,0.001151397,0
63,262,77.896,113.8691029,7202.93725,0.22468,0,0,0,0,0,0,0,0,0,1.1697,0,0.012319901,0.001151397,0
63,262,77.896,113.8691029,7202.93725,0,0,0,0,0,0.79321,0,0,0,0,2.2572,0,0.012319901,0.001151397,0
63,262,77.896,113.8691029,7202.93725,0,0,0,41.408,0,0,0,0,0,0,0,0,0.012319901,0.001151397,0
63,262,77.896,113.8691029,7202.93725,0,0,0,0,0,0,0.60778,0,0,0,0,0,0.012319901,0.001151397,0
63,262,77.896,113.8691029,7202.93725,1.3083,0,0,0.16013,0,0,0,0,0,0,0,0,0.012319901,0.001151397,0
63,262,77.896,113.8691029,7202.93725,0,0,0,0,0,0,0.13028,0,0,0,0.151728,0,0.012319901,0.001151397,0
63,262,77.896,113.8691029,7202.93725,0,0,0,0,0,0.068895,0,0,0,0,6.6894,0,0.012319901,0.001151397,0
63,262,77.896,113.8691029,7202.93725,0,0,0,0,0,0,16.743,0,0,0,0.181728,0,0.012319901,0.001151397,0
63,262,77.896,113.8691029,7202.93725,0,0,0,0,0,0,12.015,0,0,0,25.9959,0,0.012319901,0.001151397,0
63,262,77.896,113.8691029,7202.93725,0,0,0,0,0,0,0,0,0,0,1.67382,0,0.012319901,0.001151397,0
63,262,77.896,113.8691029,7202.93725,0,0,0.004625,0,0,0,0,0,0,0,66.645,0,0.012319901,0.001151397,0
63,262,77.896,113.8691029,7202.93725,0,0,0,0,0,0.12278,0.059897,0,0,0,0,0,0.012319901,0.001151397,0
63,262,77.896,113.8691029,7202.93725,0,0,0,0,0,0,0,0,0,0,0,0,0.012319901,0.001151397,0
63,262,77.896,113.8691029,7202.93725,13.991,0,0,0,0,0,0,0,0,0,0,0,0.012319901,0.001151397,0
63,262,77.896,113.8691029,7202.93725,0,0,0,0,0,0,0.008333,0,0,0,3.498,0,0.012319901,0.001151397,0
63,262,77.896,113.8691029,7202.93725,0,0,0,0,0,0,0.59876,0,0,0,0,0,0.012319901,0.001151397,0
63,262,77.896,113.8691029,7202.93725,0,0,0,0,0,0,24.738,0,0,0,0,0,0.012319901,0.001151397,0
63,262,77.896,113.8691029,7202.93725,0,0,0,0,0,0,0,0,0,0,25.7361,0,0.012319901,0.001151397,0
63,262,77.896,113.8691029,7202.93725,0,0,19.77,0,0,0,0,0,0,0,0.151728,0,0.012319901,0.001151397,0
63,262,77.896,113.8691029,7202.93725,0,0,0,0,0,0,0,0,0,0,0.151728,0,0.012319901,0.001151397,0
63,262,77.896,113.8691029,7202.93725,1.5489,0,0,0,0,0.79321,0,0,0,0,0.151728,0,0.012319901,0.001151397,0
63,262,77.896,113.8691029,7202.93725,0,0,0,0,0,0,0,0,0,0,0,0,0.012319901,0.001151397,0
63,262,77.896,113.8691029,7202.93725,0,0,0,0,0,0,0,0,0,0,8.9418,0,0.012319901,0.001151397,0
63,262,77.896,113.8691029,7202.93725,0,0,0,0,0,0,0.008333,0,0,0,5.8878,0,0.012319901,0.001151397,0
63,262,77.896,113.8691029,7202.93725,0,0,0,0.18902,0,0.27566,0,0,0,0,7.2168,0,0.012319901,0.001151397,0
63,262,77.896,113.8691029,7202.93725,0,0,0,0,0,0,0,0,0,0,0.181728,0,0.012319901,0.001151397,0
63,262,77.896,113.8691029,7202.93725,0,0,0,0,0,0,0,0,0,0,0.30174,0,0.012319901,0.001151397,0
63,262,77.896,113.8691029,7202.93725,0,0,0,0,0,0,24.905,0,0,0,0,0,0.012319901,0.001151397,0
63,262,77.896,113.8691029,7202.93725,0,0,0,0,0,0,0,0,0,0,0,0,0.012319901,0.001151397,0
63,262,77.896,113.8691029,7202.93725,0,0.0021035,0,0,0,0,0.13028,0,0,0,4.8618,0,0.012319901,0.001151397,0
63,262,77.896,113.8691029,7202.93725,0,0,0,0,0,0,0,0,0,0,1.17966,0,0.012319901,0.001151397,0
63,262,77.896,113.8691029,7202.93725,0,0,0,0,0,0,45.364,0,0,0,0,0,0.012319901,0.001151397,0
63,262,77.896,113.8691029,7202.93725,0,0.008337,0,0,0,0,0,0,0,0,0.181728,0,0.012319901,0.001151397,0
63,262,77.896,113.8691029,7202.93725,0,0,0,0,0,0,0,0,0,0,0,0,0.012319901,0.001151397,0
63,262,77.896,113.8691029,7202.93725,0,0,0,0,0,0,0,0,0,0,1.26477,0,0.012319901,0.001151397,0
63,262,77.896,113.8691029,7202.93725,0.053861,0,0.88941,0,0,0,0,0,0,0,0.151728,0,0.012319901,0.001151397,0
63,262,77.896,113.8691029,7202.93725,0,0,0,0,0,0.167,0,0,0,0,0,0,0.012319901,0.001151397,0
63,262,77.896,113.8691029,7202.93725,0,0,0,0,0,0,0,0,0,0,3.3057,0,0.012319901,0.001151397,0
63,262,77.896,113.8691029,7202.93725,0,0,0,0,0,0,0,0,0,0,0,0,0.012319901,0.001151397,0
63,262,77.896,113.8691029,7202.93725,0,0,0,0,0,0,23.847,0,0,0,66.663,0,0.012319901,0.001151397,0
63,262,77.896,113.8691029,7202.93725,5.1443,0,0,0,0,0,0,0,0,0,0.181728,0,0.012319901,0.001151397,0
63,262,77.896,113.8691029,7202.93725,0,0.009018,0,0.93253,0,0,0,0,0,0,8.6688,0,0.012319901,0.001151397,0
63,262,77.896,113.8691029,7202.93725,0,0,0,0,0,0,0,0,0,0,0,0,0.012319901,0.001151397,0
63,262,77.896,113.8691029,7202.93725,0.0047435,0,0,0,0,0,0,0,0,0,46.293,0,0.012319901,0.001151397,0
63,262,77.896,113.8691029,7202.93725,0,0,0,0,0,0,0,0,0,0,24.0468,0,0.012319901,0.001151397,0
63,262,77.896,113.8691029,7202.93725,0,0,0,0,0,0,0,0,0,0,14.5008,0,0.012319901,0.001151397,0
63,262,77.896,113.8691029,7202.93725,0,0,0,0,0,0,3.8779,0,0,0,0,0,0.012319901,0.001151397,0
63,262,77.896,113.8691029,7202.93725,0,0,0,0,0,0,0,0,0,0,0,0,0.012319901,0.001151397,0
63,262,77.896,113.8691029,7202.93725,0.81665,0,0,0,0,0,0,0,0,0,0.181728,0,0.012319901,0.001151397,0
63,262,77.896,113.8691029,7202.93725,0,0,0,0,0,0,0,0,0,0,2.96682,0,0.012319901,0.001151397,0
63,262,77.896,113.8691029,7202.93725,0,0,0,0,0,0,0.13028,0,0,0,3.6159,0,0.012319901,0.001151397,0
63,262,77.896,113.8691029,7202.93725,0,0.008612,0,0,0,0,0,0,0,0,0.151728,0,0.012319901,0.001151397,0
63,262,77.896,113.8691029,7202.93725,0.00571,0,0.074376,0,0,0,18.465,0,0,0,0,0,0.012319901,0.001151397,0
63,262,77.896,113.8691029,7202.93725,0,0,0,0,0,0,0,0,0,0,0,0,0.012319901,0.001151397,0
63,262,77.896,113.8691029,7202.93725,0,0,0,0,0,0,0.13028,0,0,0,0.275259,0,0.012319901,0.001151397,0
63,262,77.896,113.8691029,7202.93725,0.000254,0,0,0,0,0,0,0,0,0,0,0,0.012319901,0.001151397,0
63,262,77.896,113.8691029,7202.93725,0,0,0,0,0,0,0,0,0,0,0,0,0.012319901,0.001151397,0
63,262,77.896,113.8691029,7202.93725,0,0,0,0,0,0,0,0,0,0,10.1169,0,0.012319901,0.001151397,0
63,262,77.896,113.8691029,7202.93725,0,0,0,0,0,0,0,0,0,0,0.151728,0,0.012319901,0.001151397,0
63,262,77.896,113.8691029,7202.93725,0,0,0,0,0,0,0.60778,0,0,0,8.4681,0,0.012319901,0.001151397,0
63,262,77.896,113.8691029,7202.93725,2.0704,0,0,0,0,0.79321,46.678,0,0,0,1.5003,0,0.012319901,0.001151397,0
63,262,77.896,113.8691029,7202.93725,0,0,0,0,0,0,0.13028,0,0,0,0.269961,0,0.012319901,0.001151397,0
63,262,77.896,113.8691029,7202.93725,0,0,0,0,0,0,0.13028,0,0,0,0.151728,0,0.012319901,0.001151397,0
63,262,77.896,113.8691029,7202.93725,0,0,0,0,0,0,0,0,0,0,3.4635,0,0.012319901,0.001151397,0
63,262,77.896,113.8691029,7202.93725,0,0,0,0,0,0,12.708,0,0,0,27.6384,0,0.012319901,0.001151397,0
63,262,77.896,113.8691029,7202.93725,0.00571,0,0,0,0,0,0,0,0,0,0.151728,0,0.012319901,0.001151397,0
63,262,77.896,113.8691029,7202.93725,0.63009,0,0,0,0,0,0,0,0,0,0,0,0.012319901,0.001151397,0
63,262,77.896,113.8691029,7202.93725,0,0,0,0,0,0,0,0,0,0,0.151728,0,0.012319901,0.001151397,0
63,262,77.896,113.8691029,7202.93725,0,0,0,0,0,0,0.021726,0,0,0,0,0,0.012319901,0.001151397,0
63,262,77.896,113.8691029,7202.93725,0,0,0,0,0,0,0,0,0,0,0,0,0.012319901,0.001151397,0
63,262,77.896,113.8691029,7202.93725,0,0,0,0.0059262,0,0,0,0,0,0,7.3638,0,0.012319901,0.001151397,0
63,262,77.896,113.8691029,7202.93725,0,0,0,0,0,0,0,0,0,0,15.2718,0,0.012319901,0.001151397,0
63,262,77.896,113.8691029,7202.93725,0,0.005202,0,0,0,0,0.13028,0,0,0,10.9077,0,0.012319901,0.001151397,73.15853659
63,262,77.896,113.8691029,7202.93725,0,0,0,0.008506,0,0,0,0,0,0,1.47333,0,0.012319901,0.001151397,0
63,262,77.896,113.8691029,7202.93725,0,0,0,0,0,0,0,0,0,0,0.151728,0,0.012319901,0.001151397,0
63,262,77.896,113.8691029,7202.93725,0,1.6934,0,0,0,0,0,0,0,0,0,0,0.012319901,0.001151397,0
63,262,77.896,113.8691029,7202.93725,0,0,0,0,0,0,0,0,0,0,0.77829,0,0.012319901,0.001151397,0
63,262,77.896,113.8691029,7202.93725,0,0,0,0,0,0,0,0,0,0,0.279882,0,0.012319901,0.001151397,0
63,262,77.896,113.8691029,7202.93725,0.090401,0,0,0,0,0,0,0,0,0,5.1447,0,0.012319901,0.001151397,0
63,262,77.896,113.8691029,7202.93725,0,0,0,0,0,0,0,0,0,0,0.151728,0,0.012319901,0.001151397,0
63,262,77.896,113.8691029,7202.93725,0,0,0.00524,0.63929,0,0,0,0,0,0,12.8901,0,0.012319901,0.001151397,0
63,262,77.896,113.8691029,7202.93725,0,0,0,0,0,0,0,0,0,0,0.151728,0,0.012319901,0.001151397,0
63,262,77.896,113.8691029,7202.93725,1.7536,0,0,0,0,0,0.80878,0,0,0,6.102,0,0.012319901,0.001151397,0
63,262,77.896,113.8691029,7202.93725,0,0,0,0,0,0,0,0,0,0,0.151728,0,0.012319901,0.001151397,0
63,262,77.896,113.8691029,7202.93725,0,0,0,0,0,0.77921,0,0,0,0,0.36594,0,0.012319901,0.001151397,0
63,262,77.896,113.8691029,7202.93725,11.232,0,0,0,0,0,0,0,0,0,1.65174,0,0.012319901,0.001151397,0
63,262,77.896,113.8691029,7202.93725,0,0,0,0.00364,0,0.77921,0,0,0,0,15.0018,0,0.012319901,0.001151397,0
63,262,77.896,113.8691029,7202.93725,0.046641,0.027602,0,0,0,0,0,0,0,0,0.151728,0,0.012319901,0.001151397,0
63,262,77.896,113.8691029,7202.93725,0,0,0,0,0,0,0,0,0,0,0.151728,0,0.012319901,0.001151397,0
63,262,77.896,113.8691029,7202.93725,0,0,0,0,0,0,0,0,0,0,0.57,0,0.012319901,0.001151397,0
63,262,77.896,113.8691029,7202.93725,0,23.441,0,0,0,0,0,0,0,0,15.2718,0,0.012319901,0.001151397,0
63,262,77.896,113.8691029,7202.93725,0,0,0,0,0,0,0,0,0,0,1.64958,0,0.012319901,0.001151397,0
63,262,77.896,113.8691029,7202.93725,0,0,0,0,0,0,41.059,0,0,0,0.151728,0,0.012319901,0.001151397,0
63,262,77.896,113.8691029,7202.93725,0,6.5787,0,0,0,0,0,0,0,0,0.31755,0,0.012319901,0.001151397,0
63,262,77.896,113.8691029,7202.93725,0,0,0,0,0,0,0,0,0,0,5.6202,0,0.012319901,0.001151397,0
63,262,77.896,113.8691029,7202.93725,0,0,0,0,0,0.78239,0,0,0,0,69.483,0,0.012319901,0.001151397,0
63,262,77.896,113.8691029,7202.93725,0,0,0,0,0,0,0,0,0,0,5.4573,0,0.012319901,0.001151397,0
63,262,77.896,113.8691029,7202.93725,0,0,0,0,0,0,6.3055,0,0,0,8.3751,0,0.012319901,0.001151397,0
63,262,77.896,113.8691029,7202.93725,0,3.9337,0,49.927,0,0,5.1475,0,0,0,0,0,0.012319901,0.001151397,0
63,262,77.896,113.8691029,7202.93725,0,0,0,13.885,0,0,0,0,0,0,0.151728,0,0.012319901,0.001151397,0
63,262,77.896,113.8691029,7202.93725,0,0.098268,0,0,0,0,0,0,0,0,0.278526,0,0.012319901,0.001151397,0
63,262,77.896,113.8691029,7202.93725,0,0,0,0,0,25.311,0.021726,0,0,0,0,0,0.012319901,0.001151397,0
63,262,77.896,113.8691029,7202.93725,0,0,0,0,0,0,0,0,0,0,0,0,0.012319901,0.001151397,0
63,262,77.896,113.8691029,7202.93725,0.003295,0,0,0,0,0,0,0,0,0,0.45174,0,0.012319901,0.001151397,0
63,262,77.896,113.8691029,7202.93725,0.012001,0,0,0,0,0,0,0,0,0,1.47174,0,0.012319901,0.001151397,0
63,262,77.896,113.8691029,7202.93725,0,0,0,0,0,0,0.13028,0,0,0,0.241728,0,0.012319901,0.001151397,0
63,262,77.896,113.8691029,7202.93725,0,0,0,0,0,0,0,0,0,0,0,0,0.012319901,0.001151397,0
63,262,77.896,113.8691029,7202.93725,0,0,0,0,0,0.79549,0,0,0,0,0.181728,0,0.012319901,0.001151397,0
63,262,77.896,113.8691029,7202.93725,0,0,0,0,0,0.12278,0,0,0,0,66.663,0,0.012319901,0.001151397,30.3902439
63,262,77.896,113.8691029,7202.93725,0,0,0,0,0,0,29.228,0,0,0,0.151728,0,0.012319901,0.001151397,0
63,262,77.896,113.8691029,7202.93725,0.46518,0,0,0,0,0.079175,0,0,0,0,10.6209,0,0.012319901,0.001151397,0
63,262,77.896,113.8691029,7202.93725,0,0.005239,0,0,0,0,0,0,0,0,5.0652,0,0.012319901,0.001151397,0
63,262,77.896,113.8691029,7202.93725,0,0,0,0,0,0,0,0,0,0,0.151728,0,0.012319901,0.001151397,0
63,262,77.896,113.8691029,7202.93725,0,0,0,0,0,0,0,0,0,0,0.151728,0,0.012319901,0.001151397,0
63,262,77.896,113.8691029,7202.93725,0,0,0,0.018752,0,0,0.002308,0,0,0,5.8878,0,0.012319901,0.001151397,0
63,262,77.896,113.8691029,7202.93725,0,0,0,0,0,0,0,0,0,0,0,0,0.012319901,0.001151397,0
63,262,77.896,113.8691029,7202.93725,0,0,0,0,0,0,46.678,0,0,0,0,0,0.012319901,0.001151397,0
63,262,77.896,113.8691029,7202.93725,0.11165,0,0,0,0,0,0,0,0,0,25.3818,0,0.012319901,0.001151397,0
63,262,77.896,113.8691029,7202.93725,0,0,0,0,0,0,0,0,0,0,0,0,0.012319901,0.001151397,0
63,262,77.896,113.8691029,7202.93725,0,0,0,0,0,0,0,0,0,0,0,0,0.012319901,0.001151397,0
63,262,77.896,113.8691029,7202.93725,0,0,0,0,0,0,0.002308,0,0,0,0.48174,0,0.012319901,0.001151397,0
63,262,77.896,113.8691029,7202.93725,0,0,0,0,0,0,28.538,0,0,0,0.151728,0,0.012319901,0.001151397,74.01219512
63,262,77.896,113.8691029,7202.93725,0,0,0,0,0,0,0,0,0,0,3.6552,0,0.012319901,0.001151397,0
63,262,77.896,113.8691029,7202.93725,0,0,0,0,0,0,0,0,0,0,4.8687,0,0.012319901,0.001151397,0
63,262,77.896,113.8691029,7202.93725,0,0.0067085,0,0.000063,0,0,0,0,0,0,16.0194,0,0.012319901,0.001151397,0
63,262,77.896,113.8691029,7202.93725,0,0,0,0,0,0,0,0,0,0,12.8109,0,0.012319901,0.001151397,0
63,262,77.896,113.8691029,7202.93725,0,0,0,0,0,0,0,0,0,0,4.5105,0,0.012319901,0.001151397,0
63,262,77.896,113.8691029,7202.93725,0,0,0,0,0,0,0.002308,0,0,0,4.6839,0,0.012319901,0.001151397,0
63,262,77.896,113.8691029,7202.93725,1.737,0,0,0,0,0,0,0,0,0,82.191,0,0.012319901,0.001151397,0
63,262,77.896,113.8691029,7202.93725,0,0,0,0,0,0,0,0,0,0,0.151728,0,0.012319901,0.001151397,0
63,262,77.896,113.8691029,7202.93725,0,0,0,0,0,0,0,0,0,0,1.90248,0,0.012319901,0.001151397,0
63,262,77.896,113.8691029,7202.93725,0.003824,0,0,20.615,0,0,0,0,0,0,0,0,0.012319901,0.001151397,0
63,262,77.896,113.8691029,7202.93725,0,0,23.418,0,0,0.79321,0,0,0,0,0.297708,0,0.012319901,0.001151397,0
63,262,77.896,113.8691029,7202.93725,0.022396,1.1481,0,0,0,0,0,0,0,0,0,0,0.012319901,0.001151397,0
63,262,77.896,113.8691029,7202.93725,0,0.67045,0,0,0,0,14.625,0,0,0,0,0,0.012319901,0.001151397,0
63,262,77.896,113.8691029,7202.93725,6.1631,0,0,0,0,0,0,0,0,0,0.48174,0,0.012319901,0.001151397,0
63,262,77.896,113.8691029,7202.93725,0.00036,0,0,0,0,0,0,0,0,0,13.3746,0,0.012319901,0.001151397,0
63,262,77.896,113.8691029,7202.93725,0,0,0,0,0,0.78033,0,0,0,0,0.70734,0,0.012319901,0.001151397,0
63,262,77.896,113.8691029,7202.93725,0,0,0,0,0,0,0,0,0,0,0.151728,0,0.012319901,0.001151397,0
63,262,77.896,113.8691029,7202.93725,0,0,0,0,0,0,0,0,0,0,0.151728,0,0.012319901,0.001151397,0
63,262,77.896,113.8691029,7202.93725,0,0,0,0,0,0,1.6669,0,0,0,5.4573,0,0.012319901,0.001151397,0
63,262,77.896,113.8691029,7202.93725,1.1814,0,0,0,0,0,0,0,0,0,0,0,0.012319901,0.001151397,0
63,262,77.896,113.8691029,7202.93725,0,0,0,0,0,0,0.008333,0,0,0,0.42174,0,0.012319901,0.001151397,0
63,262,77.896,113.8691029,7202.93725,0,0,0,0,0,0,0,0,0,0,0.48174,0,0.012319901,0.001151397,0
63,262,77.896,113.8691029,7202.93725,0,7.6951,0,0,0,0,0,0,0,0,0,0,0.012319901,0.001151397,0
63,262,77.896,113.8691029,7202.93725,0,0,0,0,0,0,0,0,0,0,0,0,0.012319901,0.001151397,0
63,262,77.896,113.8691029,7202.93725,0,0,0,0,0,0,0,0,0,0,1.32447,0,0.012319901,0.001151397,0
63,262,77.896,113.8691029,7202.93725,2.1632,0,0,0,0,0,0,0,0,0,0.151728,0,0.012319901,0.001151397,28.25609756
63,262,77.896,113.8691029,7202.93725,7.1925,0,0,0,0,0,0,0,0,0,0,0,0.012319901,0.001151397,0
63,262,77.896,113.8691029,7202.93725,1.0643,0,0,0,0,0,0.13028,0,0,0,0.75903,0,0.012319901,0.001151397,0
63,262,77.896,113.8691029,7202.93725,0,0,0,0,0,0,0.021726,0,0,0,0.273021,0,0.012319901,0.001151397,0
63,262,77.896,113.8691029,7202.93725,0,0,0,0,0,0,6.6682,0,0,0,0.151728,0,0.012319901,0.001151397,0
63,262,77.896,113.8691029,7202.93725,0,0,0,0,0,6.5193,0.59876,0,0,0,3.0075,0,0.012319901,0.001151397,0
63,262,77.896,113.8691029,7202.93725,0,0,0,0,0,0,0,0,0,0,0,0,0.012319901,0.001151397,0
63,262,77.896,113.8691029,7202.93725,0.78607,0,0,0.47997,0,0,0,0,0,0,0.181728,0,0.012319901,0.001151397,0
63,262,77.896,113.8691029,7202.93725,0,0,0,0,0,0,0,0,0,0,0,0,0.012319901,0.001151397,0
63,262,77.896,113.8691029,7202.93725,0,0,0,0,0,0,0,0,0,0,4.4103,0,0.012319901,0.001151397,9.048780488
63,262,77.896,113.8691029,7202.93725,5.7357,0,0,0,0,0,0,0,0,0,0,0,0.012319901,0.001151397,0
63,262,77.896,113.8691029,7202.93725,0,0.058091,0,0,0,0,0,0,0,0,0,0,0.012319901,0.001151397,0
63,262,77.896,113.8691029,7202.93725,0,0,0,0,0,0,0,0,0,0,42.879,0,0.012319901,0.001151397,0
63,262,77.896,113.8691029,7202.93725,0.75539,0,0,0.007102,0,0.77921,0,0,0,0,0.45174,0,0.012319901,0.001151397,0
63,262,77.896,113.8691029,7202.93725,0,0,0,0,0,0,0.13028,0,0,0,0.151728,0,0.012319901,0.001151397,0
63,262,77.896,113.8691029,7202.93725,0,5.2684,0,38.653,0,0,0,0,0,0,32.442,0,0.012319901,0.001151397,0
63,262,77.896,113.8691029,7202.93725,2.0033,0.008333,0,0,0,0,0,0,0,0,1.17456,0,0.012319901,0.001151397,0
63,262,77.896,113.8691029,7202.93725,0,0,0,0,0,0,0,0,0,0,25.9959,0,0.012319901,0.001151397,0
63,262,77.896,113.8691029,7202.93725,0,0,0,0,0,0,0.10863,0,0,0,0,0,0.012319901,0.001151397,0
63,262,77.896,113.8691029,7202.93725,1.3251,0,0,0.91786,0,0,0.10863,0,0,0,2.96682,0,0.012319901,0.001151397,0
63,262,77.896,113.8691029,7202.93725,0,0,0,0,0,0,18.387,0,0,0,32.442,0,0.012319901,0.001151397,0
63,262,77.896,113.8691029,7202.93725,0,0,0,0,0,0,0,0,0,0,0.151728,0,0.012319901,0.001151397,0
63,262,77.896,113.8691029,7202.93725,0.0062479,0,0,0,0,0,0,0,0,0,0.151728,0,0.012319901,0.001151397,0
63,262,77.896,113.8691029,7202.93725,19.704,0,0,0,0,0.010588,0.13028,0,0,0,0,0,0.012319901,0.001151397,0
63,262,77.896,113.8691029,7202.93725,0,0,0,0,0,0,0,0,0,0,0.31059,0,0.012319901,0.001151397,0
63,262,77.896,113.8691029,7202.93725,0.023249,0,0,0,0,0,0.13028,0,0,0,66.003,0,0.012319901,0.001151397,0
63,262,77.896,113.8691029,7202.93725,0,0,0,0,0,0,0,0,0,0,5.6202,0,0.012319901,0.001151397,0
63,262,77.896,113.8691029,7202.93725,0,0,0,0,0,0,0,0,0,0,12.7935,0,0.012319901,0.001151397,0
63,262,77.896,113.8691029,7202.93725,0,0,0,0,0,0,0,0,0,0,3.2268,0,0.012319901,0.001151397,0
63,262,77.896,113.8691029,7202.93725,0.057648,0,0,0,0,0.14521,0,0,0,0,0,0,0.012319901,0.001151397,0
63,262,77.896,113.8691029,7202.93725,0,27.649,0,0,0,0.77921,0.021726,0,0,0,8.9868,0,0.012319901,0.001151397,0
63,262,77.896,113.8691029,7202.93725,12.876,0,0,0,0,0,0,0,0,0,10.1169,0,0.012319901,0.001151397,0
63,262,77.896,113.8691029,7202.93725,0.001463,0,0,0,0,0,55.61,0,0,0,0.151728,0,0.012319901,0.001151397,0
63,262,77.896,113.8691029,7202.93725,0,0,0,0,0,0,0.13028,0,0,0,6.3561,0,0.012319901,0.001151397,0
63,262,77.896,113.8691029,7202.93725,0,0,0,0,0,0,0,0,0,0,0,0,0.012319901,0.001151397,0
63,262,77.896,113.8691029,7202.93725,0,0,0,0,0,0,0,0,0,0,1.51233,0,0.012319901,0.001151397,0
63,262,77.896,113.8691029,7202.93725,0.01199,0,0,0,0,0,0.13028,0,0,0,2.29656,0,0.012319901,0.001151397,0
63,262,77.896,113.8691029,7202.93725,0.0053115,0,0,0,0,0.77921,0,0,0,0,0,0,0.012319901,0.001151397,0
63,262,77.896,113.8691029,7202.93725,0.43529,0,0,0,0,0,0,0,0,0,0.273366,0,0.012319901,0.001151397,0
63,262,77.896,113.8691029,7202.93725,0.016666,0,0,0,0,0,10.082,0,0,0,1.67382,0,0.012319901,0.001151397,0
63,262,77.896,113.8691029,7202.93725,0,0,0,0.00524,0,0,0,0,0,0,0,0,0.012319901,0.001151397,0
63,262,77.896,113.8691029,7202.93725,0,0,0,0,0,0.77806,72.465,0,0,0,0.30174,0,0.012319901,0.001151397,0
63,262,77.896,113.8691029,7202.93725,54.832,0,0,0,0,0,0,0,0,0,0,0,0.012319901,0.001151397,0
63,262,77.896,113.8691029,7202.93725,0,0,0,0,0,17.13,0,0,0,0,29.2218,0,0.012319901,0.001151397,0
63,262,77.896,113.8691029,7202.93725,0.049547,1.5633,0,0,0,1.5549,88.228,0,0,0,0,0,0.012319901,0.001151397,0
63,262,77.896,113.8691029,7202.93725,0,0,0,0,0,0,0,0,0,0,0,0,0.012319901,0.001151397,0
63,262,77.896,113.8691029,7202.93725,0.049547,0,0,0.004588,0,0,0,0,0,0,5.0652,0,0.012319901,0.001151397,0
63,262,77.896,113.8691029,7202.93725,0.0009415,0,0,0.008365,0,0,0,0,0,0,0.51381,0,0.012319901,0.001151397,0
63,262,77.896,113.8691029,7202.93725,0.005629,0,0,0,0,21.958,0,0,0,0,1.47174,0,0.012319901,0.001151397,0
63,262,77.896,113.8691029,7202.93725,0,0,0,9.038,0,0,0,0,0,0,1.42239,0,0.012319901,0.001151397,0
63,262,77.896,113.8691029,7202.93725,0,0,0,0,0,0.79321,0,0,0,0,0.151728,0,0.012319901,0.001151397,0
63,262,77.896,113.8691029,7202.93725,0,0,0,0,0,0,0,0,0,0,0,0,0.012319901,0.001151397,64.02439024
63,262,77.896,113.8691029,7202.93725,0,0,0,0,0,0,4.9456,0,0,0,32.442,0,0.012319901,0.001151397,0
63,262,77.896,113.8691029,7202.93725,0,0,0,0.019902,0,0,0,0,0,0,11.7525,0,0.012319901,0.001151397,0
63,262,77.896,113.8691029,7202.93725,0,0,0,0,0,0,0,0,0,0,18.819,0,0.012319901,0.001151397,0
63,262,77.896,113.8691029,7202.93725,0,0.008333,0,0,0,0.7776,0.13028,0,0,0,0.151728,0,0.012319901,0.001151397,0
63,262,77.896,113.8691029,7202.93725,0,1.3736,0,0,0,0,0,0,0,0,0.241728,0,0.012319901,0.001151397,0
63,262,77.896,113.8691029,7202.93725,0,0,0,0,0,0,0,0,0,0,0.151728,0,0.012319901,0.001151397,0
63,262,77.896,113.8691029,7202.93725,0.68542,0,0,0,0,0,28.184,0,0,0,0.151728,0,0.012319901,0.001151397,0
63,262,77.896,113.8691029,7202.93725,0.001192,0.008333,0,0,0,0,0.13028,0,0,0,0.151728,0,0.012319901,0.001151397,0
63,262,77.896,113.8691029,7202.93725,0,5.4758,0,0,0,0.77921,0,0,0,0,0.151728,0,0.012319901,0.001151397,0
63,262,77.896,113.8691029,7202.93725,0,0,0,0,0,0,0,0,0,0,0.151728,0,0.012319901,0.001151397,0
63,262,77.896,113.8691029,7202.93725,0,0,0,0,0,0,0,0,0,0,20.2284,0,0.012319901,0.001151397,0
63,262,77.896,113.8691029,7202.93725,0,0,0,0,0,0,0,0,0,0,0.151728,0,0.012319901,0.001151397,0
63,262,77.896,113.8691029,7202.93725,0,0,0,0,0,0,0,0,0,0,0.151728,0,0.012319901,0.001151397,0
63,262,77.896,113.8691029,7202.93725,0,0,0,0,0,0,0,0,0,0,0,0,0.012319901,0.001151397,0
63,262,77.896,113.8691029,7202.93725,0,0.3896,0,0,0,2.2803,0.13028,0,0,0,1.70622,0,0.012319901,0.001151397,0
63,262,77.896,113.8691029,7202.93725,0,0,0,0,0,0.18363,0,0,0,0,4.6158,0,0.012319901,0.001151397,0
63,262,77.896,113.8691029,7202.93725,0,0,0,0,0,0,72.465,0,0,0,3.8946,0,0.012319901,0.001151397,0
63,262,77.896,113.8691029,7202.93725,0,0,0,0,0,0,0,0,0,0,0.37014,0,0.012319901,0.001151397,0
63,262,77.896,113.8691029,7202.93725,0,0,0,0,0,0,0,0,0,0,0,0,0.012319901,0.001151397,0
63,262,77.896,113.8691029,7202.93725,0,0,0.000955,0,0,0,0,0,0,0,0,0,0.012319901,0.001151397,0
63,262,77.896,113.8691029,7202.93725,0,0,0,0,0,0,0,0,0,0,0,0,0.012319901,0.001151397,0
63,262,77.896,113.8691029,7202.93725,0,0,0,0,0,0,0,0,0,0,25.2354,0,0.012319901,0.001151397,0
63,262,77.896,113.8691029,7202.93725,0.061621,0,0,0.12175,0,0,0.13028,0,0,0,0.181728,0,0.012319901,0.001151397,0
63,262,77.896,113.8691029,7202.93725,0.00247,0,0,0,0,0,0,0,0,0,0,0,0.012319901,0.001151397,0
63,262,77.896,113.8691029,7202.93725,0,0,0,0,0,0,0,0,0,0,0,0,0.012319901,0.001151397,0
63,262,77.896,113.8691029,7202.93725,0,0,0,0,0,0,0,0,0,0,0.73911,0,0.012319901,0.001151397,0
63,262,77.896,113.8691029,7202.93725,0,0,0,0,0,0,0.13028,0,0,0,4.4103,0,0.012319901,0.001151397,0
63,262,77.896,113.8691029,7202.93725,0,0,0,0,0,0,0,0,0,0,2.96682,0,0.012319901,0.001151397,0
63,262,77.896,113.8691029,7202.93725,0.003465,0,0,0.008333,0,0,0,0,0,0,0,0,0.012319901,0.001151397,0
63,262,77.896,113.8691029,7202.93725,0.14171,0,0,0,0,0,0,0,0,0,0,0,0.012319901,0.001151397,0
63,262,77.896,113.8691029,7202.93725,0,0,0,0,0,0,0,0,0,0,15.8232,0,0.012319901,0.001151397,0
63,262,77.896,113.8691029,7202.93725,0,0,0,0,0,0,0.13028,0,0,0,0.28509,0,0.012319901,0.001151397,0
63,262,77.896,113.8691029,7202.93725,0,0,0,0,0,0.79321,0.13028,0,0,0,0,0,0.012319901,0.001151397,0
63,262,77.896,113.8691029,7202.93725,0,0,0,0,0,0,2.6355,0,0,0,0.151728,0,0.012319901,0.001151397,0
63,262,77.896,113.8691029,7202.93725,0,0,0,0,0,0,0,0,0,0,0.151728,0,0.012319901,0.001151397,0
63,262,77.896,113.8691029,7202.93725,0,0,0,0,0,0,0,0,0,0,5.4381,0,0.012319901,0.001151397,0
63,262,77.896,113.8691029,7202.93725,0.00021,0,0,0,0,0,0,0,0,0,0.151728,0,0.012319901,0.001151397,0
63,262,77.896,113.8691029,7202.93725,0,0,0,0,0,0,0,0,0,0,0.151728,0,0.012319901,0.001151397,0
63,262,77.896,113.8691029,7202.93725,0,0,0,0,0,0,0,0,0,0,0,0,0.012319901,0.001151397,0
63,262,77.896,113.8691029,7202.93725,0,0,0,0,0,0,0,0,0,0,6.2793,0,0.012319901,0.001151397,0
63,262,77.896,113.8691029,7202.93725,0.31128,0,0,0,0,0,0,0,0,0,19.6818,0,0.012319901,0.001151397,0
63,262,77.896,113.8691029,7202.93725,0,0,0,0,0,0,0,0,0,0,0.151728,0,0.012319901,0.001151397,0
63,262,77.896,113.8691029,7202.93725,0,0,0,0.003355,0,0,0,0,0,0,6.8154,0,0.012319901,0.001151397,0
63,262,77.896,113.8691029,7202.93725,0.001493,0,0,0,0,0,0,0,0,0,18.7587,0,0.012319901,0.001151397,0
63,262,77.896,113.8691029,7202.93725,0.010743,0,0,0,0,0,0,0,0,0,0.273339,0,0.012319901,0.001151397,0
63,262,77.896,113.8691029,7202.93725,0.78607,0,0,0,0,0,0,0,0,0,0,0,0.012319901,0.001151397,0
63,262,77.896,113.8691029,7202.93725,0.003468,1.9901,0,0,0,0,0.13028,0,0,0,8.9118,0,0.012319901,0.001151397,0
63,262,77.896,113.8691029,7202.93725,0,0,0,0,0,0.78033,0,0,0,0,0.37014,0,0.012319901,0.001151397,0
63,262,77.896,113.8691029,7202.93725,0.082238,0,0,0,0,0.22852,16.577,0,0,0,0.151728,0,0.012319901,0.001151397,0
63,262,77.896,113.8691029,7202.93725,0.000172,0,0,0,0,0,0,0,0,0,0,0,0.012319901,0.001151397,0
63,262,77.896,113.8691029,7202.93725,0,0,0,0,0,0.60697,0.002308,0,0,0,0,0,0.012319901,0.001151397,0
63,262,77.896,113.8691029,7202.93725,0.20993,0,3.7713,0,0,0,0,0,0,0,0,0,0.012319901,0.001151397,0
63,262,77.896,113.8691029,7202.93725,0,0,0,0,0,0,0.13028,0,0,0,5.1447,0,0.012319901,0.001151397,0
63,262,77.896,113.8691029,7202.93725,2.0704,0,0.005241,0,0,0,27.171,0,0,0,0.151728,0,0.012319901,0.001151397,0
63,262,77.896,113.8691029,7202.93725,0,0,0,0,0,0,0,0,0,0,7.8042,0,0.012319901,0.001151397,0
63,262,77.896,113.8691029,7202.93725,0,0,0,0,0,0,0,0,0,0,25.2354,0,0.012319901,0.001151397,0
63,262,77.896,113.8691029,7202.93725,0,0,0,0,0,0,25.405,0,0,0,0,0,0.012319901,0.001151397,0
63,262,77.896,113.8691029,7202.93725,0,0,0,0,0,0,0,0,0,0,19.7118,0,0.012319901,0.001151397,0
63,262,77.896,113.8691029,7202.93725,0.44662,0,0,0,0,0.005318,0,0,0,0,24.7368,0,0.012319901,0.001151397,0
63,262,77.896,113.8691029,7202.93725,0,0,0,55.549,0,0,0,0,0,0,0,0,0.012319901,0.001151397,0
63,262,77.896,113.8691029,7202.93725,0,0,0,0,0,0,0,0,0,0,1.91388,0,0.012319901,0.001151397,0
63,262,77.896,113.8691029,7202.93725,0,16.534,0,0,0,0,0,0,0,0,0.151728,0,0.012319901,0.001151397,0
63,262,77.896,113.8691029,7202.93725,0,0,0,0,0,0,0,0,0,0,0.151728,0,0.012319901,0.001151397,0
63,262,77.896,113.8691029,7202.93725,0.003465,0,0,0,0,0,0,0,0,0,1.04805,0,0.012319901,0.001151397,0
63,262,77.896,113.8691029,7202.93725,0,0,0,0,0,0.010588,38.153,0,0,0,0.48174,0,0.012319901,0.001151397,0
63,262,77.896,113.8691029,7202.93725,0,0,0,0,0,0,0,0,0,0,0.151728,0,0.012319901,0.001151397,0
63,262,77.896,113.8691029,7202.93725,0.000133,0,0,0,0,0,35.163,0,0,0,2.31141,0,0.012319901,0.001151397,0
63,262,77.896,113.8691029,7202.93725,0,0,0,1.6398,0,0.79321,0,0,0,0,8.5644,0,0.012319901,0.001151397,0
63,262,77.896,113.8691029,7202.93725,0,0,0,0.008365,0,0,6.3055,0,0,0,1.65174,0,0.012319901,0.001151397,0
63,262,77.896,113.8691029,7202.93725,0,3.3727,0,0,0,0,0,0,0,0,0,0,0.012319901,0.001151397,0
63,262,77.896,113.8691029,7202.93725,0.78607,0,0,0,0,0,0,0,0,0,2.2572,0,0.012319901,0.001151397,0
63,262,77.896,113.8691029,7202.93725,0,0,0,0,0,0,24.147,0,0,0,0.273384,0,0.012319901,0.001151397,0
63,262,77.896,113.8691029,7202.93725,0.000172,0,0,0,0,0,0,0,0,0,28.113,0,0.012319901,0.001151397,0
63,262,77.896,113.8691029,7202.93725,0,0,0,0,0,0,0,0,0,0,0.151728,0,0.012319901,0.001151397,0
63,262,77.896,113.8691029,7202.93725,0,0,0,0,0,0,0,0,0,0,0,0,0.012319901,0.001151397,0
63,262,77.896,113.8691029,7202.93725,0,0,0,0,0,0,0.059897,0,0,0,0,0,0.012319901,0.001151397,0
63,262,77.896,113.8691029,7202.93725,0,0,0,0,0,0,0,0,0,0,83.223,0,0.012319901,0.001151397,0
63,262,77.896,113.8691029,7202.93725,0,0.005202,0,0,0,0,0,0,0,0,0,0,0.012319901,0.001151397,0
63,262,77.896,113.8691029,7202.93725,0,0,0,0,0,0,0,0,0,0,0.151728,0,0.012319901,0.001151397,0
63,262,77.896,113.8691029,7202.93725,0.038397,0,0,0,0,0,0,0,0,0,0.151728,0,0.012319901,0.001151397,0
63,262,77.896,113.8691029,7202.93725,0,0,0,0,0,0,0,0,0,0,17.3325,0,0.012319901,0.001151397,0
63,262,77.896,113.8691029,7202.93725,30.067,0,0,0,0,0,0,0,0,0,0,0,0.012319901,0.001151397,0
63,262,77.896,113.8691029,7202.93725,1.2157,0,0,0,0,0,0,0,0,0,0,0,0.012319901,0.001151397,0
63,262,77.896,113.8691029,7202.93725,0,0.67045,0,3.4019,0,0,11.516,0,0,0,0,0,0.012319901,0.001151397,0
63,262,77.896,113.8691029,7202.93725,0,0,0,0,0,0,12.22,0,0,0,0.271128,0,0.012319901,0.001151397,0
63,262,77.896,113.8691029,7202.93725,0,1.9901,0,0,0,0,0,0,0,0,87.522,0,0.012319901,0.001151397,0
63,262,77.896,113.8691029,7202.93725,0,0,0,0,0,0,0,0,0,0,0.78174,0,0.012319901,0.001151397,0
63,262,77.896,113.8691029,7202.93725,0,0,0,0,0,0,0.13028,0,0,0,0,0,0.012319901,0.001151397,0
63,262,77.896,113.8691029,7202.93725,0,0,0,0,0,0,0,0,0,0,64.437,0,0.012319901,0.001151397,0
63,262,77.896,113.8691029,7202.93725,0,0,0,0,0,0,0,0,0,0,4.2768,0,0.012319901,0.001151397,0
63,262,77.896,113.8691029,7202.93725,3.9444,0.005239,0,0.00014,0,0,0,0,0,0,0,0,0.012319901,0.001151397,0
63,262,77.896,113.8691029,7202.93725,0,0,0.004625,0,0,0,0,0,0,0,27.6384,0,0.012319901,0.001151397,0
63,262,77.896,113.8691029,7202.93725,0.016486,0,0,0,0,0,0,0,0,0,0,0,0.012319901,0.001151397,0
63,262,77.896,113.8691029,7202.93725,0.54215,0,0,0,0,0,0,0,0,0,10.3965,0,0.012319901,0.001151397,0
63,262,77.896,113.8691029,7202.93725,1.6088,0,0,0,0,0,0,0,0,0,0,0,0.012319901,0.001151397,0
63,262,77.896,113.8691029,7202.93725,0,0,0,0,0,0,0,0,0,0,0,0,0.012319901,0.001151397,0
63,262,77.896,113.8691029,7202.93725,0.40581,0,0,0,0,6.1876,6.6593,0,0,0,4.2768,0,0.012319901,0.001151397,0
63,262,77.896,113.8691029,7202.93725,0,0,0,0,0,0,0,0,0,0,0.151728,0,0.012319901,0.001151397,0
63,262,77.896,113.8691029,7202.93725,0,0,0,0,0,0,0,0,0,0,5.7318,0,0.012319901,0.001151397,0
63,262,77.896,113.8691029,7202.93725,0,0,0,0,0,0,0,0,0,0,1.28049,0,0.012319901,0.001151397,0
63,262,77.896,113.8691029,7202.93725,0,0,0,0,0,0,0,0,0,0,0,0,0.012319901,0.001151397,0
63,262,77.896,113.8691029,7202.93725,0.43242,0,0,0,0,0,0.78605,0,0,0,0.151728,0,0.012319901,0.001151397,0
63,262,77.896,113.8691029,7202.93725,5.7357,0,0,0,0,0.79321,0,0,0,0,0.269961,0,0.012319901,0.001151397,0
63,262,77.896,113.8691029,7202.93725,0.01537,0,0,0,0,0,0,0,0,0,0,0,0.012319901,0.001151397,0
63,262,77.896,113.8691029,7202.93725,0,0,0,0.008333,0,0,0,0,0,0,16.6719,0,0.012319901,0.001151397,0
63,262,77.896,113.8691029,7202.93725,0,0,5.9644,0,0,0.88838,0,0,0,0,5.2239,0,0.012319901,0.001151397,0
63,262,77.896,113.8691029,7202.93725,0,0,0,0,0,0,0,0,0,0,1.28049,0,0.012319901,0.001151397,0
63,262,77.896,113.8691029,7202.93725,2.2541,0,0,0,0,0,0,0,0,0,0.151728,0,0.012319901,0.001151397,0
63,262,77.896,113.8691029,7202.93725,0.26564,0,0,0,0,0,0,0,0,0,66.003,0,0.012319901,0.001151397,0
63,262,77.896,113.8691029,7202.93725,0,0,0,0,0,0,0,0,0,0,2.73105,0,0.012319901,0.001151397,0
63,262,77.896,113.8691029,7202.93725,0,0,0,0,0,0,0,0,0,0,0,0,0.012319901,0.001151397,79.2195122
63,262,77.896,113.8691029,7202.93725,0,5.7073,0,0.14679,0,0,1.8067,0,0,0,0.151728,0,0.012319901,0.001151397,0
63,262,77.896,113.8691029,7202.93725,0.059844,0,0,0.63929,0,0,0.059897,0,0,0,19.2864,0,0.012319901,0.001151397,0
63,262,77.896,113.8691029,7202.93725,0,0,0,7.5447,0,0,0,0,0,0,0.57,0,0.012319901,0.001151397,0
63,262,77.896,113.8691029,7202.93725,0,0.009099,0,0,0,0,0.13028,0,0,0,0.65616,0,0.012319901,0.001151397,0
63,262,77.896,113.8691029,7202.93725,0,0,0,0.01502,0,0,0,0,0,0,0.151728,0,0.012319901,0.001151397,0
63,262,77.896,113.8691029,7202.93725,0,0.00884,0,0.008333,0,0,0,0,0,0,46.293,0,0.012319901,0.001151397,0
63,262,77.896,113.8691029,7202.93725,0,0,0,0,0,0,0,0,0,0,0.151728,0,0.012319901,0.001151397,82.80487805
63,262,77.896,113.8691029,7202.93725,9.2596,0,0,0,0,0,65.907,0,0,0,0.94704,0,0.012319901,0.001151397,0
63,262,77.896,113.8691029,7202.93725,0,0,0,0,0,0,0.42744,0,0,0,0.151728,0,0.012319901,0.001151397,0
63,262,77.896,113.8691029,7202.93725,8.9156,0,0,0,0,0,0.13028,0,0,0,0.70413,0,0.012319901,0.001151397,0
63,262,77.896,113.8691029,7202.93725,0,0,0,0,0,0,0,0,0,0,3.6918,0,0.012319901,0.001151397,0
63,262,77.896,113.8691029,7202.93725,0,0,0,0,0,0,0.13028,0,0,0,0.151728,0,0.012319901,0.001151397,0
63,262,77.896,113.8691029,7202.93725,0,0,0,0,0,0,6.9474,0,0,0,0,0,0.012319901,0.001151397,0
63,262,77.896,113.8691029,7202.93725,0,0,0,0,0,0,0,0,0,0,0.151728,0,0.012319901,0.001151397,0
63,262,77.896,113.8691029,7202.93725,0.010052,0,0,0,0,0,0,0,0,0,0.278526,0,0.012319901,0.001151397,0
63,262,77.896,113.8691029,7202.93725,0,0,0,0,0,0,0,0,0,0,5.2239,0,0.012319901,0.001151397,0
63,262,77.896,113.8691029,7202.93725,0.10513,0,0,0,0,0.77921,0,0,0,0,29.7018,0,0.012319901,0.001151397,0
63,262,77.896,113.8691029,7202.93725,0,0,0,0,0,0,0,0,0,0,45.933,0,0.012319901,0.001151397,0
63,262,77.896,113.8691029,7202.93725,0,0,0,0.002068,0,0,0,0,0,0,0,0,0.012319901,0.001151397,0
63,262,77.896,113.8691029,7202.93725,0,0,0,0,0,0,28.538,0,0,0,0,0,0.012319901,0.001151397,0
63,262,77.896,113.8691029,7202.93725,0,24.214,0,0,0,12.358,0,0,0,0,0,0,0.012319901,0.001151397,38.24390244
63,262,77.896,113.8691029,7202.93725,0.000234,0,0,0,0,0,0,0,0,0,0.151728,0,0.012319901,0.001151397,0
63,262,77.896,113.8691029,7202.93725,0,0,0,0,0,0,0.59876,0,0,0,0.151728,0,0.012319901,0.001151397,80.32926829
63,262,77.896,113.8691029,7202.93725,0,0,0,2.562,0,0.79321,0,0,0,0,0,0,0.012319901,0.001151397,0
63,262,77.896,113.8691029,7202.93725,0.6449,0.008333,0,0,0,0,0,0,0,0,0.151728,0,0.012319901,0.001151397,0
63,262,77.896,113.8691029,7202.93725,6.6358,0,0,0,0,0,0,0,0,0,0.151728,0,0.012319901,0.001151397,0
63,262,77.896,113.8691029,7202.93725,0,0,0,0,0,0,0,0,0,0,0,0,0.012319901,0.001151397,0
63,262,77.896,113.8691029,7202.93725,0,0,0,0.001267,0,0,0,0,0,0,0,0,0.012319901,0.001151397,0
63,262,77.896,113.8691029,7202.93725,0,0.009018,0,0,0,0,0.59876,0,0,0,14.8218,0,0.012319901,0.001151397,0
63,262,77.896,113.8691029,7202.93725,0,0.00524,0,0,0,0,0,0,0,0,0.151728,0,0.012319901,0.001151397,0
63,262,77.896,113.8691029,7202.93725,0,0,0,0,0,0,29.625,0,0,0,29.7048,0,0.012319901,0.001151397,0
63,262,77.896,113.8691029,7202.93725,0,0,0,0,0,0,0.13028,0,0,0,0,0,0.012319901,0.001151397,0
63,262,77.896,113.8691029,7202.93725,0,0,0,0,0,0,10.904,0,0,0,0,0,0.012319901,0.001151397,0
63,262,77.896,113.8691029,7202.93725,0,0,0,0,0,0,0,0,0,0,0.278532,0,0.012319901,0.001151397,0
63,262,77.896,113.8691029,7202.93725,0.066847,0,0,0,0,0,0,0,0,0,15.0018,0,0.012319901,0.001151397,0
63,262,77.896,113.8691029,7202.93725,0,0,0.61364,0,0,0,0,0,0,0,0,0,0.012319901,0.001151397,0
63,262,77.896,113.8691029,7202.93725,10.563,0,0,0,0,0,0.42744,0,0,0,0.151728,0,0.012319901,0.001151397,0
63,262,77.896,113.8691029,7202.93725,1.1814,0.027602,0,0,0,0,0,0,0,0,0,0,0.012319901,0.001151397,0
63,262,77.896,113.8691029,7202.93725,0,0,0,0,0,0,0,0,0,0,7.2732,0,0.012319901,0.001151397,0
63,262,77.896,113.8691029,7202.93725,0,0,0,0,0,0,6.3055,0,0,0,2.37174,0,0.012319901,0.001151397,0
63,262,77.896,113.8691029,7202.93725,0,0,0,0,0,0,0,0,0,0,0.151728,0,0.012319901,0.001151397,0
63,262,77.896,113.8691029,7202.93725,0.034341,0,0,0,0,0,0,0,0,0,0,0,0.012319901,0.001151397,0
63,262,77.896,113.8691029,7202.93725,0.43529,52.72,0,0,0,0.22852,0,0,0,0,0,0,0.012319901,0.001151397,0
63,262,77.896,113.8691029,7202.93725,0,0.028177,0.62468,0,0,0,0,0,0,0,25.2354,0,0.012319901,0.001151397,0
63,262,77.896,113.8691029,7202.93725,13.991,0,0,0,0,0,41.059,0,0,0,0.278532,0,0.012319901,0.001151397,0
63,262,77.896,113.8691029,7202.93725,0,0,0,0,0,0,0,0,0,0,0,0,0.012319901,0.001151397,0
63,262,77.896,113.8691029,7202.93725,0,0,0,0,0,0,0,0,0,0,2.52933,0,0.012319901,0.001151397,0
63,262,77.896,113.8691029,7202.93725,0,0,0,0.008344,0,0,0,0,0,0,0.151728,0,0.012319901,0.001151397,0
63,262,77.896,113.8691029,7202.93725,0.24532,0,0,0,0,0,0,0,0,0,1.26477,0,0.012319901,0.001151397,0
63,262,77.896,113.8691029,7202.93725,0.01537,0,0,0,0,0,0,0,0,0,0.151728,0,0.012319901,0.001151397,0
63,262,77.896,113.8691029,7202.93725,0,0,0,0,0,0,0,0,0,0,2.20755,0,0.012319901,0.001151397,0
63,262,77.896,113.8691029,7202.93725,0,0,0,1.1907,0,0.78099,0,0,0,0,28.1349,0,0.012319901,0.001151397,0
63,262,77.896,113.8691029,7202.93725,0,0,0,0.083612,0,0,0,0,0,0,7.6818,0,0.012319901,0.001151397,0
63,262,77.896,113.8691029,7202.93725,0,0,0,1.3646,0,0,0,0,0,0,0.151728,0,0.012319901,0.001151397,0
63,262,77.896,113.8691029,7202.93725,0,0,0.002244,0,0,0,0,0,0,0,0.38949,0,0.012319901,0.001151397,0
63,262,77.896,113.8691029,7202.93725,0,0,0,0,0,0,0,0,0,0,0,0,0.012319901,0.001151397,0
63,262,77.896,113.8691029,7202.93725,0,0,0,0,0,0,0,0,0,0,0,0,0.012319901,0.001151397,0
63,262,77.896,113.8691029,7202.93725,0,0,0,0.001463,0,0,0,0,0,0,30.786,0,0.012319901,0.001151397,0
63,262,77.896,113.8691029,7202.93725,0.00021,0,0,0,0,0.79321,0,0,0,0,0.151728,0,0.012319901,0.001151397,0
63,262,77.896,113.8691029,7202.93725,0.00062,0,0,0,0,0.78033,0.13028,0,0,0,0.151728,0,0.012319901,0.001151397,0
64,263,88.82,227.4481293,14387.52533,3.7167,0,0,0,0,0.36807,0,0,0,0,8.6688,0,0.024536262,0.002293118,0
64,263,88.82,227.4481293,14387.52533,0,0,0,0,0,0,0.13028,0,0,0,0.151728,0,0.024536262,0.002293118,0
64,263,88.82,227.4481293,14387.52533,1.7536,0,0,0,0,0,0,0,0,0,1.62018,0,0.024536262,0.002293118,0
64,263,88.82,227.4481293,14387.52533,0,0,0.92294,0,0,0,0,0,0,0,0,0,0.024536262,0.002293118,0
64,263,88.82,227.4481293,14387.52533,0,0,0,0.008333,0,0,0,0,0,0,4.9119,0,0.024536262,0.002293118,0
64,263,88.82,227.4481293,14387.52533,0,0,0,0,0,0,0,0,0,0,3.3057,0,0.024536262,0.002293118,0
64,263,88.82,227.4481293,14387.52533,0,0,0,0,0,0,0,0,0,0,0,0,0.024536262,0.002293118,0
64,263,88.82,227.4481293,14387.52533,0.006869,0,0,0,0,0,0,0,0,0,0,0,0.024536262,0.002293118,0
64,263,88.82,227.4481293,14387.52533,0.10131,0,0,0.008333,0,0,0,0,0,0,14.4507,0,0.024536262,0.002293118,83.06097561
64,263,88.82,227.4481293,14387.52533,0,0,0,0,0,0,0.13028,0,0,0,0.286419,0,0.024536262,0.002293118,0
64,263,88.82,227.4481293,14387.52533,0.14645,0,0,0,0,0.79321,0.60778,0,0,0,0.151728,0,0.024536262,0.002293118,0
64,263,88.82,227.4481293,14387.52533,0,0,0,0,0,0,0.13028,0,0,0,16.3047,0,0.024536262,0.002293118,0
64,263,88.82,227.4481293,14387.52533,0,0,0,0.0021738,0,0,0,0,0,0,7.6614,0,0.024536262,0.002293118,0
64,263,88.82,227.4481293,14387.52533,0,0,0,0,0,0,0,0,0,0,0.151728,0,0.024536262,0.002293118,0
64,263,88.82,227.4481293,14387.52533,0,0,0,0,0,0,0,0,0,0,6.2793,0,0.024536262,0.002293118,0
64,263,88.82,227.4481293,14387.52533,0.016666,0,0,0,0,0,0.42744,0,0,0,0.31755,0,0.024536262,0.002293118,0
64,263,88.82,227.4481293,14387.52533,16.007,0,0,0,0,0,0,0,0,0,0.151728,0,0.024536262,0.002293118,0
64,263,88.82,227.4481293,14387.52533,0,0,0,0,0,0,0,0,0,0,0,0,0.024536262,0.002293118,0
64,263,88.82,227.4481293,14387.52533,0.00052,0,0,0.008333,0,0,0,0,0,0,0.94704,0,0.024536262,0.002293118,32.95121951
64,263,88.82,227.4481293,14387.52533,0,0,0,0,0,0,0,0,0,0,20.2284,0,0.024536262,0.002293118,0
64,263,88.82,227.4481293,14387.52533,0,0,0,0,0,0,0,0,0,0,19.4277,0,0.024536262,0.002293118,0
64,263,88.82,227.4481293,14387.52533,0,0,0,0,0,0,0.059897,0,0,0,5.0652,0,0.024536262,0.002293118,0
64,263,88.82,227.4481293,14387.52533,0,0,0,0,0,0,0,0,0,0,0,0,0.024536262,0.002293118,0
64,263,88.82,227.4481293,14387.52533,0.003878,0,0,0,0,0,0.13028,0,0,0,0,0,0.024536262,0.002293118,0
64,263,88.82,227.4481293,14387.52533,0,0,0,0,0,0,0,0,0,0,0.151728,0,0.024536262,0.002293118,0
64,263,88.82,227.4481293,14387.52533,0.003468,0,0,0,0,0,121.37,0,0,0,17.3718,0,0.024536262,0.002293118,0
64,263,88.82,227.4481293,14387.52533,0.0077682,0,0,0,0,0,4.8122,0,0,0,0,0,0.024536262,0.002293118,0
64,263,88.82,227.4481293,14387.52533,0.016666,0,0,0,0,0,0,0,0,0,10.2414,0,0.024536262,0.002293118,0
64,263,88.82,227.4481293,14387.52533,0.5001,0,0,0,0,0,0,0,0,0,3.4635,0,0.024536262,0.002293118,0
64,263,88.82,227.4481293,14387.52533,0,0,0,0,0,0,0,0,0,0,0.280578,0,0.024536262,0.002293118,0
64,263,88.82,227.4481293,14387.52533,0,0,0,0,0,0,12.015,0,0,0,10.6818,0,0.024536262,0.002293118,0
64,263,88.82,227.4481293,14387.52533,0.5001,0,0,0,0,0,0.60778,0,0,0,0.151728,0,0.024536262,0.002293118,0
64,263,88.82,227.4481293,14387.52533,0.30279,0.0094855,0,0,0,0,0.76987,0,0,0,3.6552,0,0.024536262,0.002293118,0
64,263,88.82,227.4481293,14387.52533,0,0,0,0,0,0,0,0,0,0,0.151728,0,0.024536262,0.002293118,0
64,263,88.82,227.4481293,14387.52533,34.489,0,0,0,0,0,0,0,0,0,39.096,0,0.024536262,0.002293118,0
64,263,88.82,227.4481293,14387.52533,2.0704,0,0,0,0,0,0,0,0,0,6.5418,0,0.024536262,0.002293118,0
64,263,88.82,227.4481293,14387.52533,0,0,0,0.070657,0,0,159.64,0,0,0,0,0,0.024536262,0.002293118,15.1097561
64,263,88.82,227.4481293,14387.52533,0,0,0,0,0,0.77806,0,0,0,0,0,0,0.024536262,0.002293118,0
64,263,88.82,227.4481293,14387.52533,0,0,0,0,0,0,17.109,0,0,0,0.151728,0,0.024536262,0.002293118,0
64,263,88.82,227.4481293,14387.52533,0,0,0,0,0,0,0,0,0,0,1.04637,0,0.024536262,0.002293118,0
64,263,88.82,227.4481293,14387.52533,0.1927,0,0,0.35893,0,0,0,0,0,0,0,0,0.024536262,0.002293118,0
64,263,88.82,227.4481293,14387.52533,0.016668,0.0071766,0,0,0,0.027861,0,0,0,0,0.151728,0,0.024536262,0.002293118,0
64,263,88.82,227.4481293,14387.52533,0,0,0,0,0,0,0,0,0,0,11.6058,0,0.024536262,0.002293118,11.95121951
64,263,88.82,227.4481293,14387.52533,0,0,0,0,0,0,0,0,0,0,0.151728,0,0.024536262,0.002293118,0
64,263,88.82,227.4481293,14387.52533,0,0,0,0,0,0,6.6593,0,0,0,0.151728,0,0.024536262,0.002293118,0
64,263,88.82,227.4481293,14387.52533,0,0,0,0,0,0,0,0,0,0,0,0,0.024536262,0.002293118,0
64,263,88.82,227.4481293,14387.52533,0,0,0,0.007102,0,0,0,0,0,0,13.494,0,0.024536262,0.002293118,59.92682927
64,263,88.82,227.4481293,14387.52533,0,0,0,11.252,0,0.005347,0,0,0,0,0.273366,0,0.024536262,0.002293118,0
64,263,88.82,227.4481293,14387.52533,0,0,0,0,0,3.0417,0,0,0,0,4.0518,0,0.024536262,0.002293118,0
64,263,88.82,227.4481293,14387.52533,0,0,3.9528,0,0,0,0.60778,0,0,0,0,0,0.024536262,0.002293118,0
64,263,88.82,227.4481293,14387.52533,0,0,0,0,0,0,0,0,0,0,0,0,0.024536262,0.002293118,0
64,263,88.82,227.4481293,14387.52533,0,0,0,0,0,0,0,0,0,0,0.151728,0,0.024536262,0.002293118,0
64,263,88.82,227.4481293,14387.52533,0,0,0,0.001267,0,0,0,0,0,0,0.151728,0,0.024536262,0.002293118,0
64,263,88.82,227.4481293,14387.52533,0.00062,0,0,0,0,0,0,0,0,0,0,0,0.024536262,0.002293118,0
64,263,88.82,227.4481293,14387.52533,0,0,0,0,0,0,0,0,0,0,0.151728,0,0.024536262,0.002293118,0
64,263,88.82,227.4481293,14387.52533,0,0,0,0,0,3.0417,0,0,0,0,2.60853,0,0.024536262,0.002293118,0
64,263,88.82,227.4481293,14387.52533,0,0,0,0,0,0,0,0,0,0,1.33728,0,0.024536262,0.002293118,0
64,263,88.82,227.4481293,14387.52533,0,0,0,0,0,0,0,0,0,0,9.4383,0,0.024536262,0.002293118,0
64,263,88.82,227.4481293,14387.52533,2.5027,0,0,0,0,0,0,0,0,0,0.92517,0,0.024536262,0.002293118,0
64,263,88.82,227.4481293,14387.52533,1.7536,3.2986,0,0,0,0,24.627,0,0,0,5.4573,0,0.024536262,0.002293118,0
64,263,88.82,227.4481293,14387.52533,0,0,0,0,0,0,7.6069,0,0,0,0,0,0.024536262,0.002293118,0
64,263,88.82,227.4481293,14387.52533,0,0,0,0,0,0,0,0,0,0,10.1169,0,0.024536262,0.002293118,0
64,263,88.82,227.4481293,14387.52533,0.000133,0,0,0,0,0,0,0,0,0,0.70413,0,0.024536262,0.002293118,0
64,263,88.82,227.4481293,14387.52533,0,0,0,0,0,0,0,0,0,0,0.57,0,0.024536262,0.002293118,0
64,263,88.82,227.4481293,14387.52533,0,0,0,0,0,0,0.13028,0,0,0,15.9147,0,0.024536262,0.002293118,0
64,263,88.82,227.4481293,14387.52533,0,0,0,0,0,0,0,0,0,0,0.151728,0,0.024536262,0.002293118,0
64,263,88.82,227.4481293,14387.52533,0,0,0,0,0,0,0.13028,0,0,0,0.151728,0,0.024536262,0.002293118,14
64,263,88.82,227.4481293,14387.52533,0,0,0,0.39309,0,0,0,0,0,0,0,0,0.024536262,0.002293118,0
64,263,88.82,227.4481293,14387.52533,0,0,0,35.842,0,0,0,0,0,0,0,0,0.024536262,0.002293118,0
64,263,88.82,227.4481293,14387.52533,0,0,0,0,0,0,0,0,0,0,0,0,0.024536262,0.002293118,0
64,263,88.82,227.4481293,14387.52533,0,0,0,0,0,0,0,0,0,0,0.288246,0,0.024536262,0.002293118,0
64,263,88.82,227.4481293,14387.52533,0.87594,0,0,0,0,0,0,0,0,0,1.51233,0,0.024536262,0.002293118,0
64,263,88.82,227.4481293,14387.52533,0.44662,0,0,5.7967,0,0,0.59876,0,0,0,10.6809,0,0.024536262,0.002293118,0
64,263,88.82,227.4481293,14387.52533,0,0,0,0,0,0,0.13028,0,0,0,24.0468,0,0.024536262,0.002293118,0
64,263,88.82,227.4481293,14387.52533,0.0066659,0,0,0,0,0,0,0,0,0,4.0518,0,0.024536262,0.002293118,0
64,263,88.82,227.4481293,14387.52533,0,0.012614,0,0,0,0,0,0,0,0,0.151728,0,0.024536262,0.002293118,0
64,263,88.82,227.4481293,14387.52533,0,0.008333,0,0,0,0,0,0,0,0,10.6818,0,0.024536262,0.002293118,0
64,263,88.82,227.4481293,14387.52533,0,0,0,0,0,0,0.13028,0,0,0,5.0757,0,0.024536262,0.002293118,0
64,263,88.82,227.4481293,14387.52533,2.0562,0.015762,0,0,0,0,24.738,0,0,0,0,0,0.024536262,0.002293118,0
64,263,88.82,227.4481293,14387.52533,0.001192,0,0,0,0,0,0,0,0,0,0,0,0.024536262,0.002293118,0
64,263,88.82,227.4481293,14387.52533,0,0.00524,0,0,0,0,83.098,0,0,0,10.8618,0,0.024536262,0.002293118,0
64,263,88.82,227.4481293,14387.52533,0,0,0,0,0,0,0.13028,0,0,0,3.498,0,0.024536262,0.002293118,0
64,263,88.82,227.4481293,14387.52533,0,0,0,0,0,0,0.021726,0,0,0,0.151728,0,0.024536262,0.002293118,81.95121951
64,263,88.82,227.4481293,14387.52533,0,0,0,0.055767,0,0,21.105,0,0,0,22.617,0,0.024536262,0.002293118,0
64,263,88.82,227.4481293,14387.52533,0,0,0,0,0,0,0.13028,0,0,0,1.26477,0,0.024536262,0.002293118,0
64,263,88.82,227.4481293,14387.52533,0.000688,0,0,0,0,0,0,0,0,0,0.151728,0,0.024536262,0.002293118,0
64,263,88.82,227.4481293,14387.52533,2.6816,0,0,0,0,0,0.13028,0,0,0,0,0,0.024536262,0.002293118,0
64,263,88.82,227.4481293,14387.52533,3.9444,0,0,0,0,0,0.40452,0,0,0,10.1169,0,0.024536262,0.002293118,0
64,263,88.82,227.4481293,14387.52533,0,0,0,0,0,0,0,0,0,0,0,0,0.024536262,0.002293118,0
64,263,88.82,227.4481293,14387.52533,0.1537,0,0,0,0,0,0,0,0,0,0,0,0.024536262,0.002293118,0
64,263,88.82,227.4481293,14387.52533,0,0,0,0,0,0,0,0,0,0,0.151728,0,0.024536262,0.002293118,0
64,263,88.82,227.4481293,14387.52533,0,0,3.655,0,0,0,0,0,0,0,0.151728,0,0.024536262,0.002293118,0
64,263,88.82,227.4481293,14387.52533,0,0,0,0,0,0,0.59876,0,0,0,0,0,0.024536262,0.002293118,0
64,263,88.82,227.4481293,14387.52533,0,0,0,0,0,0,0.021726,0,0,0,0,0,0.024536262,0.002293118,0
64,263,88.82,227.4481293,14387.52533,0.28047,0,0,0,0,0,0,0,0,0,0.151728,0,0.024536262,0.002293118,0
64,263,88.82,227.4481293,14387.52533,0,0,0,0,0,0,0.059897,0,0,0,0.151728,0,0.024536262,0.002293118,0
64,263,88.82,227.4481293,14387.52533,0,0,0,0,0,0,0,0,0,0,4.8618,0,0.024536262,0.002293118,0
64,263,88.82,227.4481293,14387.52533,0.003465,0,0,0.0035385,0,0,0,0,0,0,0,0,0.024536262,0.002293118,0
64,263,88.82,227.4481293,14387.52533,0,0,0,0.0034765,0,0,0,0,0,0,83.223,0,0.024536262,0.002293118,0
64,263,88.82,227.4481293,14387.52533,0,0.8421,0,0,0,0,0,0,0,0,0.151728,0,0.024536262,0.002293118,0
64,263,88.82,227.4481293,14387.52533,0,0,4.3644,0,0,0,8.7466,0,0,0,0,0,0.024536262,0.002293118,0
64,263,88.82,227.4481293,14387.52533,0,0,0,0,0,0,0,0,0,0,0,0,0.024536262,0.002293118,0
64,263,88.82,227.4481293,14387.52533,2.444,0,0,0,0,0,0,0,0,0,0.151728,0,0.024536262,0.002293118,0
64,263,88.82,227.4481293,14387.52533,0,0,0.56003,0,0,0,0,0,0,0,1.04637,0,0.024536262,0.002293118,0
64,263,88.82,227.4481293,14387.52533,0,0,1.5364,0,0,0,0,0,0,0,61.47,0,0.024536262,0.002293118,0
64,263,88.82,227.4481293,14387.52533,0,0,0,0,0,0,0,0,0,0,1.02657,0,0.024536262,0.002293118,0
64,263,88.82,227.4481293,14387.52533,0,24.214,0,0,0,0,0,0,0,0,3.6354,0,0.024536262,0.002293118,0
64,263,88.82,227.4481293,14387.52533,0,0,0,0,0,0,0,0,0,0,10.3965,0,0.024536262,0.002293118,0
64,263,88.82,227.4481293,14387.52533,0,0,0,0,0,0,0.40452,0,0,0,0.151728,0,0.024536262,0.002293118,0
64,263,88.82,227.4481293,14387.52533,0.87594,0,0,0,0,0,0.059897,0,0,0,9.7158,0,0.024536262,0.002293118,0
64,263,88.82,227.4481293,14387.52533,0,0,0,0,0,0,0.13028,0,0,0,0,0,0.024536262,0.002293118,0
64,263,88.82,227.4481293,14387.52533,0,0,0,0,0,0,23.562,0,0,0,12.0081,0,0.024536262,0.002293118,0
64,263,88.82,227.4481293,14387.52533,0,0.04846,0,0,0,0,0,0,0,0,0,0,0.024536262,0.002293118,0
64,263,88.82,227.4481293,14387.52533,3.3758,0,0,0,0,0,0,0,0,0,0,0,0.024536262,0.002293118,0
64,263,88.82,227.4481293,14387.52533,0,0,0,0,0,0,0,0,0,0,0.151728,0,0.024536262,0.002293118,0
64,263,88.82,227.4481293,14387.52533,0,0,0,0,0,0,0,0,0,0,0.151728,0,0.024536262,0.002293118,51.2195122
64,263,88.82,227.4481293,14387.52533,0,0,0,0,0,0,0.67927,0,0,0,0,0,0.024536262,0.002293118,0
64,263,88.82,227.4481293,14387.52533,0,0,0,0,0,0,0,0,0,0,0.151728,0,0.024536262,0.002293118,52.58536585
64,263,88.82,227.4481293,14387.52533,0,0,0,0,0,0,0,0,0,0,10.1169,0,0.024536262,0.002293118,0
64,263,88.82,227.4481293,14387.52533,0,0,0,0,0,0,0,0,0,0,2.41287,0,0.024536262,0.002293118,0
64,263,88.82,227.4481293,14387.52533,0,0,0,0.008333,0,0.000526,0,0,0,0,0,0,0.024536262,0.002293118,0
64,263,88.82,227.4481293,14387.52533,0,0,0,0,0,0,0,0,0,0,0.151728,0,0.024536262,0.002293118,0
64,263,88.82,227.4481293,14387.52533,0,0,0,0,0,0,13.802,0,0,0,0.280446,0,0.024536262,0.002293118,0
64,263,88.82,227.4481293,14387.52533,0,0,0,0,0,0,0,0,0,0,0.273384,0,0.024536262,0.002293118,0
64,263,88.82,227.4481293,14387.52533,0,0,0,0,0,0,0,0,0,0,0.285792,0,0.024536262,0.002293118,0
64,263,88.82,227.4481293,14387.52533,0,0,0,0,0,0.78239,0,0,0,0,0,0,0.024536262,0.002293118,0
64,263,88.82,227.4481293,14387.52533,0,0,0,0,0,0,0.10863,0,0,0,0,0,0.024536262,0.002293118,0
64,263,88.82,227.4481293,14387.52533,0.065984,0,0,0.91786,0,0,0,0,0,0,0,0,0.024536262,0.002293118,0
64,263,88.82,227.4481293,14387.52533,0,0,0,0,0,0,0,0,0,0,0.151728,0,0.024536262,0.002293118,0
64,263,88.82,227.4481293,14387.52533,0,0,0,0.001436,0,0,0,0,0,0,0.151728,0,0.024536262,0.002293118,0
64,263,88.82,227.4481293,14387.52533,0,0,0,0,0,0,0,0,0,0,12.8454,0,0.024536262,0.002293118,0
64,263,88.82,227.4481293,14387.52533,0,0,0,0,0,0,13.928,0,0,0,0.78999,0,0.024536262,0.002293118,0
64,263,88.82,227.4481293,14387.52533,0,0,0,0,0,0.79321,0,0,0,0,0.211728,0,0.024536262,0.002293118,0
64,263,88.82,227.4481293,14387.52533,0,0,0,0,0,0,0,0,0,0,2.6481,0,0.024536262,0.002293118,67.09756098
64,263,88.82,227.4481293,14387.52533,0.1927,19.218,0,0,0,0,0,0,0,0,61.47,0,0.024536262,0.002293118,0
64,263,88.82,227.4481293,14387.52533,0,0,0,0,0,0,0,0,0,0,0,0,0.024536262,0.002293118,0
64,263,88.82,227.4481293,14387.52533,0.17784,0,0,0,0,0,0,0,0,0,1.17456,0,0.024536262,0.002293118,0
64,263,88.82,227.4481293,14387.52533,8.1282,0,0,0.45558,0,0.027861,0,0,0,0,23.3337,0,0.024536262,0.002293118,0
64,263,88.82,227.4481293,14387.52533,0.32526,0,0,0,0,0,0,0,0,0,0.181728,0,0.024536262,0.002293118,0
64,263,88.82,227.4481293,14387.52533,0,0,0,0.008799,0,0,0,0,0,0,4.5555,0,0.024536262,0.002293118,0
64,263,88.82,227.4481293,14387.52533,0,0,0,0,0,0,10.904,0,0,0,24.7368,0,0.024536262,0.002293118,0
64,263,88.82,227.4481293,14387.52533,0.002068,0,0,0,0,0,0,0,0,0,27.567,0,0.024536262,0.002293118,0
64,263,88.82,227.4481293,14387.52533,0,0,0,0,0,0,0,0,0,0,0,0,0.024536262,0.002293118,0
64,263,88.82,227.4481293,14387.52533,0,0,0,0,0,0,0,0,0,0,4.5555,0,0.024536262,0.002293118,0
64,263,88.82,227.4481293,14387.52533,0.13491,0,0,0,0,0,0,0,0,0,68.145,0,0.024536262,0.002293118,0
64,263,88.82,227.4481293,14387.52533,0,5.1446,0,0,0,0,0,0,0,0,32.442,0,0.024536262,0.002293118,0
64,263,88.82,227.4481293,14387.52533,0.003485,0.027428,0,0,0,0,0,0,0,0,0.151728,0,0.024536262,0.002293118,0
64,263,88.82,227.4481293,14387.52533,9.9622,0,0,20.985,0,0,0,0,0,0,3.4635,0,0.024536262,0.002293118,0
64,263,88.82,227.4481293,14387.52533,0.000078,0,0,0,0,0,0.13028,0,0,0,0,0,0.024536262,0.002293118,0
64,263,88.82,227.4481293,14387.52533,0.31128,0,0,0,0,0,0.002308,0,0,0,34.932,0,0.024536262,0.002293118,0
64,263,88.82,227.4481293,14387.52533,0,0,0,0,0,0.79321,0,0,0,0,0.151728,0,0.024536262,0.002293118,0
64,263,88.82,227.4481293,14387.52533,0,0,0,0,0,0,0,0,0,0,0,0,0.024536262,0.002293118,0
64,263,88.82,227.4481293,14387.52533,0,0,0,0,0,0,0,0,0,0,0,0,0.024536262,0.002293118,0
64,263,88.82,227.4481293,14387.52533,0,0,0.007762,0,0,0,0.13028,0,0,0,0,0,0.024536262,0.002293118,0
64,263,88.82,227.4481293,14387.52533,0.17784,0,0,0,0,0,0,0,0,0,0,0,0.024536262,0.002293118,0
64,263,88.82,227.4481293,14387.52533,0,0,0,0,0,0,0,0,0,0,0,0,0.024536262,0.002293118,0
64,263,88.82,227.4481293,14387.52533,0,0,0,0,0,0,0,0,0,0,0.151728,0,0.024536262,0.002293118,0
64,263,88.82,227.4481293,14387.52533,0.5001,0,0,0,0,0,0.67927,0,0,0,0.51381,0,0.024536262,0.002293118,0
64,263,88.82,227.4481293,14387.52533,0,0,0,0,0,1.9314,0,0,0,0,7.3638,0,0.024536262,0.002293118,0
64,263,88.82,227.4481293,14387.52533,0.17204,0,0,0,0,0,60.082,0,0,0,3.4635,0,0.024536262,0.002293118,0
64,263,88.82,227.4481293,14387.52533,0,0,0,0,0,0,0,0,0,0,0,0,0.024536262,0.002293118,0
64,263,88.82,227.4481293,14387.52533,0,0,0,0,0,0.79321,0,0,0,0,0,0,0.024536262,0.002293118,0
64,263,88.82,227.4481293,14387.52533,2.5449,0,0,0,0,0,110.03,0,0,0,8.7918,0,0.024536262,0.002293118,0
64,263,88.82,227.4481293,14387.52533,0.034901,0,0,1.2382,0,0,0.059897,0,0,0,0,0,0.024536262,0.002293118,0
64,263,88.82,227.4481293,14387.52533,0,0,0,0,0,0,0,0,0,0,0,0,0.024536262,0.002293118,0
64,263,88.82,227.4481293,14387.52533,0,0,0,0,0,0,0,0,0,0,9.4383,0,0.024536262,0.002293118,0
64,263,88.82,227.4481293,14387.52533,0,0,0.026251,0,0,0,0,0,0,0,0,0,0.024536262,0.002293118,0
64,263,88.82,227.4481293,14387.52533,0.10513,0,0.92294,0,0,0,0,0,0,0,0,0,0.024536262,0.002293118,0
64,263,88.82,227.4481293,14387.52533,0.0009415,0,0,0,0,0,0,0,0,0,21.2118,0,0.024536262,0.002293118,0
64,263,88.82,227.4481293,14387.52533,0,0,0,0,0,0,0,0,0,0,0.151728,0,0.024536262,0.002293118,0
64,263,88.82,227.4481293,14387.52533,0,0,0,0,0,0,0.021726,0,0,0,0.151728,0,0.024536262,0.002293118,0
64,263,88.82,227.4481293,14387.52533,0,0,0,0,0,0.78884,0.60778,0,0,0,0,0,0.024536262,0.002293118,0
64,263,88.82,227.4481293,14387.52533,0,0,0,0,0,0,0.13028,0,0,0,0,0,0.024536262,0.002293118,10.07317073
64,263,88.82,227.4481293,14387.52533,0,0,0,0,0,0,0,0,0,0,0.151728,0,0.024536262,0.002293118,0
64,263,88.82,227.4481293,14387.52533,0.009348,0,0,0,0,0,0.42744,0,0,0,0.151728,0,0.024536262,0.002293118,0
64,263,88.82,227.4481293,14387.52533,0.016668,0,0,0,0,0.79321,0,0,0,0,0.151728,0,0.024536262,0.002293118,0
64,263,88.82,227.4481293,14387.52533,0.092602,0,0,0.008724,0,0,0,0,0,0,0.44541,0,0.024536262,0.002293118,0
64,263,88.82,227.4481293,14387.52533,0,0,0,0,0,0,16.253,0,0,0,18.3318,0,0.024536262,0.002293118,0
64,263,88.82,227.4481293,14387.52533,0.01199,0,0,0,0,0,0,0,0,0,0.151728,0,0.024536262,0.002293118,0
64,263,88.82,227.4481293,14387.52533,0,0,0,0,0,0,0,0,0,0,0.151728,0,0.024536262,0.002293118,0
64,263,88.82,227.4481293,14387.52533,5.2563,0,0,0,0,0,0,0,0,0,0,0,0.024536262,0.002293118,0
64,263,88.82,227.4481293,14387.52533,0,0,0,0,0,0,0,0,0,0,0.151728,0,0.024536262,0.002293118,0
64,263,88.82,227.4481293,14387.52533,0,0,0,0,0,0,0,0,0,0,1.5003,0,0.024536262,0.002293118,0
64,263,88.82,227.4481293,14387.52533,0,0,0,0,0,0,0,0,0,0,29.7048,0,0.024536262,0.002293118,0
64,263,88.82,227.4481293,14387.52533,0.042624,0,0,0,0,0,0,0,0,0,2.13174,0,0.024536262,0.002293118,0
64,263,88.82,227.4481293,14387.52533,5.3202,0,0,0,0,0,0,0,0,0,0,0,0.024536262,0.002293118,0
64,263,88.82,227.4481293,14387.52533,0,0,0,0,0,0,0.59876,0,0,0,0,0,0.024536262,0.002293118,0
64,263,88.82,227.4481293,14387.52533,0,0,0,1.2851,0,0,0.13028,0,0,0,0.151728,0,0.024536262,0.002293118,0
64,263,88.82,227.4481293,14387.52533,0,0,0,0,0,0,0,0,0,0,0.151728,0,0.024536262,0.002293118,0
64,263,88.82,227.4481293,14387.52533,0,0,0,0,0,0,0,0,0,0,0,0,0.024536262,0.002293118,0
64,263,88.82,227.4481293,14387.52533,0,0,0,55.549,0,0,0,0,0,0,0,0,0.024536262,0.002293118,0
64,263,88.82,227.4481293,14387.52533,9.6683,0,0,0,0,0,32.307,0,0,0,0.151728,0,0.024536262,0.002293118,0
64,263,88.82,227.4481293,14387.52533,0,0,0,0,0,0,0.42744,0,0,0,0.151728,0,0.024536262,0.002293118,0
64,263,88.82,227.4481293,14387.52533,0,0,0,0,0,0,0,0,0,0,0.151728,0,0.024536262,0.002293118,0
64,263,88.82,227.4481293,14387.52533,0,0,0,0,0,0,0,0,0,0,0.293496,0,0.024536262,0.002293118,4.951219512
64,263,88.82,227.4481293,14387.52533,0.44662,0,0,0,0,0,0.60778,0,0,0,1.88184,0,0.024536262,0.002293118,0
64,263,88.82,227.4481293,14387.52533,0,0,0,2.0317,0,0,0,0,0,0,29.4918,0,0.024536262,0.002293118,0
64,263,88.82,227.4481293,14387.52533,0.061621,0,0,0,0,0,0,0,0,0,61.47,0,0.024536262,0.002293118,0
64,263,88.82,227.4481293,14387.52533,2.8033,0,0,0.47997,0,0,0,0,0,0,118.791,0,0.024536262,0.002293118,0
64,263,88.82,227.4481293,14387.52533,0,0,0,0,0,0,0,0,0,0,55.917,0,0.024536262,0.002293118,0
64,263,88.82,227.4481293,14387.52533,0,0,0,0,0,0,0,0,0,0,0.78174,0,0.024536262,0.002293118,0
64,263,88.82,227.4481293,14387.52533,0,0,0,0,0,0,0,0,0,0,0,0,0.024536262,0.002293118,0
64,263,88.82,227.4481293,14387.52533,0,0,0,0,0,0,0,0,0,0,0.151728,0,0.024536262,0.002293118,0
64,263,88.82,227.4481293,14387.52533,0,0,0,0,0,0,0,0,0,0,0.151728,0,0.024536262,0.002293118,0
64,263,88.82,227.4481293,14387.52533,0,0,0,0,0,0,0,0,0,0,0.151728,0,0.024536262,0.002293118,0
64,263,88.82,227.4481293,14387.52533,0,0,0,1.3282,0,0,0,0,0,0,0.151728,0,0.024536262,0.002293118,0
64,263,88.82,227.4481293,14387.52533,0.016667,0,0,0,0,0,0.13028,0,0,0,0,0,0.024536262,0.002293118,0
64,263,88.82,227.4481293,14387.52533,0,0.00524,0,0,0,0.77904,0,0,0,0,12.8109,0,0.024536262,0.002293118,0
64,263,88.82,227.4481293,14387.52533,0,0,0,0,0,0,0,0,0,0,7.0536,0,0.024536262,0.002293118,0
64,263,88.82,227.4481293,14387.52533,0,0,0,0,0,0,0,0,0,0,7.5918,0,0.024536262,0.002293118,0
64,263,88.82,227.4481293,14387.52533,0,0,0,0,0,0.27566,0,0,0,0,1.19187,0,0.024536262,0.002293118,0
64,263,88.82,227.4481293,14387.52533,12.876,0,0,0,0,0.79321,0,0,0,0,0,0,0.024536262,0.002293118,44.47560976
64,263,88.82,227.4481293,14387.52533,0.012001,0,0,0,0,0.56087,0.008333,0,0,0,41.715,0,0.024536262,0.002293118,0
64,263,88.82,227.4481293,14387.52533,8.0274,0,0,0.006432,0,0,0,0,0,0,0.151728,0,0.024536262,0.002293118,0
64,263,88.82,227.4481293,14387.52533,0,0,0,0,0,0,0.42744,0,0,0,2.39772,0,0.024536262,0.002293118,0
64,263,88.82,227.4481293,14387.52533,0,0,0,0,0,0,0,0,0,0,10.6209,0,0.024536262,0.002293118,0
64,263,88.82,227.4481293,14387.52533,0,0,0,0,0,0,0,0,0,0,30.786,0,0.024536262,0.002293118,0
64,263,88.82,227.4481293,14387.52533,0,0.012342,0,0,0,0,0,0,0,0,0.87174,0,0.024536262,0.002293118,0
64,263,88.82,227.4481293,14387.52533,0.10131,0.00888,0,0,0,0,0.13028,0,0,0,0,0,0.024536262,0.002293118,0
64,263,88.82,227.4481293,14387.52533,0,0,0.072879,0,0,0.79321,0,0,0,0,0,0,0.024536262,0.002293118,0
64,263,88.82,227.4481293,14387.52533,0,0,0,0,0,0,0,0,0,0,0.270372,0,0.024536262,0.002293118,0
64,263,88.82,227.4481293,14387.52533,0,0,0,0,0,0,0,0,0,0,83.223,0,0.024536262,0.002293118,0
64,263,88.82,227.4481293,14387.52533,76.216,0.003173,0,0,0,0,0.13028,0,0,0,0.151728,0,0.024536262,0.002293118,0
64,263,88.82,227.4481293,14387.52533,0,0,0,0,0,0,8.1131,0,0,0,15.0018,0,0.024536262,0.002293118,0
64,263,88.82,227.4481293,14387.52533,3.3758,0,0,0,0,3.4282,0,0,0,0,0.151728,0,0.024536262,0.002293118,0
64,263,88.82,227.4481293,14387.52533,0,0,0,0,0,0,0,0,0,0,0.273018,0,0.024536262,0.002293118,0
64,263,88.82,227.4481293,14387.52533,0,0,0,0,0,0,0,0,0,0,7.2168,0,0.024536262,0.002293118,0
64,263,88.82,227.4481293,14387.52533,0,0,0,0,0,0,0,0,0,0,0.211728,0,0.024536262,0.002293118,0
64,263,88.82,227.4481293,14387.52533,0,0,0,0,0,0,0,0,0,0,0,0,0.024536262,0.002293118,0
64,263,88.82,227.4481293,14387.52533,8.0274,0,0,0,0,0,0,0,0,0,8.9118,0,0.024536262,0.002293118,0
64,263,88.82,227.4481293,14387.52533,0.078882,0.015384,0,0,0,0,0,0,0,0,0,0,0.024536262,0.002293118,0
64,263,88.82,227.4481293,14387.52533,0.066847,0,0,0,0,0,0,0,0,0,0.75903,0,0.024536262,0.002293118,0
64,263,88.82,227.4481293,14387.52533,0,0,0,0,0,0,30.018,0,0,0,13.5936,0,0.024536262,0.002293118,0
64,263,88.82,227.4481293,14387.52533,0,0,0,0,0,0,10.885,0,0,0,0.151728,0,0.024536262,0.002293118,0
64,263,88.82,227.4481293,14387.52533,0,0,0,0,0,0,0,0,0,0,1.02366,0,0.024536262,0.002293118,0
64,263,88.82,227.4481293,14387.52533,0,37.081,0.066732,0,0,0,0,0,0,0,0,0,0.024536262,0.002293118,0
64,263,88.82,227.4481293,14387.52533,0,0,0,0,0,0,0,0,0,0,0.151728,0,0.024536262,0.002293118,0
64,263,88.82,227.4481293,14387.52533,0,0,0,0,0,0,4.1059,0,0,0,0.151728,0,0.024536262,0.002293118,0
64,263,88.82,227.4481293,14387.52533,0.99281,0,0,0,0,0,0,0,0,0,0.151728,0,0.024536262,0.002293118,0
64,263,88.82,227.4481293,14387.52533,0.089174,0,0,0,0,0.79321,0,0,0,0,13.9131,0,0.024536262,0.002293118,0
64,263,88.82,227.4481293,14387.52533,0.016486,0,0,0,0,0,0,0,0,0,0,0,0.024536262,0.002293118,0
64,263,88.82,227.4481293,14387.52533,0,0,0,0,0,0,1.7163,0,0,0,0.290478,0,0.024536262,0.002293118,0
64,263,88.82,227.4481293,14387.52533,0,0,0,0.019902,0,0,0,0,0,0,0.37014,0,0.024536262,0.002293118,0
64,263,88.82,227.4481293,14387.52533,0.001205,0,0,0,0,0.77921,20.262,0,0,0,0.151728,0,0.024536262,0.002293118,0
64,263,88.82,227.4481293,14387.52533,0,0.0014155,0,0,0,0,0,0,0,0,0,0,0.024536262,0.002293118,0
64,263,88.82,227.4481293,14387.52533,0,0,0,0,0,0,0,0,0,0,0,0,0.024536262,0.002293118,0
64,263,88.82,227.4481293,14387.52533,0,0,0,0.30895,0,0,0,0,0,0,0,0,0.024536262,0.002293118,0
64,263,88.82,227.4481293,14387.52533,0,0,0,0,0,0,23.847,0,0,0,22.6218,0,0.024536262,0.002293118,0
64,263,88.82,227.4481293,14387.52533,4.8177,0,0,0,0,0,7.6069,0,0,0,0.31059,0,0.024536262,0.002293118,46.35365854
64,263,88.82,227.4481293,14387.52533,0,0,0,0,0,0,0,0,0,0,4.2768,0,0.024536262,0.002293118,0
64,263,88.82,227.4481293,14387.52533,0,0,0,0,0,0,0,0,0,0,0.73911,0,0.024536262,0.002293118,0
64,263,88.82,227.4481293,14387.52533,0.68542,0.083301,0,0,0,0,0,0,0,0,0.31059,0,0.024536262,0.002293118,0
64,263,88.82,227.4481293,14387.52533,0,12.17,0,0,0,0,0,0,0,0,0.37014,0,0.024536262,0.002293118,0
64,263,88.82,227.4481293,14387.52533,0,0,0,0.001205,0,0,0,0,0,0,0.151728,0,0.024536262,0.002293118,0
64,263,88.82,227.4481293,14387.52533,0,7.8589,0,0,0,0,14.88,0,0,0,3.2268,0,0.024536262,0.002293118,0
64,263,88.82,227.4481293,14387.52533,1.3083,0,0,0,0,0,0,0,0,0,58.353,0,0.024536262,0.002293118,0
64,263,88.82,227.4481293,14387.52533,0,0,0,0,0,0,0,0,0,0,0.151728,0,0.024536262,0.002293118,0
64,263,88.82,227.4481293,14387.52533,0,0,0,0,0,0,0,0,0,0,0.151728,0,0.024536262,0.002293118,0
64,263,88.82,227.4481293,14387.52533,0.01537,0,0,0,0,0,0,0,0,0,44.073,0,0.024536262,0.002293118,0
64,263,88.82,227.4481293,14387.52533,0,0,0,0.002407,0,0,0,0,0,0,0,0,0.024536262,0.002293118,0
64,263,88.82,227.4481293,14387.52533,0,0,0,0,0,0,0,0,0,0,0.151728,0,0.024536262,0.002293118,0
64,263,88.82,227.4481293,14387.52533,0,0,0,0,0,0,0,0,0,0,0.151728,0,0.024536262,0.002293118,0
64,263,88.82,227.4481293,14387.52533,0,0,0,0,0,0,0,0,0,0,0.151728,0,0.024536262,0.002293118,0
64,263,88.82,227.4481293,14387.52533,0,0,0,0,0,0,0,0,0,0,0.279882,0,0.024536262,0.002293118,0
64,263,88.82,227.4481293,14387.52533,0,0,0,0,0,0,0,0,0,0,2.52933,0,0.024536262,0.002293118,0
64,263,88.82,227.4481293,14387.52533,0,0,0,0,0,0,0,0,0,0,1.10112,0,0.024536262,0.002293118,0
64,263,88.82,227.4481293,14387.52533,19.704,0,0,0.019474,0,0,0,0,0,0,6.9018,0,0.024536262,0.002293118,0
64,263,88.82,227.4481293,14387.52533,0.001267,0.063395,0,0,0,0,0,0,0,0,0,0,0.024536262,0.002293118,0
64,263,88.82,227.4481293,14387.52533,0,1.3736,0,0,0,0,0,0,0,0,9.0918,0,0.024536262,0.002293118,0
64,263,88.82,227.4481293,14387.52533,0.36503,0,0,0,0,0,10.513,0,0,0,3.7518,0,0.024536262,0.002293118,0
64,263,88.82,227.4481293,14387.52533,0.28047,0,0,0,0,0,3.7851,0,0,0,0,0,0.024536262,0.002293118,0
64,263,88.82,227.4481293,14387.52533,0,0,0,0,0,0,0,0,0,0,0.151728,0,0.024536262,0.002293118,0
64,263,88.82,227.4481293,14387.52533,0,0,0,0,0,0,0,0,0,0,2.37174,0,0.024536262,0.002293118,0
64,263,88.82,227.4481293,14387.52533,1.4231,0,0,0,0,0,0,0,0,0,0,0,0.024536262,0.002293118,0
64,263,88.82,227.4481293,14387.52533,0.014351,0.0067085,0,0,0,0,9.2947,0,0,0,0.70413,0,0.024536262,0.002293118,0
64,263,88.82,227.4481293,14387.52533,0,0,0,0,0,0,21.787,0,0,0,0.151728,0,0.024536262,0.002293118,0
64,263,88.82,227.4481293,14387.52533,0.049547,0.007148,0,0,0,0.79321,0,0,0,0,0.151728,0,0.024536262,0.002293118,0
64,263,88.82,227.4481293,14387.52533,0.000172,0,0,0.12387,0,0,0,0,0,0,0.151728,0,0.024536262,0.002293118,0
64,263,88.82,227.4481293,14387.52533,0,0,0,0,0,0,0,0,0,0,0.151728,0,0.024536262,0.002293118,0
64,263,88.82,227.4481293,14387.52533,0,0,0,0,0,0,0,0,0,0,14.8218,0,0.024536262,0.002293118,0
64,263,88.82,227.4481293,14387.52533,0,0,0,0,0,0,0.008333,0,0,0,0,0,0.024536262,0.002293118,0
64,263,88.82,227.4481293,14387.52533,0.027207,0,0,0,0,0,0,0,0,0,0,0,0.024536262,0.002293118,58.3902439
64,263,88.82,227.4481293,14387.52533,0.001493,0,0,0,0,0,0,0,0,0,0,0,0.024536262,0.002293118,0
64,263,88.82,227.4481293,14387.52533,0,131.6,0,0,0,0,27.391,0,0,0,0,0,0.024536262,0.002293118,0
64,263,88.82,227.4481293,14387.52533,0,0,0,0,0,0,0,0,0,0,0,0,0.024536262,0.002293118,0
64,263,88.82,227.4481293,14387.52533,0,0,0,0,0,0,0,0,0,0,16.0194,0,0.024536262,0.002293118,0
64,263,88.82,227.4481293,14387.52533,0.00328,24.67,0,0,0,0,0,0,0,0,1.26477,0,0.024536262,0.002293118,0
64,263,88.82,227.4481293,14387.52533,0,0,0,0,0,0,0,0,0,0,0.38949,0,0.024536262,0.002293118,0
64,263,88.82,227.4481293,14387.52533,0.011991,0,0,0.45033,0,0,0,0,0,0,0.151728,0,0.024536262,0.002293118,0
64,263,88.82,227.4481293,14387.52533,0,0,0,0,0,0,0.059897,0,0,0,0.151728,0,0.024536262,0.002293118,0
64,263,88.82,227.4481293,14387.52533,0,0.008341,0,0.003355,0,0,0,0,0,0,0.151728,0,0.024536262,0.002293118,0
64,263,88.82,227.4481293,14387.52533,0,0,0,0.0060235,0,0,0,0,0,0,0,0,0.024536262,0.002293118,0
64,263,88.82,227.4481293,14387.52533,0.1537,0,0,0,0,0,0.13028,0,0,0,0.151728,0,0.024536262,0.002293118,0
64,263,88.82,227.4481293,14387.52533,0,0,0,0,0,0,0,0,0,0,0,0,0.024536262,0.002293118,0
64,263,88.82,227.4481293,14387.52533,0,0,0,0,0,0,0.13028,0,0,0,5.2344,0,0.024536262,0.002293118,0
64,263,88.82,227.4481293,14387.52533,0,0,2.847,0,0,0,0,0,0,0,0.42174,0,0.024536262,0.002293118,0
64,263,88.82,227.4481293,14387.52533,0,0,0,0,0,0,0,0,0,0,0,0,0.024536262,0.002293118,0
64,263,88.82,227.4481293,14387.52533,0,0,0,0.008333,0,0,0,0,0,0,0.151728,0,0.024536262,0.002293118,0
64,263,88.82,227.4481293,14387.52533,0.16948,0,59.759,0,0,0,1.3964,0,0,0,0,0,0.024536262,0.002293118,0
64,263,88.82,227.4481293,14387.52533,0,16.016,0,0.010957,0,0,0,0,0,0,0.151728,0,0.024536262,0.002293118,0
64,263,88.82,227.4481293,14387.52533,0,0,0,0,0,0,0,0,0,0,0,0,0.024536262,0.002293118,0
64,263,88.82,227.4481293,14387.52533,0,0,0,0,0,0,0,0,0,0,0.151728,0,0.024536262,0.002293118,0
64,263,88.82,227.4481293,14387.52533,0,0,0,0,0,0.7776,0,0,0,0,19.6818,0,0.024536262,0.002293118,0
64,263,88.82,227.4481293,14387.52533,0.016666,0,0,0,0,0,0.13028,0,0,0,198.603,0,0.024536262,0.002293118,0
64,263,88.82,227.4481293,14387.52533,0,0,0,4.3329,0,0,0,0,0,0,0.293496,0,0.024536262,0.002293118,0
64,263,88.82,227.4481293,14387.52533,0,0,0,0,0,0,0,0,0,0,11.0268,0,0.024536262,0.002293118,0
64,263,88.82,227.4481293,14387.52533,0,0,0,0,0,0.79321,0,0,0,0,0.211728,0,0.024536262,0.002293118,0
64,263,88.82,227.4481293,14387.52533,0.40581,0,0,0.008333,0,0,13.802,0,0,0,28.1349,0,0.024536262,0.002293118,0
64,263,88.82,227.4481293,14387.52533,0,0,0,3.5389,0,0,0,0,0,0,0.92517,0,0.024536262,0.002293118,0
64,263,88.82,227.4481293,14387.52533,0,0,0,32.86,0,0,0,0,0,0,0.151728,0,0.024536262,0.002293118,0
64,263,88.82,227.4481293,14387.52533,0,0,0,0,0,0,0,0,0,0,0,0,0.024536262,0.002293118,0
64,263,88.82,227.4481293,14387.52533,0,0,0,0,0,0,0.002308,0,0,0,0,0,0.024536262,0.002293118,0
64,263,88.82,227.4481293,14387.52533,0,0,0,0,0,0,0,0,0,0,1.33728,0,0.024536262,0.002293118,0
64,263,88.82,227.4481293,14387.52533,0.002784,0,0,0,0,0,0,0,0,0,0,0,0.024536262,0.002293118,0
64,263,88.82,227.4481293,14387.52533,0,0,0,0,0,0,0,0,0,0,7.8318,0,0.024536262,0.002293118,0
64,263,88.82,227.4481293,14387.52533,0.28047,0,0,0,0,0,0,0,0,0,0.151728,0,0.024536262,0.002293118,0
64,263,88.82,227.4481293,14387.52533,0,0,0,0,0,0,203.53,0,0,0,0.151728,0,0.024536262,0.002293118,0
64,263,88.82,227.4481293,14387.52533,0.000254,0,0,0,0,0.79321,0,0,0,0,27.567,0,0.024536262,0.002293118,0
64,263,88.82,227.4481293,14387.52533,0,0,0,0,0,0.015103,0.002308,0,0,0,12.8109,0,0.024536262,0.002293118,0
64,263,88.82,227.4481293,14387.52533,0,0,0,0,0,0,40.56,0,0,0,0.151728,0,0.024536262,0.002293118,0
64,263,88.82,227.4481293,14387.52533,0,0,0,0,0,0,0,0,0,0,1.51233,0,0.024536262,0.002293118,0
64,263,88.82,227.4481293,14387.52533,0.016666,0,0,0,0,0,0,0,0,0,0,0,0.024536262,0.002293118,0
64,263,88.82,227.4481293,14387.52533,0,0.10424,0,0.019348,0,0,0,0,0,0,0.37014,0,0.024536262,0.002293118,0
64,263,88.82,227.4481293,14387.52533,0,0,0,0,0,0,0,0,0,0,1.02657,0,0.024536262,0.002293118,0
64,263,88.82,227.4481293,14387.52533,0,0,0,0,0,0,0,0,0,0,0.241728,0,0.024536262,0.002293118,0
64,263,88.82,227.4481293,14387.52533,0,0,0,0,0,0,0,0,0,0,0.273339,0,0.024536262,0.002293118,0
64,263,88.82,227.4481293,14387.52533,0,0,0,0,0,0,0,0,0,0,0,0,0.024536262,0.002293118,35.93902439
64,263,88.82,227.4481293,14387.52533,0,0,0,0,0,0,0,0,0,0,18.849,0,0.024536262,0.002293118,0
64,263,88.82,227.4481293,14387.52533,0,0,0,0,0,0,0,0,0,0,0,0,0.024536262,0.002293118,0
64,263,88.82,227.4481293,14387.52533,11.232,0,0,0,0,0,0.13028,0,0,0,0.282771,0,0.024536262,0.002293118,0
64,263,88.82,227.4481293,14387.52533,0,0,0,0,0,0,0,0,0,0,0,0,0.024536262,0.002293118,0
64,263,88.82,227.4481293,14387.52533,0,0,0,0,0,3.584,0,0,0,0,1.42107,0,0.024536262,0.002293118,0
64,263,88.82,227.4481293,14387.52533,0.016667,0,0,13.444,0,0,61.223,0,0,0,0.70764,0,0.024536262,0.002293118,0
64,263,88.82,227.4481293,14387.52533,0,0.001192,0,0,0,0,0.13028,0,0,0,2.96682,0,0.024536262,0.002293118,0
64,263,88.82,227.4481293,14387.52533,0,0,0,0,0,0,10.453,0,0,0,1.08798,0,0.024536262,0.002293118,0
64,263,88.82,227.4481293,14387.52533,0,0,0,0,0,0.79321,61.223,0,0,0,3.498,0,0.024536262,0.002293118,0
64,263,88.82,227.4481293,14387.52533,0.001292,0,0,0,0,0,0,0,0,0,0,0,0.024536262,0.002293118,0
64,263,88.82,227.4481293,14387.52533,0,0,0,0,0,0,0,0,0,0,1.38174,0,0.024536262,0.002293118,0
64,263,88.82,227.4481293,14387.52533,0,0,0,0,0,0.77904,0,0,0,0,0.151728,0,0.024536262,0.002293118,0
64,263,88.82,227.4481293,14387.52533,0,0,0,0,0,0.79321,0.13028,0,0,0,0.273021,0,0.024536262,0.002293118,0
64,263,88.82,227.4481293,14387.52533,0.41388,28.899,0,6.7899,0,0,0,0,0,0,0,0,0.024536262,0.002293118,0
64,263,88.82,227.4481293,14387.52533,0,0,0,0,0,0,0.021726,0,0,0,1.09155,0,0.024536262,0.002293118,0
64,263,88.82,227.4481293,14387.52533,0.01199,0,0,0,0,0,0,0,0,0,0.151728,0,0.024536262,0.002293118,0
64,263,88.82,227.4481293,14387.52533,0,0,0,5.2199,0,0,0.021726,0,0,0,0,0,0.024536262,0.002293118,0
64,263,88.82,227.4481293,14387.52533,0,0,0,0.002868,0,4.5469,0,0,0,0,0.151728,0,0.024536262,0.002293118,0
64,263,88.82,227.4481293,14387.52533,6.6358,0,0,0,0,0,0.13028,0,0,0,0.27711,0,0.024536262,0.002293118,0
64,263,88.82,227.4481293,14387.52533,1.0191,0,0,0,0,0,0,0,0,0,4.2768,0,0.024536262,0.002293118,0
64,263,88.82,227.4481293,14387.52533,0,0,0,0,0,0,0,0,0,0,0,0,0.024536262,0.002293118,0
64,263,88.82,227.4481293,14387.52533,0,0,0,0,0,0,0,0,0,0,5.0406,0,0.024536262,0.002293118,0
64,263,88.82,227.4481293,14387.52533,0,0,0,0,0,0,0,0,0,0,28.0509,0,0.024536262,0.002293118,0
64,263,88.82,227.4481293,14387.52533,0.000172,0,0,0,0,0,0,0,0,0,0.151728,0,0.024536262,0.002293118,0
64,263,88.82,227.4481293,14387.52533,0,0,0,0,0,0,0,0,0,0,0.151728,0,0.024536262,0.002293118,0
64,263,88.82,227.4481293,14387.52533,1.3251,0,0,0,0,0,0,0,0,0,0,0,0.024536262,0.002293118,55.91463415
64,263,88.82,227.4481293,14387.52533,0.0061714,0,0,0.008333,0,0,0,0,0,0,0.151728,0,0.024536262,0.002293118,0
64,263,88.82,227.4481293,14387.52533,0,0,0,0,0,0,0.13028,0,0,0,3.4071,0,0.024536262,0.002293118,0
64,263,88.82,227.4481293,14387.52533,0,0.027602,0,0,0,0,0,0,0,0,0.151728,0,0.024536262,0.002293118,0
64,263,88.82,227.4481293,14387.52533,0,0,0,0.04745,0,0,0,0,0,0,25.7361,0,0.024536262,0.002293118,0
64,263,88.82,227.4481293,14387.52533,0,0.0055799,0,0,0,0,0,0,0,0,0,0,0.024536262,0.002293118,0
64,263,88.82,227.4481293,14387.52533,0.016315,0,0,0,0,0,41.059,0,0,0,0.275769,0,0.024536262,0.002293118,0
64,263,88.82,227.4481293,14387.52533,0,0,0,0,0,0,0,0,0,0,27.567,0,0.024536262,0.002293118,0
64,263,88.82,227.4481293,14387.52533,0,0,0,0,0,0,0,0,0,0,4.1943,0,0.024536262,0.002293118,0
64,263,88.82,227.4481293,14387.52533,0,0,0,0,0,0,0,0,0,0,0.151728,0,0.024536262,0.002293118,0
64,263,88.82,227.4481293,14387.52533,0,0,0,1.5592,0,0,0,0,0,0,0.151728,0,0.024536262,0.002293118,0
64,263,88.82,227.4481293,14387.52533,0.01537,0,0,0,0,0,0.059897,0,0,0,0.276924,0,0.024536262,0.002293118,0
64,263,88.82,227.4481293,14387.52533,0,0,0,0,0,0,0,0,0,0,12.2682,0,0.024536262,0.002293118,0
64,263,88.82,227.4481293,14387.52533,0,0,0,0,0,3.584,0.008333,0,0,0,0,0,0.024536262,0.002293118,0
64,263,88.82,227.4481293,14387.52533,0,0,0,0,0,0,0,0,0,0,0.151728,0,0.024536262,0.002293118,0
64,263,88.82,227.4481293,14387.52533,0,0,0,0,0,0,0,0,0,0,0,0,0.024536262,0.002293118,0
64,263,88.82,227.4481293,14387.52533,0,0,0,0,0,0,0,0,0,0,0,0,0.024536262,0.002293118,0
64,263,88.82,227.4481293,14387.52533,0,0,0,0,0,0,63.342,0,0,0,0,0,0.024536262,0.002293118,0
64,263,88.82,227.4481293,14387.52533,0.038397,0.057587,0,0,0,0,44.732,0,0,0,41.634,0,0.024536262,0.002293118,0
64,263,88.82,227.4481293,14387.52533,0,0,0,0,0,0,0,0,0,0,0,0,0.024536262,0.002293118,0
64,263,88.82,227.4481293,14387.52533,0,0,0,0,0,0,0,0,0,0,6.102,0,0.024536262,0.002293118,0
64,263,88.82,227.4481293,14387.52533,0,0,0,0,0,0,0.10863,0,0,0,0,0,0.024536262,0.002293118,0
64,263,88.82,227.4481293,14387.52533,0.58804,0,0,0,0,0,0.13028,0,0,0,0,0,0.024536262,0.002293118,0
64,263,88.82,227.4481293,14387.52533,0,0,0,0,0,0,0,0,0,0,9.0918,0,0.024536262,0.002293118,0
64,263,88.82,227.4481293,14387.52533,0,0,0,0,0,0,0.13028,0,0,0,0.37014,0,0.024536262,0.002293118,0
64,263,88.82,227.4481293,14387.52533,0,0,0,0,0,0,0,0,0,0,0,0,0.024536262,0.002293118,0
64,263,88.82,227.4481293,14387.52533,0,0,0,0,0,0,0,0,0,0,0,0,0.024536262,0.002293118,0
64,263,88.82,227.4481293,14387.52533,4.8177,0,0,0,0,0,0,0,0,0,0,0,0.024536262,0.002293118,0
64,263,88.82,227.4481293,14387.52533,0,0,0,0,0,0,83.098,0,0,0,1.97832,0,0.024536262,0.002293118,0
64,263,88.82,227.4481293,14387.52533,0.01199,0,0,0,0,0,0,0,0,0,0.151728,0,0.024536262,0.002293118,0
64,263,88.82,227.4481293,14387.52533,1.6088,0,0,0,0,0,0,0,0,0,0.286086,0,0.024536262,0.002293118,0
64,263,88.82,227.4481293,14387.52533,20.942,0,0,0.026559,0,0,16.253,0,0,0,0,0,0.024536262,0.002293118,0
64,263,88.82,227.4481293,14387.52533,0,0,0,0,0,0,0.13028,0,0,0,28.113,0,0.024536262,0.002293118,0
64,263,88.82,227.4481293,14387.52533,0,0,0,0,0,0,0,0,0,0,4.515,0,0.024536262,0.002293118,0
64,263,88.82,227.4481293,14387.52533,0,0,0,0,0,0,0,0,0,0,8.9118,0,0.024536262,0.002293118,0
64,263,88.82,227.4481293,14387.52533,0,0,0,0,0,0,0,0,0,0,0.151728,0,0.024536262,0.002293118,0
64,263,88.82,227.4481293,14387.52533,0,0,0,0,0,0,18.465,0,0,0,0,0,0.024536262,0.002293118,0
64,263,88.82,227.4481293,14387.52533,0.035318,0,0,0,0,0,0,0,0,0,0,0,0.024536262,0.002293118,0
64,263,88.82,227.4481293,14387.52533,0.065984,0,0,0,0,0,0,0,0,0,0,0,0.024536262,0.002293118,0
64,263,88.82,227.4481293,14387.52533,6.6358,0,0,0,0,0,0,0,0,0,34.539,0,0.024536262,0.002293118,0
64,263,88.82,227.4481293,14387.52533,0,0,0,0,0,0,115.6,0,0,0,0.151728,0,0.024536262,0.002293118,0
64,263,88.82,227.4481293,14387.52533,0,0,0,1.2382,0,0,0,0,0,0,29.7018,0,0.024536262,0.002293118,0
64,263,88.82,227.4481293,14387.52533,0.31985,0,0,0,0,0,65.907,0,0,0,0.151728,0,0.024536262,0.002293118,0
64,263,88.82,227.4481293,14387.52533,0,0,0,0,0,0,30.39,0,0,0,0.278532,0,0.024536262,0.002293118,0
64,263,88.82,227.4481293,14387.52533,0,0,0,0,0,0,0,0,0,0,0.151728,0,0.024536262,0.002293118,0
64,263,88.82,227.4481293,14387.52533,0,0,0,0,0,0,0,0,0,0,0.151728,0,0.024536262,0.002293118,0
64,263,88.82,227.4481293,14387.52533,16.007,0,0,0,0,0,0,0,0,0,47.883,0,0.024536262,0.002293118,0
64,263,88.82,227.4481293,14387.52533,0,0,0,0,0,0,0,0,0,0,0.151728,0,0.024536262,0.002293118,0
64,263,88.82,227.4481293,14387.52533,0,0,0,0,0,0,0.10863,0,0,0,0,0,0.024536262,0.002293118,0
64,263,88.82,227.4481293,14387.52533,0,0,0,0,0,0,21.105,0,0,0,0,0,0.024536262,0.002293118,0
64,263,88.82,227.4481293,14387.52533,0,0,0,0,0,3.584,0,0,0,0,0.151728,0,0.024536262,0.002293118,0
64,263,88.82,227.4481293,14387.52533,0.6449,0,0,0,0,0,0,0,0,0,0.151728,0,0.024536262,0.002293118,0
64,263,88.82,227.4481293,14387.52533,0.029081,0,0,0,0,0,0.10863,0,0,0,0.27432,0,0.024536262,0.002293118,0
64,263,88.82,227.4481293,14387.52533,0,0,0,0,0,0,0.10863,0,0,0,0,0,0.024536262,0.002293118,0
64,263,88.82,227.4481293,14387.52533,0.17485,0,0,0,0,0,0,0,0,0,0.151728,0,0.024536262,0.002293118,0
64,263,88.82,227.4481293,14387.52533,0,27.649,0,0,0,0.41296,6.7574,0,0,0,0,0,0.024536262,0.002293118,0
64,263,88.82,227.4481293,14387.52533,0,0,0,0,0,0,0,0,0,0,0.151728,0,0.024536262,0.002293118,0
64,263,88.82,227.4481293,14387.52533,0,0,0,0,0,0,0,0,0,0,0,0,0.024536262,0.002293118,0
64,263,88.82,227.4481293,14387.52533,0,0,0,0,0,0,17.109,0,0,0,0.151728,0,0.024536262,0.002293118,0
64,263,88.82,227.4481293,14387.52533,0,0,0,0.000739,0,0,0,0,0,0,0,0,0.024536262,0.002293118,0
64,263,88.82,227.4481293,14387.52533,0,0,0,0,0,0,0,0,0,0,0,0,0.024536262,0.002293118,0
64,263,88.82,227.4481293,14387.52533,0,0,0,0,0,0,0,0,0,0,5.9949,0,0.024536262,0.002293118,18.01219512
64,263,88.82,227.4481293,14387.52533,0,0.60642,0.02737,0,0,0,0,0,0,0,0,0,0.024536262,0.002293118,0
64,263,88.82,227.4481293,14387.52533,0,0,0,0,0,0,0,0,0,0,12.0081,0,0.024536262,0.002293118,0
64,263,88.82,227.4481293,14387.52533,0,0,0,0,0,0,0.13028,0,0,0,9.1953,0,0.024536262,0.002293118,0
64,263,88.82,227.4481293,14387.52533,0.034341,0,0,0,0,0,20.142,0,0,0,0.151728,0,0.024536262,0.002293118,0
64,263,88.82,227.4481293,14387.52533,0,0,0,0.00524,0,0,0,0,0,0,0,0,0.024536262,0.002293118,0
64,263,88.82,227.4481293,14387.52533,0,0,0,0,0,0,16.051,0,0,0,1.40073,0,0.024536262,0.002293118,0
64,263,88.82,227.4481293,14387.52533,0,0.008333,0,0,0,0,0,0,0,0,0.151728,0,0.024536262,0.002293118,0
64,263,88.82,227.4481293,14387.52533,0.001463,0,0,0,0,0,0,0,0,0,68.145,0,0.024536262,0.002293118,0
64,263,88.82,227.4481293,14387.52533,0,0.0062156,0,0,0,0,0,0,0,0,0,0,0.024536262,0.002293118,0
64,263,88.82,227.4481293,14387.52533,0,0,0,0,0,0,0,0,0,0,0,0,0.024536262,0.002293118,0
64,263,88.82,227.4481293,14387.52533,0,0,0,0,0,0,0,0,0,0,0.273384,0,0.024536262,0.002293118,0
64,263,88.82,227.4481293,14387.52533,0,0,0,0,0,0,0,0,0,0,0.151728,0,0.024536262,0.002293118,0
64,263,88.82,227.4481293,14387.52533,0.035789,0,0,0,0,0,0,0,0,0,0,0,0.024536262,0.002293118,0
64,263,88.82,227.4481293,14387.52533,0,0,0,0,0,0,0,0,0,0,0,0,0.024536262,0.002293118,0
64,263,88.82,227.4481293,14387.52533,0,0,0,0,0,0,0,0,0,0,4.4103,0,0.024536262,0.002293118,0
64,263,88.82,227.4481293,14387.52533,0.35553,0,0,0,0,0.005347,12.015,0,0,0,4.4787,0,0.024536262,0.002293118,0
64,263,88.82,227.4481293,14387.52533,0.17485,0,0,0,0,0,0,0,0,0,0.151728,0,0.024536262,0.002293118,0
64,263,88.82,227.4481293,14387.52533,0,0,0,1.4185,0,0,0,0,0,0,73.296,0,0.024536262,0.002293118,0
64,263,88.82,227.4481293,14387.52533,0,0,0,0.005202,0,0,0,0,0,0,0.151728,0,0.024536262,0.002293118,70.51219512
64,263,88.82,227.4481293,14387.52533,1.122,0,0,6.7899,0,0,0,0,0,0,13.494,0,0.024536262,0.002293118,0
64,263,88.82,227.4481293,14387.52533,0,0,0,0,0,0,0,0,0,0,83.223,0,0.024536262,0.002293118,0
64,263,88.82,227.4481293,14387.52533,0,0,3.4418,0,0,0,22.912,0,0,0,4.5198,0,0.024536262,0.002293118,0
64,263,88.82,227.4481293,14387.52533,0,0,0,0,0,0,0,0,0,0,4.7352,0,0.024536262,0.002293118,0
64,263,88.82,227.4481293,14387.52533,0,0,0,0,0,0,4.3857,0,0,0,0.151728,0,0.024536262,0.002293118,0
64,263,88.82,227.4481293,14387.52533,0.010052,0,0,0,0,0,2.7405,0,0,0,0.151728,0,0.024536262,0.002293118,77
64,263,88.82,227.4481293,14387.52533,0,0,0.024124,0.008345,0,0,13.633,0,0,0,66.663,0,0.024536262,0.002293118,0
64,263,88.82,227.4481293,14387.52533,0,0.047828,0,0,0,0,0.40452,0,0,0,28.113,0,0.024536262,0.002293118,0
64,263,88.82,227.4481293,14387.52533,19.704,0,0,0,0,0,0,0,0,0,0.271128,0,0.024536262,0.002293118,0
64,263,88.82,227.4481293,14387.52533,1.3822,0,0,0,0,0,0.059897,0,0,0,0.151728,0,0.024536262,0.002293118,0
64,263,88.82,227.4481293,14387.52533,0,0,0,0,0,0,0,0,0,0,0.151728,0,0.024536262,0.002293118,0
64,263,88.82,227.4481293,14387.52533,0,0,0,0.008333,0,0,12.373,0,0,0,0.181728,0,0.024536262,0.002293118,0
64,263,88.82,227.4481293,14387.52533,0.5001,0,0,0,0,0,0,0,0,0,10.9065,0,0.024536262,0.002293118,0
64,263,88.82,227.4481293,14387.52533,0,0,0,0,0,0,60.082,0,0,0,0.151728,0,0.024536262,0.002293118,0
64,263,88.82,227.4481293,14387.52533,0,0,0,0.35007,0,0,0,0,0,0,0.151728,0,0.024536262,0.002293118,0
64,263,88.82,227.4481293,14387.52533,0,0,0,0,0,0,0,0,0,0,0.151728,0,0.024536262,0.002293118,0
64,263,88.82,227.4481293,14387.52533,0.11095,28.899,0,0.009915,0,0,0,0,0,0,17.3718,0,0.024536262,0.002293118,0
64,263,88.82,227.4481293,14387.52533,0,0,0,0,0,0,0.021726,0,0,0,0,0,0.024536262,0.002293118,0
64,263,88.82,227.4481293,14387.52533,0.000078,0.035179,0,0,0,0,0,0,0,0,0,0,0.024536262,0.002293118,0
64,263,88.82,227.4481293,14387.52533,0,0,0,0,0,0,29.625,0,0,0,11.5818,0,0.024536262,0.002293118,0
64,263,88.82,227.4481293,14387.52533,0,0.007102,0,0,0,0,0.60778,0,0,0,78.063,0,0.024536262,0.002293118,0
64,263,88.82,227.4481293,14387.52533,0,0,0,0.10787,0,0,0,0,0,0,12.8109,0,0.024536262,0.002293118,0
64,263,88.82,227.4481293,14387.52533,0,0,0,0,0,0,0.10863,0,0,0,6.258,0,0.024536262,0.002293118,0
64,263,88.82,227.4481293,14387.52533,0,0,0,0,0,0,0,0,0,0,0,0,0.024536262,0.002293118,0
64,263,88.82,227.4481293,14387.52533,0.003465,0,0,0,0,0,0,0,0,0,0.151728,0,0.024536262,0.002293118,0
64,263,88.82,227.4481293,14387.52533,0,0,0,0,0,0,0,0,0,0,178.56,0,0.024536262,0.002293118,0
64,263,88.82,227.4481293,14387.52533,0,0,0,0,0,0,13.633,0,0,0,15.0018,0,0.024536262,0.002293118,0
64,263,88.82,227.4481293,14387.52533,0.003127,0,0,0,0,0,0,0,0,0,0.211728,0,0.024536262,0.002293118,0
64,263,88.82,227.4481293,14387.52533,0,0,0,0,0,0,0,0,0,0,45.663,0,0.024536262,0.002293118,0
64,263,88.82,227.4481293,14387.52533,2.7291,0,0,0,0,0,0,0,0,0,0,0,0.024536262,0.002293118,0
64,263,88.82,227.4481293,14387.52533,0.016667,0,0,0,0,0,0,0,0,0,7.8042,0,0.024536262,0.002293118,0
64,263,88.82,227.4481293,14387.52533,0,0,0,0,0,0,0,0,0,0,1.65174,0,0.024536262,0.002293118,0
64,263,88.82,227.4481293,14387.52533,0,0,0,8.0247,0,0,3.1279,0,0,0,1.86174,0,0.024536262,0.002293118,0
64,263,88.82,227.4481293,14387.52533,0,0.005239,0,0,0,0,0,0,0,0,0.151728,0,0.024536262,0.002293118,0
64,263,88.82,227.4481293,14387.52533,0,0,0,0,0,0,0,0,0,0,73.296,0,0.024536262,0.002293118,0
64,263,88.82,227.4481293,14387.52533,0,0,0,0.19827,0,0,0,0,0,0,0,0,0.024536262,0.002293118,0
64,263,88.82,227.4481293,14387.52533,0,0,0,0,0,0,0,0,0,0,0,0,0.024536262,0.002293118,0
64,263,88.82,227.4481293,14387.52533,0.6449,0,0,0,0,0,0,0,0,0,0.78174,0,0.024536262,0.002293118,0
64,263,88.82,227.4481293,14387.52533,0,0,0,0,0,0,0,0,0,0,12.2682,0,0.024536262,0.002293118,0
64,263,88.82,227.4481293,14387.52533,0,0,0,0,0,0,0.021726,0,0,0,0.297708,0,0.024536262,0.002293118,0
64,263,88.82,227.4481293,14387.52533,0,0,0,0.12808,0,0.018933,0.059897,0,0,0,3.7518,0,0.024536262,0.002293118,0
64,263,88.82,227.4481293,14387.52533,0.014654,0,0,0,0,0,24.515,0,0,0,0.151728,0,0.024536262,0.002293118,0
64,263,88.82,227.4481293,14387.52533,0,8.4674,0,0,0,0,0,0,0,0,0,0,0.024536262,0.002293118,0
64,263,88.82,227.4481293,14387.52533,0,0,0,0,0,0,0,0,0,0,15.8232,0,0.024536262,0.002293118,0
64,263,88.82,227.4481293,14387.52533,0.052268,0,0,0.042243,0,0,0,0,0,0,175.254,0,0.024536262,0.002293118,0
64,263,88.82,227.4481293,14387.52533,0,0,0,0,0,0,0,0,0,0,2.39772,0,0.024536262,0.002293118,0
64,263,88.82,227.4481293,14387.52533,0,0,0,0,0,0,0,0,0,0,1.95174,0,0.024536262,0.002293118,0
64,263,88.82,227.4481293,14387.52533,0.005411,0,0,0,0,0,0,0,0,0,0.151728,0,0.024536262,0.002293118,0
64,263,88.82,227.4481293,14387.52533,0.16948,0,0,0,0,0,30.147,0,0,0,0,0,0.024536262,0.002293118,0
64,263,88.82,227.4481293,14387.52533,4.2315,0,0,0,0,0,18.465,0,0,0,0,0,0.024536262,0.002293118,0
64,263,88.82,227.4481293,14387.52533,0.31253,0,0,0,0,0,0,0,0,0,0,0,0.024536262,0.002293118,0
64,263,88.82,227.4481293,14387.52533,0,0,0,0,0,0,0.059897,0,0,0,58.353,0,0.024536262,0.002293118,0
64,263,88.82,227.4481293,14387.52533,0,0,0,0,0,0.068895,0.13028,0,0,0,1.09155,0,0.024536262,0.002293118,0
64,263,88.82,227.4481293,14387.52533,0.097685,0,0,0,0,0,0,0,0,0,0.273384,0,0.024536262,0.002293118,0
64,263,88.82,227.4481293,14387.52533,0,0,0,0,0,0,0,0,0,0,0.151728,0,0.024536262,0.002293118,0
64,263,88.82,227.4481293,14387.52533,0,0,0,0.38083,0,0,0.008333,0,0,0,7.8318,0,0.024536262,0.002293118,0
64,263,88.82,227.4481293,14387.52533,0,0,0,0,0,0,0,0,0,0,0,0,0.024536262,0.002293118,0
64,263,88.82,227.4481293,14387.52533,0,0,0,0,0,0,0,0,0,0,0,0,0.024536262,0.002293118,0
64,263,88.82,227.4481293,14387.52533,0.30279,1.0056,0,0,0,0,0,0,0,0,0,0,0.024536262,0.002293118,0
64,263,88.82,227.4481293,14387.52533,0,0,0,0,0,0,0,0,0,0,0,0,0.024536262,0.002293118,0
64,263,88.82,227.4481293,14387.52533,0,0,0,0,0,0,0,0,0,0,0.151728,0,0.024536262,0.002293118,0
64,263,88.82,227.4481293,14387.52533,0.005411,0,0,0,0,0,0.13028,0,0,0,3.1278,0,0.024536262,0.002293118,0
64,263,88.82,227.4481293,14387.52533,0,0,0,0,0,0,0.13028,0,0,0,0.151728,0,0.024536262,0.002293118,0
64,263,88.82,227.4481293,14387.52533,0,0,0,0,0,0,0,0,0,0,6.9018,0,0.024536262,0.002293118,0
64,263,88.82,227.4481293,14387.52533,0,0,0,0,0,0,0,0,0,0,0.151728,0,0.024536262,0.002293118,0
64,263,88.82,227.4481293,14387.52533,0,0,0,0,0,0,0,0,0,0,0.33174,0,0.024536262,0.002293118,0
64,263,88.82,227.4481293,14387.52533,0.035789,0,0,0,0,0,0,0,0,0,0.151728,0,0.024536262,0.002293118,0
65,264,108.686,504.8091576,31932.35559,0,0,0,0,0,0,0,0,0,0,0.151728,0,0.054334717,0.005078032,0
65,264,108.686,504.8091576,31932.35559,0,0,0,0,0,0.008505,0,0,0,0,0.151728,0,0.054334717,0.005078032,0
65,264,108.686,504.8091576,31932.35559,0,0,0,0,0,0,0,0,0,0,0,0,0.054334717,0.005078032,0
65,264,108.686,504.8091576,31932.35559,0,0,0,0,0,0,0,0,0,0,0.151728,0,0.054334717,0.005078032,0
65,264,108.686,504.8091576,31932.35559,0.81665,0,0,0,0,0.78033,0,0,0,0,0,0,0.054334717,0.005078032,0
65,264,108.686,504.8091576,31932.35559,0,0,0,0,0,0,0,0,0,0,0,0,0.054334717,0.005078032,0
65,264,108.686,504.8091576,31932.35559,1.737,0,0,0,0,0,0,0,0,0,0.270372,0,0.054334717,0.005078032,0
65,264,108.686,504.8091576,31932.35559,0,0,0,0,0,0,0,0,0,0,0.241728,0,0.054334717,0.005078032,0
65,264,108.686,504.8091576,31932.35559,0,0,0,0,0,0,0,0,0,0,0,0,0.054334717,0.005078032,0
65,264,108.686,504.8091576,31932.35559,0,0,0,0,0,0,0,0,0,0,0.273021,0,0.054334717,0.005078032,0
65,264,108.686,504.8091576,31932.35559,0,0,0,0,0,0,0,0,0,0,0.151728,0,0.054334717,0.005078032,0
65,264,108.686,504.8091576,31932.35559,1.122,0,0,0,0,0,0,0,0,0,6.258,0,0.054334717,0.005078032,0
65,264,108.686,504.8091576,31932.35559,0,0,0,0,0,0.0031055,0,0,0,0,0.151728,0,0.054334717,0.005078032,0
65,264,108.686,504.8091576,31932.35559,0,0,0,0,0,0,0.13028,0,0,0,0,0,0.054334717,0.005078032,0
65,264,108.686,504.8091576,31932.35559,0.0077682,0,0,0,0,0,0,0,0,0,1.21974,0,0.054334717,0.005078032,0
65,264,108.686,504.8091576,31932.35559,0,0,0,0,0,0,0,0,0,0,2.94174,0,0.054334717,0.005078032,0
65,264,108.686,504.8091576,31932.35559,0,0,0,0,0,0,150.43,0,0,0,0,0,0.054334717,0.005078032,0
65,264,108.686,504.8091576,31932.35559,0.14645,0,0,0,0,0,0,0,0,0,0.151728,0,0.054334717,0.005078032,0
65,264,108.686,504.8091576,31932.35559,0,0.001292,0,0,0,0.36807,0,0,0,0,0.151728,0,0.054334717,0.005078032,0
65,264,108.686,504.8091576,31932.35559,0.00901,0,0,0,0,0,0.021726,0,0,0,0,0,0.054334717,0.005078032,0
65,264,108.686,504.8091576,31932.35559,0,0,0,0,0,0,0.13028,0,0,0,10.6209,0,0.054334717,0.005078032,0
65,264,108.686,504.8091576,31932.35559,0.023381,0,0,0,0,0,0,0,0,0,0,0,0.054334717,0.005078032,0
65,264,108.686,504.8091576,31932.35559,0,0,2.8136,0,0,0,0,0,0,0,0.273018,0,0.054334717,0.005078032,0
65,264,108.686,504.8091576,31932.35559,0,0,0,0,0,0,0.13028,0,0,0,0,0,0.054334717,0.005078032,0
65,264,108.686,504.8091576,31932.35559,0,0,0,0,0,0,0,0,0,0,1.04637,0,0.054334717,0.005078032,0
65,264,108.686,504.8091576,31932.35559,0,0,0,0,0,0,0,0,0,0,0,0,0.054334717,0.005078032,0
65,264,108.686,504.8091576,31932.35559,0,0,0,0,0,0.036129,0,0,0,0,0,0,0.054334717,0.005078032,0
65,264,108.686,504.8091576,31932.35559,0,0,0,0,0,0,0.59876,0,0,0,0.151728,0,0.054334717,0.005078032,0
65,264,108.686,504.8091576,31932.35559,0.048756,0.0055799,0,0.053789,0,0,0,0,0,0,55.917,0,0.054334717,0.005078032,0
65,264,108.686,504.8091576,31932.35559,0,0,0,0,0,0,0.13028,0,0,0,0,0,0.054334717,0.005078032,0
65,264,108.686,504.8091576,31932.35559,0.010507,0,0,0,0,0,0.059897,0,0,0,0.151728,0,0.054334717,0.005078032,0
65,264,108.686,504.8091576,31932.35559,0,0,0,0,0,0,0,0,0,0,5.1363,0,0.054334717,0.005078032,0
65,264,108.686,504.8091576,31932.35559,0,0,0,0,0,0,0,0,0,0,0.151728,0,0.054334717,0.005078032,0
65,264,108.686,504.8091576,31932.35559,0.83735,0,0,0,0,0,2.4054,0,0,0,7.2732,0,0.054334717,0.005078032,0
65,264,108.686,504.8091576,31932.35559,0,0.0068538,0,0,0,0,0,0,0,0,1.90248,0,0.054334717,0.005078032,0
65,264,108.686,504.8091576,31932.35559,0,0,0,0,0,0,0,0,0,0,0,0,0.054334717,0.005078032,0
65,264,108.686,504.8091576,31932.35559,0,0,0,0,0,0,0,0,0,0,3.0075,0,0.054334717,0.005078032,0
65,264,108.686,504.8091576,31932.35559,0.14171,0,0,0,0,0,0,0,0,0,0.34593,0,0.054334717,0.005078032,0
65,264,108.686,504.8091576,31932.35559,0,28.899,0,0,0,0,0,0,0,0,0.151728,0,0.054334717,0.005078032,0
65,264,108.686,504.8091576,31932.35559,0,0,0,0,0,0,9.1869,0,0,0,66.645,0,0.054334717,0.005078032,0
65,264,108.686,504.8091576,31932.35559,0,0,0,0,0,0,0,0,0,0,2.29656,0,0.054334717,0.005078032,0
65,264,108.686,504.8091576,31932.35559,0,0.0067085,0,0,0,0,0,0,0,0,4.4103,0,0.054334717,0.005078032,0
65,264,108.686,504.8091576,31932.35559,0.20993,0,0,0.47997,0,0,132.95,0,0,0,47.883,0,0.054334717,0.005078032,0
65,264,108.686,504.8091576,31932.35559,1.976,0,0,0.01986,0,0.79549,0.60778,0,0,0,8.5524,0,0.054334717,0.005078032,0
65,264,108.686,504.8091576,31932.35559,2.2541,0,0,0,0,0,0,0,0,0,0,0,0.054334717,0.005078032,0
65,264,108.686,504.8091576,31932.35559,0,8.876,0,0,0,0,0.13028,0,0,0,0.151728,0,0.054334717,0.005078032,0
65,264,108.686,504.8091576,31932.35559,0,0,0,0,0,0,0,0,0,0,0.286086,0,0.054334717,0.005078032,0
65,264,108.686,504.8091576,31932.35559,0,0,0,0,0,0,0.002308,0,0,0,97.974,0,0.054334717,0.005078032,0
65,264,108.686,504.8091576,31932.35559,0,0,0,0,0,0,102.85,0,0,0,0,0,0.054334717,0.005078032,0
65,264,108.686,504.8091576,31932.35559,0,0,0,0,0,0,0,0,0,0,0.151728,0,0.054334717,0.005078032,0
65,264,108.686,504.8091576,31932.35559,0,0,0,0,0,0,0,0,0,0,11.0184,0,0.054334717,0.005078032,0
65,264,108.686,504.8091576,31932.35559,0,0,0,0,0,0,0,0,0,0,0,0,0.054334717,0.005078032,0
65,264,108.686,504.8091576,31932.35559,0,0,0,0,0,0,0,0,0,0,0.273384,0,0.054334717,0.005078032,0
65,264,108.686,504.8091576,31932.35559,0,0,0,0,0,0,101.02,0,0,0,0.279615,0,0.054334717,0.005078032,0
65,264,108.686,504.8091576,31932.35559,0.59154,0,0,0,0,0,0.13028,0,0,0,2.61366,0,0.054334717,0.005078032,0
65,264,108.686,504.8091576,31932.35559,0.066847,0,0,0,0,0,0,0,0,0,1.05978,0,0.054334717,0.005078032,0
65,264,108.686,504.8091576,31932.35559,0,0,0,0,0,0,0,0,0,0,18.7587,0,0.054334717,0.005078032,0
65,264,108.686,504.8091576,31932.35559,0.31985,0,0,0,0,0,0,0,0,0,0,0,0.054334717,0.005078032,0
65,264,108.686,504.8091576,31932.35559,0,0,0,0,0,0,0.13028,0,0,0,11.5245,0,0.054334717,0.005078032,0
65,264,108.686,504.8091576,31932.35559,0,0.008333,0,0,0,0,0.13028,0,0,0,14.5008,0,0.054334717,0.005078032,0
65,264,108.686,504.8091576,31932.35559,0.01199,0,0,0,0,0,0,0,0,0,23.3337,0,0.054334717,0.005078032,0
65,264,108.686,504.8091576,31932.35559,0.025779,0,0,0,0,0,44.732,0,0,0,0,0,0.054334717,0.005078032,0
65,264,108.686,504.8091576,31932.35559,0,0,0,0,0,0,0,0,0,0,0.278532,0,0.054334717,0.005078032,0
65,264,108.686,504.8091576,31932.35559,0.6449,0.21236,0,0,0,0,0,0,0,0,123.993,0,0.054334717,0.005078032,0
65,264,108.686,504.8091576,31932.35559,0.004213,0,40.345,0,0,0,22.912,0,0,0,12.6336,0,0.054334717,0.005078032,0
65,264,108.686,504.8091576,31932.35559,0,0,0,0.003295,0,0,0,0,0,0,0,0,0.054334717,0.005078032,0
65,264,108.686,504.8091576,31932.35559,0,0,0,0,0,0,0,0,0,0,0,0,0.054334717,0.005078032,0
65,264,108.686,504.8091576,31932.35559,0.027207,0,0,0.00524,0,0,0,0,0,0,2.20755,0,0.054334717,0.005078032,0
65,264,108.686,504.8091576,31932.35559,0,0,0,0,0,0,0,0,0,0,0,0,0.054334717,0.005078032,0
65,264,108.686,504.8091576,31932.35559,0,0,0,0,0,0.79321,0,0,0,0,0,0,0.054334717,0.005078032,0
65,264,108.686,504.8091576,31932.35559,0,0,0,0,0,0,0,0,0,0,0.151728,0,0.054334717,0.005078032,0
65,264,108.686,504.8091576,31932.35559,0.012001,0.12053,0,0,0,0,10.082,0,0,0,0.151728,0,0.054334717,0.005078032,0
65,264,108.686,504.8091576,31932.35559,0,0,0,0,0,0,0.13028,0,0,0,0.33174,0,0.054334717,0.005078032,0
65,264,108.686,504.8091576,31932.35559,0,0,0,0,0,0,0,0,0,0,5.9949,0,0.054334717,0.005078032,0
65,264,108.686,504.8091576,31932.35559,0,4.6287,0,0,0,0,0,0,0,0,111.96,0,0.054334717,0.005078032,0
65,264,108.686,504.8091576,31932.35559,0,0,0,0,0,0,0,0,0,0,5.0652,0,0.054334717,0.005078032,0
65,264,108.686,504.8091576,31932.35559,0,0,0,0,0,0,0,0,0,0,35.547,0,0.054334717,0.005078032,0
65,264,108.686,504.8091576,31932.35559,0,0,0,0,0,0,9.2947,0,0,0,0.151728,0,0.054334717,0.005078032,74.18292683
65,264,108.686,504.8091576,31932.35559,0,0,0,0,0,0,3.5611,0,0,0,0.151728,0,0.054334717,0.005078032,0
65,264,108.686,504.8091576,31932.35559,0.016666,0.002508,0,0,0,0,0.13028,0,0,0,0,0,0.054334717,0.005078032,0
65,264,108.686,504.8091576,31932.35559,0,0,0,0,0,0,0,0,0,0,0,0,0.054334717,0.005078032,0
65,264,108.686,504.8091576,31932.35559,0,0,0,0,0,0,0,0,0,0,0.279882,0,0.054334717,0.005078032,0
65,264,108.686,504.8091576,31932.35559,0,0,0,0.11385,0,0,0,0,0,0,1.62018,0,0.054334717,0.005078032,0
65,264,108.686,504.8091576,31932.35559,0,0,0,0,0,0,0,0,0,0,0,0,0.054334717,0.005078032,0
65,264,108.686,504.8091576,31932.35559,0,0,0,0,0,0,0,0,0,0,0,0,0.054334717,0.005078032,0
65,264,108.686,504.8091576,31932.35559,0,0.015384,0,0,0,0,0.13028,0,0,0,0.151728,0,0.054334717,0.005078032,0
65,264,108.686,504.8091576,31932.35559,0.87594,0,0,0,0,0,0.13028,0,0,0,0,0,0.054334717,0.005078032,0
65,264,108.686,504.8091576,31932.35559,0,0,0,0,0,0,0,0,0,0,0.151728,0,0.054334717,0.005078032,0
65,264,108.686,504.8091576,31932.35559,0,0,0,0,0,4.9674,0,0,0,0,0.151728,0,0.054334717,0.005078032,0
65,264,108.686,504.8091576,31932.35559,0,0.00036,0,0.006456,0,0,0,0,0,0,24.7368,0,0.054334717,0.005078032,0
65,264,108.686,504.8091576,31932.35559,0,0,0,0,0,0,41.059,0,0,0,1.04805,0,0.054334717,0.005078032,0
65,264,108.686,504.8091576,31932.35559,0.014654,0,0,0,0,0,0.002308,0,0,0,34.746,0,0.054334717,0.005078032,0
65,264,108.686,504.8091576,31932.35559,0.042624,0,0,0.10787,0,0,0,0,0,0,0.151728,0,0.054334717,0.005078032,0
65,264,108.686,504.8091576,31932.35559,0,0,0,0,0,0,0,0,0,0,11.7525,0,0.054334717,0.005078032,0
65,264,108.686,504.8091576,31932.35559,0,0,0,0.060169,0,1.0992,0,0,0,0,1.40073,0,0.054334717,0.005078032,0
65,264,108.686,504.8091576,31932.35559,0,0,0,0,0,0,0,0,0,0,2.52933,0,0.054334717,0.005078032,0
65,264,108.686,504.8091576,31932.35559,0,0,0,0,0,0,0,0,0,0,23.3337,0,0.054334717,0.005078032,0
65,264,108.686,504.8091576,31932.35559,11.232,0,0,0,0,0,0,0,0,0,29.7018,0,0.054334717,0.005078032,0
65,264,108.686,504.8091576,31932.35559,0.11095,0,0,0,0,0,0,0,0,0,7.0518,0,0.054334717,0.005078032,0
65,264,108.686,504.8091576,31932.35559,0.034341,0,0.004625,0,0,0,0.10863,0,0,0,19.4277,0,0.054334717,0.005078032,0
65,264,108.686,504.8091576,31932.35559,0,0,0,0,0,0,0,0,0,0,0,0,0.054334717,0.005078032,64.19512195
65,264,108.686,504.8091576,31932.35559,0,0,0,0.47997,0,0,0,0,0,0,1.01106,0,0.054334717,0.005078032,0
65,264,108.686,504.8091576,31932.35559,1.737,0,0,0,0,0,0,0,0,0,0.151728,0,0.054334717,0.005078032,0
65,264,108.686,504.8091576,31932.35559,3.5238,0.009004,0,0,0,0,0,0,0,0,0,0,0.054334717,0.005078032,0
65,264,108.686,504.8091576,31932.35559,0.0009415,0,0,0,0,0,0.008333,0,0,0,0.70413,0,0.054334717,0.005078032,0
65,264,108.686,504.8091576,31932.35559,0,0,0,0,0,0,0,0,0,0,0,0,0.054334717,0.005078032,0
65,264,108.686,504.8091576,31932.35559,0,0,0,0,0,0,0,0,0,0,1.04637,0,0.054334717,0.005078032,0
65,264,108.686,504.8091576,31932.35559,0,0,0,0,0,0,0,0,0,0,0,0,0.054334717,0.005078032,0
65,264,108.686,504.8091576,31932.35559,0.016623,0,0,0,0,0,0,0,0,0,4.4313,0,0.054334717,0.005078032,0
65,264,108.686,504.8091576,31932.35559,0.14678,0,0,0.75184,0,0,0,0,0,0,111.96,0,0.054334717,0.005078032,0
65,264,108.686,504.8091576,31932.35559,0.58804,0,0,0.000187,0,0,0.13028,0,0,0,0.31755,0,0.054334717,0.005078032,0
65,264,108.686,504.8091576,31932.35559,0,0,0,0,0,0,0,0,0,0,22.8018,0,0.054334717,0.005078032,0
65,264,108.686,504.8091576,31932.35559,0.010052,0,0,0,0,0,24.738,0,0,0,0.151728,0,0.054334717,0.005078032,0
65,264,108.686,504.8091576,31932.35559,0,0,0,0,0,0,0,0,0,0,0.151728,0,0.054334717,0.005078032,0
65,264,108.686,504.8091576,31932.35559,0,0,0,0,0,0,0,0,0,0,0.70764,0,0.054334717,0.005078032,0
65,264,108.686,504.8091576,31932.35559,0,0.000078,0,0,0,0,0,0,0,0,10.9077,0,0.054334717,0.005078032,0
65,264,108.686,504.8091576,31932.35559,0.089174,0,0,0.01183,0,0,0,0,0,0,0,0,0.054334717,0.005078032,0
65,264,108.686,504.8091576,31932.35559,0,0,0,0,0,0,0,0,0,0,0,0,0.054334717,0.005078032,41.91463415
65,264,108.686,504.8091576,31932.35559,0,15.518,0,0,0,0.00111,0,0,0,0,16.0194,0,0.054334717,0.005078032,27.14634146
65,264,108.686,504.8091576,31932.35559,0,0,0,0.26891,0,6.5193,0.59876,0,0,0,0.65616,0,0.054334717,0.005078032,0
65,264,108.686,504.8091576,31932.35559,0,0,0,0,0,0,0,0,0,0,4.4103,0,0.054334717,0.005078032,0
65,264,108.686,504.8091576,31932.35559,0.00036,0,0,0.000234,0,0,0.059897,0,0,0,0.151728,0,0.054334717,0.005078032,0
65,264,108.686,504.8091576,31932.35559,0,0.00888,0,0,0,0,0,0,0,0,69.483,0,0.054334717,0.005078032,0
65,264,108.686,504.8091576,31932.35559,0,0,0,0,0,0,0,0,0,0,0.33174,0,0.054334717,0.005078032,0
65,264,108.686,504.8091576,31932.35559,0,0,0,0,0,0,0,0,0,0,8.9118,0,0.054334717,0.005078032,0
65,264,108.686,504.8091576,31932.35559,0,1.4691,0,0,0,0,0,0,0,0,10.5072,0,0.054334717,0.005078032,0
65,264,108.686,504.8091576,31932.35559,0,0,0,0,0,0,0,0,0,0,0.62307,0,0.054334717,0.005078032,0
65,264,108.686,504.8091576,31932.35559,0,0,0,0,0,0,0,0,0,0,1.10112,0,0.054334717,0.005078032,0
65,264,108.686,504.8091576,31932.35559,0.22468,0,0,0,0,0,0,0,0,0,0.151728,0,0.054334717,0.005078032,0
65,264,108.686,504.8091576,31932.35559,0.035318,0,0,0.86705,0,0,0,0,0,0,0.151728,0,0.054334717,0.005078032,0
65,264,108.686,504.8091576,31932.35559,0,0,0,0,0,0,0,0,0,0,8.5644,0,0.054334717,0.005078032,75.63414634
65,264,108.686,504.8091576,31932.35559,0,0,0,0,0,0,0,0,0,0,7.8318,0,0.054334717,0.005078032,0
65,264,108.686,504.8091576,31932.35559,0,0,0,0,0,0,0,0,0,0,0,0,0.054334717,0.005078032,0
65,264,108.686,504.8091576,31932.35559,0,0,0,0,0,0,0,0,0,0,0.70503,0,0.054334717,0.005078032,0
65,264,108.686,504.8091576,31932.35559,0,0,0,0,0,0,0.13028,0,0,0,7.2732,0,0.054334717,0.005078032,0
65,264,108.686,504.8091576,31932.35559,0,0,0,0,0,0,0,0,0,0,0.151728,0,0.054334717,0.005078032,12.97560976
65,264,108.686,504.8091576,31932.35559,0.018325,0,0,0,0,0,0,0,0,0,0,0,0.054334717,0.005078032,0
65,264,108.686,504.8091576,31932.35559,0,0,0,0,0,0,0,0,0,0,8.5524,0,0.054334717,0.005078032,0
65,264,108.686,504.8091576,31932.35559,0.020635,0,0,0,0,0.41296,23.562,0,0,0,0,0,0.054334717,0.005078032,0
65,264,108.686,504.8091576,31932.35559,0,0,0,0,0,0,0,0,0,0,0.151728,0,0.054334717,0.005078032,9.56097561
65,264,108.686,504.8091576,31932.35559,0,0,0,0,0,0,0,0,0,0,0.88596,0,0.054334717,0.005078032,0
65,264,108.686,504.8091576,31932.35559,0,0,0,7.5447,0,0,0,0,0,0,0.27432,0,0.054334717,0.005078032,0
65,264,108.686,504.8091576,31932.35559,0,0,0,0,0,0,0,0,0,0,5.1363,0,0.054334717,0.005078032,0
65,264,108.686,504.8091576,31932.35559,3.5238,0,0,0,0,0,0,0,0,0,0.57,0,0.054334717,0.005078032,0
65,264,108.686,504.8091576,31932.35559,0,0,0,0,0,0,0,0,0,0,1.64742,0,0.054334717,0.005078032,18.7804878
65,264,108.686,504.8091576,31932.35559,0,0,0,0,0,0,0.10863,0,0,0,0,0,0.054334717,0.005078032,0
65,264,108.686,504.8091576,31932.35559,0,0,0,0,0,3.0417,0,0,0,0,0.151728,0,0.054334717,0.005078032,0
65,264,108.686,504.8091576,31932.35559,0.011991,0,0,0,0,0,0.13028,0,0,0,11.7525,0,0.054334717,0.005078032,0
65,264,108.686,504.8091576,31932.35559,0,0.78343,0,0,0,0,10.885,0,0,0,1.57107,0,0.054334717,0.005078032,0
65,264,108.686,504.8091576,31932.35559,0,0,0,0,0,0.000766,0,0,0,0,0.151728,0,0.054334717,0.005078032,0
65,264,108.686,504.8091576,31932.35559,0,0.62195,0,0,0,0,0,0,0,0,0.151728,0,0.054334717,0.005078032,0
65,264,108.686,504.8091576,31932.35559,0,0,0.014769,0,0,0,0,0,0,0,4.6839,0,0.054334717,0.005078032,0
65,264,108.686,504.8091576,31932.35559,2.7364,0,0,0,0,0,0,0,0,0,1.42107,0,0.054334717,0.005078032,0
65,264,108.686,504.8091576,31932.35559,0,0,0,0,0,0,70.616,0,0,0,0.151728,0,0.054334717,0.005078032,0
65,264,108.686,504.8091576,31932.35559,0,0,0,0,0,0,0,0,0,0,1.97832,0,0.054334717,0.005078032,0
65,264,108.686,504.8091576,31932.35559,0.54215,0,0,0,0,0,24.738,0,0,0,0.151728,0,0.054334717,0.005078032,0
65,264,108.686,504.8091576,31932.35559,0,0,0,0,0,0,0,0,0,0,0,0,0.054334717,0.005078032,0
65,264,108.686,504.8091576,31932.35559,0,0,0,0,0,0,0,0,0,0,25.7361,0,0.054334717,0.005078032,0
65,264,108.686,504.8091576,31932.35559,0.17784,0,0,0,0,0,0,0,0,0,0.151728,0,0.054334717,0.005078032,0
65,264,108.686,504.8091576,31932.35559,9.2596,0,0,0,0,0,7.6069,0,0,0,0,0,0.054334717,0.005078032,0
65,264,108.686,504.8091576,31932.35559,0.000254,0,0,0,0,0,0,0,0,0,0,0,0.054334717,0.005078032,13.40243902
65,264,108.686,504.8091576,31932.35559,0,0,0,0,0,0,0,0,0,0,0.151728,0,0.054334717,0.005078032,0
65,264,108.686,504.8091576,31932.35559,0,0,0,0,0,0,0,0,0,0,28.1349,0,0.054334717,0.005078032,0
65,264,108.686,504.8091576,31932.35559,0,0,0,27.685,0,0,0,0,0,0,0.181728,0,0.054334717,0.005078032,0
65,264,108.686,504.8091576,31932.35559,0.26916,0,0,0,0,0,0,0,0,0,0.278703,0,0.054334717,0.005078032,0
65,264,108.686,504.8091576,31932.35559,7.7626,0,0,0,0,0,0,0,0,0,0.151728,0,0.054334717,0.005078032,0
65,264,108.686,504.8091576,31932.35559,0,0,0,3.2421,0,0,0,0,0,0,0.151728,0,0.054334717,0.005078032,0
65,264,108.686,504.8091576,31932.35559,0,22.772,0,0,0,0,0,0,0,0,0.151728,0,0.054334717,0.005078032,0
65,264,108.686,504.8091576,31932.35559,0,0,0,0,0,0,0,0,0,0,0,0,0.054334717,0.005078032,0
65,264,108.686,504.8091576,31932.35559,0,0,0,2.4234,0,0,0,0,0,0,0,0,0.054334717,0.005078032,0
65,264,108.686,504.8091576,31932.35559,0.30907,0,0,0,0,0,0,0,0,0,0.70413,0,0.054334717,0.005078032,0
65,264,108.686,504.8091576,31932.35559,0,0,0,0,0,1.3976,0,0,0,0,7.0518,0,0.054334717,0.005078032,0
65,264,108.686,504.8091576,31932.35559,0.049547,0,0,0.006701,0,0,150.43,0,0,0,0,0,0.054334717,0.005078032,0
65,264,108.686,504.8091576,31932.35559,0,0,0,0,0,0,0.13028,0,0,0,0.28509,0,0.054334717,0.005078032,0
65,264,108.686,504.8091576,31932.35559,0,0,0,0,0,2.7494,418.62,0,0,0,0.93813,0,0.054334717,0.005078032,0
65,264,108.686,504.8091576,31932.35559,0,0,0,0,0,0,0.13028,0,0,0,0,0,0.054334717,0.005078032,0
65,264,108.686,504.8091576,31932.35559,0,0,0,0,0,0,0,0,0,0,0,0,0.054334717,0.005078032,0
65,264,108.686,504.8091576,31932.35559,1.4231,0.001463,0,0.008333,0,0,0,0,0,0,0,0,0.054334717,0.005078032,0
65,264,108.686,504.8091576,31932.35559,0.084223,0,0,0,0,0,0,0,0,0,0,0,0.054334717,0.005078032,0
65,264,108.686,504.8091576,31932.35559,0,0,0,1.9954,0,0,0,0,0,0,0.151728,0,0.054334717,0.005078032,0
65,264,108.686,504.8091576,31932.35559,0.089174,0,0,0,0,0,0,0,0,0,18.9018,0,0.054334717,0.005078032,0
65,264,108.686,504.8091576,31932.35559,0,0,0,0,0,0,0,0,0,0,6.9018,0,0.054334717,0.005078032,0
65,264,108.686,504.8091576,31932.35559,0,0,0,0,0,0,0,0,0,0,0.151728,0,0.054334717,0.005078032,0
65,264,108.686,504.8091576,31932.35559,0,0,0,0,0,0,0,0,0,0,16.0194,0,0.054334717,0.005078032,0
65,264,108.686,504.8091576,31932.35559,0.034341,0,0,0,0,0,90.427,0,0,0,0.288246,0,0.054334717,0.005078032,0
65,264,108.686,504.8091576,31932.35559,0,0,0,0,0,0,0.60778,0,0,0,0,0,0.054334717,0.005078032,0
65,264,108.686,504.8091576,31932.35559,1.5489,0,0,0,0,0,0,0,0,0,0.151728,0,0.054334717,0.005078032,0
65,264,108.686,504.8091576,31932.35559,0,0,0,0,0,0,0,0,0,0,8.4681,0,0.054334717,0.005078032,0
65,264,108.686,504.8091576,31932.35559,0,0,0,0,0,0,0.13028,0,0,0,0.282771,0,0.054334717,0.005078032,6.402439024
65,264,108.686,504.8091576,31932.35559,0,0,0,0,0,0,20.52,0,0,0,0.275259,0,0.054334717,0.005078032,0
65,264,108.686,504.8091576,31932.35559,0,0.009099,0,0,0,0,0,0,0,0,0,0,0.054334717,0.005078032,0
65,264,108.686,504.8091576,31932.35559,0,0,0,0,0,0.77886,0,0,0,0,0,0,0.054334717,0.005078032,56.85365854
65,264,108.686,504.8091576,31932.35559,0,0,0,0,0,0,18.465,0,0,0,16.6719,0,0.054334717,0.005078032,0
65,264,108.686,504.8091576,31932.35559,0.81665,0,0,0,0,0,0,0,0,0,0.27711,0,0.054334717,0.005078032,0
65,264,108.686,504.8091576,31932.35559,0,0,0,0,0,0,0.13028,0,0,0,0.151728,0,0.054334717,0.005078032,0
65,264,108.686,504.8091576,31932.35559,0,0,0,0.008333,0,0,5.9005,0,0,0,0.151728,0,0.054334717,0.005078032,0
65,264,108.686,504.8091576,31932.35559,0,0,0,0,0,0,0,0,0,0,0.151728,0,0.054334717,0.005078032,0
65,264,108.686,504.8091576,31932.35559,0,0,0,0,0,0.008505,0,0,0,0,0.151728,0,0.054334717,0.005078032,0
65,264,108.686,504.8091576,31932.35559,0,0,0,0,0,0,0,0,0,0,10.4865,0,0.054334717,0.005078032,0
65,264,108.686,504.8091576,31932.35559,0,0,0,0,0,0,0,0,0,0,0,0,0.054334717,0.005078032,0
65,264,108.686,504.8091576,31932.35559,0,0,0,0,0,0,0,0,0,0,0.151728,0,0.054334717,0.005078032,0
65,264,108.686,504.8091576,31932.35559,0.084223,0,0,0,0,0,0,0,0,0,0.151728,0,0.054334717,0.005078032,0
65,264,108.686,504.8091576,31932.35559,0,0,0,0,0,0,0,0,0,0,0,0,0.054334717,0.005078032,0
65,264,108.686,504.8091576,31932.35559,0,0,0,15.948,0,0,0,0,0,0,0.151728,0,0.054334717,0.005078032,0
65,264,108.686,504.8091576,31932.35559,0.048756,0.91598,0,0,0,0,0,0,0,0,5.037,0,0.054334717,0.005078032,38.92682927
65,264,108.686,504.8091576,31932.35559,0,0,0,0,0,9.7412,115.6,0,0,0,1.65174,0,0.054334717,0.005078032,0
65,264,108.686,504.8091576,31932.35559,0.20828,0,0,0,0,0,0,0,0,0,0,0,0.054334717,0.005078032,0
65,264,108.686,504.8091576,31932.35559,0,0,0,0,0,0,0,0,0,0,0,0,0.054334717,0.005078032,0
65,264,108.686,504.8091576,31932.35559,11.232,0,0,0,0,0,0,0,0,0,123.993,0,0.054334717,0.005078032,0
65,264,108.686,504.8091576,31932.35559,26.245,0,0,0.0071766,0,0,0,0,0,0,0.151728,0,0.054334717,0.005078032,0
65,264,108.686,504.8091576,31932.35559,0,1.7044,0,0,0,0,0,0,0,0,10.7733,0,0.054334717,0.005078032,0
65,264,108.686,504.8091576,31932.35559,0,0,0,0,0,0,0,0,0,0,0.280578,0,0.054334717,0.005078032,0
65,264,108.686,504.8091576,31932.35559,0,0,0,0,0,0,0,0,0,0,123.459,0,0.054334717,0.005078032,0
65,264,108.686,504.8091576,31932.35559,2.1632,0,0,0,0,0.025755,0,0,0,0,0.151728,0,0.054334717,0.005078032,82.12195122
65,264,108.686,504.8091576,31932.35559,0,0,0,8.4565,0,0,0,0,0,0,123.993,0,0.054334717,0.005078032,0
65,264,108.686,504.8091576,31932.35559,2.1632,0,0,0,0,0,25.722,0,0,0,0,0,0.054334717,0.005078032,0
65,264,108.686,504.8091576,31932.35559,0,0.10759,0,0,0,0.79321,0.021726,0,0,0,0.151728,0,0.054334717,0.005078032,0
65,264,108.686,504.8091576,31932.35559,0,0.005239,0,0.86705,0,0.79291,246.03,0,0,0,0,0,0.054334717,0.005078032,0
65,264,108.686,504.8091576,31932.35559,9.2596,0,4.0198,0,0,0,0,0,0,0,0,0,0.054334717,0.005078032,0
65,264,108.686,504.8091576,31932.35559,0,0,0,0,0,0,0.13028,0,0,0,0,0,0.054334717,0.005078032,0
65,264,108.686,504.8091576,31932.35559,0.009454,0,0,0,0,0,0,0,0,0,0,0,0.054334717,0.005078032,0
65,264,108.686,504.8091576,31932.35559,0.17204,0,0,0,0,0,0.60778,0,0,0,0.279882,0,0.054334717,0.005078032,40.37804878
65,264,108.686,504.8091576,31932.35559,0,0,0,0,0,0,0,0,0,0,0.151728,0,0.054334717,0.005078032,0
65,264,108.686,504.8091576,31932.35559,0,0,0,0,0,0,0,0,0,0,30.648,0,0.054334717,0.005078032,0
65,264,108.686,504.8091576,31932.35559,0,0,0,0,0,0,0,0,0,0,12.0405,0,0.054334717,0.005078032,0
65,264,108.686,504.8091576,31932.35559,76.216,0,0,0.78133,0,0.000012,0,0,0,0,0.278526,0,0.054334717,0.005078032,0
65,264,108.686,504.8091576,31932.35559,0,0,0,0,0,0,450.61,0,0,0,5.2239,0,0.054334717,0.005078032,0
65,264,108.686,504.8091576,31932.35559,0,0,0,0,0,0,0,0,0,0,17.3325,0,0.054334717,0.005078032,0
65,264,108.686,504.8091576,31932.35559,0,1.3736,0,0,0,0,0,0,0,0,12.0081,0,0.054334717,0.005078032,0
65,264,108.686,504.8091576,31932.35559,0,0,0,0,0,0,0,0,0,0,0.151728,0,0.054334717,0.005078032,48.91463415
65,264,108.686,504.8091576,31932.35559,0,0,0,0,0,0,0,0,0,0,7.2168,0,0.054334717,0.005078032,0
65,264,108.686,504.8091576,31932.35559,0,0,0,0,0,0,0,0,0,0,0,0,0.054334717,0.005078032,0
65,264,108.686,504.8091576,31932.35559,0,1.5633,0,0.003821,0,3.8128,52.042,0,0,0,9.4383,0,0.054334717,0.005078032,0
65,264,108.686,504.8091576,31932.35559,0,0,0,0,0,0,0,0,0,0,0.285792,0,0.054334717,0.005078032,0
65,264,108.686,504.8091576,31932.35559,0,0,0,0,0,0,82.366,0,0,0,0,0,0.054334717,0.005078032,0
65,264,108.686,504.8091576,31932.35559,0.40581,0,0,0,0,0.10908,0,0,0,0,0.33174,0,0.054334717,0.005078032,0
65,264,108.686,504.8091576,31932.35559,0,10.628,0,0,0,0,0,0,0,0,0.151728,0,0.054334717,0.005078032,0
65,264,108.686,504.8091576,31932.35559,0.014654,0,0,0,0,0,1.7503,0,0,0,0.151728,0,0.054334717,0.005078032,0
65,264,108.686,504.8091576,31932.35559,1.6777,0,0,0,0,0,0.13028,0,0,0,0.280578,0,0.054334717,0.005078032,0
65,264,108.686,504.8091576,31932.35559,0.005629,0.0062716,3.655,0,0,0,0.059897,0,0,0,0.31755,0,0.054334717,0.005078032,0
65,264,108.686,504.8091576,31932.35559,0.005411,0,0,0,0,0,46.678,0,0,0,0.151728,0,0.054334717,0.005078032,0
65,264,108.686,504.8091576,31932.35559,0,0.002998,0,0,0,0,0,0,0,0,0.151728,0,0.054334717,0.005078032,0
65,264,108.686,504.8091576,31932.35559,0.034341,0,0,0,0,0,55.61,0,0,0,0,0,0.054334717,0.005078032,0
65,264,108.686,504.8091576,31932.35559,12.876,0,0,1.6247,0,0,0,0,0,0,0.151728,0,0.054334717,0.005078032,0
65,264,108.686,504.8091576,31932.35559,0.17204,0,0,0,0,0,0,0,0,0,1.97832,0,0.054334717,0.005078032,0
65,264,108.686,504.8091576,31932.35559,0.009348,2.3255,0,0,0,0,0,0,0,0,0.273339,0,0.054334717,0.005078032,0
65,264,108.686,504.8091576,31932.35559,0,0,0,0.007102,0,0.79321,0,0,0,0,1.04805,0,0.054334717,0.005078032,0
65,264,108.686,504.8091576,31932.35559,0.36503,0,0,0,0,0,0,0,0,0,0.151728,0,0.054334717,0.005078032,42.51219512
65,264,108.686,504.8091576,31932.35559,0,0,0,0,0,0,0,0,0,0,0.151728,0,0.054334717,0.005078032,0
65,264,108.686,504.8091576,31932.35559,0,0,0,0,0,0,0,0,0,0,0.278703,0,0.054334717,0.005078032,0
65,264,108.686,504.8091576,31932.35559,0,0,0,0,0,0,70.512,0,0,0,6.2793,0,0.054334717,0.005078032,0
65,264,108.686,504.8091576,31932.35559,0,0,0,0,0,0,90.427,0,0,0,0.151728,0,0.054334717,0.005078032,0
65,264,108.686,504.8091576,31932.35559,0,0,0,0,0,0,0,0,0,0,8.7618,0,0.054334717,0.005078032,0
65,264,108.686,504.8091576,31932.35559,0,0,0,0,0,0,0,0,0,0,58.353,0,0.054334717,0.005078032,37.81707317
65,264,108.686,504.8091576,31932.35559,0.016315,0,0,0,0,0,0,0,0,0,4.8618,0,0.054334717,0.005078032,0
65,264,108.686,504.8091576,31932.35559,0,0,0,0,0,0,0,0,0,0,0,0,0.054334717,0.005078032,0
65,264,108.686,504.8091576,31932.35559,0,0,0,0.0062156,0,0,0,0,0,0,0.151728,0,0.054334717,0.005078032,0
65,264,108.686,504.8091576,31932.35559,0,0.22052,0,0,0,0,0,0,0,0,0.151728,0,0.054334717,0.005078032,0
65,264,108.686,504.8091576,31932.35559,0,0,1.6694,0.00524,0,0,0,0,0,0,0,0,0.054334717,0.005078032,0
65,264,108.686,504.8091576,31932.35559,0,0,33.498,0,0,0,60.458,0,0,0,7.0536,0,0.054334717,0.005078032,0
65,264,108.686,504.8091576,31932.35559,0.010507,0,0,0,0,0,78.014,0,0,0,0.151728,0,0.054334717,0.005078032,0
65,264,108.686,504.8091576,31932.35559,0,0,0,0,0,0,24.147,0,0,0,0.42174,0,0.054334717,0.005078032,0
65,264,108.686,504.8091576,31932.35559,0.00021,0.00524,0,0.00524,0,0,0,0,0,0,7.2732,0,0.054334717,0.005078032,0
65,264,108.686,504.8091576,31932.35559,0.016666,0,0,0,0,0,0,0,0,0,0.151728,0,0.054334717,0.005078032,0
65,264,108.686,504.8091576,31932.35559,8.9156,0,0,0,0,0,0,0,0,0,0.151728,0,0.054334717,0.005078032,0
65,264,108.686,504.8091576,31932.35559,0,63.087,0,0,0,0,0,0,0,0,0.151728,0,0.054334717,0.005078032,31.24390244
65,264,108.686,504.8091576,31932.35559,0.611,0,0,0,0,0,0,0,0,0,12.4689,0,0.054334717,0.005078032,0
65,264,108.686,504.8091576,31932.35559,0,0.0071988,0,0,0,0,0,0,0,0,6.102,0,0.054334717,0.005078032,0
65,264,108.686,504.8091576,31932.35559,0,0,0,0.22375,0,0,0.76987,0,0,0,0.151728,0,0.054334717,0.005078032,0
65,264,108.686,504.8091576,31932.35559,2.0562,0,0,0,0,0,16.743,0,0,0,178.56,0,0.054334717,0.005078032,0
65,264,108.686,504.8091576,31932.35559,0,0,0,0,0,0,16.051,0,0,0,4.9119,0,0.054334717,0.005078032,0
65,264,108.686,504.8091576,31932.35559,0,0,0,0,0,0,0,0,0,0,0.151728,0,0.054334717,0.005078032,0
65,264,108.686,504.8091576,31932.35559,0,31.873,0,0,0,0,418.62,0,0,0,0,0,0.054334717,0.005078032,0
65,264,108.686,504.8091576,31932.35559,0.26916,0,0,0,0,0,0,0,0,0,0.151728,0,0.054334717,0.005078032,0
65,264,108.686,504.8091576,31932.35559,0,0,0.020774,0,0,0,0,0,0,0,0.151728,0,0.054334717,0.005078032,0
65,264,108.686,504.8091576,31932.35559,4.6079,0,0,0.0067817,0,0,0,0,0,0,0,0,0.054334717,0.005078032,0
65,264,108.686,504.8091576,31932.35559,0.6449,0,0,0,0,0,0,0,0,0,0.151728,0,0.054334717,0.005078032,0
65,264,108.686,504.8091576,31932.35559,0.029081,0,0,0,0,0,38.153,0,0,0,10.9065,0,0.054334717,0.005078032,0
65,264,108.686,504.8091576,31932.35559,0,0,0,0.38083,0,0.78085,0,0,0,0,0.31125,0,0.054334717,0.005078032,0
65,264,108.686,504.8091576,31932.35559,0,0,0,0,0,0,0,0,0,0,0,0,0.054334717,0.005078032,62.91463415
65,264,108.686,504.8091576,31932.35559,0,0,0,0,0,0,159.64,0,0,0,0.151728,0,0.054334717,0.005078032,0
65,264,108.686,504.8091576,31932.35559,0,0,0,0,0,0,0,0,0,0,0.278694,0,0.054334717,0.005078032,0
65,264,108.686,504.8091576,31932.35559,0,0,0,3.7064,0,0,0.42744,0,0,0,16.9656,0,0.054334717,0.005078032,0
65,264,108.686,504.8091576,31932.35559,0,0,0,0,0,0,0,0,0,0,0.151728,0,0.054334717,0.005078032,0
65,264,108.686,504.8091576,31932.35559,0,0,0,0,0,0,0,0,0,0,0.151728,0,0.054334717,0.005078032,0
65,264,108.686,504.8091576,31932.35559,0,0,0,0,0,0,0,0,0,0,0.151728,0,0.054334717,0.005078032,0
65,264,108.686,504.8091576,31932.35559,0,0,0,0,0,0,0,0,0,0,0.151728,0,0.054334717,0.005078032,0
65,264,108.686,504.8091576,31932.35559,0.1295,0,0,0,0,0,0,0,0,0,0.151728,0,0.054334717,0.005078032,0
65,264,108.686,504.8091576,31932.35559,16.007,0,0,0,0,0,0,0,0,0,0,0,0.054334717,0.005078032,0
65,264,108.686,504.8091576,31932.35559,0,0,0,0,0,0,0,0,0,0,0.70413,0,0.054334717,0.005078032,0
65,264,108.686,504.8091576,31932.35559,0,0,0,0,0,0,0,0,0,0,0.181728,0,0.054334717,0.005078032,0
65,264,108.686,504.8091576,31932.35559,0.002344,0,0,0.021207,0,0.167,0,0,0,0,73.308,0,0.054334717,0.005078032,0
65,264,108.686,504.8091576,31932.35559,0.002344,0,0,0,0,0.77921,16.253,0,0,0,0.151728,0,0.054334717,0.005078032,0
65,264,108.686,504.8091576,31932.35559,0.43529,0,0,5.3818,0,0,0,0,0,0,78.063,0,0.054334717,0.005078032,0
65,264,108.686,504.8091576,31932.35559,0,0,0,0,0,0,0.13028,0,0,0,0,0,0.054334717,0.005078032,0
65,264,108.686,504.8091576,31932.35559,0,0,0,0,0,0.005318,0.13028,0,0,0,0.151728,0,0.054334717,0.005078032,0
65,264,108.686,504.8091576,31932.35559,0,0,0,0.10787,0,0,0.021726,0,0,0,0,0,0.054334717,0.005078032,46.86585366
65,264,108.686,504.8091576,31932.35559,0,0,0,0,0,0,0,0,0,0,0.151728,0,0.054334717,0.005078032,0
65,264,108.686,504.8091576,31932.35559,0.02398,0,0,0,0,0,0,0,0,0,0.293496,0,0.054334717,0.005078032,0
65,264,108.686,504.8091576,31932.35559,0,0,0,0,0,0.79321,0,0,0,0,47.328,0,0.054334717,0.005078032,0
65,264,108.686,504.8091576,31932.35559,0,0,0,0,0,0,0.13028,0,0,0,6.2793,0,0.054334717,0.005078032,0
65,264,108.686,504.8091576,31932.35559,0.078882,0,0,5.557,0,0,0.67927,0,0,0,0,0,0.054334717,0.005078032,0
65,264,108.686,504.8091576,31932.35559,7.1925,0,0,0,0,0.0084925,0,0,0,0,6.8154,0,0.054334717,0.005078032,0
65,264,108.686,504.8091576,31932.35559,0,0,0,0,0,0,0,0,0,0,24.0468,0,0.054334717,0.005078032,0
65,264,108.686,504.8091576,31932.35559,0,0,0,0,0,0,5.7772,0,0,0,0.151728,0,0.054334717,0.005078032,0
65,264,108.686,504.8091576,31932.35559,0,0,0,0,0,0,0,0,0,0,0,0,0.054334717,0.005078032,0
65,264,108.686,504.8091576,31932.35559,0.0071287,3.3727,0,0,0,0,0,0,0,0,7.2732,0,0.054334717,0.005078032,0
65,264,108.686,504.8091576,31932.35559,0,0,0,0,0,0,0,0,0,0,0,0,0.054334717,0.005078032,0
65,264,108.686,504.8091576,31932.35559,0,0,0,0,0,0,4.6129,0,0,0,0,0,0.054334717,0.005078032,0
65,264,108.686,504.8091576,31932.35559,0,0,0,0,0,0,0,0,0,0,198.615,0,0.054334717,0.005078032,0
65,264,108.686,504.8091576,31932.35559,0,0,0.095755,0,0,0,7.6069,0,0,0,25.9959,0,0.054334717,0.005078032,23.47560976
65,264,108.686,504.8091576,31932.35559,0,0,0,0,0,0,0,0,0,0,27.6384,0,0.054334717,0.005078032,0
65,264,108.686,504.8091576,31932.35559,0,0.011751,0,0,0,0,0.13028,0,0,0,0,0,0.054334717,0.005078032,0
65,264,108.686,504.8091576,31932.35559,0,0,0,0,0,0,0,0,0,0,8.4681,0,0.054334717,0.005078032,0
65,264,108.686,504.8091576,31932.35559,0,0,0,0,0,0,0,0,0,0,0.151728,0,0.054334717,0.005078032,0
65,264,108.686,504.8091576,31932.35559,0,0,0,0.17145,0,0.79321,0,0,0,0,9.7824,0,0.054334717,0.005078032,0
65,264,108.686,504.8091576,31932.35559,0.75539,0.003932,0,0.008333,0,0,0,0,0,0,0.70503,0,0.054334717,0.005078032,0
65,264,108.686,504.8091576,31932.35559,0.20828,0,0,0,0,0,0,0,0,0,4.6158,0,0.054334717,0.005078032,0
65,264,108.686,504.8091576,31932.35559,0,0,0,0.71681,0,0,0.13028,0,0,0,3.6159,0,0.054334717,0.005078032,0
65,264,108.686,504.8091576,31932.35559,0,0,0,0,0,0,0,0,0,0,1.01106,0,0.054334717,0.005078032,0
65,264,108.686,504.8091576,31932.35559,0,0,0,0,0,0,0,0,0,0,11.9625,0,0.054334717,0.005078032,0
65,264,108.686,504.8091576,31932.35559,0,0,0,0,0,0,0,0,0,0,0.151728,0,0.054334717,0.005078032,0
65,264,108.686,504.8091576,31932.35559,0,0,0,0,0,0,0,0,0,0,0.151728,0,0.054334717,0.005078032,0
65,264,108.686,504.8091576,31932.35559,0,0.008333,0,0,0,0,0,0,0,0,0,0,0.054334717,0.005078032,42.68292683
65,264,108.686,504.8091576,31932.35559,8.9156,0,0,0,0,0,13.802,0,0,0,1.26477,0,0.054334717,0.005078032,0
65,264,108.686,504.8091576,31932.35559,0,6.2542,0,0,0,0,0,0,0,0,0.28509,0,0.054334717,0.005078032,0
65,264,108.686,504.8091576,31932.35559,0,0,0,0,0,0,0,0,0,0,2.39871,0,0.054334717,0.005078032,0
65,264,108.686,504.8091576,31932.35559,0,6.4273,0,0,0,0,0,0,0,0,42.879,0,0.054334717,0.005078032,0
65,264,108.686,504.8091576,31932.35559,0,0,0,0,0,0,0,0,0,0,10.9077,0,0.054334717,0.005078032,0
65,264,108.686,504.8091576,31932.35559,0,0.005639,0,0,0,0,0,0,0,0,0,0,0.054334717,0.005078032,0
65,264,108.686,504.8091576,31932.35559,0,0,0,0,0,0.79321,0,0,0,0,0,0,0.054334717,0.005078032,0
65,264,108.686,504.8091576,31932.35559,5.1443,0.020115,0,0,0,0,0,0,0,0,0,0,0.054334717,0.005078032,25.35365854
65,264,108.686,504.8091576,31932.35559,0,0,0,0,0,0,0,0,0,0,43.602,0,0.054334717,0.005078032,0
65,264,108.686,504.8091576,31932.35559,0,0,0,92.109,0,0,0,0,0,0,0.151728,0,0.054334717,0.005078032,0
65,264,108.686,504.8091576,31932.35559,0,0,0,0,0,0,0,0,0,0,2.60853,0,0.054334717,0.005078032,0
65,264,108.686,504.8091576,31932.35559,2.7364,0,0,0,0,0,0,0,0,0,0,0,0.054334717,0.005078032,0
65,264,108.686,504.8091576,31932.35559,0,0,0,0,0,0,0.021726,0,0,0,4.5105,0,0.054334717,0.005078032,28.68292683
65,264,108.686,504.8091576,31932.35559,0,0,0,0,0,0,0,0,0,0,2.73105,0,0.054334717,0.005078032,0
65,264,108.686,504.8091576,31932.35559,2.5027,1.5777,0,0,0,0,0,0,0,0,0.93561,0,0.054334717,0.005078032,0
65,264,108.686,504.8091576,31932.35559,0,0,0,0,0,0,83.098,0,0,0,3.3057,0,0.054334717,0.005078032,0
65,264,108.686,504.8091576,31932.35559,0,0,0,0,0,3.0417,0.13028,0,0,0,0.151728,0,0.054334717,0.005078032,0
65,264,108.686,504.8091576,31932.35559,0,0,0,0.009003,0,0,0,0,0,0,0,0,0.054334717,0.005078032,0
65,264,108.686,504.8091576,31932.35559,0,0,0,0,0,0,0,0,0,0,0.151728,0,0.054334717,0.005078032,0
65,264,108.686,504.8091576,31932.35559,0,0,0,0,0,0.14521,0,0,0,0,0.151728,0,0.054334717,0.005078032,0
65,264,108.686,504.8091576,31932.35559,0,0,0,0,0,0,0,0,0,0,10.5072,0,0.054334717,0.005078032,0
65,264,108.686,504.8091576,31932.35559,2.444,0,0,0.060169,0,0.77921,12.807,0,0,0,0,0,0.054334717,0.005078032,0
65,264,108.686,504.8091576,31932.35559,0.065984,0,0.0035775,6.8731,0,0,0,0,0,0,2.91441,0,0.054334717,0.005078032,0
65,264,108.686,504.8091576,31932.35559,0.001192,0,0,0,0,0,0,0,0,0,11.9625,0,0.054334717,0.005078032,0
65,264,108.686,504.8091576,31932.35559,0.005766,0.17761,0,0,0,0,0,0,0,0,2.91441,0,0.054334717,0.005078032,0
65,264,108.686,504.8091576,31932.35559,8.701,0,0,0,0,0.77921,0,0,0,0,1.97832,0,0.054334717,0.005078032,0
65,264,108.686,504.8091576,31932.35559,0,0,0,0,0,0.51002,0,0,0,0,7.0536,0,0.054334717,0.005078032,0
65,264,108.686,504.8091576,31932.35559,0,8.876,0,0,0,0,0,0,0,0,2.34429,0,0.054334717,0.005078032,0
65,264,108.686,504.8091576,31932.35559,0,0,0,0,0,0,0,0,0,0,0,0,0.054334717,0.005078032,0
65,264,108.686,504.8091576,31932.35559,0,0,0,0,0,0,0,0,0,0,0,0,0.054334717,0.005078032,0
65,264,108.686,504.8091576,31932.35559,0.17485,0.001326,0,0,0,0,0,0,0,0,0,0,0.054334717,0.005078032,0
65,264,108.686,504.8091576,31932.35559,0,0,0,0,0,0,0,0,0,0,0,0,0.054334717,0.005078032,0
65,264,108.686,504.8091576,31932.35559,0,0.008333,0,0,0,0.10908,0,0,0,0,29.4918,0,0.054334717,0.005078032,0
65,264,108.686,504.8091576,31932.35559,0,0.016216,0,0,0,0,110.03,0,0,0,0,0,0.054334717,0.005078032,0
65,264,108.686,504.8091576,31932.35559,34.054,0.0087735,0,0,0,0,0.13028,0,0,0,0.151728,0,0.054334717,0.005078032,0
65,264,108.686,504.8091576,31932.35559,0.030824,0,0,0,0,0.00111,0,0,0,0,0,0,0.054334717,0.005078032,0
65,264,108.686,504.8091576,31932.35559,0,0,0,0,0,0.79291,0,0,0,0,0,0,0.054334717,0.005078032,0
65,264,108.686,504.8091576,31932.35559,1.7,0,0,0,0,0,0,0,0,0,0,0,0.054334717,0.005078032,0
65,264,108.686,504.8091576,31932.35559,0,0,0,0,0,0,19.592,0,0,0,2.2572,0,0.054334717,0.005078032,0
65,264,108.686,504.8091576,31932.35559,0,0,0,1.1722,0,0,0,0,0,0,37.836,0,0.054334717,0.005078032,72.04878049
65,264,108.686,504.8091576,31932.35559,0.048756,0,0,0,0,0.31644,0,0,0,0,0,0,0.054334717,0.005078032,0
65,264,108.686,504.8091576,31932.35559,0,0,0,0,0,0,0.13028,0,0,0,15.2718,0,0.054334717,0.005078032,0
65,264,108.686,504.8091576,31932.35559,0,0,0,0,0,0,0,0,0,0,30.648,0,0.054334717,0.005078032,0
65,264,108.686,504.8091576,31932.35559,0,0,0,3.7064,0,0.80296,0,0,0,0,0,0,0.054334717,0.005078032,0
65,264,108.686,504.8091576,31932.35559,0,0,0,0.008333,0,0,0,0,0,0,0.151728,0,0.054334717,0.005078032,0
65,264,108.686,504.8091576,31932.35559,0,0,0,0,0,0,0,0,0,0,0.151728,0,0.054334717,0.005078032,0
65,264,108.686,504.8091576,31932.35559,0,0,0,0,0,0,0.002308,0,0,0,13.494,0,0.054334717,0.005078032,0
65,264,108.686,504.8091576,31932.35559,0.003173,0,0.3746,0,0,0,0,0,0,0,0,0,0.054334717,0.005078032,0
65,264,108.686,504.8091576,31932.35559,0,0,0,0,0,0,71.337,0,0,0,0.45174,0,0.054334717,0.005078032,0
65,264,108.686,504.8091576,31932.35559,0,0,0,0,0,0.002317,0,0,0,0,0.151728,0,0.054334717,0.005078032,0
65,264,108.686,504.8091576,31932.35559,0,0,0,0,0,0,0,0,0,0,1.47333,0,0.054334717,0.005078032,0
65,264,108.686,504.8091576,31932.35559,0,0,0,0,0,0,0,0,0,0,0,0,0.054334717,0.005078032,0
65,264,108.686,504.8091576,31932.35559,0.016486,0,0,0,0,0,0,0,0,0,6.5418,0,0.054334717,0.005078032,0
65,264,108.686,504.8091576,31932.35559,0.0033855,0,0,0,0,0,0.13028,0,0,0,5.2239,0,0.054334717,0.005078032,0
65,264,108.686,504.8091576,31932.35559,0.017186,0,0,0,0,0,0,0,0,0,6.2793,0,0.054334717,0.005078032,0
65,264,108.686,504.8091576,31932.35559,0.41388,0,0,0,0,0,0,0,0,0,0.151728,0,0.054334717,0.005078032,0
65,264,108.686,504.8091576,31932.35559,0,0,0,6.8731,0,0,300.86,0,0,0,0.197586,0,0.054334717,0.005078032,0
65,264,108.686,504.8091576,31932.35559,0,0,0,0.037057,0,0,0,0,0,0,0,0,0.054334717,0.005078032,0
65,264,108.686,504.8091576,31932.35559,0,0,0,0,0,0,0,0,0,0,69.483,0,0.054334717,0.005078032,0
65,264,108.686,504.8091576,31932.35559,0.017562,0,0,0,0,0,0,0,0,0,0.78999,0,0.054334717,0.005078032,10.75609756
65,264,108.686,504.8091576,31932.35559,0.43242,0,1.966,0,0,1.6194,0,0,0,0,0.151728,0,0.054334717,0.005078032,0
65,264,108.686,504.8091576,31932.35559,0,0,0,0,0,0,0,0,0,0,1.85526,0,0.054334717,0.005078032,0
65,264,108.686,504.8091576,31932.35559,0.92918,0,0,0,0,0,0,0,0,0,0.90174,0,0.054334717,0.005078032,0
65,264,108.686,504.8091576,31932.35559,0,0,0,0,0,0,0,0,0,0,0,0,0.054334717,0.005078032,0
65,264,108.686,504.8091576,31932.35559,0,0,0,0,0,0,0,0,0,0,3.9402,0,0.054334717,0.005078032,47.7195122
65,264,108.686,504.8091576,31932.35559,0,0,0,0,0,0,0,0,0,0,13.494,0,0.054334717,0.005078032,0
65,264,108.686,504.8091576,31932.35559,0,0,0,0,0,0,0,0,0,0,0.151728,0,0.054334717,0.005078032,0
65,264,108.686,504.8091576,31932.35559,0.24532,0,0,0.003932,0,0.31644,0,0,0,0,0.241728,0,0.054334717,0.005078032,0
65,264,108.686,504.8091576,31932.35559,0.003173,0,0,0,0,0,0,0,0,0,0.151728,0,0.054334717,0.005078032,0
65,264,108.686,504.8091576,31932.35559,0,0,0,0,0,0,0,0,0,0,0.73911,0,0.054334717,0.005078032,0
65,264,108.686,504.8091576,31932.35559,0,0,0,0,0,0,0,0,0,0,0,0,0.054334717,0.005078032,0
65,264,108.686,504.8091576,31932.35559,0.000688,0,0,0,0,0.068895,278.45,0,0,0,4.0518,0,0.054334717,0.005078032,0
65,264,108.686,504.8091576,31932.35559,0,0,0,0,0,0,0,0,0,0,0,0,0.054334717,0.005078032,0
65,264,108.686,504.8091576,31932.35559,0,0,0,0,0,0,0,0,0,0,149.193,0,0.054334717,0.005078032,0
65,264,108.686,504.8091576,31932.35559,0,0,0,0,0,0,0.13028,0,0,0,25.7361,0,0.054334717,0.005078032,0
65,264,108.686,504.8091576,31932.35559,0,0,0,0,0,0,0,0,0,0,0.151728,0,0.054334717,0.005078032,0
65,264,108.686,504.8091576,31932.35559,0,0,0,0,0,0.0084925,0,0,0,0,17.3418,0,0.054334717,0.005078032,0
65,264,108.686,504.8091576,31932.35559,0.000765,0,0,0,0,0,0,0,0,0,0,0,0.054334717,0.005078032,0
65,264,108.686,504.8091576,31932.35559,0,0,0,0,0,0,0,0,0,0,3.7518,0,0.054334717,0.005078032,0
65,264,108.686,504.8091576,31932.35559,0,0,0,0,0,0,21.683,0,0,0,0,0,0.054334717,0.005078032,0
65,264,108.686,504.8091576,31932.35559,5.1443,0,0,0,0,0,5.9005,0,0,0,0.273339,0,0.054334717,0.005078032,0
65,264,108.686,504.8091576,31932.35559,0,0,0,0,0,0,0,0,0,0,30.648,0,0.054334717,0.005078032,0
65,264,108.686,504.8091576,31932.35559,0,0,0,0,0,0,0.13028,0,0,0,0,0,0.054334717,0.005078032,0
65,264,108.686,504.8091576,31932.35559,0.003827,0,0,0,0,0,0,0,0,0,3.3018,0,0.054334717,0.005078032,0
65,264,108.686,504.8091576,31932.35559,0,0.22052,0,0.008333,0,0,0,0,0,0,7.6818,0,0.054334717,0.005078032,0
65,264,108.686,504.8091576,31932.35559,1.0767,0.020115,0,0,0,0.79321,0,0,0,0,0,0,0.054334717,0.005078032,0
65,264,108.686,504.8091576,31932.35559,0,0,0,0,0,0,0,0,0,0,25.9959,0,0.054334717,0.005078032,0
65,264,108.686,504.8091576,31932.35559,0,0,0,0,0,0,0,0,0,0,0,0,0.054334717,0.005078032,0
65,264,108.686,504.8091576,31932.35559,0,0,0,0,0,0.000766,10.513,0,0,0,0.151728,0,0.054334717,0.005078032,0
65,264,108.686,504.8091576,31932.35559,2.3489,0,0,0,0,0.57598,0,0,0,0,0.151728,0,0.054334717,0.005078032,0
65,264,108.686,504.8091576,31932.35559,0,0,0,0,0,0.00111,0,0,0,0,79.893,0,0.054334717,0.005078032,0
65,264,108.686,504.8091576,31932.35559,0,0,0,0,0,0,0,0,0,0,0.273339,0,0.054334717,0.005078032,34.57317073
65,264,108.686,504.8091576,31932.35559,16.595,0,0,0.008332,0,0,0,0,0,0,0.151728,0,0.054334717,0.005078032,0
65,264,108.686,504.8091576,31932.35559,0,0,0,0,0,0,0,0,0,0,14.8218,0,0.054334717,0.005078032,0
65,264,108.686,504.8091576,31932.35559,0,0,0,0,0,0,0.13028,0,0,0,0.151728,0,0.054334717,0.005078032,0
65,264,108.686,504.8091576,31932.35559,16.595,0,0,0,0,0,277.52,0,0,0,0.151728,0,0.054334717,0.005078032,0
65,264,108.686,504.8091576,31932.35559,0,29.539,0,0,0,0,0,0,0,0,0.151728,0,0.054334717,0.005078032,0
65,264,108.686,504.8091576,31932.35559,0,0,0,0,0,0,0.60778,0,0,0,0.65616,0,0.054334717,0.005078032,0
65,264,108.686,504.8091576,31932.35559,0,0,0,0,0,0,0,0,0,0,0.181728,0,0.054334717,0.005078032,0
65,264,108.686,504.8091576,31932.35559,0,0,0,0,0,0,0,0,0,0,0.90174,0,0.054334717,0.005078032,0
65,264,108.686,504.8091576,31932.35559,0,0,0,0,0,0,0,0,0,0,0.151728,0,0.054334717,0.005078032,0
65,264,108.686,504.8091576,31932.35559,0,0,0,0,0,0,0,0,0,0,0,0,0.054334717,0.005078032,31.41463415
65,264,108.686,504.8091576,31932.35559,0.078882,0,0,0,0,0,0.13028,0,0,0,0.151728,0,0.054334717,0.005078032,0
65,264,108.686,504.8091576,31932.35559,0,0,0,0,0,0,0.13028,0,0,0,0.181728,0,0.054334717,0.005078032,0
65,264,108.686,504.8091576,31932.35559,2.7291,0,0,0,0,0,0,0,0,0,0.151728,0,0.054334717,0.005078032,0
65,264,108.686,504.8091576,31932.35559,0,0,0,0,0,0.79321,0,0,0,0,0.151728,0,0.054334717,0.005078032,0
65,264,108.686,504.8091576,31932.35559,2.9519,0,0.008308,0,0,0,0.13028,0,0,0,4.5105,0,0.054334717,0.005078032,0
65,264,108.686,504.8091576,31932.35559,0,0,0,0,0,0,0,0,0,0,61.47,0,0.054334717,0.005078032,0
65,264,108.686,504.8091576,31932.35559,0.000081,0,0,5.2199,0,0,0,0,0,0,0.151728,0,0.054334717,0.005078032,0
65,264,108.686,504.8091576,31932.35559,0,0,0,0,0,0,0,0,0,0,0.151728,0,0.054334717,0.005078032,0
65,264,108.686,504.8091576,31932.35559,0.1963,0,0,0,0,0,0,0,0,0,0.151728,0,0.054334717,0.005078032,0
65,264,108.686,504.8091576,31932.35559,0,0,0,0,0,0,41.059,0,0,0,0,0,0.054334717,0.005078032,0
65,264,108.686,504.8091576,31932.35559,22.547,0.028131,0,0,0,0,2.7405,0,0,0,1.97832,0,0.054334717,0.005078032,0
65,264,108.686,504.8091576,31932.35559,0,0,0,1.2382,0,0,0,0,0,0,6.108,0,0.054334717,0.005078032,0
65,264,108.686,504.8091576,31932.35559,0.1295,0,0.77267,0,0,0,0,0,0,0,0.72228,0,0.054334717,0.005078032,0
65,264,108.686,504.8091576,31932.35559,0,13.809,0,0,0,0,0,0,0,0,0.151728,0,0.054334717,0.005078032,0
65,264,108.686,504.8091576,31932.35559,0,0,0,0,0,0,12.807,0,0,0,7.1259,0,0.054334717,0.005078032,0
65,264,108.686,504.8091576,31932.35559,0,0,0,0,0,0,0,0,0,0,47.883,0,0.054334717,0.005078032,0
65,264,108.686,504.8091576,31932.35559,0,0,0,0,0,1.3976,0,0,0,0,0.151728,0,0.054334717,0.005078032,0
65,264,108.686,504.8091576,31932.35559,0,0,0,0,0,0,0,0,0,0,29.4918,0,0.054334717,0.005078032,0
65,264,108.686,504.8091576,31932.35559,0,0,0,0,0,0,0,0,0,0,0.151728,0,0.054334717,0.005078032,0
65,264,108.686,504.8091576,31932.35559,0,0,0,0,0,0,0,0,0,0,15.2718,0,0.054334717,0.005078032,0
65,264,108.686,504.8091576,31932.35559,0,0,0,0,0,0,16.94,0,0,0,0,0,0.054334717,0.005078032,0
65,264,108.686,504.8091576,31932.35559,0,0,0,0,0,0,0,0,0,0,10.6209,0,0.054334717,0.005078032,0
65,264,108.686,504.8091576,31932.35559,0.99281,0,0,0,0,0,0,0,0,0,0,0,0.054334717,0.005078032,0
65,264,108.686,504.8091576,31932.35559,0,0,0,0,0,0,0,0,0,0,0.273021,0,0.054334717,0.005078032,0
65,264,108.686,504.8091576,31932.35559,0,0.12112,0,0,0,0.79321,0,0,0,0,0.151728,0,0.054334717,0.005078032,34.57317073
65,264,108.686,504.8091576,31932.35559,0,0,0,0,0,0,0,0,0,0,0,0,0.054334717,0.005078032,0
65,264,108.686,504.8091576,31932.35559,1.0767,0,0.09387,0,0,0,0,0,0,0,0,0,0.054334717,0.005078032,0
65,264,108.686,504.8091576,31932.35559,0,0,0,0,0,0,0,0,0,0,19.5987,0,0.054334717,0.005078032,0
65,264,108.686,504.8091576,31932.35559,0,0.0094855,0,0,0,0,0,0,0,0,0.151728,0,0.054334717,0.005078032,0
65,264,108.686,504.8091576,31932.35559,0.00328,0,0,0,0,0,0,0,0,0,1.57107,0,0.054334717,0.005078032,0
65,264,108.686,504.8091576,31932.35559,0,0,0,0,0,0,0,0,0,0,0.151728,0,0.054334717,0.005078032,0
65,264,108.686,504.8091576,31932.35559,0,0,0,0,0,0,0,0,0,0,0.279615,0,0.054334717,0.005078032,0
65,264,108.686,504.8091576,31932.35559,0.00062,0,0,0,0,0,0,0,0,0,19.2018,0,0.054334717,0.005078032,0
65,264,108.686,504.8091576,31932.35559,0,0,0,0,0,0,0,0,0,0,34.746,0,0.054334717,0.005078032,0
65,264,108.686,504.8091576,31932.35559,0.006869,0,0,0,0,0.015103,0,0,0,0,0.34593,0,0.054334717,0.005078032,0
65,264,108.686,504.8091576,31932.35559,0,0,0.058398,0,0,0,0,0,0,0,0,0,0.054334717,0.005078032,0
65,264,108.686,504.8091576,31932.35559,0,0,0,0,0,0,1.3964,0,0,0,0.65616,0,0.054334717,0.005078032,0
65,264,108.686,504.8091576,31932.35559,0,0,0,0,0,0,0,0,0,0,2.69043,0,0.054334717,0.005078032,0
65,264,108.686,504.8091576,31932.35559,0,0,0,0,0,0,0,0,0,0,0.151728,0,0.054334717,0.005078032,0
65,264,108.686,504.8091576,31932.35559,1.3251,0,0,0,0,0,0,0,0,0,1.62018,0,0.054334717,0.005078032,0
65,264,108.686,504.8091576,31932.35559,0,0,0,0,0,0,0,0,0,0,5.7318,0,0.054334717,0.005078032,0
65,264,108.686,504.8091576,31932.35559,0,0,0,0,0,0,0,0,0,0,6.3789,0,0.054334717,0.005078032,0
65,264,108.686,504.8091576,31932.35559,0,0,0,0,0,0,50.853,0,0,0,0,0,0.054334717,0.005078032,0
65,264,108.686,504.8091576,31932.35559,0,0,0,0,0,0,0,0,0,0,6.108,0,0.054334717,0.005078032,0
65,264,108.686,504.8091576,31932.35559,2.7364,0,0,0,0,0,0,0,0,0,3.0075,0,0.054334717,0.005078032,0
65,264,108.686,504.8091576,31932.35559,0,0,0,0.007697,0,3.0417,0,0,0,0,1.08339,0,0.054334717,0.005078032,0
65,264,108.686,504.8091576,31932.35559,0.42108,0,0,0,0,0,150.43,0,0,0,0.68376,0,0.054334717,0.005078032,75.63414634
65,264,108.686,504.8091576,31932.35559,0,0,0,0,0,0,0,0,0,0,0.27711,0,0.054334717,0.005078032,0
65,264,108.686,504.8091576,31932.35559,0,0,0,0,0,0,0,0,0,0,25.9959,0,0.054334717,0.005078032,0
65,264,108.686,504.8091576,31932.35559,0,0,0,0,0,0,0,0,0,0,0.151728,0,0.054334717,0.005078032,0
65,264,108.686,504.8091576,31932.35559,0,0,0,0,0,0,0,0,0,0,0.31755,0,0.054334717,0.005078032,0
65,264,108.686,504.8091576,31932.35559,0.001192,0.000688,0,0,0,0,0,0,0,0,0,0,0.054334717,0.005078032,0
65,264,108.686,504.8091576,31932.35559,0.003485,34.063,0,0,0,0,0,0,0,0,0.151728,0,0.054334717,0.005078032,0
65,264,108.686,504.8091576,31932.35559,0.090401,0,0,0,0,0,0,0,0,0,0.151728,0,0.054334717,0.005078032,0
65,264,108.686,504.8091576,31932.35559,0,2.9696,0,0,0,0,0.059897,0,0,0,47.883,0,0.054334717,0.005078032,0
65,264,108.686,504.8091576,31932.35559,0,0,0,0,0,0.018933,0,0,0,0,1.02657,0,0.054334717,0.005078032,66.24390244
65,264,108.686,504.8091576,31932.35559,0,0,0,0,0,0,0.13028,0,0,0,0,0,0.054334717,0.005078032,0
65,264,108.686,504.8091576,31932.35559,34.054,0.0034765,0,0,0,0,0,0,0,0,0,0,0.054334717,0.005078032,0
65,264,108.686,504.8091576,31932.35559,0,0,0,0,0,0,0,0,0,0,0,0,0.054334717,0.005078032,0
65,264,108.686,504.8091576,31932.35559,0,0,0,0,0,0.77921,0,0,0,0,0.151728,0,0.054334717,0.005078032,0
65,264,108.686,504.8091576,31932.35559,0.00571,0,0,20.985,0,0,0,0,0,0,0.151728,0,0.054334717,0.005078032,0
65,264,108.686,504.8091576,31932.35559,26.245,2.4749,0,0,0,0,0,0,0,0,96.627,0,0.054334717,0.005078032,0
65,264,108.686,504.8091576,31932.35559,0,0,0,0,0,0,27.352,0,0,0,5.0652,0,0.054334717,0.005078032,0
65,264,108.686,504.8091576,31932.35559,0.009454,0,0.017147,0,0,0.78972,0,0,0,0,0,0,0.054334717,0.005078032,0
65,264,108.686,504.8091576,31932.35559,0,0,0,0,0,0,0,0,0,0,1.67382,0,0.054334717,0.005078032,0
65,264,108.686,504.8091576,31932.35559,0.02398,0,0,0,0,0,0,0,0,0,10.6818,0,0.054334717,0.005078032,0
65,264,108.686,504.8091576,31932.35559,0.00052,0,0,0,0,0,0,0,0,0,0.151728,0,0.054334717,0.005078032,0
65,264,108.686,504.8091576,31932.35559,0,0,0,0,0,0,4.8122,0,0,0,0.31074,0,0.054334717,0.005078032,0
65,264,108.686,504.8091576,31932.35559,0.003948,0,0,0,0,0,0,0,0,0,0.151728,0,0.054334717,0.005078032,0
65,264,108.686,504.8091576,31932.35559,0,0,0,0,0,0,0,0,0,0,9.4383,0,0.054334717,0.005078032,0
65,264,108.686,504.8091576,31932.35559,0.14645,0.00644,0,0,0,0,0.13028,0,0,0,0,0,0.054334717,0.005078032,0
65,264,108.686,504.8091576,31932.35559,0,0,0,0,0,0,28.088,0,0,0,0,0,0.054334717,0.005078032,0
65,264,108.686,504.8091576,31932.35559,0,0,0,0,0,0,0,0,0,0,0,0,0.054334717,0.005078032,0
65,264,108.686,504.8091576,31932.35559,0,0,0,2.9542,0,0.77858,0,0,0,0,6.528,0,0.054334717,0.005078032,0
66,265,65.55,1124.576457,71136.53699,0.061621,0,0,0,0,0,0.13028,0,0,0,0.151728,0,0.121037312,0.011311945,0
66,265,65.55,1124.576457,71136.53699,0.00036,0,0,0,0,8.2994,10.904,0,0,0,0.297708,0,0.121037312,0.011311945,0
66,265,65.55,1124.576457,71136.53699,0,3.1283,0,0,0,0,0,0,0,0,0,0,0.121037312,0.011311945,0
66,265,65.55,1124.576457,71136.53699,0,0,0,0.008333,0,0,0,0,0,0,0.151728,0,0.121037312,0.011311945,0
66,265,65.55,1124.576457,71136.53699,0,0,0,0,0,0,0,0,0,0,0.151728,0,0.121037312,0.011311945,0
66,265,65.55,1124.576457,71136.53699,0,2.8414,0,0,0,0,0,0,0,0,10.6809,0,0.121037312,0.011311945,0
66,265,65.55,1124.576457,71136.53699,0,0,0,0,0,0.0068495,0,0,0,0,0,0,0.121037312,0.011311945,0
66,265,65.55,1124.576457,71136.53699,9.2596,0,0,0,0,0,12.373,0,0,0,3.6918,0,0.121037312,0.011311945,54.80487805
66,265,65.55,1124.576457,71136.53699,0.000254,0,0,0,0,0,23.847,0,0,0,0.151728,0,0.121037312,0.011311945,0
66,265,65.55,1124.576457,71136.53699,0,0.00043,0,0.008333,0,0,12.354,0,0,0,66.645,0,0.121037312,0.011311945,0
66,265,65.55,1124.576457,71136.53699,5.4374,0,0,0.00524,0,0,0,0,0,0,111.96,0,0.121037312,0.011311945,0
66,265,65.55,1124.576457,71136.53699,0,0,0,0,0,0,0.80081,0,0,0,0,0,0.121037312,0.011311945,0
66,265,65.55,1124.576457,71136.53699,0,0,0,0,0,0,0,0,0,0,5.1447,0,0.121037312,0.011311945,0
66,265,65.55,1124.576457,71136.53699,0,0,0,0,0,0,0,0,0,0,0.151728,0,0.121037312,0.011311945,0
66,265,65.55,1124.576457,71136.53699,0.040524,0,0,0,0,0,0,0,0,0,0.181728,0,0.121037312,0.011311945,0
66,265,65.55,1124.576457,71136.53699,0,0,0,0,0,0,0,0,0,0,0,0,0.121037312,0.011311945,0
66,265,65.55,1124.576457,71136.53699,0,0,0,0,0,0,0,0,0,0,12.6336,0,0.121037312,0.011311945,0
66,265,65.55,1124.576457,71136.53699,0,0,0,0,0,0,0,0,0,0,0,0,0.121037312,0.011311945,0
66,265,65.55,1124.576457,71136.53699,0,0,0.15241,0,0,0,0,0,0,0,0.151728,0,0.121037312,0.011311945,0
66,265,65.55,1124.576457,71136.53699,0,0,0,0,0,0,0,0,0,0,15.9147,0,0.121037312,0.011311945,0
66,265,65.55,1124.576457,71136.53699,0,0,0,0,0,0,0,0,0,0,30.786,0,0.121037312,0.011311945,0
66,265,65.55,1124.576457,71136.53699,0,0,0,0,0,0.36807,0,0,0,0,0,0,0.121037312,0.011311945,0
66,265,65.55,1124.576457,71136.53699,0,0,0,0.0071766,0,0,0,0,0,0,7.2732,0,0.121037312,0.011311945,0
66,265,65.55,1124.576457,71136.53699,0,0.061561,0,0,0,0,0,0,0,0,0,0,0.121037312,0.011311945,0
66,265,65.55,1124.576457,71136.53699,0.46518,0,0,0,0,0,0,0,0,0,12.6336,0,0.121037312,0.011311945,0
66,265,65.55,1124.576457,71136.53699,0,0,0,0,0,0,0,0,0,0,0.151728,0,0.121037312,0.011311945,0
66,265,65.55,1124.576457,71136.53699,0,0,0,0,0,0,0,0,0,0,0.151728,0,0.121037312,0.011311945,0
66,265,65.55,1124.576457,71136.53699,0,0,0,0,0,0,0,0,0,0,0,0,0.121037312,0.011311945,0
66,265,65.55,1124.576457,71136.53699,0,0,0,0.003295,0,0,0,0,0,0,0,0,0.121037312,0.011311945,0
66,265,65.55,1124.576457,71136.53699,0.000081,0,0,0,0,0,0,0,0,0,0.151728,0,0.121037312,0.011311945,0
66,265,65.55,1124.576457,71136.53699,0.0053115,0,0,0.008046,0,0,0,0,0,0,14.8218,0,0.121037312,0.011311945,0
66,265,65.55,1124.576457,71136.53699,0.00062,0,0,0,0,0.167,0.13028,0,0,0,0,0,0.121037312,0.011311945,0
66,265,65.55,1124.576457,71136.53699,0.81665,0,0,0,0,0,0,0,0,0,0.151728,0,0.121037312,0.011311945,15.53658537
66,265,65.55,1124.576457,71136.53699,0.00247,0,0,0,0,0.51002,0.008333,0,0,0,0,0,0.121037312,0.011311945,77.42682927
66,265,65.55,1124.576457,71136.53699,0,0,0,0.016032,0,0,0,0,0,0,0.271128,0,0.121037312,0.011311945,65.98780488
66,265,65.55,1124.576457,71136.53699,0,0,0,0,0,0,0.13028,0,0,0,3.4635,0,0.121037312,0.011311945,0
66,265,65.55,1124.576457,71136.53699,0,0.000739,0,0,0,0,0,0,0,0,0,0,0.121037312,0.011311945,0
66,265,65.55,1124.576457,71136.53699,0.00901,0.00524,0.004884,0,0,0,0,0,0,0,0.151728,0,0.121037312,0.011311945,0
66,265,65.55,1124.576457,71136.53699,0.010052,0.17761,0,0,0,0,0.80081,0,0,0,0,0,0.121037312,0.011311945,0
66,265,65.55,1124.576457,71136.53699,0.009454,1.6924,0,0.21229,0,0,0,0,0,0,0,0,0.121037312,0.011311945,0
66,265,65.55,1124.576457,71136.53699,0,0,0,0,0,0,0.80081,0,0,0,0.151728,0,0.121037312,0.011311945,55.91463415
66,265,65.55,1124.576457,71136.53699,2.0033,0,0,0,0,0,0,0,0,0,0.151728,0,0.121037312,0.011311945,0
66,265,65.55,1124.576457,71136.53699,0.009348,0,7.8329,0,0,0.056253,0,0,0,0,0,0,0.121037312,0.011311945,0
66,265,65.55,1124.576457,71136.53699,0,0,0,0,0,0,8.1131,0,0,0,6.9018,0,0.121037312,0.011311945,0
66,265,65.55,1124.576457,71136.53699,0,0,0,0,0,0,0,0,0,0,0,0,0.121037312,0.011311945,5.804878049
66,265,65.55,1124.576457,71136.53699,0,0,0,0,0,0,0,0,0,0,0.151728,0,0.121037312,0.011311945,0
66,265,65.55,1124.576457,71136.53699,0,0,0,0,0,0,0.008333,0,0,0,1.01106,0,0.121037312,0.011311945,0
66,265,65.55,1124.576457,71136.53699,0,0,0,0,0,0,34.809,0,0,0,0,0,0.121037312,0.011311945,0
66,265,65.55,1124.576457,71136.53699,7.7626,0,0.008333,1.4473,0,0,12.708,0,0,0,0.2871,0,0.121037312,0.011311945,0
66,265,65.55,1124.576457,71136.53699,0,0,0,15.948,0,0,0,0,0,0,0,0,0.121037312,0.011311945,0
66,265,65.55,1124.576457,71136.53699,0.059844,0,0,0,0,0,45.364,0,0,0,14.5008,0,0.121037312,0.011311945,54.37804878
66,265,65.55,1124.576457,71136.53699,0,0,0,0,0,0,0,0,0,0,3.3057,0,0.121037312,0.011311945,0
66,265,65.55,1124.576457,71136.53699,0.1927,0,0,0.004588,0,0,0,0,0,0,5.6202,0,0.121037312,0.011311945,48.91463415
66,265,65.55,1124.576457,71136.53699,0,0,0,0,0,0,0,0,0,0,6.5508,0,0.121037312,0.011311945,0
66,265,65.55,1124.576457,71136.53699,0,0,0,0,0,0,0,0,0,0,0,0,0.121037312,0.011311945,78.62195122
66,265,65.55,1124.576457,71136.53699,0,0,0,0,0,0,0,0,0,0,9.4983,0,0.121037312,0.011311945,0
66,265,65.55,1124.576457,71136.53699,0,0.009099,0,0,0,0.056253,0,0,0,0,0.151728,0,0.121037312,0.011311945,0
66,265,65.55,1124.576457,71136.53699,0,0,0,0,0,0,0,0,0,0,0.271128,0,0.121037312,0.011311945,0
66,265,65.55,1124.576457,71136.53699,0,0,0,0,0,0,385.54,0,0,0,0.151728,0,0.121037312,0.011311945,0
66,265,65.55,1124.576457,71136.53699,0,0,0,0,0,0,0,0,0,0,1.62018,0,0.121037312,0.011311945,0
66,265,65.55,1124.576457,71136.53699,0,0,0,0,0,0,0,0,0,0,52.695,0,0.121037312,0.011311945,0
66,265,65.55,1124.576457,71136.53699,0,0,0,0.78133,0,0,0,0,0,0,0.271128,0,0.121037312,0.011311945,0
66,265,65.55,1124.576457,71136.53699,0,0,0,0,0,0,1.6669,0,0,0,0,0,0.121037312,0.011311945,0
66,265,65.55,1124.576457,71136.53699,0,0,0,0,0,0.12278,28.088,0,0,0,0.37014,0,0.121037312,0.011311945,48.06097561
66,265,65.55,1124.576457,71136.53699,0,0,0,0.00524,0,0,38.153,0,0,0,0.151728,0,0.121037312,0.011311945,0
66,265,65.55,1124.576457,71136.53699,0,0,0,0,0,0,0,0,0,0,0.65616,0,0.121037312,0.011311945,0
66,265,65.55,1124.576457,71136.53699,0.015944,0,0,0,0,0,0,0,0,0,1.62018,0,0.121037312,0.011311945,0
66,265,65.55,1124.576457,71136.53699,0,0,0,0,0,0,0,0,0,0,1.04637,0,0.121037312,0.011311945,0
66,265,65.55,1124.576457,71136.53699,0,1.8308,0,0,0,0,0,0,0,0,0.73911,0,0.121037312,0.011311945,0
66,265,65.55,1124.576457,71136.53699,0.046641,0,0,0,0,0,0,0,0,0,1.62048,0,0.121037312,0.011311945,0
66,265,65.55,1124.576457,71136.53699,0,0,0,0,0,0,10.513,0,0,0,11.0037,0,0.121037312,0.011311945,0
66,265,65.55,1124.576457,71136.53699,0,0,0,0,0,0,0,0,0,0,0.151728,0,0.121037312,0.011311945,43.02439024
66,265,65.55,1124.576457,71136.53699,3.3758,0,0,0,0,0,0,0,0,0,0.151728,0,0.121037312,0.011311945,16.98780488
66,265,65.55,1124.576457,71136.53699,0,0,0,0,0,0,28.515,0,0,0,25.2354,0,0.121037312,0.011311945,0
66,265,65.55,1124.576457,71136.53699,0,0,0,0,0,0,0,0,0,0,0.70503,0,0.121037312,0.011311945,36.45121951
66,265,65.55,1124.576457,71136.53699,0.11095,0,0,0,0,0,0,0,0,0,0.151728,0,0.121037312,0.011311945,0
66,265,65.55,1124.576457,71136.53699,0,0,0,0,0,0,6.3055,0,0,0,10.3965,0,0.121037312,0.011311945,0
66,265,65.55,1124.576457,71136.53699,0,0,0,0,0,0,0.76987,0,0,0,6.3561,0,0.121037312,0.011311945,0
66,265,65.55,1124.576457,71136.53699,0,0,0,0,0,0,0,0,0,0,2.69043,0,0.121037312,0.011311945,0
66,265,65.55,1124.576457,71136.53699,0,0,0,0,0,0,0.13028,0,0,0,0.151728,0,0.121037312,0.011311945,0
66,265,65.55,1124.576457,71136.53699,0,0,0,0,0,0,0,0,0,0,0.151728,0,0.121037312,0.011311945,0
66,265,65.55,1124.576457,71136.53699,0,0,0,0,0,0,0,0,0,0,0.31755,0,0.121037312,0.011311945,0
66,265,65.55,1124.576457,71136.53699,0,0,0,0,0,0,83.098,0,0,0,0,0,0.121037312,0.011311945,0
66,265,65.55,1124.576457,71136.53699,0,0,0,0.000124,0,0,0,0,0,0,0.151728,0,0.121037312,0.011311945,0
66,265,65.55,1124.576457,71136.53699,0,0,0,0.008332,0,0,0,0,0,0,0.151728,0,0.121037312,0.011311945,0
66,265,65.55,1124.576457,71136.53699,0,0,0,0,0,0,0,0,0,0,0.241728,0,0.121037312,0.011311945,0
66,265,65.55,1124.576457,71136.53699,0.44662,0,0,0.0055919,0,0,0,0,0,0,0.151728,0,0.121037312,0.011311945,0
66,265,65.55,1124.576457,71136.53699,0,0,0,0,0,0,0,0,0,0,0.181728,0,0.121037312,0.011311945,30.13414634
66,265,65.55,1124.576457,71136.53699,0,1.3736,0,0,0,0,0,0,0,0,0.151728,0,0.121037312,0.011311945,0
66,265,65.55,1124.576457,71136.53699,0,2.9696,0,0.002741,0,0,0.059897,0,0,0,73.296,0,0.121037312,0.011311945,61.54878049
66,265,65.55,1124.576457,71136.53699,0,0,0,0,0,0,78.014,0,0,0,0.151728,0,0.121037312,0.011311945,0
66,265,65.55,1124.576457,71136.53699,0,0,0,0,0,0,3.1279,0,0,0,17.2392,0,0.121037312,0.011311945,0
66,265,65.55,1124.576457,71136.53699,0,0,0,0,0,0,0,0,0,0,0.181728,0,0.121037312,0.011311945,22.2804878
66,265,65.55,1124.576457,71136.53699,0,0,0,0,0,0,0,0,0,0,0,0,0.121037312,0.011311945,0
66,265,65.55,1124.576457,71136.53699,0.35553,0,0,0.0071766,0,0,0,0,0,0,0.151728,0,0.121037312,0.011311945,0
66,265,65.55,1124.576457,71136.53699,0,0,0,0,0,0,0,0,0,0,73.308,0,0.121037312,0.011311945,0
66,265,65.55,1124.576457,71136.53699,0,0,0,0,0,0,27.171,0,0,0,0.151728,0,0.121037312,0.011311945,6.146341463
66,265,65.55,1124.576457,71136.53699,0,0,0,0,0,0.79321,216.94,0,0,0,12.4689,0,0.121037312,0.011311945,0
66,265,65.55,1124.576457,71136.53699,0,0,0,0,0,0,0,0,0,0,0,0,0.121037312,0.011311945,0
66,265,65.55,1124.576457,71136.53699,5.4374,0,0,0,0,0.77904,0,0,0,0,0.151728,0,0.121037312,0.011311945,0
66,265,65.55,1124.576457,71136.53699,0,0,0,37.837,0,0,3.8779,0,0,0,0.151728,0,0.121037312,0.011311945,0
66,265,65.55,1124.576457,71136.53699,0.005629,1.0111,0,0,0,0,0,0,0,0,12.6336,0,0.121037312,0.011311945,0
66,265,65.55,1124.576457,71136.53699,0.005713,0,0,0,0,0,0,0,0,0,0.151728,0,0.121037312,0.011311945,0
66,265,65.55,1124.576457,71136.53699,0,0,0,0,0,0,0,0,0,0,0.151728,0,0.121037312,0.011311945,0
66,265,65.55,1124.576457,71136.53699,0,0,0,59.511,0,0,0,0,0,0,0.151728,0,0.121037312,0.011311945,0
66,265,65.55,1124.576457,71136.53699,0,0,0,0,0,0,0.59876,0,0,0,5.6202,0,0.121037312,0.011311945,0
66,265,65.55,1124.576457,71136.53699,0.066847,0,0,0,0,0,0,0,0,0,14.4138,0,0.121037312,0.011311945,0
66,265,65.55,1124.576457,71136.53699,0,0,0,0,0,0,0,0,0,0,0,0,0.121037312,0.011311945,0
66,265,65.55,1124.576457,71136.53699,0,0,0,0,0,0,0,0,0,0,13.494,0,0.121037312,0.011311945,9.56097561
66,265,65.55,1124.576457,71136.53699,0,0,0,0,0,0,0.008333,0,0,0,0.151728,0,0.121037312,0.011311945,0
66,265,65.55,1124.576457,71136.53699,0,0,0,0,0,0.78608,18.465,0,0,0,0.151728,0,0.121037312,0.011311945,0
66,265,65.55,1124.576457,71136.53699,0.26564,0,0,0,0,3.584,60.458,0,0,0,0.70764,0,0.121037312,0.011311945,1.365853659
66,265,65.55,1124.576457,71136.53699,0,0.39083,0,0,0,0.79321,0,0,0,0,0.151728,0,0.121037312,0.011311945,0
66,265,65.55,1124.576457,71136.53699,0,0,0,0,0,0,0,0,0,0,0.151728,0,0.121037312,0.011311945,0
66,265,65.55,1124.576457,71136.53699,0,0,0,0,0,0.78099,35.163,0,0,0,0,0,0.121037312,0.011311945,0
66,265,65.55,1124.576457,71136.53699,0,0,0,0,0,0,0,0,0,0,0.278694,0,0.121037312,0.011311945,0
66,265,65.55,1124.576457,71136.53699,0,0,0,0,0,0,203.53,0,0,0,0.94704,0,0.121037312,0.011311945,0
66,265,65.55,1124.576457,71136.53699,0,0.001493,0,0.01502,0,12.358,0.13028,0,0,0,0.151728,0,0.121037312,0.011311945,0
66,265,65.55,1124.576457,71136.53699,0,0,0,0,0,0,109.42,0,0,0,0.151728,0,0.121037312,0.011311945,0
66,265,65.55,1124.576457,71136.53699,0,0,0,0,0,0,0,0,0,0,0,0,0.121037312,0.011311945,0
66,265,65.55,1124.576457,71136.53699,4.8177,0,0,0,0,0,0,0,0,0,0.77829,0,0.121037312,0.011311945,0
66,265,65.55,1124.576457,71136.53699,8.701,0,0,0,0,0,0,0,0,0,9.9018,0,0.121037312,0.011311945,0
66,265,65.55,1124.576457,71136.53699,0,0,0.076941,0,0,0,0,0,0,0,0.273324,0,0.121037312,0.011311945,0
66,265,65.55,1124.576457,71136.53699,1.1589,0,0,0,0,0,13.928,0,0,0,0.151728,0,0.121037312,0.011311945,0
66,265,65.55,1124.576457,71136.53699,0,0,0,0,0,0,0,0,0,0,0,0,0.121037312,0.011311945,0
66,265,65.55,1124.576457,71136.53699,30.067,0,0,183.5,0,0,0,0,0,0,16.3047,0,0.121037312,0.011311945,0
66,265,65.55,1124.576457,71136.53699,2.1632,0,9.225,0,0,0,0,0,0,0,3.7518,0,0.121037312,0.011311945,0
66,265,65.55,1124.576457,71136.53699,0,9.4781,0,0,0,0,109.42,0,0,0,44.763,0,0.121037312,0.011311945,18.26829268
66,265,65.55,1124.576457,71136.53699,0.016623,0,0,0,0,0,0,0,0,0,0.45174,0,0.121037312,0.011311945,0
66,265,65.55,1124.576457,71136.53699,0,0,0,0,0,0,0,0,0,0,4.1406,0,0.121037312,0.011311945,0
66,265,65.55,1124.576457,71136.53699,0,0,0,0,0,0,0,0,0,0,0.151728,0,0.121037312,0.011311945,49
66,265,65.55,1124.576457,71136.53699,0,0,0,0,0,0,0,0,0,0,0.75174,0,0.121037312,0.011311945,0
66,265,65.55,1124.576457,71136.53699,0,0,0,0,0,0,27.171,0,0,0,8.3718,0,0.121037312,0.011311945,0
66,265,65.55,1124.576457,71136.53699,0,1.7044,0,0,0,0,0,0,0,0,0.151728,0,0.121037312,0.011311945,0
66,265,65.55,1124.576457,71136.53699,0,0,0,0,0,47.571,0,0,0,0,45.933,0,0.121037312,0.011311945,0
66,265,65.55,1124.576457,71136.53699,0,0,0,0,0,0,27.171,0,0,0,0,0,0.121037312,0.011311945,4.268292683
66,265,65.55,1124.576457,71136.53699,0,3.1283,0,0,0,0,0,0,0,0,0,0,0.121037312,0.011311945,0
66,265,65.55,1124.576457,71136.53699,0,0,0,0,0,0,0,0,0,0,0,0,0.121037312,0.011311945,0
66,265,65.55,1124.576457,71136.53699,0.016666,0,0,0,0,0,102.85,0,0,0,7.3638,0,0.121037312,0.011311945,46.6097561
66,265,65.55,1124.576457,71136.53699,0.003824,0,0,0,0,0,0,0,0,0,0.181728,0,0.121037312,0.011311945,0
66,265,65.55,1124.576457,71136.53699,0.0061714,0,0,0,0,0,0,0,0,0,0,0,0.121037312,0.011311945,0
66,265,65.55,1124.576457,71136.53699,16.007,0,0,0,0,0,0.13028,0,0,0,1.64958,0,0.121037312,0.011311945,0
66,265,65.55,1124.576457,71136.53699,2.0986,0,0,0,0,1.2923,0,0,0,0,0,0,0.121037312,0.011311945,70.59756098
66,265,65.55,1124.576457,71136.53699,0,0,0,0,0,0,0.13028,0,0,0,6.5418,0,0.121037312,0.011311945,0
66,265,65.55,1124.576457,71136.53699,0,0,0,0,0,0,0,0,0,0,0,0,0.121037312,0.011311945,0
66,265,65.55,1124.576457,71136.53699,0,0,0,0,0,0,0,0,0,0,0,0,0.121037312,0.011311945,0
66,265,65.55,1124.576457,71136.53699,0,0,0,0,0,0,0,0,0,0,0.151728,0,0.121037312,0.011311945,0
66,265,65.55,1124.576457,71136.53699,0,0,0,0,0,0,0,0,0,0,0,0,0.121037312,0.011311945,71.19512195
66,265,65.55,1124.576457,71136.53699,1.6777,0,0,0,0,0,0.13028,0,0,0,5.1363,0,0.121037312,0.011311945,0
66,265,65.55,1124.576457,71136.53699,6.6358,0,0,0,0,0,0,0,0,0,1.96911,0,0.121037312,0.011311945,75.97560976
66,265,65.55,1124.576457,71136.53699,9.2596,0,0,0,0,0,0.002308,0,0,0,1.38174,0,0.121037312,0.011311945,0
66,265,65.55,1124.576457,71136.53699,0,0,0,0,0,0,0.008333,0,0,0,0,0,0.121037312,0.011311945,40.54878049
66,265,65.55,1124.576457,71136.53699,0.003468,0.008671,0,0,0,0,0,0,0,0,11.9403,0,0.121037312,0.011311945,0
66,265,65.55,1124.576457,71136.53699,0.003948,0,0,0,0,0,0,0,0,0,0,0,0.121037312,0.011311945,0
66,265,65.55,1124.576457,71136.53699,0,0,0,0,0,0,0,0,0,0,7.2168,0,0.121037312,0.011311945,0
66,265,65.55,1124.576457,71136.53699,0,0,0,0,0,0,0,0,0,0,0,0,0.121037312,0.011311945,0
66,265,65.55,1124.576457,71136.53699,57.165,0,0,0,0,0,0.13028,0,0,0,0.151728,0,0.121037312,0.011311945,7.426829268
66,265,65.55,1124.576457,71136.53699,0,0,0,0,0,0,0,0,0,0,0,0,0.121037312,0.011311945,66.24390244
66,265,65.55,1124.576457,71136.53699,0.14645,0,0,0,0,0,0,0,0,0,36.924,0,0.121037312,0.011311945,0
66,265,65.55,1124.576457,71136.53699,0,0,0,0,0,0,0,0,0,0,0,0,0.121037312,0.011311945,0
66,265,65.55,1124.576457,71136.53699,3.3758,0,0.049315,0,0,0.008505,454.11,0,0,0,0,0,0.121037312,0.011311945,0
66,265,65.55,1124.576457,71136.53699,0,0,0,0,0,0,0,0,0,0,4.515,0,0.121037312,0.011311945,0
66,265,65.55,1124.576457,71136.53699,0,0,0,0,0,1.6194,0,0,0,0,0.278526,0,0.121037312,0.011311945,0
66,265,65.55,1124.576457,71136.53699,0,0,0,0,0,0.00019,0,0,0,0,1.08339,0,0.121037312,0.011311945,27.57317073
66,265,65.55,1124.576457,71136.53699,0,39.843,0,0.00062,0,0,0,0,0,0,10.9077,0,0.121037312,0.011311945,0
66,265,65.55,1124.576457,71136.53699,0,0,0,0,0,0,9.1869,0,0,0,0,0,0.121037312,0.011311945,23.73170732
66,265,65.55,1124.576457,71136.53699,0.0066659,0,0,0,0,0,0,0,0,0,1.57404,0,0.121037312,0.011311945,16.13414634
66,265,65.55,1124.576457,71136.53699,0,0.008333,0,0,0,0,0.13028,0,0,0,66.645,0,0.121037312,0.011311945,46.09756098
66,265,65.55,1124.576457,71136.53699,0,0.33882,0,0,0,0,0,0,0,0,2.20755,0,0.121037312,0.011311945,0
66,265,65.55,1124.576457,71136.53699,0,0,0.004074,0,0,0,0,0,0,0,0,0,0.121037312,0.011311945,0.853658537
66,265,65.55,1124.576457,71136.53699,0,0,0,0.23248,0,0,0,0,0,0,0.151728,0,0.121037312,0.011311945,38.15853659
66,265,65.55,1124.576457,71136.53699,2.7291,0.000078,0,0.47997,0,0,0,0,0,0,4.4313,0,0.121037312,0.011311945,0
66,265,65.55,1124.576457,71136.53699,0,0,0,0,0,0,21.105,0,0,0,2.96682,0,0.121037312,0.011311945,0
66,265,65.55,1124.576457,71136.53699,0.052268,0,0,0,0,0,0,0,0,0,11.5245,0,0.121037312,0.011311945,0
66,265,65.55,1124.576457,71136.53699,0,0,0,0,0,0,0.13028,0,0,0,0,0,0.121037312,0.011311945,0
66,265,65.55,1124.576457,71136.53699,0,0,0,0,0,0,26.176,0,0,0,0.68376,0,0.121037312,0.011311945,15.53658537
66,265,65.55,1124.576457,71136.53699,51.325,0,0.000138,0,0,0,0,0,0,0,58.353,0,0.121037312,0.011311945,0.768292683
66,265,65.55,1124.576457,71136.53699,0,0,0,0,0,0,12.708,0,0,0,1.90248,0,0.121037312,0.011311945,0
66,265,65.55,1124.576457,71136.53699,0,0,0,0,0,0,0,0,0,0,5.7318,0,0.121037312,0.011311945,7.93902439
66,265,65.55,1124.576457,71136.53699,0.066847,0,0,0,0,0,0.13028,0,0,0,14.8218,0,0.121037312,0.011311945,68.7195122
66,265,65.55,1124.576457,71136.53699,0,0,0,0,0,0,0,0,0,0,0,0,0.121037312,0.011311945,0
66,265,65.55,1124.576457,71136.53699,0.000081,0,0,0,0,0,0,0,0,0,0,0,0.121037312,0.011311945,0
66,265,65.55,1124.576457,71136.53699,0,0,0,0,0,0,0,0,0,0,14.8218,0,0.121037312,0.011311945,0
66,265,65.55,1124.576457,71136.53699,0,0,0,0,0,0,0,0,0,0,0.151728,0,0.121037312,0.011311945,0
66,265,65.55,1124.576457,71136.53699,4.5283,0,0,0,0,0,0,0,0,0,0.151728,0,0.121037312,0.011311945,0
66,265,65.55,1124.576457,71136.53699,1.4231,0,0,0,0,0,0.002308,0,0,0,0.151728,0,0.121037312,0.011311945,0
66,265,65.55,1124.576457,71136.53699,0,0,0,0,0,0,0,0,0,0,0.279489,0,0.121037312,0.011311945,0
66,265,65.55,1124.576457,71136.53699,0,0,0,0,0,0,0,0,0,0,1.42107,0,0.121037312,0.011311945,0
66,265,65.55,1124.576457,71136.53699,0.066847,0,0,0,0,17.13,0,0,0,0,11.7102,0,0.121037312,0.011311945,0
66,265,65.55,1124.576457,71136.53699,0,0,0,0,0,0,0,0,0,0,17.3418,0,0.121037312,0.011311945,79.64634146
66,265,65.55,1124.576457,71136.53699,0,0,0,0,0,0,0,0,0,0,0.78174,0,0.121037312,0.011311945,0
66,265,65.55,1124.576457,71136.53699,0.35553,0,0,0,0,0,0,0,0,0,0.151728,0,0.121037312,0.011311945,0
66,265,65.55,1124.576457,71136.53699,0,0,0,0,0,0.77858,0,0,0,0,0.151728,0,0.121037312,0.011311945,0
66,265,65.55,1124.576457,71136.53699,0,0,0,0.008333,0,0,0,0,0,0,0.151728,0,0.121037312,0.011311945,0
66,265,65.55,1124.576457,71136.53699,26.245,0,0,0,0,0,12.373,0,0,0,8.4681,0,0.121037312,0.011311945,0
66,265,65.55,1124.576457,71136.53699,0,0,0,0.007148,0,0,0,0,0,0,0.151728,0,0.121037312,0.011311945,47.63414634
66,265,65.55,1124.576457,71136.53699,0.000254,0,0,0.49529,0,0,0,0,0,0,0.151728,0,0.121037312,0.011311945,0
66,265,65.55,1124.576457,71136.53699,0,0.013436,0,0,0,0,0,0,0,0,1.90248,0,0.121037312,0.011311945,0
66,265,65.55,1124.576457,71136.53699,0,0,0,0,0,0,22.912,0,0,0,1.97832,0,0.121037312,0.011311945,0
66,265,65.55,1124.576457,71136.53699,0,0,0,0,0,0,0,0,0,0,2.39772,0,0.121037312,0.011311945,0
66,265,65.55,1124.576457,71136.53699,0,0.010144,0,0,0,0,0,0,0,0,0,0,0.121037312,0.011311945,0
66,265,65.55,1124.576457,71136.53699,0,0,0,0,0,0,0.60778,0,0,0,0,0,0.121037312,0.011311945,59.75609756
66,265,65.55,1124.576457,71136.53699,0,0,0,0.005411,0,0,0.10863,0,0,0,0.151728,0,0.121037312,0.011311945,61.80487805
66,265,65.55,1124.576457,71136.53699,0,0,0,0,0,0,0,0,0,0,0.151728,0,0.121037312,0.011311945,0
66,265,65.55,1124.576457,71136.53699,0,0,0,0,0,0,0,0,0,0,0.151728,0,0.121037312,0.011311945,0
66,265,65.55,1124.576457,71136.53699,24.181,0,0,0.070657,0,0,0,0,0,0,5.6418,0,0.121037312,0.011311945,43.70731707
66,265,65.55,1124.576457,71136.53699,0,0.00524,0,0,0,0,0,0,0,0,0.36594,0,0.121037312,0.011311945,0
66,265,65.55,1124.576457,71136.53699,0,0,0,0,0,0,0,0,0,0,0.151728,0,0.121037312,0.011311945,0
66,265,65.55,1124.576457,71136.53699,0,0,0,0,0,0,0,0,0,0,0,0,0.121037312,0.011311945,77.34146341
66,265,65.55,1124.576457,71136.53699,0,0,0,4.2159,0,0,21.958,0,0,0,14.4138,0,0.121037312,0.011311945,0
66,265,65.55,1124.576457,71136.53699,0.16948,0,0,0,0,0,0,0,0,0,27.6384,0,0.121037312,0.011311945,0
66,265,65.55,1124.576457,71136.53699,0,0,0,0,0,0,0.002308,0,0,0,0.151728,0,0.121037312,0.011311945,0
66,265,65.55,1124.576457,71136.53699,0.78607,5.4758,0,0,0,0,0,0,0,0,0,0,0.121037312,0.011311945,1.024390244
66,265,65.55,1124.576457,71136.53699,0.048756,0,0,0,0,7.2179,0.13028,0,0,0,0.151728,0,0.121037312,0.011311945,85.02439024
66,265,65.55,1124.576457,71136.53699,2.5449,0,0,0,0,0,0,0,0,0,0.151728,0,0.121037312,0.011311945,0
66,265,65.55,1124.576457,71136.53699,0,0,0,0,0,0,0,0,0,0,3.6918,0,0.121037312,0.011311945,83.91463415
66,265,65.55,1124.576457,71136.53699,0.42108,0.025069,0,0,0,0,0,0,0,0,4.4787,0,0.121037312,0.011311945,0
66,265,65.55,1124.576457,71136.53699,1.4231,0,0,0,0,0.027861,0.13028,0,0,0,0.151728,0,0.121037312,0.011311945,0
66,265,65.55,1124.576457,71136.53699,0,0,0,0,0,0,0,0,0,0,16.0194,0,0.121037312,0.011311945,0
66,265,65.55,1124.576457,71136.53699,0,0,0,0,0,0,0,0,0,0,3.2457,0,0.121037312,0.011311945,0
66,265,65.55,1124.576457,71136.53699,2.8033,0.008333,0,0,0,0,0,0,0,0,0.151728,0,0.121037312,0.011311945,0
66,265,65.55,1124.576457,71136.53699,0,0,0,0,0,0,17.935,0,0,0,2.21292,0,0.121037312,0.011311945,69.65853659
66,265,65.55,1124.576457,71136.53699,0,0,0,0,0,0,11.775,0,0,0,0,0,0.121037312,0.011311945,37.30487805
66,265,65.55,1124.576457,71136.53699,0,0,0,0,0,0,29.625,0,0,0,0.151728,0,0.121037312,0.011311945,0
66,265,65.55,1124.576457,71136.53699,0,0,0,0.0062156,0,0,0.13028,0,0,0,0.151728,0,0.121037312,0.011311945,22.79268293
66,265,65.55,1124.576457,71136.53699,0,0,0,0,0,0,0,0,0,0,0.151728,0,0.121037312,0.011311945,0
66,265,65.55,1124.576457,71136.53699,0,0,0,0,0,0,0,0,0,0,0,0,0.121037312,0.011311945,0
66,265,65.55,1124.576457,71136.53699,0.000078,0,0,0,0,0,24.515,0,0,0,17.3718,0,0.121037312,0.011311945,71.36585366
66,265,65.55,1124.576457,71136.53699,5.4374,0,0,0,0,0,0,0,0,0,1.28049,0,0.121037312,0.011311945,0
66,265,65.55,1124.576457,71136.53699,0,0.027428,0,0,0,0,0,0,0,0,0.151728,0,0.121037312,0.011311945,6.743902439
66,265,65.55,1124.576457,71136.53699,0,0,0,0,0,0.27566,0,0,0,0,1.70622,0,0.121037312,0.011311945,0
66,265,65.55,1124.576457,71136.53699,0,0,0,0,0,0,23.847,0,0,0,0.181728,0,0.121037312,0.011311945,0
66,265,65.55,1124.576457,71136.53699,0,0,0,0,0,3.4282,0,0,0,0,12.2682,0,0.121037312,0.011311945,0
66,265,65.55,1124.576457,71136.53699,0.048756,0,0,0,0,0,0,0,0,0,0.151728,0,0.121037312,0.011311945,0
66,265,65.55,1124.576457,71136.53699,0.003539,0,0,7.5447,0,0,121.37,0,0,0,15.3204,0,0.121037312,0.011311945,0
66,265,65.55,1124.576457,71136.53699,24.181,0,0,0,0,0,0,0,0,0,0.151728,0,0.121037312,0.011311945,0
66,265,65.55,1124.576457,71136.53699,1.7,0,0,0,0,0,0,0,0,0,18.1353,0,0.121037312,0.011311945,0
66,265,65.55,1124.576457,71136.53699,0,0,0.77267,0,0,0,0,0,0,0,0.285792,0,0.121037312,0.011311945,43.36585366
66,265,65.55,1124.576457,71136.53699,0.0061714,0,0,0,0,0,0,0,0,0,0.151728,0,0.121037312,0.011311945,0
66,265,65.55,1124.576457,71136.53699,0,0,0,0,0,0,705.16,0,0,0,0,0,0.121037312,0.011311945,0
66,265,65.55,1124.576457,71136.53699,6.7272,0,0,0.050374,0,0,14.88,0,0,0,19.4277,0,0.121037312,0.011311945,0
66,265,65.55,1124.576457,71136.53699,0,0,0,0,0,0,0,0,0,0,3.6285,0,0.121037312,0.011311945,0
66,265,65.55,1124.576457,71136.53699,0,0,0,0,0,0,0,0,0,0,35.547,0,0.121037312,0.011311945,0
66,265,65.55,1124.576457,71136.53699,0,0.12387,0,0,0,2.2803,0,0,0,0,7.8318,0,0.121037312,0.011311945,0
66,265,65.55,1124.576457,71136.53699,0.0062479,0,0,0,0,0,0,0,0,0,0.38949,0,0.121037312,0.011311945,0
66,265,65.55,1124.576457,71136.53699,0,0,1.5364,0,0,0,0,0,0,0,0.273384,0,0.121037312,0.011311945,0
66,265,65.55,1124.576457,71136.53699,0.000081,0,0.004625,0.024828,0,0,0,0,0,0,0,0,0.121037312,0.011311945,0
66,265,65.55,1124.576457,71136.53699,0,0,0,5.557,0,0,0,0,0,0,0.271128,0,0.121037312,0.011311945,0
66,265,65.55,1124.576457,71136.53699,0,0,0,0,0,0,0,0,0,0,3.2457,0,0.121037312,0.011311945,0
66,265,65.55,1124.576457,71136.53699,0,0,0,0,0,0,0,0,0,0,0,0,0.121037312,0.011311945,0
66,265,65.55,1124.576457,71136.53699,0,0,0,0,0,0,0,0,0,0,0,0,0.121037312,0.011311945,0
66,265,65.55,1124.576457,71136.53699,0,0,0,0,0,0,0,0,0,0,0,0,0.121037312,0.011311945,0
66,265,65.55,1124.576457,71136.53699,0,0,0,0,0,0,71.337,0,0,0,0.27432,0,0.121037312,0.011311945,26.97560976
66,265,65.55,1124.576457,71136.53699,0,0,0,0,0,0.008505,16.051,0,0,0,0,0,0.121037312,0.011311945,0
66,265,65.55,1124.576457,71136.53699,0,0,0,0,0,0,0,0,0,0,0.151728,0,0.121037312,0.011311945,0
66,265,65.55,1124.576457,71136.53699,0,0,0,0,0,0,0,0,0,0,14.5008,0,0.121037312,0.011311945,0
66,265,65.55,1124.576457,71136.53699,0,0,0,0.0007275,0,0.57598,0,0,0,0,1.85526,0,0.121037312,0.011311945,0
66,265,65.55,1124.576457,71136.53699,0,0,0,0,0,0,0.13028,0,0,0,17.3325,0,0.121037312,0.011311945,0
66,265,65.55,1124.576457,71136.53699,2.5027,0,0,0,0,0,0,0,0,0,1.42239,0,0.121037312,0.011311945,0
66,265,65.55,1124.576457,71136.53699,0,0,0,0,0,0.79321,0,0,0,0,2.10972,0,0.121037312,0.011311945,0
66,265,65.55,1124.576457,71136.53699,0.27485,0,0,0,0,0,0,0,0,0,11.682,0,0.121037312,0.011311945,34.40243902
66,265,65.55,1124.576457,71136.53699,0.00052,0,0.50091,0,0,0,0,0,0,0,3.1278,0,0.121037312,0.011311945,0
66,265,65.55,1124.576457,71136.53699,0,0,0,0,0,0,0,0,0,0,0.273021,0,0.121037312,0.011311945,0
66,265,65.55,1124.576457,71136.53699,0,0,0,0,0,0,0,0,0,0,5.9949,0,0.121037312,0.011311945,0
66,265,65.55,1124.576457,71136.53699,0,39.843,0,0,0,0,0,0,0,0,0.151728,0,0.121037312,0.011311945,0
66,265,65.55,1124.576457,71136.53699,0,0,0,0,0,0,5.6128,0,0,0,0,0,0.121037312,0.011311945,29.2804878
66,265,65.55,1124.576457,71136.53699,0,0,0,0,0,0,0,0,0,0,1.04805,0,0.121037312,0.011311945,0
66,265,65.55,1124.576457,71136.53699,0,0,0,0,0,0,0.13028,0,0,0,0.29151,0,0.121037312,0.011311945,0
66,265,65.55,1124.576457,71136.53699,0,0,0,0,0,769.14,0,0,0,0,3.6918,0,0.121037312,0.011311945,0
66,265,65.55,1124.576457,71136.53699,0,0,0,0,0,0,0.13028,0,0,0,0.151728,0,0.121037312,0.011311945,0
66,265,65.55,1124.576457,71136.53699,0,0,0,0,0,0,0,0,0,0,0.151728,0,0.121037312,0.011311945,0
66,265,65.55,1124.576457,71136.53699,0,0,0,0,0,0,4.6129,0,0,0,0,0,0.121037312,0.011311945,0
66,265,65.55,1124.576457,71136.53699,0,0,0,0,0,0,0,0,0,0,9.0918,0,0.121037312,0.011311945,0
66,265,65.55,1124.576457,71136.53699,0,0,0.3746,0,0,0,0.13028,0,0,0,0.151728,0,0.121037312,0.011311945,0
66,265,65.55,1124.576457,71136.53699,0.001493,0,0,0,0,0,0.059897,0,0,0,0,0,0.121037312,0.011311945,0
66,265,65.55,1124.576457,71136.53699,0,0,0,0,0,0,0,0,0,0,6.2793,0,0.121037312,0.011311945,0
66,265,65.55,1124.576457,71136.53699,0,0,0,0,0,0,0,0,0,0,0.151728,0,0.121037312,0.011311945,0
66,265,65.55,1124.576457,71136.53699,0.017186,0,0,0,0,0,0,0,0,0,0,0,0.121037312,0.011311945,0
66,265,65.55,1124.576457,71136.53699,0.017562,0,0,0,0,0,0,0,0,0,0,0,0.121037312,0.011311945,0
66,265,65.55,1124.576457,71136.53699,0,0,0,0,0,0,0,0,0,0,0,0,0.121037312,0.011311945,0
66,265,65.55,1124.576457,71136.53699,0,0,0,0,0,0,0,0,0,0,0.28509,0,0.121037312,0.011311945,0
66,265,65.55,1124.576457,71136.53699,0.010507,0,0,0,0,0,0,0,0,0,0,0,0.121037312,0.011311945,0
66,265,65.55,1124.576457,71136.53699,0,1.326,0,0,0,0,0,0,0,0,18.9018,0,0.121037312,0.011311945,8.62195122
66,265,65.55,1124.576457,71136.53699,0.001267,1.4262,0,0,0,0,0,0,0,0,5.6418,0,0.121037312,0.011311945,0
66,265,65.55,1124.576457,71136.53699,0,0,0,0,0,0,0,0,0,0,7.4502,0,0.121037312,0.011311945,0
66,265,65.55,1124.576457,71136.53699,0,0,0,70.588,0,0,24.738,0,0,0,0.151728,0,0.121037312,0.011311945,0
66,265,65.55,1124.576457,71136.53699,2.2541,0,0,0,0,769.14,29.228,0,0,0,0,0,0.121037312,0.011311945,0
66,265,65.55,1124.576457,71136.53699,0,0,0,0,0,0,0,0,0,0,0,0,0.121037312,0.011311945,0
66,265,65.55,1124.576457,71136.53699,0.0009415,0,0,0,0,0.0000045,0,0,0,0,3.498,0,0.121037312,0.011311945,0
66,265,65.55,1124.576457,71136.53699,0,0,0,0,0,0,0.13028,0,0,0,39.096,0,0.121037312,0.011311945,0
66,265,65.55,1124.576457,71136.53699,0,0,0,38.653,0,0,0,0,0,0,0,0,0.121037312,0.011311945,0
66,265,65.55,1124.576457,71136.53699,2.6816,0,0,0,0,0,0,0,0,0,0.93813,0,0.121037312,0.011311945,37.64634146
66,265,65.55,1124.576457,71136.53699,0,0,0,0,0,0,0,0,0,0,1.04637,0,0.121037312,0.011311945,0
66,265,65.55,1124.576457,71136.53699,0,0,0,0,0,0,0,0,0,0,0.151728,0,0.121037312,0.011311945,0
66,265,65.55,1124.576457,71136.53699,0.33806,0,0,0,0,0,0,0,0,0,0,0,0.121037312,0.011311945,50.96341463
66,265,65.55,1124.576457,71136.53699,0,0,0,0,0,0,0,0,0,0,0.151728,0,0.121037312,0.011311945,0
66,265,65.55,1124.576457,71136.53699,0,23.23,0,0,0,0.000464,0.13028,0,0,0,0,0,0.121037312,0.011311945,0
66,265,65.55,1124.576457,71136.53699,22.547,0,0,0,0,0,0,0,0,0,3.498,0,0.121037312,0.011311945,0
66,265,65.55,1124.576457,71136.53699,0.10513,0,0,0,0,0.79321,150.43,0,0,0,0.151728,0,0.121037312,0.011311945,0
66,265,65.55,1124.576457,71136.53699,62.524,0,0,0,0,0,0,0,0,0,0.151728,0,0.121037312,0.011311945,0
66,265,65.55,1124.576457,71136.53699,0.63009,0,0,0,0,0,0,0,0,0,0,0,0.121037312,0.011311945,0
66,265,65.55,1124.576457,71136.53699,0,0,0,0,0,0,0,0,0,0,0.151728,0,0.121037312,0.011311945,0
66,265,65.55,1124.576457,71136.53699,0.10513,0,0,0,0,0,0.13028,0,0,0,0.151728,0,0.121037312,0.011311945,24.58536585
66,265,65.55,1124.576457,71136.53699,0,0,0,0.008333,0,0,0,0,0,0,7.1259,0,0.121037312,0.011311945,0
66,265,65.55,1124.576457,71136.53699,0,961.55,0,0,0,0,0,0,0,0,0.290082,0,0.121037312,0.011311945,0
66,265,65.55,1124.576457,71136.53699,0,0,0,0,0,0,0.059897,0,0,0,0.93813,0,0.121037312,0.011311945,0
66,265,65.55,1124.576457,71136.53699,0,0,0,0,0,1.1622,150.43,0,0,0,4.4313,0,0.121037312,0.011311945,0
66,265,65.55,1124.576457,71136.53699,0.057648,0,0,0,0,0,0,0,0,0,0,0,0.121037312,0.011311945,0
66,265,65.55,1124.576457,71136.53699,0,0,0,0,0,0,0,0,0,0,28.1349,0,0.121037312,0.011311945,0
66,265,65.55,1124.576457,71136.53699,0,0,0,0,0,0,0,0,0,0,0.151728,0,0.121037312,0.011311945,0
66,265,65.55,1124.576457,71136.53699,0,0,0,0,0,0,0,0,0,0,0.151728,0,0.121037312,0.011311945,0
66,265,65.55,1124.576457,71136.53699,0,0,0,0,0,739.39,0,0,0,0,0.151728,0,0.121037312,0.011311945,0
66,265,65.55,1124.576457,71136.53699,0,0,0,0.000376,0,0,0,0,0,0,0.34593,0,0.121037312,0.011311945,0
66,265,65.55,1124.576457,71136.53699,0,0,0,0,0,0,0.13028,0,0,0,0,0,0.121037312,0.011311945,58.64634146
66,265,65.55,1124.576457,71136.53699,0,0,0,0,0,0,0.69676,0,0,0,1.85526,0,0.121037312,0.011311945,0
66,265,65.55,1124.576457,71136.53699,0.14645,0,0,0.008333,0,0,0,0,0,0,0.151728,0,0.121037312,0.011311945,0
66,265,65.55,1124.576457,71136.53699,0.022396,0,0,0,0,0,52.042,0,0,0,0.33174,0,0.121037312,0.011311945,0
66,265,65.55,1124.576457,71136.53699,0,0,0,0,0,0,0,0,0,0,42.996,0,0.121037312,0.011311945,0
66,265,65.55,1124.576457,71136.53699,0.00571,0,0,1.5592,0,0,0,0,0,0,1.01106,0,0.121037312,0.011311945,0
66,265,65.55,1124.576457,71136.53699,0,0.12387,0,0,0,0,0,0,0,0,0.151728,0,0.121037312,0.011311945,0
66,265,65.55,1124.576457,71136.53699,0,0,0,0,0,0.77921,0,0,0,0,1.5003,0,0.121037312,0.011311945,0
66,265,65.55,1124.576457,71136.53699,2.0562,0,0,0,0,0,0,0,0,0,0.151728,0,0.121037312,0.011311945,0
66,265,65.55,1124.576457,71136.53699,0,0,0,0,0,25.311,16.94,0,0,0,0,0,0.121037312,0.011311945,0
66,265,65.55,1124.576457,71136.53699,0,0,0,0,0,0,0,0,0,0,0.151728,0,0.121037312,0.011311945,0
66,265,65.55,1124.576457,71136.53699,0,0,0,0.008365,0,0,0.13028,0,0,0,15.7923,0,0.121037312,0.011311945,0
66,265,65.55,1124.576457,71136.53699,0,0,0,0,0,0,0,0,0,0,0,0,0.121037312,0.011311945,0
66,265,65.55,1124.576457,71136.53699,0,0,0,0,0,0,0,0,0,0,4.7352,0,0.121037312,0.011311945,0
66,265,65.55,1124.576457,71136.53699,0,0,0,0,0,0.79321,50.853,0,0,0,0.151728,0,0.121037312,0.011311945,0
66,265,65.55,1124.576457,71136.53699,0,0.0068538,0,0,0,0,0,0,0,0,0,0,0.121037312,0.011311945,0
66,265,65.55,1124.576457,71136.53699,0,0,0,0,0,0,0,0,0,0,68.145,0,0.121037312,0.011311945,81.09756098
66,265,65.55,1124.576457,71136.53699,0.00328,0,0,0,0,0.78972,0,0,0,0,7.0518,0,0.121037312,0.011311945,0
66,265,65.55,1124.576457,71136.53699,0.71928,0,0,0,0,0.003813,0,0,0,0,0,0,0.121037312,0.011311945,21.25609756
66,265,65.55,1124.576457,71136.53699,0,0,0,0,0,0,102.85,0,0,0,4.8687,0,0.121037312,0.011311945,76.23170732
66,265,65.55,1124.576457,71136.53699,0,0,0,1.8403,0,0.79321,63.342,0,0,0,0,0,0.121037312,0.011311945,29.96341463
66,265,65.55,1124.576457,71136.53699,0,0,0,0,0,0.60697,1.8067,0,0,0,0.151728,0,0.121037312,0.011311945,66.58536585
66,265,65.55,1124.576457,71136.53699,0,0,0,0,0,21.958,0,0,0,0,0,0,0.121037312,0.011311945,0
66,265,65.55,1124.576457,71136.53699,0.14645,0,0,0,0,0,0,0,0,0,0,0,0.121037312,0.011311945,11.69512195
66,265,65.55,1124.576457,71136.53699,0.022396,0,0,0,0,0,0,0,0,0,13.5936,0,0.121037312,0.011311945,0
66,265,65.55,1124.576457,71136.53699,0.001493,0,0,0,0,0,0,0,0,0,5.6202,0,0.121037312,0.011311945,0
66,265,65.55,1124.576457,71136.53699,0.002068,16.016,0,0,0,0,0,0,0,0,0.151728,0,0.121037312,0.011311945,0
66,265,65.55,1124.576457,71136.53699,0,0,0,0,0,0,0,0,0,0,0.151728,0,0.121037312,0.011311945,0
66,265,65.55,1124.576457,71136.53699,0.35553,0,0,0,0,0,27.391,0,0,0,0.151728,0,0.121037312,0.011311945,0
66,265,65.55,1124.576457,71136.53699,0.04429,0,0,0,0,0,0,0,0,0,0.271128,0,0.121037312,0.011311945,0
66,265,65.55,1124.576457,71136.53699,0,0.22052,0,0,0,0,0,0,0,0,0.151728,0,0.121037312,0.011311945,11.95121951
66,265,65.55,1124.576457,71136.53699,0.023381,0,0,0.15894,0,0,0,0,0,0,0.151728,0,0.121037312,0.011311945,0
66,265,65.55,1124.576457,71136.53699,0,0,0,0,0,0,0,0,0,0,0.33174,0,0.121037312,0.011311945,0
66,265,65.55,1124.576457,71136.53699,0.015944,0,0,0,0,0,0,0,0,0,0.151728,0,0.121037312,0.011311945,0
66,265,65.55,1124.576457,71136.53699,0,0,0,0,0,0,0,0,0,0,0.181728,0,0.121037312,0.011311945,0
66,265,65.55,1124.576457,71136.53699,0.87594,0,0,0,0,0,0.13028,0,0,0,0.151728,0,0.121037312,0.011311945,0
66,265,65.55,1124.576457,71136.53699,0,0,0,0,0,0,0.10863,0,0,0,0.151728,0,0.121037312,0.011311945,0
66,265,65.55,1124.576457,71136.53699,0,0,0,0,0,0,18.465,0,0,0,0.279615,0,0.121037312,0.011311945,0
66,265,65.55,1124.576457,71136.53699,1.9362,0,0,0,0,0,0.60778,0,0,0,0,0,0.121037312,0.011311945,0
66,265,65.55,1124.576457,71136.53699,0,0,0,0,0,0,0,0,0,0,66.645,0,0.121037312,0.011311945,35.59756098
66,265,65.55,1124.576457,71136.53699,0,0,0,0,0,0,0,0,0,0,0.151728,0,0.121037312,0.011311945,0
66,265,65.55,1124.576457,71136.53699,0.002784,0,0,0,0,0,0,0,0,0,52.443,0,0.121037312,0.011311945,0
66,265,65.55,1124.576457,71136.53699,0.004213,0,0,0,0,0,0,0,0,0,3.6285,0,0.121037312,0.011311945,0
66,265,65.55,1124.576457,71136.53699,0,0,0,0.008333,0,0,0,0,0,0,0,0,0.121037312,0.011311945,0
66,265,65.55,1124.576457,71136.53699,0,0,0,0,0,0,28.538,0,0,0,5.6202,0,0.121037312,0.011311945,0
66,265,65.55,1124.576457,71136.53699,454.62,0.59972,0,0,0,0,67.305,0,0,0,0,0,0.121037312,0.011311945,0
66,265,65.55,1124.576457,71136.53699,0,0,0,0,0,0,0,0,0,0,0,0,0.121037312,0.011311945,20.65853659
66,265,65.55,1124.576457,71136.53699,0,0,0.88941,0,0,0,0,0,0,0,0,0,0.121037312,0.011311945,0
66,265,65.55,1124.576457,71136.53699,0,0,0,0,0,0,0.13028,0,0,0,0.151728,0,0.121037312,0.011311945,0
66,265,65.55,1124.576457,71136.53699,76.216,0.0061078,0,0.063866,0,0.79321,0,0,0,0,0.151728,0,0.121037312,0.011311945,0
66,265,65.55,1124.576457,71136.53699,0.005629,0,0,0,0,0,0,0,0,0,0.34593,0,0.121037312,0.011311945,0
66,265,65.55,1124.576457,71136.53699,0,0,0,0,0,0,0,0,0,0,0.151728,0,0.121037312,0.011311945,0
66,265,65.55,1124.576457,71136.53699,0,0,0,0,0,0,0,0,0,0,20.8818,0,0.121037312,0.011311945,0
66,265,65.55,1124.576457,71136.53699,0,0,0,0,0,0,9.818,0,0,0,25.7361,0,0.121037312,0.011311945,0
66,265,65.55,1124.576457,71136.53699,0,0,1.625,0,0,0,6.9474,0,0,0,0.31125,0,0.121037312,0.011311945,0
66,265,65.55,1124.576457,71136.53699,0,0,0,0,0,0,5.9005,0,0,0,0,0,0.121037312,0.011311945,0
66,265,65.55,1124.576457,71136.53699,0,0,0,0,0,0,0,0,0,0,0.151728,0,0.121037312,0.011311945,73.32926829
66,265,65.55,1124.576457,71136.53699,0,0,0,0,0,0,0.13028,0,0,0,0,0,0.121037312,0.011311945,67.01219512
66,265,65.55,1124.576457,71136.53699,0.011642,0,0,0,0,0,0,0,0,0,8.6688,0,0.121037312,0.011311945,0
66,265,65.55,1124.576457,71136.53699,0,2.9791,0,0,0,0,0.42744,0,0,0,0.271728,0,0.121037312,0.011311945,0
66,265,65.55,1124.576457,71136.53699,0,0,0,0,0,0,0,0,0,0,14.1318,0,0.121037312,0.011311945,22.02439024
66,265,65.55,1124.576457,71136.53699,0,0,0,0,0,0,0,0,0,0,124.836,0,0.121037312,0.011311945,46.26829268
66,265,65.55,1124.576457,71136.53699,0,0.47743,0,0,0,0,0,0,0,0,1.88184,0,0.121037312,0.011311945,0
66,265,65.55,1124.576457,71136.53699,0.003416,0,0,0,0,0,0,0,0,0,2.73105,0,0.121037312,0.011311945,0
66,265,65.55,1124.576457,71136.53699,34.054,0,0,0,0,0,0,0,0,0,0,0,0.121037312,0.011311945,0
66,265,65.55,1124.576457,71136.53699,0,0,0,8.0247,0,0,0,0,0,0,1.62018,0,0.121037312,0.011311945,0
66,265,65.55,1124.576457,71136.53699,0.0085521,0,0,0,0,0,0,0,0,0,14.3958,0,0.121037312,0.011311945,0
66,265,65.55,1124.576457,71136.53699,2.444,0,0,0,0,0,0,0,0,0,0.151728,0,0.121037312,0.011311945,0
66,265,65.55,1124.576457,71136.53699,0.005958,0,0,0,0,0,0,0,0,0,43.863,0,0.121037312,0.011311945,0
66,265,65.55,1124.576457,71136.53699,0.003173,0,0,8.281,0,0,0,0,0,0,0,0,0.121037312,0.011311945,0
66,265,65.55,1124.576457,71136.53699,0,0,0,0,0,0,215.49,0,0,0,0.151728,0,0.121037312,0.011311945,26.63414634
66,265,65.55,1124.576457,71136.53699,0,0,0,0,0,0,0,0,0,0,0.151728,0,0.121037312,0.011311945,0
66,265,65.55,1124.576457,71136.53699,0,0,0,0.008523,0,0,0,0,0,0,4.1943,0,0.121037312,0.011311945,9.475609756
66,265,65.55,1124.576457,71136.53699,0,0,0,0,0,0,0,0,0,0,0,0,0.121037312,0.011311945,0
66,265,65.55,1124.576457,71136.53699,0,6.4273,0,0,0,0,0,0,0,0,0.151728,0,0.121037312,0.011311945,0
66,265,65.55,1124.576457,71136.53699,0,0.008859,0,0.002741,0,0,0,0,0,0,10.6818,0,0.121037312,0.011311945,11.52439024
66,265,65.55,1124.576457,71136.53699,0,0,0,0,0,0,10.012,0,0,0,0.151728,0,0.121037312,0.011311945,0
66,265,65.55,1124.576457,71136.53699,0,0,0,0.008575,0,0,0,0,0,0,0,0,0.121037312,0.011311945,0
66,265,65.55,1124.576457,71136.53699,0.003824,0,0,0,0,0,0,0,0,0,0,0,0.121037312,0.011311945,0
66,265,65.55,1124.576457,71136.53699,0,0,2.534,0,0,0,0.059897,0,0,0,0,0,0.121037312,0.011311945,0
66,265,65.55,1124.576457,71136.53699,0,0,0,0,0,0,0,0,0,0,0.151728,0,0.121037312,0.011311945,0
66,265,65.55,1124.576457,71136.53699,0,30.204,0,0,0,0,0,0,0,0,1.62048,0,0.121037312,0.011311945,0
66,265,65.55,1124.576457,71136.53699,0,0,0,0.003932,0,0,0,0,0,0,1.17966,0,0.121037312,0.011311945,76.31707317
66,265,65.55,1124.576457,71136.53699,0,0,0,0,0,0,0,0,0,0,0.28509,0,0.121037312,0.011311945,0
66,265,65.55,1124.576457,71136.53699,0.26916,5.3035,0,0,0,0,0.13028,0,0,0,0,0,0.121037312,0.011311945,0
66,265,65.55,1124.576457,71136.53699,0,0,0,0,0,0,0,0,0,0,5.0652,0,0.121037312,0.011311945,0
66,265,65.55,1124.576457,71136.53699,0,0,0,0,0,0,0,0,0,0,9.9018,0,0.121037312,0.011311945,0
66,265,65.55,1124.576457,71136.53699,0,0,0,0,0,0,0,0,0,0,0.151728,0,0.121037312,0.011311945,19.12195122
66,265,65.55,1124.576457,71136.53699,0,0,0,0,0,0,0.13028,0,0,0,0.151728,0,0.121037312,0.011311945,0
66,265,65.55,1124.576457,71136.53699,0,0,0,0,0,0.78033,0,0,0,0,0.151728,0,0.121037312,0.011311945,0
66,265,65.55,1124.576457,71136.53699,0,56.229,0,0,0,0,0,0,0,0,0,0,0.121037312,0.011311945,54.20731707
66,265,65.55,1124.576457,71136.53699,0,0,0,0,0,0,0,0,0,0,0,0,0.121037312,0.011311945,0
66,265,65.55,1124.576457,71136.53699,0.003827,0,0,0,0,0,0,0,0,0,18.5811,0,0.121037312,0.011311945,0
66,265,65.55,1124.576457,71136.53699,0,0,0,0,0,0,0,0,0,0,2.21292,0,0.121037312,0.011311945,0
66,265,65.55,1124.576457,71136.53699,0,0,0,0,0,0,0,0,0,0,22.7118,0,0.121037312,0.011311945,0
66,265,65.55,1124.576457,71136.53699,0,0,0,0,0,0,0,0,0,0,0.273324,0,0.121037312,0.011311945,0
66,265,65.55,1124.576457,71136.53699,0,0,0,41.408,0,0,0,0,0,0,0.55899,0,0.121037312,0.011311945,0
66,265,65.55,1124.576457,71136.53699,0,0,0,0,0,0,0,0,0,0,0,0,0.121037312,0.011311945,0
66,265,65.55,1124.576457,71136.53699,0,0,0,0,0,0,0,0,0,0,0.151728,0,0.121037312,0.011311945,46.01219512
66,265,65.55,1124.576457,71136.53699,0.40581,0,1.0149,0,0,0,0,0,0,0,41.634,0,0.121037312,0.011311945,0
66,265,65.55,1124.576457,71136.53699,0.002784,0,0,0,0,0,22.912,0,0,0,0.151728,0,0.121037312,0.011311945,0
66,265,65.55,1124.576457,71136.53699,0,0,0,0,0,0,0,0,0,0,0,0,0.121037312,0.011311945,0
66,265,65.55,1124.576457,71136.53699,0,0,0,0,0,0,0.13028,0,0,0,35.547,0,0.121037312,0.011311945,0
66,265,65.55,1124.576457,71136.53699,0,0,0,0,0,0,0,0,0,0,0.151728,0,0.121037312,0.011311945,0
66,265,65.55,1124.576457,71136.53699,0,0,0,0,0,0,0,0,0,0,29.7048,0,0.121037312,0.011311945,0
66,265,65.55,1124.576457,71136.53699,0,0,0,0,0,0,0,0,0,0,0,0,0.121037312,0.011311945,0.597560976
66,265,65.55,1124.576457,71136.53699,0.000254,0,0,0,0,0,0,0,0,0,0,0,0.121037312,0.011311945,0
66,265,65.55,1124.576457,71136.53699,2.0704,0,0,0.003416,0,0,14.969,0,0,0,0.151728,0,0.121037312,0.011311945,0
66,265,65.55,1124.576457,71136.53699,0,0,0,0,0,0,115.6,0,0,0,0.151728,0,0.121037312,0.011311945,40.97560976
66,265,65.55,1124.576457,71136.53699,0,0,0,0,0,0,21.052,0,0,0,0.151728,0,0.121037312,0.011311945,0
66,265,65.55,1124.576457,71136.53699,0,0,0,0.008333,0,0,0.13028,0,0,0,0,0,0.121037312,0.011311945,0
66,265,65.55,1124.576457,71136.53699,0,0,0,0,0,0,0,0,0,0,0,0,0.121037312,0.011311945,0
66,265,65.55,1124.576457,71136.53699,57.165,0,0,0,0,0,115.6,0,0,0,0.151728,0,0.121037312,0.011311945,0
66,265,65.55,1124.576457,71136.53699,0,0,0,0,0,0,454.11,0,0,0,0.151728,0,0.121037312,0.011311945,0
66,265,65.55,1124.576457,71136.53699,0.017186,0,0,0,0,0,27.369,0,0,0,19.5987,0,0.121037312,0.011311945,0
66,265,65.55,1124.576457,71136.53699,0,0,0,0,0,0,0,0,0,0,0.34593,0,0.121037312,0.011311945,0
66,265,65.55,1124.576457,71136.53699,0,0,0,0,0,0,0,0,0,0,5.037,0,0.121037312,0.011311945,0
66,265,65.55,1124.576457,71136.53699,0,0,0,0,0,0,0,0,0,0,0.151728,0,0.121037312,0.011311945,0
66,265,65.55,1124.576457,71136.53699,0,0,0,0,0,0,0,0,0,0,0.86343,0,0.121037312,0.011311945,0
66,265,65.55,1124.576457,71136.53699,0,0,0,0,0,0,0,0,0,0,1.21974,0,0.121037312,0.011311945,0
66,265,65.55,1124.576457,71136.53699,0,0,0,0,0,0,0.13028,0,0,0,0.151728,0,0.121037312,0.011311945,0
66,265,65.55,1124.576457,71136.53699,0,0.010904,0,0,0,0,0,0,0,0,0,0,0.121037312,0.011311945,0
66,265,65.55,1124.576457,71136.53699,0.0065409,0,0,0,0,0,0.59876,0,0,0,39.753,0,0.121037312,0.011311945,29.79268293
66,265,65.55,1124.576457,71136.53699,0.87594,0,0,0,0,0.77904,115.6,0,0,0,0,0,0.121037312,0.011311945,54.80487805
66,265,65.55,1124.576457,71136.53699,0,0,0,0,0,0,0,0,0,0,11.0184,0,0.121037312,0.011311945,0
66,265,65.55,1124.576457,71136.53699,0.005411,0,0,0,0,0,0,0,0,0,0.28509,0,0.121037312,0.011311945,19.12195122
66,265,65.55,1124.576457,71136.53699,0,0,0,0,0,0,14.969,0,0,0,0.279594,0,0.121037312,0.011311945,0
66,265,65.55,1124.576457,71136.53699,0,0,0,0,0,1.1622,0,0,0,0,10.5072,0,0.121037312,0.011311945,0
66,265,65.55,1124.576457,71136.53699,0,0,0,0,0,0.036129,0,0,0,0,0,0,0.121037312,0.011311945,0
66,265,65.55,1124.576457,71136.53699,0,0.009915,0,0,0,0.781,0,0,0,0,0.151728,0,0.121037312,0.011311945,0
66,265,65.55,1124.576457,71136.53699,0,0,0,0,0,0,0,0,0,0,0.151728,0,0.121037312,0.011311945,0
66,265,65.55,1124.576457,71136.53699,0,0,0,0,0,0,0,0,0,0,0.151728,0,0.121037312,0.011311945,56.17073171
66,265,65.55,1124.576457,71136.53699,0.99281,0,0,0,0,0,0.76987,0,0,0,0.151728,0,0.121037312,0.011311945,0
66,265,65.55,1124.576457,71136.53699,0,0,0,0,0,0,0,0,0,0,1.64958,0,0.121037312,0.011311945,0
66,265,65.55,1124.576457,71136.53699,0,0,0,0.10164,0,0,0.13028,0,0,0,10.6818,0,0.121037312,0.011311945,76.57317073
66,265,65.55,1124.576457,71136.53699,0,0.12387,0,0,0,0,0,0,0,0,25.2354,0,0.121037312,0.011311945,0
66,265,65.55,1124.576457,71136.53699,0.022396,0,0,0,0,0,0,0,0,0,7.5918,0,0.121037312,0.011311945,58.04878049
66,265,65.55,1124.576457,71136.53699,0,0,0,0,0,0.79321,34.809,0,0,0,0,0,0.121037312,0.011311945,0
66,265,65.55,1124.576457,71136.53699,0.010507,0,0,0,0,0,0,0,0,0,0.151728,0,0.121037312,0.011311945,0
66,265,65.55,1124.576457,71136.53699,0.0071287,0,0,0.00524,0,0,150.43,0,0,0,15.0018,0,0.121037312,0.011311945,0
66,265,65.55,1124.576457,71136.53699,0,0,0,0,0,0,454.11,0,0,0,0.151728,0,0.121037312,0.011311945,1.451219512
66,265,65.55,1124.576457,71136.53699,0,0,0,0,0,0,0,0,0,0,0.31059,0,0.121037312,0.011311945,23.81707317
66,265,65.55,1124.576457,71136.53699,0,0,0,0,0,0,0.13028,0,0,0,0,0,0.121037312,0.011311945,0
66,265,65.55,1124.576457,71136.53699,7.1925,0,0,0.000078,0,0,0,0,0,0,0,0,0.121037312,0.011311945,0
66,265,65.55,1124.576457,71136.53699,0,0,0,0,0,0,0,0,0,0,5.0406,0,0.121037312,0.011311945,0
66,265,65.55,1124.576457,71136.53699,0,0,0,0,0,0,4.9456,0,0,0,2.96682,0,0.121037312,0.011311945,0
66,265,65.55,1124.576457,71136.53699,0,0,0,0,0,0,0,0,0,0,0,0,0.121037312,0.011311945,0
66,265,65.55,1124.576457,71136.53699,0,0,0,0,0,0,0,0,0,0,5.9949,0,0.121037312,0.011311945,0
66,265,65.55,1124.576457,71136.53699,0.005411,0.042494,0,0,0,0,0,0,0,0,14.5008,0,0.121037312,0.011311945,0
66,265,65.55,1124.576457,71136.53699,0,2.5748,0,0,0,0,0,0,0,0,8.3718,0,0.121037312,0.011311945,0
66,265,65.55,1124.576457,71136.53699,0,0.44472,0,0,0,0,0,0,0,0,4.7865,0,0.121037312,0.011311945,0
66,265,65.55,1124.576457,71136.53699,0,0,0,0,0,0,0,0,0,0,25.3818,0,0.121037312,0.011311945,0
66,265,65.55,1124.576457,71136.53699,25.53,4.0437,0,0,0,0,0,0,0,0,0,0,0.121037312,0.011311945,7.085365854
66,265,65.55,1124.576457,71136.53699,4.1179,0,0,0,0,0,0,0,0,0,0,0,0.121037312,0.011311945,0
66,265,65.55,1124.576457,71136.53699,0,0,0,0,0,0,0,0,0,0,0.151728,0,0.121037312,0.011311945,0
66,265,65.55,1124.576457,71136.53699,0,0,0,0,0,0,0,0,0,0,0.151728,0,0.121037312,0.011311945,0
66,265,65.55,1124.576457,71136.53699,0,0,0,0.002068,0,0,0,0,0,0,16.9656,0,0.121037312,0.011311945,0
66,265,65.55,1124.576457,71136.53699,0,0,0,0,0,0,0,0,0,0,0,0,0.121037312,0.011311945,47.80487805
66,265,65.55,1124.576457,71136.53699,0,0,0,0,0,0,0,0,0,0,0.151728,0,0.121037312,0.011311945,0
66,265,65.55,1124.576457,71136.53699,0,0,0,0,0,0,0,0,0,0,0.31755,0,0.121037312,0.011311945,0
66,265,65.55,1124.576457,71136.53699,0,0,0,0,0,0,0,0,0,0,0.151728,0,0.121037312,0.011311945,0
66,265,65.55,1124.576457,71136.53699,0,0.001435,0,4.3329,0,0,0,0,0,0,56.145,0,0.121037312,0.011311945,76.23170732
66,265,65.55,1124.576457,71136.53699,3.8363,0,0,0,0,0,0,0,0,0,1.04637,0,0.121037312,0.011311945,0
66,265,65.55,1124.576457,71136.53699,0,0,0,0,0,0,0,0,0,0,0.280578,0,0.121037312,0.011311945,59.15853659
66,265,65.55,1124.576457,71136.53699,2.8033,0,0.10254,0,0,0,0,0,0,0,0.151728,0,0.121037312,0.011311945,0
66,265,65.55,1124.576457,71136.53699,13.991,0,0,0.009003,0,0,0,0,0,0,0.273324,0,0.121037312,0.011311945,0
66,265,65.55,1124.576457,71136.53699,0,0.015762,0,0,0,0,0,0,0,0,0,0,0.121037312,0.011311945,0
66,265,65.55,1124.576457,71136.53699,0.97899,0,0,0.008333,0,0,0,0,0,0,0.151728,0,0.121037312,0.011311945,0
66,265,65.55,1124.576457,71136.53699,0,0,0,0,0,0,0,0,0,0,0,0,0.121037312,0.011311945,0
66,265,65.55,1124.576457,71136.53699,0.000254,0,0,0,0,0,0,0,0,0,8.5644,0,0.121037312,0.011311945,0
66,265,65.55,1124.576457,71136.53699,0,0,0,0,0,0,4.8122,0,0,0,0,0,0.121037312,0.011311945,0
66,265,65.55,1124.576457,71136.53699,0.082238,0,0,0,0,8.2994,0,0,0,0,0,0,0.121037312,0.011311945,0
66,265,65.55,1124.576457,71136.53699,0.003295,0,0,0,0,0,0,0,0,0,1.67382,0,0.121037312,0.011311945,0
66,265,65.55,1124.576457,71136.53699,0,0,0,0,0,0,0,0,0,0,0,0,0.121037312,0.011311945,0
66,265,65.55,1124.576457,71136.53699,0,0.03412,0,0,0,0,0,0,0,0,1.97832,0,0.121037312,0.011311945,0
66,265,65.55,1124.576457,71136.53699,0,0,0,0.010957,0,0,0,0,0,0,0,0,0.121037312,0.011311945,0
66,265,65.55,1124.576457,71136.53699,0,8.2873,0,0,0,0,0,0,0,0,0.151728,0,0.121037312,0.011311945,0
66,265,65.55,1124.576457,71136.53699,0,0.2303,0,0,0,0,0,0,0,0,1.1697,0,0.121037312,0.011311945,0
66,265,65.55,1124.576457,71136.53699,0,0,0,0,0,0,0,0,0,0,10.9077,0,0.121037312,0.011311945,57.36585366
66,265,65.55,1124.576457,71136.53699,0.10131,0,0,0,0,0,0,0,0,0,0.151728,0,0.121037312,0.011311945,0
66,265,65.55,1124.576457,71136.53699,0,0,0,0,0,0,0,0,0,0,0,0,0.121037312,0.011311945,0
66,265,65.55,1124.576457,71136.53699,0,0,0,0,0,0,0,0,0,0,45.663,0,0.121037312,0.011311945,0
66,265,65.55,1124.576457,71136.53699,0,0,0,0,0,0,0,0,0,0,0.151728,0,0.121037312,0.011311945,0
66,265,65.55,1124.576457,71136.53699,0,0,0,0,0,0,0,0,0,0,0.151728,0,0.121037312,0.011311945,0
66,265,65.55,1124.576457,71136.53699,1.122,0,0,0,0,0,0,0,0,0,12.2682,0,0.121037312,0.011311945,0
66,265,65.55,1124.576457,71136.53699,0.006869,0,18.379,0,0,0,1.7163,0,0,0,0.151728,0,0.121037312,0.011311945,41.57317073
66,265,65.55,1124.576457,71136.53699,3.9444,0,0,0,0,0,0,0,0,0,0.151728,0,0.121037312,0.011311945,78.19512195
67,266,85.696,3427.826436,216831.5907,0,0.00014,0,0,0,0,0.13028,0,0,0,0.151728,0,0.368761214,0.034463806,69.31707317
67,266,85.696,3427.826436,216831.5907,0,0,0,0,0,0,0,0,0,0,15.0018,0,0.368761214,0.034463806,67.69512195
67,266,85.696,3427.826436,216831.5907,0,0,0,0,0,0.77921,0,0,0,0,3.6552,0,0.368761214,0.034463806,20.57317073
67,266,85.696,3427.826436,216831.5907,6.7272,0,0,4.5478,0,0,0,0,0,0,87.522,0,0.368761214,0.034463806,0
67,266,85.696,3427.826436,216831.5907,0,0,0.000668,0,0,0,44.019,0,0,0,0.27711,0,0.368761214,0.034463806,0
67,266,85.696,3427.826436,216831.5907,4.2315,0,0,0.09618,0,0,0.13028,0,0,0,0,0,0.368761214,0.034463806,0
67,266,85.696,3427.826436,216831.5907,0,0,0,0,0,0.77927,0.67053,0,0,0,0,0,0.368761214,0.034463806,45.58536585
67,266,85.696,3427.826436,216831.5907,0,0,0,0,0,0,0.40452,0,0,0,4.4103,0,0.368761214,0.034463806,0
67,266,85.696,3427.826436,216831.5907,0,0,0,0,0,0,0.60778,0,0,0,0.81174,0,0.368761214,0.034463806,0.085365854
67,266,85.696,3427.826436,216831.5907,30.067,0.15958,0,0.008333,0,0,20.52,0,0,0,0,0,0.368761214,0.034463806,0
67,266,85.696,3427.826436,216831.5907,0,0,40.345,0,0,0,10.012,0,0,0,1.17966,0,0.368761214,0.034463806,14.85365854
67,266,85.696,3427.826436,216831.5907,0,0,0,0,0,0.77921,0,0,0,0,4.2768,0,0.368761214,0.034463806,0.512195122
67,266,85.696,3427.826436,216831.5907,0.000172,0,0,0,0,0,83.098,0,0,0,66.003,0,0.368761214,0.034463806,49.76829268
67,266,85.696,3427.826436,216831.5907,0,0,0,0,0,0,0,0,0,0,0.151728,0,0.368761214,0.034463806,0
67,266,85.696,3427.826436,216831.5907,0.00021,0,0,0,0,0,0,0,0,0,0.151728,0,0.368761214,0.034463806,0
67,266,85.696,3427.826436,216831.5907,0,0,0,0,0,0,0,0,0,0,0.151728,0,0.368761214,0.034463806,0
67,266,85.696,3427.826436,216831.5907,0,0,0,0,0,0,0,0,0,0,4.1943,0,0.368761214,0.034463806,0
67,266,85.696,3427.826436,216831.5907,0,0,0,0,0,0,0,0,0,0,28.8018,0,0.368761214,0.034463806,73.58536585
67,266,85.696,3427.826436,216831.5907,0.016623,0,0,0,0,0,0,0,0,0,1.17456,0,0.368761214,0.034463806,0
67,266,85.696,3427.826436,216831.5907,850.6,0,0,0.008799,0,0,0,0,0,0,18.1353,0,0.368761214,0.034463806,0
67,266,85.696,3427.826436,216831.5907,0.000765,0,0,0,0,0,0,0,0,0,0.288246,0,0.368761214,0.034463806,45.67073171
67,266,85.696,3427.826436,216831.5907,0,0,0,0,0,0,0,0,0,0,4.9119,0,0.368761214,0.034463806,0
67,266,85.696,3427.826436,216831.5907,0.003127,0,0,0,0,0,0,0,0,0,0.151728,0,0.368761214,0.034463806,46.09756098
67,266,85.696,3427.826436,216831.5907,0,0,0.004029,0,0,0.12278,0.60778,0,0,0,5.1363,0,0.368761214,0.034463806,0
67,266,85.696,3427.826436,216831.5907,0,0,0,0,0,0,0,0,0,0,0,0,0.368761214,0.034463806,71.53658537
67,266,85.696,3427.826436,216831.5907,0,0,0,0,0,0,0,0,0,0,0.151728,0,0.368761214,0.034463806,0
67,266,85.696,3427.826436,216831.5907,0,0,0,0,0,0,0,0,0,0,47.883,0,0.368761214,0.034463806,0
67,266,85.696,3427.826436,216831.5907,0,0,0,0,0,0,0,0,0,0,0,0,0.368761214,0.034463806,0
67,266,85.696,3427.826436,216831.5907,0,0,0,0,0,0,0.13028,0,0,0,0,0,0.368761214,0.034463806,0.256097561
67,266,85.696,3427.826436,216831.5907,0,0,0,0,0,0,0,0,0,0,10.9065,0,0.368761214,0.034463806,18.18292683
67,266,85.696,3427.826436,216831.5907,0,0,0,0,0,0,0,0,0,0,0.151728,0,0.368761214,0.034463806,10.5
67,266,85.696,3427.826436,216831.5907,1.2569,0,0,0,0,0,0,0,0,0,0.278526,0,0.368761214,0.034463806,49.51219512
67,266,85.696,3427.826436,216831.5907,0,0,0,0,0,0,0.13028,0,0,0,0.279489,0,0.368761214,0.034463806,14.59756098
67,266,85.696,3427.826436,216831.5907,0,0,0,2.9542,0,0,0,0,0,0,10.9065,0,0.368761214,0.034463806,0.512195122
67,266,85.696,3427.826436,216831.5907,0,0,0,0,0,0,0,0,0,0,28.0509,0,0.368761214,0.034463806,78.79268293
67,266,85.696,3427.826436,216831.5907,0,0,0,0,0,0.79321,9.818,0,0,0,0,0,0.368761214,0.034463806,0
67,266,85.696,3427.826436,216831.5907,0,0,0,0,0,0,0,0,0,0,4.8993,0,0.368761214,0.034463806,1.195121951
67,266,85.696,3427.826436,216831.5907,0.005411,0,0,0,0,0,0,0,0,0,0,0,0.368761214,0.034463806,34.65853659
67,266,85.696,3427.826436,216831.5907,0.10761,0,0,0,0,0,0,0,0,0,0.48174,0,0.368761214,0.034463806,0
67,266,85.696,3427.826436,216831.5907,0,0,0,0,0,0,0.008333,0,0,0,1.73121,0,0.368761214,0.034463806,0
67,266,85.696,3427.826436,216831.5907,3.3758,0,0,0,0,0,0,0,0,0,7.4502,0,0.368761214,0.034463806,0
67,266,85.696,3427.826436,216831.5907,0.92918,0,0,0,0,0,0,0,0,0,0,0,0.368761214,0.034463806,0
67,266,85.696,3427.826436,216831.5907,0,0.00999,0,0,0,0,115.6,0,0,0,0.31059,0,0.368761214,0.034463806,0
67,266,85.696,3427.826436,216831.5907,1.3083,0,0,0,0,0,0,0,0,0,0,0,0.368761214,0.034463806,54.29268293
67,266,85.696,3427.826436,216831.5907,0,0,0.002355,0,0,0,0,0,0,0,0.48174,0,0.368761214,0.034463806,39.95121951
67,266,85.696,3427.826436,216831.5907,0,0,0,0,0,0,0,0,0,0,0,0,0.368761214,0.034463806,0
67,266,85.696,3427.826436,216831.5907,0.014654,0,0,0,0,0,0,0,0,0,0.151728,0,0.368761214,0.034463806,53.26829268
67,266,85.696,3427.826436,216831.5907,34.054,0,0,0,0,0,0,0,0,0,0.151728,0,0.368761214,0.034463806,0
67,266,85.696,3427.826436,216831.5907,0.20993,0,0,0,0,0,0,0,0,0,4.3869,0,0.368761214,0.034463806,0
67,266,85.696,3427.826436,216831.5907,0.28047,0,0,0.042243,0,5.146,0,0,0,0,0,0,0.368761214,0.034463806,0
67,266,85.696,3427.826436,216831.5907,0.10131,0,0,0,0,0,0,0,0,0,29.4918,0,0.368761214,0.034463806,15.96341463
67,266,85.696,3427.826436,216831.5907,0,0,0,0,0,0,4.8122,0,0,0,0.151728,0,0.368761214,0.034463806,32.43902439
67,266,85.696,3427.826436,216831.5907,0,0,0,0,0,0,0.13028,0,0,0,0,0,0.368761214,0.034463806,0
67,266,85.696,3427.826436,216831.5907,0.038397,0,0,0,0,0,0,0,0,0,52.443,0,0.368761214,0.034463806,0
67,266,85.696,3427.826436,216831.5907,0,0,0,0,0,0,0,0,0,0,23.3337,0,0.368761214,0.034463806,0
67,266,85.696,3427.826436,216831.5907,0,0,0,0,0,0,0,0,0,0,0,0,0.368761214,0.034463806,0
67,266,85.696,3427.826436,216831.5907,0,0,40.345,0,0,0,0,0,0,0,10.6209,0,0.368761214,0.034463806,0
67,266,85.696,3427.826436,216831.5907,0,0,0,0,0,0,0,0,0,0,1.88184,0,0.368761214,0.034463806,0
67,266,85.696,3427.826436,216831.5907,0,0,0,0,0,0,0,0,0,0,0.151728,0,0.368761214,0.034463806,73.84146341
67,266,85.696,3427.826436,216831.5907,0,0,0,0,0,0,0,0,0,0,4.9119,0,0.368761214,0.034463806,0
67,266,85.696,3427.826436,216831.5907,0,0,0,0,0,0,0,0,0,0,0,0,0.368761214,0.034463806,46.01219512
67,266,85.696,3427.826436,216831.5907,0,0,0,0,0,0.78099,61.223,0,0,0,2.6931,0,0.368761214,0.034463806,0
67,266,85.696,3427.826436,216831.5907,0.070537,0,0,6.7239,0,0,0.13028,0,0,0,0,0,0.368761214,0.034463806,0
67,266,85.696,3427.826436,216831.5907,0,0,0,0,0,0,0.008333,0,0,0,0.151728,0,0.368761214,0.034463806,0
67,266,85.696,3427.826436,216831.5907,0.6449,0,0,0,0,0,0,0,0,0,30.786,0,0.368761214,0.034463806,53.69512195
67,266,85.696,3427.826436,216831.5907,0,0,0,0,0,0,0.13028,0,0,0,9.7824,0,0.368761214,0.034463806,13.82926829
67,266,85.696,3427.826436,216831.5907,0,0,0,0,0,0,0.10863,0,0,0,0.151728,0,0.368761214,0.034463806,30.3902439
67,266,85.696,3427.826436,216831.5907,0.001205,0,0,0,0,0,0,0,0,0,35.547,0,0.368761214,0.034463806,82.37804878
67,266,85.696,3427.826436,216831.5907,0,0,0,0,0,0,0,0,0,0,0,0,0.368761214,0.034463806,0
67,266,85.696,3427.826436,216831.5907,0,0.098268,0,0,0,0,0,0,0,0,1.74174,0,0.368761214,0.034463806,34.82926829
67,266,85.696,3427.826436,216831.5907,0,0,0,0,0,0,14.625,0,0,0,0.151728,0,0.368761214,0.034463806,46.69512195
67,266,85.696,3427.826436,216831.5907,0,2.0699,0,0,0,0,0,0,0,0,8.7618,0,0.368761214,0.034463806,0
67,266,85.696,3427.826436,216831.5907,0.005766,0,0,0,0,0,0,0,0,0,0.151728,0,0.368761214,0.034463806,0
67,266,85.696,3427.826436,216831.5907,0,0,0,0,0,0,27.369,0,0,0,18.7587,0,0.368761214,0.034463806,41.14634146
67,266,85.696,3427.826436,216831.5907,0,0,0,0,0,0,0,0,0,0,0,0,0.368761214,0.034463806,0
67,266,85.696,3427.826436,216831.5907,0,0,0,0,0,0,0,0,0,0,8.9118,0,0.368761214,0.034463806,0
67,266,85.696,3427.826436,216831.5907,0,0,0,0,0,0,0,0,0,0,7.0518,0,0.368761214,0.034463806,0
67,266,85.696,3427.826436,216831.5907,0,0,0,0.008333,0,739.39,0,0,0,0,82.191,0,0.368761214,0.034463806,0
67,266,85.696,3427.826436,216831.5907,0,0,0,0,0,0,0,0,0,0,22.6218,0,0.368761214,0.034463806,28.34146341
67,266,85.696,3427.826436,216831.5907,0,0,0,0,0,0,0,0,0,0,0.151728,0,0.368761214,0.034463806,54.63414634
67,266,85.696,3427.826436,216831.5907,1.0767,0,0,0,0,0,0,0,0,0,2.76954,0,0.368761214,0.034463806,0
67,266,85.696,3427.826436,216831.5907,0,0,0,0,0,0.77921,0,0,0,0,2.52933,0,0.368761214,0.034463806,50.2804878
67,266,85.696,3427.826436,216831.5907,0,0,0,0,0,0,0,0,0,0,0,0,0.368761214,0.034463806,52.07317073
67,266,85.696,3427.826436,216831.5907,0,0,0,0,0,0,34.809,0,0,0,69.483,0,0.368761214,0.034463806,0
67,266,85.696,3427.826436,216831.5907,0.052268,0,0,0,0,0,0,0,0,0,2.41287,0,0.368761214,0.034463806,61.80487805
67,266,85.696,3427.826436,216831.5907,0,0,7.2636,0,0,0,0,0,0,0,64.437,0,0.368761214,0.034463806,0
67,266,85.696,3427.826436,216831.5907,0.004213,0,0,0,0,0,0,0,0,0,0.151728,0,0.368761214,0.034463806,0
67,266,85.696,3427.826436,216831.5907,0.016666,16.534,0.64344,0,0,2.5875,0,0,0,0,14.8218,0,0.368761214,0.034463806,44.90243902
67,266,85.696,3427.826436,216831.5907,0,0,0,0,0,0,0,0,0,0,0,0,0.368761214,0.034463806,0
67,266,85.696,3427.826436,216831.5907,0.023249,0.008333,0,0,0,0,0,0,0,0,0,0,0.368761214,0.034463806,68.03658537
67,266,85.696,3427.826436,216831.5907,0,0,0,0,0,0,0.13028,0,0,0,0.151728,0,0.368761214,0.034463806,66.15853659
67,266,85.696,3427.826436,216831.5907,0,0,0,0,0,0,705.16,0,0,0,0,0,0.368761214,0.034463806,66.24390244
67,266,85.696,3427.826436,216831.5907,0,0.000251,0,0,0,0,0.13028,0,0,0,7.3257,0,0.368761214,0.034463806,0
67,266,85.696,3427.826436,216831.5907,0,0,0,0,0,0,0,0,0,0,0.151728,0,0.368761214,0.034463806,0
67,266,85.696,3427.826436,216831.5907,0,0,0,2.2304,0,0,0,0,0,0,0,0,0.368761214,0.034463806,0
67,266,85.696,3427.826436,216831.5907,0.002068,0,0,0,0,0,0,0,0,0,0.151728,0,0.368761214,0.034463806,0
67,266,85.696,3427.826436,216831.5907,0,0,0,0,0,0,0,0,0,0,47.328,0,0.368761214,0.034463806,0
67,266,85.696,3427.826436,216831.5907,0.066847,0,0,0,0,0,0,0,0,0,0,0,0.368761214,0.034463806,0
67,266,85.696,3427.826436,216831.5907,0,0,0,0,0,0,0,0,0,0,43.863,0,0.368761214,0.034463806,14.17073171
67,266,85.696,3427.826436,216831.5907,0,0,0,0,0,0,0.59876,0,0,0,0,0,0.368761214,0.034463806,82.63414634
67,266,85.696,3427.826436,216831.5907,0,0,0,0,0,0,0.008333,0,0,0,12.4689,0,0.368761214,0.034463806,0
67,266,85.696,3427.826436,216831.5907,0,0,0,0,0,0,0,0,0,0,0.151728,0,0.368761214,0.034463806,0
67,266,85.696,3427.826436,216831.5907,0,0,0,0,0,0.51002,0,0,0,0,0.151728,0,0.368761214,0.034463806,69.91463415
67,266,85.696,3427.826436,216831.5907,0,0,0,0,0,0,0,0,0,0,0.151728,0,0.368761214,0.034463806,17.15853659
67,266,85.696,3427.826436,216831.5907,0,0,0,0,0,0,0,0,0,0,0.151728,0,0.368761214,0.034463806,45.84146341
67,266,85.696,3427.826436,216831.5907,0.049547,0,0,0,0,0,0,0,0,0,0,0,0.368761214,0.034463806,0
67,266,85.696,3427.826436,216831.5907,0,0,0,0,0,0.77904,0,0,0,0,0,0,0.368761214,0.034463806,0
67,266,85.696,3427.826436,216831.5907,0.43529,0,0,0,0,0,0,0,0,0,7.1259,0,0.368761214,0.034463806,0
67,266,85.696,3427.826436,216831.5907,0,0,0,0,0,0,0,0,0,0,3.4872,0,0.368761214,0.034463806,74.95121951
67,266,85.696,3427.826436,216831.5907,0,231.66,0,0,0,0,0,0,0,0,0.151728,0,0.368761214,0.034463806,19.12195122
67,266,85.696,3427.826436,216831.5907,0,0,0,0,0,1.1622,0,0,0,0,0.181728,0,0.368761214,0.034463806,0
67,266,85.696,3427.826436,216831.5907,0,0,0,0,0,0.079175,0,0,0,0,0,0,0.368761214,0.034463806,51.30487805
67,266,85.696,3427.826436,216831.5907,0.005766,0,0,0,0,0,0,0,0,0,0.151728,0,0.368761214,0.034463806,0
67,266,85.696,3427.826436,216831.5907,0,0,0,0,0,0,0,0,0,0,0.151728,0,0.368761214,0.034463806,0
67,266,85.696,3427.826436,216831.5907,0,0,0,0,0,0,23.562,0,0,0,0.181728,0,0.368761214,0.034463806,61.29268293
67,266,85.696,3427.826436,216831.5907,0,0.009099,0,0,0,0,0,0,0,0,1.04637,0,0.368761214,0.034463806,14.76829268
67,266,85.696,3427.826436,216831.5907,0,0.008333,0,0,0,0.010588,0,0,0,0,10.3692,0,0.368761214,0.034463806,0
67,266,85.696,3427.826436,216831.5907,0,0,0,0,0,0,0,0,0,0,12.6336,0,0.368761214,0.034463806,0
67,266,85.696,3427.826436,216831.5907,1.6223,0,0,0,0,1.0992,0,0,0,0,1.88184,0,0.368761214,0.034463806,39.09756098
67,266,85.696,3427.826436,216831.5907,0,0,0.001768,0,0,0,23.847,0,0,0,13.494,0,0.368761214,0.034463806,0
67,266,85.696,3427.826436,216831.5907,0,0,0,0.00833,0,0,159.64,0,0,0,0.181728,0,0.368761214,0.034463806,0
67,266,85.696,3427.826436,216831.5907,0.1963,0,0,0,0,0,101.02,0,0,0,0.151728,0,0.368761214,0.034463806,73.32926829
67,266,85.696,3427.826436,216831.5907,0,0.0081579,0,0,0,0,0,0,0,0,0.78174,0,0.368761214,0.034463806,49.25609756
67,266,85.696,3427.826436,216831.5907,0,0,0,0,0,0,0,0,0,0,4.5555,0,0.368761214,0.034463806,0
67,266,85.696,3427.826436,216831.5907,0,13.912,0,0,0,0,0,0,0,0,0.37014,0,0.368761214,0.034463806,0.256097561
67,266,85.696,3427.826436,216831.5907,0,0,0,0,0,0,0,0,0,0,0,0,0.368761214,0.034463806,0.853658537
67,266,85.696,3427.826436,216831.5907,0,0.008333,0,0,0,0.77904,0,0,0,0,0.290478,0,0.368761214,0.034463806,0
67,266,85.696,3427.826436,216831.5907,0,0,0,0,0,0,41.285,0,0,0,0.151728,0,0.368761214,0.034463806,0
67,266,85.696,3427.826436,216831.5907,6.5264,0,0,1.4185,0,0,35.101,0,0,0,0.37014,0,0.368761214,0.034463806,0
67,266,85.696,3427.826436,216831.5907,10.893,0,0,0,0,0,0,0,0,0,0.73911,0,0.368761214,0.034463806,0
67,266,85.696,3427.826436,216831.5907,0,0,0,0,0,0,0,0,0,0,12.8454,0,0.368761214,0.034463806,63.93902439
67,266,85.696,3427.826436,216831.5907,0.016666,0,0,0,0,0,0,0,0,0,0.282771,0,0.368761214,0.034463806,0
67,266,85.696,3427.826436,216831.5907,0,0,0,0,0,0,0,0,0,0,0.151728,0,0.368761214,0.034463806,0
67,266,85.696,3427.826436,216831.5907,0,4.2325,0,0,0,0,150.43,0,0,0,11.0037,0,0.368761214,0.034463806,5.975609756
67,266,85.696,3427.826436,216831.5907,0,0.008333,0,0.68263,0,0,0,0,0,0,0.151728,0,0.368761214,0.034463806,0
67,266,85.696,3427.826436,216831.5907,0.003878,0,0,0,0,0,0,0,0,0,7.3257,0,0.368761214,0.034463806,0
67,266,85.696,3427.826436,216831.5907,0,0,0,9.459,0,0,0,0,0,0,0,0,0.368761214,0.034463806,69.74390244
67,266,85.696,3427.826436,216831.5907,0.611,0,0,0,0,0,0,0,0,0,0.68376,0,0.368761214,0.034463806,37.3902439
67,266,85.696,3427.826436,216831.5907,0,0,0,0,0,0,0,0,0,0,8.3751,0,0.368761214,0.034463806,0
67,266,85.696,3427.826436,216831.5907,1.3251,0,0,0,0,0,0,0,0,0,0.271728,0,0.368761214,0.034463806,0
67,266,85.696,3427.826436,216831.5907,0.005629,0,2.6779,0,0,0,0,0,0,0,0.151728,0,0.368761214,0.034463806,0
67,266,85.696,3427.826436,216831.5907,0,0,0,0,0,0,5.4582,0,0,0,12.6336,0,0.368761214,0.034463806,5.975609756
67,266,85.696,3427.826436,216831.5907,0,0,0,0,0,0,0.13028,0,0,0,0,0,0.368761214,0.034463806,56.76829268
67,266,85.696,3427.826436,216831.5907,0,0,0,0,0,0,0.002308,0,0,0,0,0,0.368761214,0.034463806,54.8902439
67,266,85.696,3427.826436,216831.5907,0,0,0,5.2199,0,0,0,0,0,0,0,0,0.368761214,0.034463806,0
67,266,85.696,3427.826436,216831.5907,0,0,0.84043,0,0,0,0,0,0,0,0.151728,0,0.368761214,0.034463806,0
67,266,85.696,3427.826436,216831.5907,0,0,0,0,0,0.88838,0,0,0,0,0,0,0.368761214,0.034463806,0
67,266,85.696,3427.826436,216831.5907,1.0383,0,0.97664,0,0,0.77921,1.3964,0,0,0,59.643,0,0.368761214,0.034463806,0
67,266,85.696,3427.826436,216831.5907,0.99281,0,0,0,0,0,0,0,0,0,0,0,0.368761214,0.034463806,65.13414634
67,266,85.696,3427.826436,216831.5907,0,0,0,0,0,0,0,0,0,0,0.151728,0,0.368761214,0.034463806,0
67,266,85.696,3427.826436,216831.5907,0.17784,0,0,0,0,0,0.13028,0,0,0,0.151728,0,0.368761214,0.034463806,46.09756098
67,266,85.696,3427.826436,216831.5907,0,0,0,0,0,0,0,0,0,0,0,0,0.368761214,0.034463806,0
67,266,85.696,3427.826436,216831.5907,0,0,0,0.053789,0,0,0,0,0,0,0,0,0.368761214,0.034463806,33.37804878
67,266,85.696,3427.826436,216831.5907,0,0,0,0,0,0,0,0,0,0,0.151728,0,0.368761214,0.034463806,0
67,266,85.696,3427.826436,216831.5907,0,0,0,0,0,739.39,0,0,0,0,0,0,0.368761214,0.034463806,0
67,266,85.696,3427.826436,216831.5907,0,0,0,0,0,7.2179,0,0,0,0,0.151728,0,0.368761214,0.034463806,0
67,266,85.696,3427.826436,216831.5907,0.000081,0,0,0,0,0,0,0,0,0,79.893,0,0.368761214,0.034463806,1.451219512
67,266,85.696,3427.826436,216831.5907,0,0,0,0,0,0,0,0,0,0,0.151728,0,0.368761214,0.034463806,0
67,266,85.696,3427.826436,216831.5907,0,0,0,0,0,0,0,0,0,0,22.8018,0,0.368761214,0.034463806,0
67,266,85.696,3427.826436,216831.5907,0,0,0,0,0,0,9.2947,0,0,0,0.286086,0,0.368761214,0.034463806,56.42682927
67,266,85.696,3427.826436,216831.5907,0,0,0,0.04745,0,0,0,0,0,0,4.4787,0,0.368761214,0.034463806,0
67,266,85.696,3427.826436,216831.5907,1.4231,0,0,0,0,0,0.42744,0,0,0,10.1169,0,0.368761214,0.034463806,0
67,266,85.696,3427.826436,216831.5907,0.005766,0,0,0,0,0.78884,0,0,0,0,0.151728,0,0.368761214,0.034463806,0
67,266,85.696,3427.826436,216831.5907,0,0,0,35.842,0,0,0,0,0,0,0,0,0.368761214,0.034463806,0
67,266,85.696,3427.826436,216831.5907,0,0,0,0,0,0,50.247,0,0,0,11.9625,0,0.368761214,0.034463806,43.1097561
67,266,85.696,3427.826436,216831.5907,7.7626,0.009099,0,0,0,0.002317,0,0,0,0,0.151728,0,0.368761214,0.034463806,0
67,266,85.696,3427.826436,216831.5907,0,0,0,0.003416,0,0,0,0,0,0,0.151728,0,0.368761214,0.034463806,0
67,266,85.696,3427.826436,216831.5907,0.014351,231.66,0,0,0,0,0,0,0,0,0.151728,0,0.368761214,0.034463806,0
67,266,85.696,3427.826436,216831.5907,0.31253,0,0,0,0,0,0,0,0,0,1.26477,0,0.368761214,0.034463806,21.34146341
67,266,85.696,3427.826436,216831.5907,0,0,0,23.182,0,0,0,0,0,0,0.28866,0,0.368761214,0.034463806,83.74390244
67,266,85.696,3427.826436,216831.5907,0.016667,0,0,0.008333,0,0.015103,216.94,0,0,0,3.2457,0,0.368761214,0.034463806,0
67,266,85.696,3427.826436,216831.5907,0.016667,0,0,0,0,0,0,0,0,0,3.4872,0,0.368761214,0.034463806,0
67,266,85.696,3427.826436,216831.5907,0.41388,0,0.0090234,0,0,0,0,0,0,0,0.151728,0,0.368761214,0.034463806,0
67,266,85.696,3427.826436,216831.5907,0,0,0,0,0,0,0,0,0,0,1.09155,0,0.368761214,0.034463806,0
67,266,85.696,3427.826436,216831.5907,1.0643,0,0,0,0,0,0,0,0,0,2.61366,0,0.368761214,0.034463806,16.90243902
67,266,85.696,3427.826436,216831.5907,0,0,0,0,0,0,0,0,0,0,11.5818,0,0.368761214,0.034463806,0
67,266,85.696,3427.826436,216831.5907,0.0065409,0,0,0,0,0,3.1279,0,0,0,0.288246,0,0.368761214,0.034463806,69.06097561
67,266,85.696,3427.826436,216831.5907,0,0,0,0,0,0,0,0,0,0,0.151728,0,0.368761214,0.034463806,0
67,266,85.696,3427.826436,216831.5907,4.1179,0,0,0,0,0,0,0,0,0,68.145,0,0.368761214,0.034463806,20.57317073
67,266,85.696,3427.826436,216831.5907,0,0,0,0,0,0.77921,0,0,0,0,0.151728,0,0.368761214,0.034463806,0
67,266,85.696,3427.826436,216831.5907,0,0,0,0,0,0,0,0,0,0,0.151728,0,0.368761214,0.034463806,85.19512195
67,266,85.696,3427.826436,216831.5907,0,0,0,0,0,0,0,0,0,0,0,0,0.368761214,0.034463806,12.80487805
67,266,85.696,3427.826436,216831.5907,0,0,0,0,0,0,0,0,0,0,0.36594,0,0.368761214,0.034463806,0
67,266,85.696,3427.826436,216831.5907,0,0,0.000826,0,0,0,0,0,0,0,32.442,0,0.368761214,0.034463806,82.03658537
67,266,85.696,3427.826436,216831.5907,0,0.78343,0,0,0,0,0,0,0,0,34.932,0,0.368761214,0.034463806,0
67,266,85.696,3427.826436,216831.5907,0,1.4122,0,0,0,0,0,0,0,0,123.459,0,0.368761214,0.034463806,0
67,266,85.696,3427.826436,216831.5907,1.6223,0,0,0,0,0,21.052,0,0,0,0,0,0.368761214,0.034463806,0
67,266,85.696,3427.826436,216831.5907,0,0,0,0.053789,0,0,0,0,0,0,0,0,0.368761214,0.034463806,0
67,266,85.696,3427.826436,216831.5907,0,0.007148,0,0.00043,0,0,0,0,0,0,0,0,0.368761214,0.034463806,0
67,266,85.696,3427.826436,216831.5907,0.0085521,0,0,0,0,0,0,0,0,0,64.437,0,0.368761214,0.034463806,0
67,266,85.696,3427.826436,216831.5907,0,0,0,0,0,0,0.40452,0,0,0,8.9118,0,0.368761214,0.034463806,69.57317073
67,266,85.696,3427.826436,216831.5907,0,0,0,0,0,0,0,0,0,0,0,0,0.368761214,0.034463806,9.475609756
67,266,85.696,3427.826436,216831.5907,0,0,0,0,0,0,27.391,0,0,0,0,0,0.368761214,0.034463806,0
67,266,85.696,3427.826436,216831.5907,0,0.008333,0.005219,0,0,0,0,0,0,0,0.151728,0,0.368761214,0.034463806,3.158536585
67,266,85.696,3427.826436,216831.5907,0,145.18,0,0,0,0,0,0,0,0,0.151728,0,0.368761214,0.034463806,1.109756098
67,266,85.696,3427.826436,216831.5907,0,0,0,0,0,0,0,0,0,0,0,0,0.368761214,0.034463806,0
67,266,85.696,3427.826436,216831.5907,0.0071287,0,0,0,0,0,0,0,0,0,0,0,0.368761214,0.034463806,0
67,266,85.696,3427.826436,216831.5907,0.001192,0,0,0,0,0,0,0,0,0,0.151728,0,0.368761214,0.034463806,0
67,266,85.696,3427.826436,216831.5907,0,49.622,0,0,0,0,0,0,0,0,0,0,0.368761214,0.034463806,0
67,266,85.696,3427.826436,216831.5907,0,0,0,0,0,0,0,0,0,0,1.64742,0,0.368761214,0.034463806,0
67,266,85.696,3427.826436,216831.5907,0,0,0,0,0,0,0,0,0,0,0.151728,0,0.368761214,0.034463806,0
67,266,85.696,3427.826436,216831.5907,0.003465,0,0,0.008575,0,0,21.105,0,0,0,0,0,0.368761214,0.034463806,0
67,266,85.696,3427.826436,216831.5907,0,0,0,0,0,0.79321,278.45,0,0,0,0.288246,0,0.368761214,0.034463806,77.76829268
67,266,85.696,3427.826436,216831.5907,0,0.71635,0,0,0,0,0,0,0,0,0,0,0.368761214,0.034463806,77.25609756
67,266,85.696,3427.826436,216831.5907,0,0,7.8329,0,0,0,0,0,0,0,0.278526,0,0.368761214,0.034463806,8.365853659
67,266,85.696,3427.826436,216831.5907,0,0,0,0,0,0,0,0,0,0,0.151728,0,0.368761214,0.034463806,0
67,266,85.696,3427.826436,216831.5907,0,0,0.000064,0.98424,0,0,0,0,0,0,10.9065,0,0.368761214,0.034463806,0
67,266,85.696,3427.826436,216831.5907,0,0,0,0,0,0,18.925,0,0,0,0.70413,0,0.368761214,0.034463806,0
67,266,85.696,3427.826436,216831.5907,2.1632,0,0,0,0,0,0,0,0,0,0.78999,0,0.368761214,0.034463806,0
67,266,85.696,3427.826436,216831.5907,0,0.02722,0,3.1633,0,0,0,0,0,0,1.74174,0,0.368761214,0.034463806,0
67,266,85.696,3427.826436,216831.5907,0,0,0,0,0,0,0,0,0,0,13.494,0,0.368761214,0.034463806,25.09756098
67,266,85.696,3427.826436,216831.5907,0,0,0,0,0,0.79321,21.052,0,0,0,0.151728,0,0.368761214,0.034463806,0
67,266,85.696,3427.826436,216831.5907,0,0,0,0,0,0,0,0,0,0,0.181728,0,0.368761214,0.034463806,23.30487805
67,266,85.696,3427.826436,216831.5907,0.17485,0,0,0,0,0,1.6669,0,0,0,0.151728,0,0.368761214,0.034463806,35.85365854
67,266,85.696,3427.826436,216831.5907,0,0,0,0,0,0,0,0,0,0,0,0,0.368761214,0.034463806,50.36585366
67,266,85.696,3427.826436,216831.5907,0,0,0,0,0,0,0.13028,0,0,0,0.151728,0,0.368761214,0.034463806,0
67,266,85.696,3427.826436,216831.5907,0,0,0,0,0,0,0,0,0,0,11.5245,0,0.368761214,0.034463806,60.01219512
67,266,85.696,3427.826436,216831.5907,0.14645,0,0,0,0,0.79321,0,0,0,0,0.151728,0,0.368761214,0.034463806,0
67,266,85.696,3427.826436,216831.5907,0,0,0,0,0,0,0,0,0,0,0.151728,0,0.368761214,0.034463806,70
67,266,85.696,3427.826436,216831.5907,0.016668,0,0,0,0,0,0,0,0,0,8.3751,0,0.368761214,0.034463806,0
67,266,85.696,3427.826436,216831.5907,0,0,0,0,0,0,0,0,0,0,3.3057,0,0.368761214,0.034463806,0
67,266,85.696,3427.826436,216831.5907,10.893,0,0,0,0,0,0,0,0,0,0,0,0.368761214,0.034463806,7.93902439
67,266,85.696,3427.826436,216831.5907,0.016486,0,0,0,0,0,0,0,0,0,0.151728,0,0.368761214,0.034463806,18.35365854
67,266,85.696,3427.826436,216831.5907,0,0,0,0,0,0,0,0,0,0,0.151728,0,0.368761214,0.034463806,0
67,266,85.696,3427.826436,216831.5907,0.000688,0,0,0,0,0,0,0,0,0,15.0018,0,0.368761214,0.034463806,0
67,266,85.696,3427.826436,216831.5907,0,0,0,0,0,0,0,0,0,0,0,0,0.368761214,0.034463806,69.91463415
67,266,85.696,3427.826436,216831.5907,0,0.011607,0,0,0,0,0.008333,0,0,0,3.9018,0,0.368761214,0.034463806,13.74390244
67,266,85.696,3427.826436,216831.5907,0,0,0,0,0,0,0,0,0,0,12.8454,0,0.368761214,0.034463806,13.31707317
67,266,85.696,3427.826436,216831.5907,0,0,0,0,0,0,0.42744,0,0,0,0.151728,0,0.368761214,0.034463806,52.75609756
67,266,85.696,3427.826436,216831.5907,0,0,0,0,0,0,0,0,0,0,0.151728,0,0.368761214,0.034463806,53.01219512
67,266,85.696,3427.826436,216831.5907,0,0,0,0,0,0,0,0,0,0,24.0468,0,0.368761214,0.034463806,23.2195122
67,266,85.696,3427.826436,216831.5907,0.00062,0,0,0,0,0,0,0,0,0,0.70503,0,0.368761214,0.034463806,29.62195122
67,266,85.696,3427.826436,216831.5907,0,0,0,0,0,0,0,0,0,0,0.151728,0,0.368761214,0.034463806,0
67,266,85.696,3427.826436,216831.5907,0,5.2423,0,0,0,0,0,0,0,0,0,0,0.368761214,0.034463806,5.975609756
67,266,85.696,3427.826436,216831.5907,0,0,0,0,0,0,0,0,0,0,7.4118,0,0.368761214,0.034463806,0
67,266,85.696,3427.826436,216831.5907,0.00571,0.12053,0,0,0,0,0,0,0,0,0.28509,0,0.368761214,0.034463806,11.43902439
67,266,85.696,3427.826436,216831.5907,0,3.6816,0,0,0,0,0,0,0,0,7.0518,0,0.368761214,0.034463806,60.18292683
67,266,85.696,3427.826436,216831.5907,1.976,0,0,0,0,0,0,0,0,0,0,0,0.368761214,0.034463806,0
67,266,85.696,3427.826436,216831.5907,0,0,0,0,0,0,0,0,0,0,0,0,0.368761214,0.034463806,0
67,266,85.696,3427.826436,216831.5907,3.0444,0,0,22.101,0,0,0,0,0,0,0.31755,0,0.368761214,0.034463806,37.56097561
67,266,85.696,3427.826436,216831.5907,0.0075217,0,0,0,0,0,110.03,0,0,0,0.151728,0,0.368761214,0.034463806,82.29268293
67,266,85.696,3427.826436,216831.5907,0,0,0,0,0,0,0,0,0,0,0.151728,0,0.368761214,0.034463806,0
67,266,85.696,3427.826436,216831.5907,0,0,0,0,0,0,0,0,0,0,175.254,0,0.368761214,0.034463806,0
67,266,85.696,3427.826436,216831.5907,54.832,0,0,0,0,0,14.88,0,0,0,10.1169,0,0.368761214,0.034463806,0
67,266,85.696,3427.826436,216831.5907,0,0.00999,0,0,0,0,0,0,0,0,0,0,0.368761214,0.034463806,0
67,266,85.696,3427.826436,216831.5907,0,0,0,0,0,0,0,0,0,0,0,0,0.368761214,0.034463806,71.87804878
67,266,85.696,3427.826436,216831.5907,0,0,0,0,0,0,0,0,0,0,0.151728,0,0.368761214,0.034463806,0
67,266,85.696,3427.826436,216831.5907,0.26916,0,0,0,0,0,0,0,0,0,1.38174,0,0.368761214,0.034463806,0
67,266,85.696,3427.826436,216831.5907,4.4942,0,0,0,0,0,0,0,0,0,0.151728,0,0.368761214,0.034463806,0
67,266,85.696,3427.826436,216831.5907,0,0,0,0,0,0,0,0,0,0,0.151728,0,0.368761214,0.034463806,18.01219512
67,266,85.696,3427.826436,216831.5907,1.2569,0,0,0,0,0,0,0,0,0,11.5245,0,0.368761214,0.034463806,30.47560976
67,266,85.696,3427.826436,216831.5907,0.00062,0,0,0,0,0,0.002308,0,0,0,0.151728,0,0.368761214,0.034463806,0
67,266,85.696,3427.826436,216831.5907,0,0.027428,0,0,0,0.015103,19.352,0,0,0,4.4313,0,0.368761214,0.034463806,0
67,266,85.696,3427.826436,216831.5907,0.43529,0,0,0,0,0,0,0,0,0,8.4681,0,0.368761214,0.034463806,0
67,266,85.696,3427.826436,216831.5907,0,0,0,0,0,0,0,0,0,0,1.27536,0,0.368761214,0.034463806,0
67,266,85.696,3427.826436,216831.5907,0,0,0,0,0,0.80296,0.13028,0,0,0,0,0,0.368761214,0.034463806,18.6097561
67,266,85.696,3427.826436,216831.5907,0,0,0,0,0,0,0,0,0,0,0.34434,0,0.368761214,0.034463806,77.93902439
67,266,85.696,3427.826436,216831.5907,0,0,0,0,0,0,0,0,0,0,4.0518,0,0.368761214,0.034463806,41.31707317
67,266,85.696,3427.826436,216831.5907,0.20993,0,0,1.9954,0,0,0,0,0,0,32.442,0,0.368761214,0.034463806,24.32926829
67,266,85.696,3427.826436,216831.5907,0,0.6335,0,0,0,0,0.059897,0,0,0,0.151728,0,0.368761214,0.034463806,0
67,266,85.696,3427.826436,216831.5907,0,0,0,0,0,0,0,0,0,0,0.72228,0,0.368761214,0.034463806,49.34146341
67,266,85.696,3427.826436,216831.5907,0,0,0,0,0,0,0,0,0,0,1.64958,0,0.368761214,0.034463806,0
67,266,85.696,3427.826436,216831.5907,0,0,0,0,0,0,0,0,0,0,0,0,0.368761214,0.034463806,14.68292683
67,266,85.696,3427.826436,216831.5907,0,0,0,0,0,0,0,0,0,0,0.151728,0,0.368761214,0.034463806,47.54878049
67,266,85.696,3427.826436,216831.5907,0,0,0,0,0,0,0,0,0,0,0.151728,0,0.368761214,0.034463806,0
67,266,85.696,3427.826436,216831.5907,0,0,0,0,0,0,215.49,0,0,0,10.6209,0,0.368761214,0.034463806,0
67,266,85.696,3427.826436,216831.5907,0.003465,0,0,0,0,0,0,0,0,0,0.62307,0,0.368761214,0.034463806,49.59756098
67,266,85.696,3427.826436,216831.5907,0,22.046,0,0.01183,0,0,0,0,0,0,41.715,0,0.368761214,0.034463806,0
67,266,85.696,3427.826436,216831.5907,0,0,0,0,0,0,0,0,0,0,73.308,0,0.368761214,0.034463806,0
67,266,85.696,3427.826436,216831.5907,0,0,0,0.00014,0,0,0,0,0,0,0.279585,0,0.368761214,0.034463806,83.82926829
67,266,85.696,3427.826436,216831.5907,0,0,0,0,0,0,0,0,0,0,8.4681,0,0.368761214,0.034463806,0
67,266,85.696,3427.826436,216831.5907,0,0.015347,1.3083,0,0,0,0,0,0,0,1.19187,0,0.368761214,0.034463806,0
67,266,85.696,3427.826436,216831.5907,0,0,0,0,0,0,0,0,0,0,1.33728,0,0.368761214,0.034463806,56
67,266,85.696,3427.826436,216831.5907,0.030824,0,0,0.24949,0,0,0,0,0,0,9.4383,0,0.368761214,0.034463806,0
67,266,85.696,3427.826436,216831.5907,0,0,0,0,0,0,0,0,0,0,0.88596,0,0.368761214,0.034463806,0
67,266,85.696,3427.826436,216831.5907,32.277,0.39083,0,0,0,0,0,0,0,0,0,0,0.368761214,0.034463806,20.74390244
67,266,85.696,3427.826436,216831.5907,0.11569,0,0,59.511,0,0,0.10863,0,0,0,12.3399,0,0.368761214,0.034463806,0
67,266,85.696,3427.826436,216831.5907,0,0.00849,0,0,0,0,5.1475,0,0,0,0.151728,0,0.368761214,0.034463806,11.52439024
67,266,85.696,3427.826436,216831.5907,2.9519,0,0,0,0,0.79291,0,0,0,0,8.5644,0,0.368761214,0.034463806,57.45121951
67,266,85.696,3427.826436,216831.5907,0.000081,0,0,0,0,0,0,0,0,0,78.063,0,0.368761214,0.034463806,17.15853659
67,266,85.696,3427.826436,216831.5907,0,0,0,0,0,0,0,0,0,0,1.97832,0,0.368761214,0.034463806,39.26829268
67,266,85.696,3427.826436,216831.5907,6.2758,0.00021,0,0,0,0,0,0,0,0,0.151728,0,0.368761214,0.034463806,0
67,266,85.696,3427.826436,216831.5907,0,0,0,0,0,0,0,0,0,0,3.8946,0,0.368761214,0.034463806,0
67,266,85.696,3427.826436,216831.5907,0,0,0,0,0,0,0,0,0,0,66.003,0,0.368761214,0.034463806,7.853658537
67,266,85.696,3427.826436,216831.5907,0,0,0,0,0,0,0,0,0,0,1.64958,0,0.368761214,0.034463806,0
67,266,85.696,3427.826436,216831.5907,0,0,0,0,0,0.068895,135.01,0,0,0,4.4403,0,0.368761214,0.034463806,12.29268293
67,266,85.696,3427.826436,216831.5907,0,0,0,0.005769,0,0,0,0,0,0,0,0,0.368761214,0.034463806,0
67,266,85.696,3427.826436,216831.5907,0,0,0,0,0,0,34.809,0,0,0,0.36594,0,0.368761214,0.034463806,84.93902439
67,266,85.696,3427.826436,216831.5907,0,0,0,0,0,0.56087,0.13028,0,0,0,0,0,0.368761214,0.034463806,70.76829268
67,266,85.696,3427.826436,216831.5907,454.62,0.000688,0,0.002741,0,0,8.1131,0,0,0,0.151728,0,0.368761214,0.034463806,0
67,266,85.696,3427.826436,216831.5907,0.00901,0,0,0,0,0,0.059897,0,0,0,0.151728,0,0.368761214,0.034463806,0
67,266,85.696,3427.826436,216831.5907,0,0,0,0,0,0,0.13028,0,0,0,0.151728,0,0.368761214,0.034463806,0
67,266,85.696,3427.826436,216831.5907,0,0,0,0,0,0,0,0,0,0,0.151728,0,0.368761214,0.034463806,7.93902439
67,266,85.696,3427.826436,216831.5907,0,2.0886,0,0,0,0,0.059897,0,0,0,0,0,0.368761214,0.034463806,0
67,266,85.696,3427.826436,216831.5907,34.054,0.0055384,0.000138,0,0,0,0,0,0,0,58.353,0,0.368761214,0.034463806,44.3902439
67,266,85.696,3427.826436,216831.5907,0,0,0,0,0,0,0,0,0,0,0.151728,0,0.368761214,0.034463806,0
67,266,85.696,3427.826436,216831.5907,0,0,0,0,0,0,0,0,0,0,0.151728,0,0.368761214,0.034463806,0
67,266,85.696,3427.826436,216831.5907,0,0,0,0,0,0,0,0,0,0,16.0194,0,0.368761214,0.034463806,31.07317073
67,266,85.696,3427.826436,216831.5907,0.42108,0,0,0,0,0,0.002308,0,0,0,6.258,0,0.368761214,0.034463806,0
67,266,85.696,3427.826436,216831.5907,0.0066659,22.046,0,0.008345,0,0,0,0,0,0,2.39772,0,0.368761214,0.034463806,11.35365854
67,266,85.696,3427.826436,216831.5907,0,0,33.498,0,0,0,0,0,0,0,25.5579,0,0.368761214,0.034463806,0
67,266,85.696,3427.826436,216831.5907,0,0,0,0,0,0,0,0,0,0,69.483,0,0.368761214,0.034463806,32.6097561
67,266,85.696,3427.826436,216831.5907,0,0,0,0,0,0,0,0,0,0,0,0,0.368761214,0.034463806,0
67,266,85.696,3427.826436,216831.5907,0,0,0,0,0,0,0,0,0,0,0,0,0.368761214,0.034463806,68.8902439
67,266,85.696,3427.826436,216831.5907,0,0,0,4.1555,0,0,0,0,0,0,0,0,0.368761214,0.034463806,67.52439024
67,266,85.696,3427.826436,216831.5907,0.10513,0,0,0,0,0,0,0,0,0,9.4383,0,0.368761214,0.034463806,44.47560976
67,266,85.696,3427.826436,216831.5907,0,2.9696,0.27253,0,0,0,0,0,0,0,0,0,0.368761214,0.034463806,0
67,266,85.696,3427.826436,216831.5907,0,0,0,0.16384,0,0,0,0,0,0,10.6809,0,0.368761214,0.034463806,10.24390244
67,266,85.696,3427.826436,216831.5907,0,0,0,0,0,0,277.52,0,0,0,0,0,0.368761214,0.034463806,0
67,266,85.696,3427.826436,216831.5907,0,0,0,0,0,0,0,0,0,0,0,0,0.368761214,0.034463806,48.06097561
67,266,85.696,3427.826436,216831.5907,0,0,0,0,0,0,0.10863,0,0,0,3.4635,0,0.368761214,0.034463806,26.37804878
67,266,85.696,3427.826436,216831.5907,0,0,0,0,0,0,18.465,0,0,0,0,0,0.368761214,0.034463806,0
67,266,85.696,3427.826436,216831.5907,0,0,0,0,0,0,0,0,0,0,0,0,0.368761214,0.034463806,1.963414634
67,266,85.696,3427.826436,216831.5907,0,0,0,0,0,0,0,0,0,0,0.297708,0,0.368761214,0.034463806,74.69512195
67,266,85.696,3427.826436,216831.5907,0.31985,0,0,0,0,0,0,0,0,0,0.273324,0,0.368761214,0.034463806,80.5
67,266,85.696,3427.826436,216831.5907,0,47.688,0,0.008333,0,0,0,0,0,0,4.1943,0,0.368761214,0.034463806,74.52439024
67,266,85.696,3427.826436,216831.5907,0,0,0,0,0,0,24.738,0,0,0,0.151728,0,0.368761214,0.034463806,42.42682927
67,266,85.696,3427.826436,216831.5907,1.1814,0,0,0,0,0.049829,0,0,0,0,0,0,0.368761214,0.034463806,46.26829268
67,266,85.696,3427.826436,216831.5907,0,0,0.13827,0,0,0,30.39,0,0,0,0.273366,0,0.368761214,0.034463806,39.35365854
67,266,85.696,3427.826436,216831.5907,0.71928,0.91303,0,0,0,0,0,0,0,0,0.151728,0,0.368761214,0.034463806,0
67,266,85.696,3427.826436,216831.5907,0,0,0,0,0,0,0,0,0,0,13.3746,0,0.368761214,0.034463806,0
67,266,85.696,3427.826436,216831.5907,0,0,0,0,0,0,0,0,0,0,0.151728,0,0.368761214,0.034463806,31.32926829
67,266,85.696,3427.826436,216831.5907,0.016486,0,0,0,0,6.5193,0,0,0,0,0,0,0.368761214,0.034463806,0
67,266,85.696,3427.826436,216831.5907,0,3.9337,0,0,0,0,0.002308,0,0,0,0,0,0.368761214,0.034463806,42.85365854
67,266,85.696,3427.826436,216831.5907,0,0,0,0,0,0,0.59876,0,0,0,0.151728,0,0.368761214,0.034463806,80.41463415
67,266,85.696,3427.826436,216831.5907,0,0,0,0,0,0,0,0,0,0,0.151728,0,0.368761214,0.034463806,0
67,266,85.696,3427.826436,216831.5907,0,4.4834,0.59064,0,0,0,0,0,0,0,15.2718,0,0.368761214,0.034463806,0
67,266,85.696,3427.826436,216831.5907,0,0,0,0,0,0.56087,5.5509,0,0,0,28.1349,0,0.368761214,0.034463806,58.3902439
67,266,85.696,3427.826436,216831.5907,0,0,0,0,0,0,0.10863,0,0,0,0.151728,0,0.368761214,0.034463806,6.487804878
67,266,85.696,3427.826436,216831.5907,0.0066659,0,0,0,0,0,0,0,0,0,8.9118,0,0.368761214,0.034463806,0
67,266,85.696,3427.826436,216831.5907,0,0.002011,0,0,0,0,0,0,0,0,118.791,0,0.368761214,0.034463806,0
67,266,85.696,3427.826436,216831.5907,0.10603,0,0,0,0,0,0,0,0,0,0.151728,0,0.368761214,0.034463806,0
67,266,85.696,3427.826436,216831.5907,3.1199,0,0,0,0,0,246.03,0,0,0,0.48174,0,0.368761214,0.034463806,0
67,266,85.696,3427.826436,216831.5907,0,0,0,0,0,0,0,0,0,0,3.498,0,0.368761214,0.034463806,0
67,266,85.696,3427.826436,216831.5907,34.054,0,0,0,0,0,0,0,0,0,0.151728,0,0.368761214,0.034463806,7.085365854
67,266,85.696,3427.826436,216831.5907,0,0.008344,0,0,0,0,0,0,0,0,0,0,0.368761214,0.034463806,0
67,266,85.696,3427.826436,216831.5907,0,0,0,0,0,0,0.13028,0,0,0,0.286086,0,0.368761214,0.034463806,0
67,266,85.696,3427.826436,216831.5907,0,0,0,0,0,0,0.13028,0,0,0,0,0,0.368761214,0.034463806,0
67,266,85.696,3427.826436,216831.5907,0.003127,5.2423,0,0,0,0,0,0,0,0,0,0,0.368761214,0.034463806,0
67,266,85.696,3427.826436,216831.5907,1.3083,0,0,0,0,0,0,0,0,0,27.6384,0,0.368761214,0.034463806,31.15853659
67,266,85.696,3427.826436,216831.5907,1.6777,0,0,0,0,0,0,0,0,0,1.85526,0,0.368761214,0.034463806,10.07317073
67,266,85.696,3427.826436,216831.5907,0,0,0,0,0,0,0,0,0,0,0,0,0.368761214,0.034463806,0
67,266,85.696,3427.826436,216831.5907,0.81665,0,0,0.008523,0,0,0,0,0,0,0.151728,0,0.368761214,0.034463806,0
67,266,85.696,3427.826436,216831.5907,0.36503,0,0,0,0,0,0,0,0,0,0.151728,0,0.368761214,0.034463806,0
67,266,85.696,3427.826436,216831.5907,0.0085521,0,0,0,0,0.79321,0,0,0,0,0,0,0.368761214,0.034463806,61.8902439
67,266,85.696,3427.826436,216831.5907,0,0,0,0,0,0,0,0,0,0,0.278694,0,0.368761214,0.034463806,0
67,266,85.696,3427.826436,216831.5907,0,3.5332,0,0.014735,0,0,0,0,0,0,4.9119,0,0.368761214,0.034463806,0
67,266,85.696,3427.826436,216831.5907,0,0,0,0.008333,0,0,0,0,0,0,0.151728,0,0.368761214,0.034463806,0
67,266,85.696,3427.826436,216831.5907,0,0,0,0.0076281,0,0,0.13028,0,0,0,0,0,0.368761214,0.034463806,0
67,266,85.696,3427.826436,216831.5907,0,0,0,0.43707,0,0,0.59876,0,0,0,8.6688,0,0.368761214,0.034463806,63.76829268
67,266,85.696,3427.826436,216831.5907,0,0,0,0.008333,0,0.036129,0,0,0,0,19.5987,0,0.368761214,0.034463806,0
67,266,85.696,3427.826436,216831.5907,0.000765,0.015721,0,0,0,0,385.54,0,0,0,1.62018,0,0.368761214,0.034463806,0
67,266,85.696,3427.826436,216831.5907,0.26916,0,0,0.008333,0,0,8.7466,0,0,0,0.151728,0,0.368761214,0.034463806,7.426829268
67,266,85.696,3427.826436,216831.5907,0,0,0,0.008333,0,0,0.059897,0,0,0,1.91388,0,0.368761214,0.034463806,70.17073171
67,266,85.696,3427.826436,216831.5907,0,0,0,0,0,0,0,0,0,0,1.86174,0,0.368761214,0.034463806,56.51219512
67,266,85.696,3427.826436,216831.5907,0,0,0,0,0,0,0,0,0,0,22.6218,0,0.368761214,0.034463806,79.73170732
67,266,85.696,3427.826436,216831.5907,0.003465,0,0,0,0,0,0,0,0,0,0.151728,0,0.368761214,0.034463806,52.75609756
67,266,85.696,3427.826436,216831.5907,0,0,0,0.008333,0,0,0.59876,0,0,0,0,0,0.368761214,0.034463806,43.02439024
67,266,85.696,3427.826436,216831.5907,0,0,0,0,0,0,20.142,0,0,0,10.6209,0,0.368761214,0.034463806,0
67,266,85.696,3427.826436,216831.5907,0,0,0,0,0,0,15.455,0,0,0,2.91441,0,0.368761214,0.034463806,63
67,266,85.696,3427.826436,216831.5907,0,8.2873,0,0,0,0,0,0,0,0,14.8218,0,0.368761214,0.034463806,34.06097561
67,266,85.696,3427.826436,216831.5907,0,0,0,0,0,0,0,0,0,0,0,0,0.368761214,0.034463806,0
67,266,85.696,3427.826436,216831.5907,0.11095,0,0,0,0,0,0,0,0,0,1.17456,0,0.368761214,0.034463806,0
67,266,85.696,3427.826436,216831.5907,0,0,0,0,0,0,0.13028,0,0,0,8.9868,0,0.368761214,0.034463806,0
67,266,85.696,3427.826436,216831.5907,0,0,0,0.008333,0,0,0,0,0,0,2.20755,0,0.368761214,0.034463806,0
67,266,85.696,3427.826436,216831.5907,0,1.9883,0,0,0,0,41.059,0,0,0,0,0,0.368761214,0.034463806,16.64634146
67,266,85.696,3427.826436,216831.5907,0,0,0,0,0,0,0,0,0,0,0.151728,0,0.368761214,0.034463806,85.19512195
67,266,85.696,3427.826436,216831.5907,0,0,0,0,0,0,0,0,0,0,0,0,0.368761214,0.034463806,0
67,266,85.696,3427.826436,216831.5907,0,0,0,0,0,0,0,0,0,0,96.627,0,0.368761214,0.034463806,4.012195122
67,266,85.696,3427.826436,216831.5907,0,0,0,0,0,0.77921,0,0,0,0,73.296,0,0.368761214,0.034463806,0
67,266,85.696,3427.826436,216831.5907,0,0,0,0,0,0,0,0,0,0,3.1572,0,0.368761214,0.034463806,0
67,266,85.696,3427.826436,216831.5907,0,0,0,0.019902,0,0,44.019,0,0,0,0,0,0.368761214,0.034463806,77.85365854
67,266,85.696,3427.826436,216831.5907,19.704,0.18937,0,0,0,0,0.13028,0,0,0,4.4787,0,0.368761214,0.034463806,0
67,266,85.696,3427.826436,216831.5907,850.6,0,0,0,0,0,0,0,0,0,1.09155,0,0.368761214,0.034463806,73.92682927
67,266,85.696,3427.826436,216831.5907,0,0,0,0,0,0,0,0,0,0,4.4403,0,0.368761214,0.034463806,34.31707317
67,266,85.696,3427.826436,216831.5907,0,0,0,0.0076281,0,0,0.13028,0,0,0,11.5245,0,0.368761214,0.034463806,48.23170732
67,266,85.696,3427.826436,216831.5907,0.43242,0,0,0,0,0,0,0,0,0,2.13174,0,0.368761214,0.034463806,37.04878049
67,266,85.696,3427.826436,216831.5907,0,0,0,0.008506,0,0,0,0,0,0,0.151728,0,0.368761214,0.034463806,9.219512195
67,266,85.696,3427.826436,216831.5907,1.0383,0,0,0,0,0,0.60778,0,0,0,0,0,0.368761214,0.034463806,44.90243902
67,266,85.696,3427.826436,216831.5907,0,0,816.31,0,0,0,0,0,0,0,0.151728,0,0.368761214,0.034463806,0
67,266,85.696,3427.826436,216831.5907,0,0,0,0,0,0,0,0,0,0,42.996,0,0.368761214,0.034463806,40.37804878
67,266,85.696,3427.826436,216831.5907,51.325,0,0,0,0,0,0,0,0,0,0,0,0.368761214,0.034463806,0
67,266,85.696,3427.826436,216831.5907,0,0,0,0,0,0,0,0,0,0,0,0,0.368761214,0.034463806,36.02439024
67,266,85.696,3427.826436,216831.5907,0,0,0,0,0,0,0.13028,0,0,0,0,0,0.368761214,0.034463806,6.658536585
67,266,85.696,3427.826436,216831.5907,0.83735,0,0,0,0,0,0,0,0,0,11.5245,0,0.368761214,0.034463806,35
67,266,85.696,3427.826436,216831.5907,0,0,0,0,0,0,0,0,0,0,0.151728,0,0.368761214,0.034463806,79.2195122
67,266,85.696,3427.826436,216831.5907,0,0,0,0,0,0,0,0,0,0,16.3047,0,0.368761214,0.034463806,16.13414634
67,266,85.696,3427.826436,216831.5907,0,0,0,0,0,0,0,0,0,0,0,0,0.368761214,0.034463806,39.35365854
67,266,85.696,3427.826436,216831.5907,0,0,0,0,0,0,0,0,0,0,12.0081,0,0.368761214,0.034463806,70.25609756
67,266,85.696,3427.826436,216831.5907,1.6223,0,0,0,0,0,0,0,0,0,0.57,0,0.368761214,0.034463806,52.32926829
67,266,85.696,3427.826436,216831.5907,0.00021,0,0,0,0,0.77921,0,0,0,0,4.6158,0,0.368761214,0.034463806,0
67,266,85.696,3427.826436,216831.5907,0,0,0,2.2304,0,0,0,0,0,0,0,0,0.368761214,0.034463806,27.40243902
67,266,85.696,3427.826436,216831.5907,0,0,0.000338,1.9558,0,0,6.6593,0,0,0,0.151728,0,0.368761214,0.034463806,0
67,266,85.696,3427.826436,216831.5907,0.031315,0.007984,0,0,0,0,0.13028,0,0,0,0,0,0.368761214,0.034463806,0
67,266,85.696,3427.826436,216831.5907,2.0704,0,0,0,0,0.0000045,0,0,0,0,34.539,0,0.368761214,0.034463806,0
67,266,85.696,3427.826436,216831.5907,0.002344,0.000739,0,0,0,0,0,0,0,0,0,0,0.368761214,0.034463806,0
67,266,85.696,3427.826436,216831.5907,0,0,0,0.008333,0,0,4.6129,0,0,0,0.151728,0,0.368761214,0.034463806,76.23170732
67,266,85.696,3427.826436,216831.5907,0.000133,0,0,0,0,0,0,0,0,0,6.2793,0,0.368761214,0.034463806,74.18292683
67,266,85.696,3427.826436,216831.5907,0.001397,0,0,0,0,0,0,0,0,0,3.6918,0,0.368761214,0.034463806,0
67,266,85.696,3427.826436,216831.5907,0,0,0,0,0,0,0.021726,0,0,0,0.151728,0,0.368761214,0.034463806,0
67,266,85.696,3427.826436,216831.5907,0,0,0,0,0,0,0.13028,0,0,0,0,0,0.368761214,0.034463806,0
67,266,85.696,3427.826436,216831.5907,0.00062,0,0,14.106,0,0,0,0,0,0,0,0,0.368761214,0.034463806,51.3902439
67,266,85.696,3427.826436,216831.5907,0.43529,0,0,0,0,47.571,0,0,0,0,0,0,0.368761214,0.034463806,46.69512195
67,266,85.696,3427.826436,216831.5907,0,0,0,0,0,2.0228,0,0,0,0,0.70734,0,0.368761214,0.034463806,2.902439024
67,266,85.696,3427.826436,216831.5907,0,0,0,0,0,0,0.60778,0,0,0,0.27432,0,0.368761214,0.034463806,0
67,266,85.696,3427.826436,216831.5907,0.003878,0,0,0,0,0,0,0,0,0,0.286086,0,0.368761214,0.034463806,0
67,266,85.696,3427.826436,216831.5907,0.0047435,0,0,0,0,0,0,0,0,0,3.0075,0,0.368761214,0.034463806,0
67,266,85.696,3427.826436,216831.5907,0.002068,0,0,0,0,0,0,0,0,0,0.151728,0,0.368761214,0.034463806,20.31707317
67,266,85.696,3427.826436,216831.5907,0.00062,0,0,0,0,0,0.60778,0,0,0,0.151728,0,0.368761214,0.034463806,53.95121951
67,266,85.696,3427.826436,216831.5907,0,0,0,0,0,0.025755,0,0,0,0,41.715,0,0.368761214,0.034463806,58.81707317
67,266,85.696,3427.826436,216831.5907,0.003127,0,0,10.07,0,0,0,0,0,0,0.275259,0,0.368761214,0.034463806,31.58536585
67,266,85.696,3427.826436,216831.5907,0,0.00524,0,0,0,0,0,0,0,0,11.6058,0,0.368761214,0.034463806,16.90243902
67,266,85.696,3427.826436,216831.5907,0.46518,0,0,0,0,0,0.13028,0,0,0,0.53757,0,0.368761214,0.034463806,0
67,266,85.696,3427.826436,216831.5907,0,0,0,0,0,0,0,0,0,0,0,0,0.368761214,0.034463806,0
67,266,85.696,3427.826436,216831.5907,0,0,0,0,0,0,0,0,0,0,0.151728,0,0.368761214,0.034463806,0
67,266,85.696,3427.826436,216831.5907,0,0,0,0,0,0,0.13028,0,0,0,0.151728,0,0.368761214,0.034463806,43.53658537
67,266,85.696,3427.826436,216831.5907,0,0,0,0,0,0,0,0,0,0,0.151728,0,0.368761214,0.034463806,0
67,266,85.696,3427.826436,216831.5907,0,0,0,0,0,0,0,0,0,0,9.7158,0,0.368761214,0.034463806,0
67,266,85.696,3427.826436,216831.5907,0,0,0,0.012157,0,0,0.13028,0,0,0,11.5818,0,0.368761214,0.034463806,37.47560976
67,266,85.696,3427.826436,216831.5907,0.001436,0,2.6779,0,0,0,0,0,0,0,0.77829,0,0.368761214,0.034463806,2.56097561
67,266,85.696,3427.826436,216831.5907,3.2606,0,0,0,0,0,14.857,0,0,0,0,0,0.368761214,0.034463806,0
67,266,85.696,3427.826436,216831.5907,0,0,0,0,0,0,0.13028,0,0,0,9.6318,0,0.368761214,0.034463806,0
67,266,85.696,3427.826436,216831.5907,0,0,0,0.010369,0,0,0,0,0,0,11.9403,0,0.368761214,0.034463806,25.09756098
67,266,85.696,3427.826436,216831.5907,0,0,0,0,0,0,0,0,0,0,1.96911,0,0.368761214,0.034463806,83.82926829
67,266,85.696,3427.826436,216831.5907,0.27485,0,0,0,0,0,0,0,0,0,0,0,0.368761214,0.034463806,0
67,266,85.696,3427.826436,216831.5907,0,0,0,0,0,0.78033,0.008333,0,0,0,8.6688,0,0.368761214,0.034463806,0
67,266,85.696,3427.826436,216831.5907,0,0,0,0,0,0,0,0,0,0,0.151728,0,0.368761214,0.034463806,0
67,266,85.696,3427.826436,216831.5907,0,0,0,0,0,0,0,0,0,0,0,0,0.368761214,0.034463806,0
67,266,85.696,3427.826436,216831.5907,2.444,0,0,0,0,0,0,0,0,0,0,0,0.368761214,0.034463806,0
67,266,85.696,3427.826436,216831.5907,10.893,0,0,0,0,0,10.885,0,0,0,0.70341,0,0.368761214,0.034463806,0
67,266,85.696,3427.826436,216831.5907,0.28047,0,0,0,0,0,0,0,0,0,7.6614,0,0.368761214,0.034463806,0
67,266,85.696,3427.826436,216831.5907,8.9156,0,0,0,0,0,46.678,0,0,0,5.9949,0,0.368761214,0.034463806,71.87804878
67,266,85.696,3427.826436,216831.5907,0,0,0,1.6653,0,0,0,0,0,0,0,0,0.368761214,0.034463806,0
67,266,85.696,3427.826436,216831.5907,0,0,0,0,0,0,0,0,0,0,7.1259,0,0.368761214,0.034463806,57.79268293
67,266,85.696,3427.826436,216831.5907,0,0,0,0,0,0,0,0,0,0,2.73105,0,0.368761214,0.034463806,0
67,266,85.696,3427.826436,216831.5907,0,0,0,0,0,1.3976,0,0,0,0,0,0,0.368761214,0.034463806,47.46341463
67,266,85.696,3427.826436,216831.5907,1.6088,0,0,0,0,0,0,0,0,0,17.2392,0,0.368761214,0.034463806,51.13414634
67,266,85.696,3427.826436,216831.5907,0,0,0,0,0,0,0,0,0,0,7.4502,0,0.368761214,0.034463806,0
67,266,85.696,3427.826436,216831.5907,0,0,0,0,0,0,0,0,0,0,0,0,0.368761214,0.034463806,55.23170732
67,266,85.696,3427.826436,216831.5907,0,0.3062,0,0,0,4.5469,0.40452,0,0,0,7.3257,0,0.368761214,0.034463806,0
67,266,85.696,3427.826436,216831.5907,0,0,0,0,0,0,0,0,0,0,5.0652,0,0.368761214,0.034463806,0
67,266,85.696,3427.826436,216831.5907,0,0,0,0,0,0,0,0,0,0,0.151728,0,0.368761214,0.034463806,0
67,266,85.696,3427.826436,216831.5907,0,0,0,0,0,0,0,0,0,0,0,0,0.368761214,0.034463806,5.548780488
67,266,85.696,3427.826436,216831.5907,0,0,0,0,0,0,0,0,0,0,13.3746,0,0.368761214,0.034463806,80.75609756
67,266,85.696,3427.826436,216831.5907,0,0,0,0,0,0,216.94,0,0,0,0,0,0.368761214,0.034463806,47.63414634
67,266,85.696,3427.826436,216831.5907,0.000081,0,0,0,0,0,0.10863,0,0,0,58.353,0,0.368761214,0.034463806,0
67,266,85.696,3427.826436,216831.5907,0,0,0,0,0,0,0,0,0,0,66.003,0,0.368761214,0.034463806,0
67,266,85.696,3427.826436,216831.5907,0,0,0,0,0,0,0,0,0,0,0.151728,0,0.368761214,0.034463806,0
67,266,85.696,3427.826436,216831.5907,0,0,0,0,0,0,0,0,0,0,28.0509,0,0.368761214,0.034463806,42.76829268
67,266,85.696,3427.826436,216831.5907,0.0061714,0,0,0,0,0,0,0,0,0,0.151728,0,0.368761214,0.034463806,22.36585366
67,266,85.696,3427.826436,216831.5907,0.003878,0,0,0,0,0,0,0,0,0,0,0,0.368761214,0.034463806,0
67,266,85.696,3427.826436,216831.5907,0,0,0,0.28531,0,0,0,0,0,0,7.3257,0,0.368761214,0.034463806,0
67,266,85.696,3427.826436,216831.5907,0,0,0,0,0,0.0084925,0,0,0,0,41.634,0,0.368761214,0.034463806,53.09756098
67,266,85.696,3427.826436,216831.5907,0.0081166,0,0,0.28531,0,0,0,0,0,0,3.9402,0,0.368761214,0.034463806,0
67,266,85.696,3427.826436,216831.5907,0.1927,0,0,0,0,0,0,0,0,0,0.151728,0,0.368761214,0.034463806,83.48780488
67,266,85.696,3427.826436,216831.5907,0,0,0,0,0,0,0,0,0,0,43.602,0,0.368761214,0.034463806,29.2804878
67,266,85.696,3427.826436,216831.5907,0.42108,0,0,0,0,0,0,0,0,0,8.9118,0,0.368761214,0.034463806,0
67,266,85.696,3427.826436,216831.5907,0,0,0,0,0,0,0,0,0,0,0.70764,0,0.368761214,0.034463806,23.2195122
67,266,85.696,3427.826436,216831.5907,0,0,0,0,0,0,0,0,0,0,0.151728,0,0.368761214,0.034463806,37.04878049
67,266,85.696,3427.826436,216831.5907,0,0,0,0.000688,0,0,278.45,0,0,0,0.151728,0,0.368761214,0.034463806,0
67,266,85.696,3427.826436,216831.5907,0.71928,0,0,0,0,0,0,0,0,0,0,0,0.368761214,0.034463806,0
67,266,85.696,3427.826436,216831.5907,0,2.5748,0,0.0021738,0,0,0,0,0,0,1.05978,0,0.368761214,0.034463806,6.06097561
67,266,85.696,3427.826436,216831.5907,0,0,0,0,0,0,0,0,0,0,11.9403,0,0.368761214,0.034463806,42.85365854
67,266,85.696,3427.826436,216831.5907,0.71928,0,0,0,0,0,0,0,0,0,0,0,0.368761214,0.034463806,0
67,266,85.696,3427.826436,216831.5907,0,31.873,0,0,0,0.79321,0.80081,0,0,0,0,0,0.368761214,0.034463806,33.37804878
67,266,85.696,3427.826436,216831.5907,0,0,0,0,0,0,0,0,0,0,0,0,0.368761214,0.034463806,44.64634146
67,266,85.696,3427.826436,216831.5907,6.5264,0,0,0,0,0.79321,0,0,0,0,16.0194,0,0.368761214,0.034463806,0
67,266,85.696,3427.826436,216831.5907,0.10603,0,0,0,0,0,0,0,0,0,4.8618,0,0.368761214,0.034463806,0
67,266,85.696,3427.826436,216831.5907,0,0,0,0,0,0,0,0,0,0,0.151728,0,0.368761214,0.034463806,2.902439024
67,266,85.696,3427.826436,216831.5907,0.082238,0,1.0149,0,0,0,0,0,0,0,0.151728,0,0.368761214,0.034463806,0
67,266,85.696,3427.826436,216831.5907,0,0,0,0.010957,0,0,0.13028,0,0,0,0,0,0.368761214,0.034463806,61.63414634
67,266,85.696,3427.826436,216831.5907,0,0,0,0,0,0,0,0,0,0,0,0,0.368761214,0.034463806,31.84146341
67,266,85.696,3427.826436,216831.5907,0,0,0,0,0,0,0,0,0,0,42.459,0,0.368761214,0.034463806,83.31707317
67,266,85.696,3427.826436,216831.5907,0,0.008333,0,38.653,0,0,0,0,0,0,0.151728,0,0.368761214,0.034463806,0
67,266,85.696,3427.826436,216831.5907,0,0,0,0,0,0,0,0,0,0,15.2718,0,0.368761214,0.034463806,0
67,266,85.696,3427.826436,216831.5907,0,0,0,0,0,0.79321,0,0,0,0,0.151728,0,0.368761214,0.034463806,0
67,266,85.696,3427.826436,216831.5907,0,0,0,0,0,0,0,0,0,0,0.31059,0,0.368761214,0.034463806,0
67,266,85.696,3427.826436,216831.5907,0,52.72,0,0,0,0.22852,0,0,0,0,4.5105,0,0.368761214,0.034463806,0
67,266,85.696,3427.826436,216831.5907,0,0,0,0,0,0,0.13028,0,0,0,5.8878,0,0.368761214,0.034463806,28.59756098
67,266,85.696,3427.826436,216831.5907,0,0,0,0,0,1.9314,0,0,0,0,0.151728,0,0.368761214,0.034463806,0
67,266,85.696,3427.826436,216831.5907,0,0,0,0,0,0,0,0,0,0,23.3337,0,0.368761214,0.034463806,5.207317073
67,266,85.696,3427.826436,216831.5907,0.005766,0,0,0,0,0,0,0,0,0,0.37014,0,0.368761214,0.034463806,40.03658537
67,266,85.696,3427.826436,216831.5907,0,0,0,0,0,0,0,0,0,0,0.151728,0,0.368761214,0.034463806,49.08536585
67,266,85.696,3427.826436,216831.5907,0,0.009898,0,0,0,0,0,0,0,0,0,0,0.368761214,0.034463806,72.64634146
67,266,85.696,3427.826436,216831.5907,0,0,0,0,0,0.0000485,0,0,0,0,55.917,0,0.368761214,0.034463806,0
67,266,85.696,3427.826436,216831.5907,822.45,0,0,0,0,0,0.13028,0,0,0,47.883,0,0.368761214,0.034463806,0
67,266,85.696,3427.826436,216831.5907,0,0,15.3,0,0,0,0,0,0,0,73.308,0,0.368761214,0.034463806,0
67,266,85.696,3427.826436,216831.5907,0.6449,0,0,0,0,0,0,0,0,0,2.94174,0,0.368761214,0.034463806,0
67,266,85.696,3427.826436,216831.5907,0.016668,0,0,0,0,0,0,0,0,0,21.2118,0,0.368761214,0.034463806,37.98780488
67,266,85.696,3427.826436,216831.5907,0,4.6287,0,0,0,0.001563,0,0,0,0,12.6336,0,0.368761214,0.034463806,0
67,266,85.696,3427.826436,216831.5907,0,0,0,0,0,0,0,0,0,0,0.151728,0,0.368761214,0.034463806,0
67,266,85.696,3427.826436,216831.5907,0,0.008333,0,0,0,0,0,0,0,0,0.78174,0,0.368761214,0.034463806,0
67,266,85.696,3427.826436,216831.5907,0.42108,0,0,0,0,0.77904,0,0,0,0,9.7158,0,0.368761214,0.034463806,46.01219512
67,266,85.696,3427.826436,216831.5907,26.245,0,0,0,0,0.79549,0,0,0,0,73.296,0,0.368761214,0.034463806,0
67,266,85.696,3427.826436,216831.5907,0,0,0,0,0,0.41296,0,0,0,0,1.08798,0,0.368761214,0.034463806,15.19512195
67,266,85.696,3427.826436,216831.5907,0,0,0,0,0,0,0,0,0,0,111.96,0,0.368761214,0.034463806,0
67,266,85.696,3427.826436,216831.5907,2.9191,0.0067551,0.010149,0,0,0,0,0,0,0,1.65174,0,0.368761214,0.034463806,0
67,266,85.696,3427.826436,216831.5907,0,0,0,0.70239,0,0,0.13028,0,0,0,0,0,0.368761214,0.034463806,0
67,266,85.696,3427.826436,216831.5907,0,0,0,0,0,0,45.364,0,0,0,11.1597,0,0.368761214,0.034463806,0
67,266,85.696,3427.826436,216831.5907,1.0383,0,0,0,0,0,0.10863,0,0,0,1.01106,0,0.368761214,0.034463806,0
68,267,14.56,10864.3581,687239.011,0,0,59.759,0,0,0,0,0,0,0,82.191,0,1.168917112,0.109245036,84.88176923
68,267,14.56,10864.3581,687239.011,5.1443,0,0,0.002741,0,0,27.391,0,0,0,0.151728,0,1.168917112,0.109245036,0
68,267,14.56,10864.3581,687239.011,0.027207,0,0,0,0,0,34.809,0,0,0,0.151728,0,1.168917112,0.109245036,0
68,267,14.56,10864.3581,687239.011,0,0,0,0,0,0,0.42744,0,0,0,0,0,1.168917112,0.109245036,0
68,267,14.56,10864.3581,687239.011,0.54215,0,0,0,0,0,0,0,0,0,0.151728,0,1.168917112,0.109245036,28.68689423
68,267,14.56,10864.3581,687239.011,0,0,0,0.008333,0,0,14.88,0,0,0,2.2572,0,1.168917112,0.109245036,16.50478846
68,267,14.56,10864.3581,687239.011,0,0,0,0,0,0,0,0,0,0,0.151728,0,1.168917112,0.109245036,0
68,267,14.56,10864.3581,687239.011,0,0,0,0,0,0,0,0,0,0,0.181728,0,1.168917112,0.109245036,40.21404808
68,267,14.56,10864.3581,687239.011,57.165,0,0,0,0,0,0,0,0,0,9.4983,0,1.168917112,0.109245036,57.37378846
68,267,14.56,10864.3581,687239.011,0.014654,0,0,0.008333,0,0,0,0,0,0,0.278526,0,1.168917112,0.109245036,0
68,267,14.56,10864.3581,687239.011,0,0,0,0,0,0.036129,0,0,0,0,0,0,1.168917112,0.109245036,109.7699423
68,267,14.56,10864.3581,687239.011,0,0,0,0,0,0,0,0,0,0,15.0018,0,1.168917112,0.109245036,40.99999038
68,267,14.56,10864.3581,687239.011,0.046641,0,0,0,0,0,35.163,0,0,0,1.17711,0,1.168917112,0.109245036,0
68,267,14.56,10864.3581,687239.011,0,0,0,0,0,0,0.059897,0,0,0,24.0468,0,1.168917112,0.109245036,59.86260577
68,267,14.56,10864.3581,687239.011,0.027207,0,0,0,0,0,0.13028,0,0,0,10.9065,0,1.168917112,0.109245036,79.64215385
68,267,14.56,10864.3581,687239.011,0.034341,0,0,0,0,0,6.7574,0,0,0,1.01106,0,1.168917112,0.109245036,0
68,267,14.56,10864.3581,687239.011,0,0,0,0,0,8.2994,0,0,0,0,0.151728,0,1.168917112,0.109245036,110.8178654
68,267,14.56,10864.3581,687239.011,1.737,0,0,0.000124,0,0,0,0,0,0,0.151728,0,1.168917112,0.109245036,0
68,267,14.56,10864.3581,687239.011,0,0,0,0,0,0,0.13028,0,0,0,0.151728,0,1.168917112,0.109245036,107.5431058
68,267,14.56,10864.3581,687239.011,0,0,0,0,0,0,0,0,0,0,0.27432,0,1.168917112,0.109245036,0
68,267,14.56,10864.3581,687239.011,0,0,0,1.7521,0,0.78085,0,0,0,0,0,0,1.168917112,0.109245036,49.383375
68,267,14.56,10864.3581,687239.011,0.012779,0,0,0,0,0.79291,0,0,0,0,0,0,1.168917112,0.109245036,44.79871154
68,267,14.56,10864.3581,687239.011,0,0,0,0,0,0,14.857,0,0,0,0,0,1.168917112,0.109245036,82.39295192
68,267,14.56,10864.3581,687239.011,8.1282,0,0,4.7595,0,0,0,0,0,0,0.70413,0,1.168917112,0.109245036,0
68,267,14.56,10864.3581,687239.011,0,0,0,0,0,0,0,0,0,0,3.1572,0,1.168917112,0.109245036,22.92331731
68,267,14.56,10864.3581,687239.011,0,0,0,0,0,0,0,0,0,0,0.31755,0,1.168917112,0.109245036,0
68,267,14.56,10864.3581,687239.011,0,9.2205,0,0,0,0,0,0,0,0,0,0,1.168917112,0.109245036,41.26197115
68,267,14.56,10864.3581,687239.011,0.006869,0.066827,0,1.2382,0,0,24.515,0,0,0,0.151728,0,1.168917112,0.109245036,31.69967308
68,267,14.56,10864.3581,687239.011,0,0,0,0,0,0,0,0,0,0,0.151728,0,1.168917112,0.109245036,0
68,267,14.56,10864.3581,687239.011,0.43529,0,0,0,0,0,0,0,0,0,11.7525,0,1.168917112,0.109245036,126.5367115
68,267,14.56,10864.3581,687239.011,0,0,0,18.51,0,0,0,0,0,0,0,0,1.168917112,0.109245036,77.80828846
68,267,14.56,10864.3581,687239.011,0,0,0,0,0,0,0,0,0,0,0,0,1.168917112,0.109245036,0
68,267,14.56,10864.3581,687239.011,0,0,0,0,0,0,0.021726,0,0,0,5.4381,0,1.168917112,0.109245036,0
68,267,14.56,10864.3581,687239.011,0,0,0,0,0,0,0,0,0,0,6.3789,0,1.168917112,0.109245036,19.91053846
68,267,14.56,10864.3581,687239.011,0,0,0,0,0,0,0,0,0,0,2.94174,0,1.168917112,0.109245036,33.66452885
68,267,14.56,10864.3581,687239.011,0.1295,0,0,0,0,0,0,0,0,0,0.151728,0,1.168917112,0.109245036,0
68,267,14.56,10864.3581,687239.011,0,0,0,0,0,0,0,0,0,0,0.151728,0,1.168917112,0.109245036,117.1054038
68,267,14.56,10864.3581,687239.011,0,0,0,0,0,0,0,0,0,0,6.6894,0,1.168917112,0.109245036,129.5494904
68,267,14.56,10864.3581,687239.011,2.3036,0,0,0,0,0,0,0,0,0,0.271728,0,1.168917112,0.109245036,0
68,267,14.56,10864.3581,687239.011,2.0562,0,0,0,0,0,0,0,0,0,0,0,1.168917112,0.109245036,0
68,267,14.56,10864.3581,687239.011,0.003173,0,0,0,0,0,0,0,0,0,11.5245,0,1.168917112,0.109245036,77.41531731
68,267,14.56,10864.3581,687239.011,0,0,0,0,0,0,0,0,0,0,2.2572,0,1.168917112,0.109245036,32.354625
68,267,14.56,10864.3581,687239.011,0.011642,0,0,15.282,0,0.00158,0,0,0,0,11.5245,0,1.168917112,0.109245036,127.8466154
68,267,14.56,10864.3581,687239.011,0,0,0,0,0,0,0,0,0,0,0.151728,0,1.168917112,0.109245036,88.02553846
68,267,14.56,10864.3581,687239.011,0,0.00524,0,0,0,0,0,0,0,0,35.547,0,1.168917112,0.109245036,45.45366346
68,267,14.56,10864.3581,687239.011,0,0,0,0,0,0,0.021726,0,0,0,2.73105,0,1.168917112,0.109245036,96.40892308
68,267,14.56,10864.3581,687239.011,12.215,0,0,0,0,0,0,0,0,0,0.181728,0,1.168917112,0.109245036,0
68,267,14.56,10864.3581,687239.011,0,0,0,0,0,0,0,0,0,0,0.151728,0,1.168917112,0.109245036,47.54950962
68,267,14.56,10864.3581,687239.011,0,0,0,2.4234,0,0,0,0,0,0,6.258,0,1.168917112,0.109245036,114.8785673
68,267,14.56,10864.3581,687239.011,0,0,0,0,0,0,0,0,0,0,0,0,1.168917112,0.109245036,0
68,267,14.56,10864.3581,687239.011,0.000688,0,0,19.907,0,0,0,0,0,0,18.0318,0,1.168917112,0.109245036,0
68,267,14.56,10864.3581,687239.011,0,0,0,0,0,0,0,0,0,0,64.437,0,1.168917112,0.109245036,92.61020192
68,267,14.56,10864.3581,687239.011,0,0,0,0,0,0,0.021726,0,0,0,0,0,1.168917112,0.109245036,95.49199038
68,267,14.56,10864.3581,687239.011,0,0,0,92.109,0,0,0,0,0,0,2.22174,0,1.168917112,0.109245036,91.56227885
68,267,14.56,10864.3581,687239.011,0,0.0062156,0,0,0,0,16.94,0,0,0,0.151728,0,1.168917112,0.109245036,0
68,267,14.56,10864.3581,687239.011,0,0,0,0,0,0,0,0,0,0,0.151728,0,1.168917112,0.109245036,0
68,267,14.56,10864.3581,687239.011,0,0,0,0,0,0,0,0,0,0,28.8018,0,1.168917112,0.109245036,0
68,267,14.56,10864.3581,687239.011,1.2569,0,0,0,0,0.79321,0,0,0,0,0.151728,0,1.168917112,0.109245036,8.252394231
68,267,14.56,10864.3581,687239.011,0,0.027428,0,0,0,0,0,0,0,0,0,0,1.168917112,0.109245036,39.42810577
68,267,14.56,10864.3581,687239.011,0.0071287,0,0,0,0,0,0,0,0,0,6.3561,0,1.168917112,0.109245036,0
68,267,14.56,10864.3581,687239.011,0.01537,0,0,0.007148,0,0,0.13028,0,0,0,0.151728,0,1.168917112,0.109245036,85.27474038
68,267,14.56,10864.3581,687239.011,0.0047435,0,0,0,0,0,0,0,0,0,0.151728,0,1.168917112,0.109245036,0
68,267,14.56,10864.3581,687239.011,0,0,0,0,0,0,0,0,0,0,0.151728,0,1.168917112,0.109245036,0
68,267,14.56,10864.3581,687239.011,5.7357,0,0,0,0,0,0.13028,0,0,0,25.5579,0,1.168917112,0.109245036,0
68,267,14.56,10864.3581,687239.011,0,0,28.933,0.008333,0,0.79321,0,0,0,0,8.9118,0,1.168917112,0.109245036,0
68,267,14.56,10864.3581,687239.011,0,1.6561,0,0,0,0,0.42744,0,0,0,20.2284,0,1.168917112,0.109245036,63.006375
68,267,14.56,10864.3581,687239.011,0,0,0,0,0,0,0,0,0,0,1.42107,0,1.168917112,0.109245036,97.19486538
68,267,14.56,10864.3581,687239.011,0,0,0,0,0,0,0,0,0,0,0,0,1.168917112,0.109245036,33.53353846
68,267,14.56,10864.3581,687239.011,0,0,0,0,0,0,0,0,0,0,10.1169,0,1.168917112,0.109245036,30.25877885
68,267,14.56,10864.3581,687239.011,0,0,0,0,0,0,0,0,0,0,3.4071,0,1.168917112,0.109245036,92.47921154
68,267,14.56,10864.3581,687239.011,0,0,0,0,0,0,0.008333,0,0,0,0.151728,0,1.168917112,0.109245036,0
68,267,14.56,10864.3581,687239.011,0.00062,0,0,0,0,0,0.008333,0,0,0,96.627,0,1.168917112,0.109245036,80.69007692
68,267,14.56,10864.3581,687239.011,0,0,0,0,0,0.000464,0,0,0,0,14.3958,0,1.168917112,0.109245036,85.66771154
68,267,14.56,10864.3581,687239.011,0,0,0,0,0,0,0,0,0,0,0.151728,0,1.168917112,0.109245036,21.48242308
68,267,14.56,10864.3581,687239.011,0,0,0,0,0,0,0,0,0,0,10.6818,0,1.168917112,0.109245036,43.48880769
68,267,14.56,10864.3581,687239.011,0.611,0,0,0,0,0,10.904,0,0,0,0,0,1.168917112,0.109245036,129.0255288
68,267,14.56,10864.3581,687239.011,0,0,0,0,0,0.056253,10.012,0,0,0,0.45174,0,1.168917112,0.109245036,0
68,267,14.56,10864.3581,687239.011,0,0,0,0,0,0,11.516,0,0,0,47.328,0,1.168917112,0.109245036,51.21724038
68,267,14.56,10864.3581,687239.011,0,0,0,0,0,0.0031055,0,0,0,0,0.151728,0,1.168917112,0.109245036,10.21725
68,267,14.56,10864.3581,687239.011,0,0,0,0,0,0,121.37,0,0,0,0.151728,0,1.168917112,0.109245036,0
68,267,14.56,10864.3581,687239.011,0,0,0,0.62453,0,0,0,0,0,0,42.459,0,1.168917112,0.109245036,0
68,267,14.56,10864.3581,687239.011,0,0,0,0,0,0,0,0,0,0,4.6158,0,1.168917112,0.109245036,0
68,267,14.56,10864.3581,687239.011,0.17204,0,0,0,0,0,0,0,0,0,0.279594,0,1.168917112,0.109245036,59.73161538
68,267,14.56,10864.3581,687239.011,0.000133,0,0,0,0,0,0,0,0,0,0.37014,0,1.168917112,0.109245036,64.18528846
68,267,14.56,10864.3581,687239.011,0,4.6287,0,92.109,0,0,0,0,0,0,0.151728,0,1.168917112,0.109245036,101.3865577
68,267,14.56,10864.3581,687239.011,0.048756,0,0,0,0,0,0,0,0,0,0,0,1.168917112,0.109245036,0
68,267,14.56,10864.3581,687239.011,51.325,0,0.095755,0,0,0,130.32,0,0,0,66.003,0,1.168917112,0.109245036,95.09901923
68,267,14.56,10864.3581,687239.011,0,0,0,0,0,0,0,0,0,0,0.151728,0,1.168917112,0.109245036,23.70925962
68,267,14.56,10864.3581,687239.011,0,0,0,0,0,0,1.3964,0,0,0,1.32447,0,1.168917112,0.109245036,106.6261731
68,267,14.56,10864.3581,687239.011,0,0.009004,0,0,0,0,0,0,0,0,2.29656,0,1.168917112,0.109245036,46.37059615
68,267,14.56,10864.3581,687239.011,0,0,0.88941,0,0,0.0000045,0,0,0,0,0,0,1.168917112,0.109245036,0
68,267,14.56,10864.3581,687239.011,0.000254,0,0,0,0,0,0,0,0,0,0.70764,0,1.168917112,0.109245036,119.8562019
68,267,14.56,10864.3581,687239.011,0,0,0,0,0,0,0.59876,0,0,0,0.151728,0,1.168917112,0.109245036,105.8402308
68,267,14.56,10864.3581,687239.011,0,0,0,0,0,0,0.008333,0,0,0,0.151728,0,1.168917112,0.109245036,94.05109615
68,267,14.56,10864.3581,687239.011,0,0,0,0,0,0,0,0,0,0,0.151728,0,1.168917112,0.109245036,0
68,267,14.56,10864.3581,687239.011,0,0,0,0,0,0,0,0,0,0,5.037,0,1.168917112,0.109245036,0
68,267,14.56,10864.3581,687239.011,0,0,0,0,0,0,0,0,0,0,9.7158,0,1.168917112,0.109245036,58.94567308
68,267,14.56,10864.3581,687239.011,0,0,0,0,0,0,0,0,0,0,3.6918,0,1.168917112,0.109245036,54.492
68,267,14.56,10864.3581,687239.011,0,0,0,0,0,0,0,0,0,0,1.72038,0,1.168917112,0.109245036,0
68,267,14.56,10864.3581,687239.011,0,0,0,2.1403,0,0,0,0,0,0,0.151728,0,1.168917112,0.109245036,73.61659615
68,267,14.56,10864.3581,687239.011,0,0.0099065,0,0,0,0,0,0,0,0,0.151728,0,1.168917112,0.109245036,0
68,267,14.56,10864.3581,687239.011,0,0,0,0,0,0,0.13028,0,0,0,0.151728,0,1.168917112,0.109245036,0
68,267,14.56,10864.3581,687239.011,0,0.015762,0,0,0,0,0,0,0,0,7.6818,0,1.168917112,0.109245036,129.6804808
68,267,14.56,10864.3581,687239.011,0,0,0,0.002998,0,0,0,0,0,0,0.151728,0,1.168917112,0.109245036,0
68,267,14.56,10864.3581,687239.011,0,0,0,0.00328,0,0,20.52,0,0,0,1.73121,0,1.168917112,0.109245036,34.45047115
68,267,14.56,10864.3581,687239.011,0,0,0,0,0,0,0,0,0,0,0,0,1.168917112,0.109245036,104.6613173
68,267,14.56,10864.3581,687239.011,0,0,0,0,0,0,0,0,0,0,16.4517,0,1.168917112,0.109245036,100.7316058
68,267,14.56,10864.3581,687239.011,0,0,0,0,0,0,0,0,0,0,11.0184,0,1.168917112,0.109245036,0
68,267,14.56,10864.3581,687239.011,0.001267,0,0,34.271,0,0,0,0,0,0,0.151728,0,1.168917112,0.109245036,33.79551923
68,267,14.56,10864.3581,687239.011,0,0,0,0,0,0,0,0,0,0,7.8042,0,1.168917112,0.109245036,110.0319231
68,267,14.56,10864.3581,687239.011,0.0047435,0,0,0,0,0,0,0,0,0,0.151728,0,1.168917112,0.109245036,52.52714423
68,267,14.56,10864.3581,687239.011,0.059844,0,0,0,0,0,0,0,0,0,0.286086,0,1.168917112,0.109245036,0
68,267,14.56,10864.3581,687239.011,0,0,0,0,0,0.0031055,0,0,0,0,0.151728,0,1.168917112,0.109245036,0
68,267,14.56,10864.3581,687239.011,0,0,0,0,0,0,0,0,0,0,0,0,1.168917112,0.109245036,0
68,267,14.56,10864.3581,687239.011,0,0,0,2.5093,0,0,0,0,0,0,0,0,1.168917112,0.109245036,0
68,267,14.56,10864.3581,687239.011,0,0,0,0,0,0,1.6669,0,0,0,0,0,1.168917112,0.109245036,0
68,267,14.56,10864.3581,687239.011,2.2541,0,0,34.271,0,0,0,0,0,0,52.695,0,1.168917112,0.109245036,98.11179808
68,267,14.56,10864.3581,687239.011,2.3489,0,0.01988,0,0,0,0,0,0,0,0.151728,0,1.168917112,0.109245036,0
68,267,14.56,10864.3581,687239.011,0,0,0,0,0,0,0,0,0,0,0.151728,0,1.168917112,0.109245036,48.07347115
68,267,14.56,10864.3581,687239.011,0,0,0,0.002139,0,0,0.13028,0,0,0,10.5072,0,1.168917112,0.109245036,124.5718558
68,267,14.56,10864.3581,687239.011,0,0,0,0,0,0,0,0,0,0,22.617,0,1.168917112,0.109245036,0
68,267,14.56,10864.3581,687239.011,0.016666,0,0,0,0,0,0,0,0,0,7.2168,0,1.168917112,0.109245036,0
68,267,14.56,10864.3581,687239.011,0,0,0,0,0,0,0,0,0,0,11.6058,0,1.168917112,0.109245036,124.4408654
68,267,14.56,10864.3581,687239.011,0,0,0,0,0,0,0,0,0,0,0,0,1.168917112,0.109245036,25.543125
68,267,14.56,10864.3581,687239.011,0,3.8957,0,0,0,0,0,0,0,0,0,0,1.168917112,0.109245036,0
68,267,14.56,10864.3581,687239.011,0,1.4122,0,0,0,0,0.059897,0,0,0,1.33728,0,1.168917112,0.109245036,0
68,267,14.56,10864.3581,687239.011,6.1631,0,0,0,0,0.10908,0.13028,0,0,0,1.57179,0,1.168917112,0.109245036,10.34824038
68,267,14.56,10864.3581,687239.011,0,0,0,0,0,0,0,0,0,0,1.64958,0,1.168917112,0.109245036,0
68,267,14.56,10864.3581,687239.011,0,0,0,0,0,0,32.307,0,0,0,12.3399,0,1.168917112,0.109245036,73.09263462
68,267,14.56,10864.3581,687239.011,0,0,0,0,0,0,0,0,0,0,21.2118,0,1.168917112,0.109245036,0
68,267,14.56,10864.3581,687239.011,0,0,15.3,0,0,0,0.60778,0,0,0,0.280578,0,1.168917112,0.109245036,121.9520481
68,267,14.56,10864.3581,687239.011,0,0,0,0,0,0,0,0,0,0,11.9625,0,1.168917112,0.109245036,0
68,267,14.56,10864.3581,687239.011,5.4374,0,0,0,0,0,0,0,0,0,66.663,0,1.168917112,0.109245036,14.67092308
68,267,14.56,10864.3581,687239.011,0,0,0,0,0,0,12.066,0,0,0,0.211728,0,1.168917112,0.109245036,0
68,267,14.56,10864.3581,687239.011,0,0,0,0,0,0,0,0,0,0,0,0,1.168917112,0.109245036,5.108625
68,267,14.56,10864.3581,687239.011,0,0,0,0,0,0,0,0,0,0,17.3718,0,1.168917112,0.109245036,0
68,267,14.56,10864.3581,687239.011,0.13491,0,0,0,0,0,0,0,0,0,0.42174,0,1.168917112,0.109245036,0
68,267,14.56,10864.3581,687239.011,0.00901,0,0,0,0,0.1964,9.9672,0,0,0,1.42107,0,1.168917112,0.109245036,0
68,267,14.56,10864.3581,687239.011,0,0,0,0,0,0,0,0,0,0,0.151728,0,1.168917112,0.109245036,0
68,267,14.56,10864.3581,687239.011,0,0,0,0,0,0,0,0,0,0,0,0,1.168917112,0.109245036,25.93609615
68,267,14.56,10864.3581,687239.011,0,0,0,0,0,0,7.8005,0,0,0,0.151728,0,1.168917112,0.109245036,100.3386346
68,267,14.56,10864.3581,687239.011,0,0,0,0,0,0,0,0,0,0,1.86174,0,1.168917112,0.109245036,104.6613173
68,267,14.56,10864.3581,687239.011,0,0,0,0,0,0.79321,0,0,0,0,0,0,1.168917112,0.109245036,33.53353846
68,267,14.56,10864.3581,687239.011,0,0,0,0.012633,0,0,0,0,0,0,0,0,1.168917112,0.109245036,0
68,267,14.56,10864.3581,687239.011,0,0,0,0,0,0,0,0,0,0,0.151728,0,1.168917112,0.109245036,0
68,267,14.56,10864.3581,687239.011,3.1199,0,0,7.7185,0,0,0,0,0,0,12.0405,0,1.168917112,0.109245036,0
68,267,14.56,10864.3581,687239.011,2.8033,0,0,0.013778,0,0,0,0,0,0,0.28866,0,1.168917112,0.109245036,0
68,267,14.56,10864.3581,687239.011,0,0.00524,0,0,0,0,0,0,0,0,0,0,1.168917112,0.109245036,0
68,267,14.56,10864.3581,687239.011,0.005713,0,0,0,0,0,0,0,0,0,7.1259,0,1.168917112,0.109245036,53.70605769
68,267,14.56,10864.3581,687239.011,1.1589,0,0,0.01807,0,0,0.13028,0,0,0,0.151728,0,1.168917112,0.109245036,124.9648269
68,267,14.56,10864.3581,687239.011,0,0,0,0,0,0,418.62,0,0,0,0.73911,0,1.168917112,0.109245036,39.166125
68,267,14.56,10864.3581,687239.011,0,0,0,0,0,0.27566,0,0,0,0,0,0,1.168917112,0.109245036,47.6805
68,267,14.56,10864.3581,687239.011,0.00328,0.003821,0,0,0,0,0,0,0,0,0.151728,0,1.168917112,0.109245036,0
68,267,14.56,10864.3581,687239.011,0,0,0,0,0,0,0,0,0,0,0.151728,0,1.168917112,0.109245036,63.79231731
68,267,14.56,10864.3581,687239.011,0.003485,0,0,0.019902,0,0,0,0,0,0,0,0,1.168917112,0.109245036,124.7028462
68,267,14.56,10864.3581,687239.011,0.009454,0,0,0,0,0,0,0,0,0,0.151728,0,1.168917112,0.109245036,0
68,267,14.56,10864.3581,687239.011,0,0,0,0,0,0,22.658,0,0,0,0.151728,0,1.168917112,0.109245036,0
68,267,14.56,10864.3581,687239.011,34.054,0,0,0,0,0,0.13028,0,0,0,0.271128,0,1.168917112,0.109245036,108.984
68,267,14.56,10864.3581,687239.011,0.001192,0,0,0,0,0,0,0,0,0,3.3018,0,1.168917112,0.109245036,0
68,267,14.56,10864.3581,687239.011,0.26916,0,0,0,0,0,0,0,0,0,12.7935,0,1.168917112,0.109245036,88.68049038
68,267,14.56,10864.3581,687239.011,0,0,0,0,0,0.027861,13.802,0,0,0,14.5008,0,1.168917112,0.109245036,98.50476923
68,267,14.56,10864.3581,687239.011,2.6816,0,0,0,0,0,0,0,0,0,0,0,1.168917112,0.109245036,63.53033654
68,267,14.56,10864.3581,687239.011,0,0,0,10.623,0,0,0.13028,0,0,0,0.151728,0,1.168917112,0.109245036,0
68,267,14.56,10864.3581,687239.011,0.6449,0,0,0.009003,0,0,0,0,0,0,23.3337,0,1.168917112,0.109245036,103.3514135
68,267,14.56,10864.3581,687239.011,0.83735,0,0,0,0,0,0,0,0,0,0,0,1.168917112,0.109245036,7.728432692
68,267,14.56,10864.3581,687239.011,0,0,0,0,0,0,0,0,0,0,0,0,1.168917112,0.109245036,42.44088462
68,267,14.56,10864.3581,687239.011,6.7272,0,0,0,0,0,0,0,0,0,4.1943,0,1.168917112,0.109245036,0
68,267,14.56,10864.3581,687239.011,0,0,0,0,0,0,0,0,0,0,42.879,0,1.168917112,0.109245036,127.8466154
68,267,14.56,10864.3581,687239.011,0.11165,0,0,0,0,0,0,0,0,0,0,0,1.168917112,0.109245036,43.61979808
68,267,14.56,10864.3581,687239.011,0,0,0,0,0,0,0.008333,0,0,0,0.151728,0,1.168917112,0.109245036,113.5686635
68,267,14.56,10864.3581,687239.011,0,0,0,0,0,0,0,0,0,0,0.276939,0,1.168917112,0.109245036,0
68,267,14.56,10864.3581,687239.011,0,0,0,0,0,0.78972,0,0,0,0,0.278526,0,1.168917112,0.109245036,0
68,267,14.56,10864.3581,687239.011,0,0,0,0,0,0,0,0,0,0,0,0,1.168917112,0.109245036,22.79232692
68,267,14.56,10864.3581,687239.011,0,0,0,0,0,0.79321,0.13028,0,0,0,0.151728,0,1.168917112,0.109245036,0
68,267,14.56,10864.3581,687239.011,0.97899,0,0,0,0,0,0.002308,0,0,0,0,0,1.168917112,0.109245036,0
68,267,14.56,10864.3581,687239.011,1.0383,0.002741,0,11.845,0,4.5469,0,0,0,0,0.151728,0,1.168917112,0.109245036,43.22682692
68,267,14.56,10864.3581,687239.011,0.00052,0,0,0,0,0,0,0,0,0,29.4918,0,1.168917112,0.109245036,28.81788462
68,267,14.56,10864.3581,687239.011,0.012779,0,0,0,0,0,0,0,0,0,0,0,1.168917112,0.109245036,20.04152885
68,267,14.56,10864.3581,687239.011,0.31128,0,0,0,0,0,0,0,0,0,0,0,1.168917112,0.109245036,0
68,267,14.56,10864.3581,687239.011,0,0,0,0,0,0,0,0,0,0,10.6818,0,1.168917112,0.109245036,0
68,267,14.56,10864.3581,687239.011,0,2.9696,0,0,0,0,0,0,0,0,0.151728,0,1.168917112,0.109245036,0
68,267,14.56,10864.3581,687239.011,0,0,0,0,0,0,0,0,0,0,0.151728,0,1.168917112,0.109245036,0
68,267,14.56,10864.3581,687239.011,0,0.008333,0,0,0,0.0031055,0,0,0,0,0.151728,0,1.168917112,0.109245036,0
68,267,14.56,10864.3581,687239.011,0,0,0,0,0,0,0,0,0,0,16.0194,0,1.168917112,0.109245036,0
68,267,14.56,10864.3581,687239.011,0,0,0,0,0,12.358,6.7574,0,0,0,2.39871,0,1.168917112,0.109245036,114.2236154
68,267,14.56,10864.3581,687239.011,0,0,0,0,0,0,86.174,0,0,0,0.73911,0,1.168917112,0.109245036,98.89774038
68,267,14.56,10864.3581,687239.011,0,0,0,0,0,0,0,0,0,0,0.151728,0,1.168917112,0.109245036,0
68,267,14.56,10864.3581,687239.011,0,0.008333,0,0,0,0,0,0,0,0,4.5105,0,1.168917112,0.109245036,36.15334615
68,267,14.56,10864.3581,687239.011,0,0,0,0,0,0,0,0,0,0,19.7118,0,1.168917112,0.109245036,0
68,267,14.56,10864.3581,687239.011,0.001292,0,0,0,0,0,0,0,0,0,0.151728,0,1.168917112,0.109245036,94.96802885
68,267,14.56,10864.3581,687239.011,0,0,0,0,0,0,0,0,0,0,5.6418,0,1.168917112,0.109245036,0
68,267,14.56,10864.3581,687239.011,0,0,0,0,0,0,6.6682,0,0,0,0,0,1.168917112,0.109245036,61.04151923
68,267,14.56,10864.3581,687239.011,4.5283,0.003127,0,0,0,0,0,0,0,0,8.9418,0,1.168917112,0.109245036,0
68,267,14.56,10864.3581,687239.011,0,0,0,0,0,0,0,0,0,0,0.151728,0,1.168917112,0.109245036,72.43768269
68,267,14.56,10864.3581,687239.011,0,0,0,0,0,0,0.13028,0,0,0,0.151728,0,1.168917112,0.109245036,118.4153077
68,267,14.56,10864.3581,687239.011,0.00571,0,0,0,0,0,0,0,0,0,0,0,1.168917112,0.109245036,45.977625
68,267,14.56,10864.3581,687239.011,0.005411,0,0,0,0,0,0,0,0,0,0,0,1.168917112,0.109245036,0
68,267,14.56,10864.3581,687239.011,0,0,0,0,0,0,0.40452,0,0,0,0,0,1.168917112,0.109245036,105.7092404
68,267,14.56,10864.3581,687239.011,0,0,0,0,0,0,13.802,0,0,0,0.151728,0,1.168917112,0.109245036,108.3290481
68,267,14.56,10864.3581,687239.011,0,0,0,0,0,0.79321,12.373,0,0,0,58.353,0,1.168917112,0.109245036,91.82425962
68,267,14.56,10864.3581,687239.011,1.122,0,0,0,0,0,50.247,0,0,0,0,0,1.168917112,0.109245036,64.84024038
68,267,14.56,10864.3581,687239.011,3.0444,0,0,0,0,0,0.13028,0,0,0,0,0,1.168917112,0.109245036,12.57507692
68,267,14.56,10864.3581,687239.011,0.1537,0,0,0,0,0,1.3964,0,0,0,0.151728,0,1.168917112,0.109245036,34.58146154
68,267,14.56,10864.3581,687239.011,0,1.4122,0,0,0,0,0,0,0,0,66.663,0,1.168917112,0.109245036,0
68,267,14.56,10864.3581,687239.011,0,0,0,0,0,0,0,0,0,0,0.151728,0,1.168917112,0.109245036,65.75717308
68,267,14.56,10864.3581,687239.011,0,0,0,0,0,0,0,0,0,0,0.151728,0,1.168917112,0.109245036,0
68,267,14.56,10864.3581,687239.011,0,0.59972,0,0,0,25.311,0,0,0,0,0,0,1.168917112,0.109245036,77.28432692
68,267,14.56,10864.3581,687239.011,0,0,0,0,0,0,4.1059,0,0,0,10.1169,0,1.168917112,0.109245036,0
68,267,14.56,10864.3581,687239.011,5.8949,0,0,0,0,0,0,0,0,0,30.648,0,1.168917112,0.109245036,102.5654712
68,267,14.56,10864.3581,687239.011,0.87594,0,0,0,0,0,0.40452,0,0,0,0.278532,0,1.168917112,0.109245036,0
68,267,14.56,10864.3581,687239.011,0.016666,0,0,0,0,0,0,0,0,0,10.6209,0,1.168917112,0.109245036,6.942490385
68,267,14.56,10864.3581,687239.011,0,0.008333,0,0,0,0,0,0,0,0,0.151728,0,1.168917112,0.109245036,86.97761538
68,267,14.56,10864.3581,687239.011,0,0,0,0,0,0,0,0,0,0,0.70734,0,1.168917112,0.109245036,33.66452885
68,267,14.56,10864.3581,687239.011,0,0,0,0,0,0,0,0,0,0,0.31755,0,1.168917112,0.109245036,0
68,267,14.56,10864.3581,687239.011,0,0,0,0,0,0,72.465,0,0,0,0.151728,0,1.168917112,0.109245036,110.2939038
68,267,14.56,10864.3581,687239.011,32.277,0,0,0,0,0,0,0,0,0,27.6384,0,1.168917112,0.109245036,60.38656731
68,267,14.56,10864.3581,687239.011,1.3251,0,0,0,0,0,0.13028,0,0,0,0.94704,0,1.168917112,0.109245036,0
68,267,14.56,10864.3581,687239.011,0,0.71635,0,0,0,0,0.42744,0,0,0,1.95174,0,1.168917112,0.109245036,101.5175481
68,267,14.56,10864.3581,687239.011,0,0,0,0,0,0,9.9672,0,0,0,0.293496,0,1.168917112,0.109245036,36.54631731
68,267,14.56,10864.3581,687239.011,0,0,0,0,0,0,0,0,0,0,0.151728,0,1.168917112,0.109245036,66.67410577
68,267,14.56,10864.3581,687239.011,0,0,0,0,0,0,61.223,0,0,0,0.151728,0,1.168917112,0.109245036,0
68,267,14.56,10864.3581,687239.011,0,0,0,0,0,0,0,0,0,0,0.286419,0,1.168917112,0.109245036,83.57186538
68,267,14.56,10864.3581,687239.011,0,0,0,0,0,0,338.29,0,0,0,38.517,0,1.168917112,0.109245036,0
68,267,14.56,10864.3581,687239.011,0,0,0,0,0,0,0,0,0,0,17.3418,0,1.168917112,0.109245036,8.645365385
68,267,14.56,10864.3581,687239.011,0,0,0,0,0,0,0,0,0,0,3.498,0,1.168917112,0.109245036,0
68,267,14.56,10864.3581,687239.011,0,0.00524,0,0,0,0,0,0,0,0,18.7587,0,1.168917112,0.109245036,0
68,267,14.56,10864.3581,687239.011,0,0.0093415,0,0,0,2.7494,0,0,0,0,1.62018,0,1.168917112,0.109245036,42.83385577
68,267,14.56,10864.3581,687239.011,0,0,0,0,0,0,0,0,0,0,10.3965,0,1.168917112,0.109245036,34.0575
68,267,14.56,10864.3581,687239.011,0,0,0,0,0,3.0417,0,0,0,0,0.275259,0,1.168917112,0.109245036,14.27795192
68,267,14.56,10864.3581,687239.011,0.00052,0,0,0,0,0.79321,0,0,0,0,0,0,1.168917112,0.109245036,0
68,267,14.56,10864.3581,687239.011,0,0,0,0,0,0,0,0,0,0,3.6285,0,1.168917112,0.109245036,0
68,267,14.56,10864.3581,687239.011,0.10513,0,0,0,0,0,0,0,0,0,29.7048,0,1.168917112,0.109245036,0
68,267,14.56,10864.3581,687239.011,0,0,0,0,0,0,0,0,0,0,0.75174,0,1.168917112,0.109245036,0
68,267,14.56,10864.3581,687239.011,0,0,0,0,0,0,0,0,0,0,0,0,1.168917112,0.109245036,85.79870192
68,267,14.56,10864.3581,687239.011,0,0,0,0.008333,0,0,0.002308,0,0,0,2.10972,0,1.168917112,0.109245036,129.6804808
68,267,14.56,10864.3581,687239.011,0,0,0,0,0,0,0.13028,0,0,0,1.86174,0,1.168917112,0.109245036,77.93927885
68,267,14.56,10864.3581,687239.011,0.75539,0,0,0,0,0,0,0,0,0,0.151728,0,1.168917112,0.109245036,0
68,267,14.56,10864.3581,687239.011,0,0,0,0,0,0,0,0,0,0,0.151728,0,1.168917112,0.109245036,111.7347981
68,267,14.56,10864.3581,687239.011,0,0,0,0,0,0,0.021726,0,0,0,0.151728,0,1.168917112,0.109245036,100.3386346
68,267,14.56,10864.3581,687239.011,0.010507,0,0.089374,0,0,0,0,0,0,0,15.9147,0,1.168917112,0.109245036,116.0574808
68,267,14.56,10864.3581,687239.011,0.003485,0,0,0,0,0,0,0,0,0,1.62018,0,1.168917112,0.109245036,120.1181827
68,267,14.56,10864.3581,687239.011,0,0,0,0,0,0,0,0,0,0,0,0,1.168917112,0.109245036,75.97442308
68,267,14.56,10864.3581,687239.011,0,1.6209,0,0,0,0,0,0,0,0,0,0,1.168917112,0.109245036,0
68,267,14.56,10864.3581,687239.011,0,0,0,0.029911,0,0,0,0,0,0,42.996,0,1.168917112,0.109245036,22.39935577
68,267,14.56,10864.3581,687239.011,0,0,0,0,0,0,0.60778,0,0,0,0,0,1.168917112,0.109245036,0
68,267,14.56,10864.3581,687239.011,0,0,0,0,0,0,0.13028,0,0,0,0.271728,0,1.168917112,0.109245036,0
68,267,14.56,10864.3581,687239.011,0.68542,0,0.34717,0,0,0.78099,50.247,0,0,0,28.1349,0,1.168917112,0.109245036,113.9616346
68,267,14.56,10864.3581,687239.011,0,0,0,0.005411,0,0,0.13028,0,0,0,6.3789,0,1.168917112,0.109245036,30.12778846
68,267,14.56,10864.3581,687239.011,0,0,0,0,0,0,0.008333,0,0,0,10.1169,0,1.168917112,0.109245036,0
68,267,14.56,10864.3581,687239.011,0,0,0,0,0,0.41296,0,0,0,0,0.151728,0,1.168917112,0.109245036,125.7507692
68,267,14.56,10864.3581,687239.011,0,0,0,0,0,0,0,0,0,0,0.151728,0,1.168917112,0.109245036,7.073480769
68,267,14.56,10864.3581,687239.011,0,0,0,0,0,0.00019,0,0,0,0,0,0,1.168917112,0.109245036,42.04791346
68,267,14.56,10864.3581,687239.011,0.001292,0,0,0,0,0,0,0,0,0,0.151728,0,1.168917112,0.109245036,0
68,267,14.56,10864.3581,687239.011,0,0,0,0,0,0,0,0,0,0,0,0,1.168917112,0.109245036,0
68,267,14.56,10864.3581,687239.011,0,0,0,0,0,0,0,0,0,0,0,0,1.168917112,0.109245036,20.95846154
68,267,14.56,10864.3581,687239.011,2.5449,0,0,0,0,0,0,0,0,0,0,0,1.168917112,0.109245036,0
68,267,14.56,10864.3581,687239.011,0.22468,0,0,0,0,0,0,0,0,0,44.763,0,1.168917112,0.109245036,101.5175481
68,267,14.56,10864.3581,687239.011,0,0,0,0,0,0,0,0,0,0,6.108,0,1.168917112,0.109245036,42.83385577
68,267,14.56,10864.3581,687239.011,0,0,0,0,0,0,0,0,0,0,44.073,0,1.168917112,0.109245036,0
68,267,14.56,10864.3581,687239.011,0,0,0,0,0,0,0.059897,0,0,0,0,0,1.168917112,0.109245036,0
68,267,14.56,10864.3581,687239.011,0,0,0,0.009376,0,0,0,0,0,0,0.37014,0,1.168917112,0.109245036,24.23322115
68,267,14.56,10864.3581,687239.011,0,0,0,0,0,0,0,0,0,0,6.108,0,1.168917112,0.109245036,63.79231731
68,267,14.56,10864.3581,687239.011,0,0,0,0,0,0,52.868,0,0,0,0,0,1.168917112,0.109245036,86.32266346
68,267,14.56,10864.3581,687239.011,0,0,0,0,0,0,0,0,0,0,0,0,1.168917112,0.109245036,0
68,267,14.56,10864.3581,687239.011,0,0,0,0,0,0,0.42744,0,0,0,0.151728,0,1.168917112,0.109245036,35.36740385
68,267,14.56,10864.3581,687239.011,0,0,0,0,0,0,102.85,0,0,0,0.151728,0,1.168917112,0.109245036,0
68,267,14.56,10864.3581,687239.011,11.232,0.0067817,0.000012,14.106,0,0,60.082,0,0,0,0.57,0,1.168917112,0.109245036,0
68,267,14.56,10864.3581,687239.011,0,0,0,0,0,0,0,0,0,0,0.151728,0,1.168917112,0.109245036,48.72842308
68,267,14.56,10864.3581,687239.011,0,0,0,0,0,0,0,0,0,0,0.151728,0,1.168917112,0.109245036,46.89455769
68,267,14.56,10864.3581,687239.011,0,0,0,0,0,0,0,0,0,0,0.151728,0,1.168917112,0.109245036,0.916932692
68,267,14.56,10864.3581,687239.011,0,0,0,0,0,0,0,0,0,0,0,0,1.168917112,0.109245036,0
68,267,14.56,10864.3581,687239.011,0,0,0,0,0,0.78239,98.664,0,0,0,69.483,0,1.168917112,0.109245036,0
68,267,14.56,10864.3581,687239.011,0,0,0,0,0,0,30.454,0,0,0,2.29656,0,1.168917112,0.109245036,98.24278846
68,267,14.56,10864.3581,687239.011,0,0.003416,0,0,0,0,0,0,0,0,0,0,1.168917112,0.109245036,0
68,267,14.56,10864.3581,687239.011,0.015944,0,0,0,0,0,0,0,0,0,6.2793,0,1.168917112,0.109245036,0
68,267,14.56,10864.3581,687239.011,0.016666,0,0,0,0,0,0,0,0,0,0.151728,0,1.168917112,0.109245036,0
68,267,14.56,10864.3581,687239.011,0,0.24003,0,0,0,9.7412,0,0,0,0,0.151728,0,1.168917112,0.109245036,90.38336538
68,267,14.56,10864.3581,687239.011,0,0,0,0,0,0,0,0,0,0,1.17456,0,1.168917112,0.109245036,85.79870192
68,267,14.56,10864.3581,687239.011,0.027207,0,0,0,0,0,0,0,0,0,0,0,1.168917112,0.109245036,53.44407692
68,267,14.56,10864.3581,687239.011,0,4.9552,0,0,0,0,0,0,0,0,0.151728,0,1.168917112,0.109245036,30.65175
68,267,14.56,10864.3581,687239.011,0,0,0,0,0,0,0,0,0,0,0.151728,0,1.168917112,0.109245036,0
68,267,14.56,10864.3581,687239.011,0.83735,2.0208,0,0,0,0,0,0,0,0,0,0,1.168917112,0.109245036,23.05430769
68,267,14.56,10864.3581,687239.011,0,0,0,0,0,0,0,0,0,0,4.4403,0,1.168917112,0.109245036,0
68,267,14.56,10864.3581,687239.011,0,0,0,0,0,0,2.3982,0,0,0,55.5,0,1.168917112,0.109245036,19.91053846
68,267,14.56,10864.3581,687239.011,0,0,0,0,0,0,0,0,0,0,149.193,0,1.168917112,0.109245036,0
68,267,14.56,10864.3581,687239.011,0,0,0,0,0,0,0,0,0,0,0,0,1.168917112,0.109245036,108.5910288
68,267,14.56,10864.3581,687239.011,0.001436,0.32999,0,0,0,1.1622,0,0,0,0,59.643,0,1.168917112,0.109245036,0
68,267,14.56,10864.3581,687239.011,0.40581,0,0,0,0,0,6.3055,0,0,0,4.5555,0,1.168917112,0.109245036,0
68,267,14.56,10864.3581,687239.011,0,0,0,0,0,0,0.021726,0,0,0,0,0,1.168917112,0.109245036,47.94248077
68,267,14.56,10864.3581,687239.011,0.003948,0,0,0,0,0,0.13028,0,0,0,0,0,1.168917112,0.109245036,0
68,267,14.56,10864.3581,687239.011,0.016667,0,0,0,0,0,0,0,0,0,0,0,1.168917112,0.109245036,0
68,267,14.56,10864.3581,687239.011,0,0.00036,0,0,0,0,36.834,0,0,0,0,0,1.168917112,0.109245036,46.23960577
68,267,14.56,10864.3581,687239.011,0.035318,0,0,0,0,0,0,0,0,0,0.278526,0,1.168917112,0.109245036,0
68,267,14.56,10864.3581,687239.011,0,0,0,0,0,0,0.13028,0,0,0,0.151728,0,1.168917112,0.109245036,107.9360769
68,267,14.56,10864.3581,687239.011,0.052268,0,0,0.70239,0,0,0,0,0,0,0,0,1.168917112,0.109245036,13.623
68,267,14.56,10864.3581,687239.011,0.012779,0,0,0,0,0,0,0,0,0,0,0,1.168917112,0.109245036,69.68688462
68,267,14.56,10864.3581,687239.011,0.016666,0,0,0,0,0,0,0,0,0,0.78174,0,1.168917112,0.109245036,64.84024038
68,267,14.56,10864.3581,687239.011,0.83735,0,0,0,0,0,0,0,0,0,0,0,1.168917112,0.109245036,0
68,267,14.56,10864.3581,687239.011,0.005766,0,0,0,0,0,0,0,0,0,0.31755,0,1.168917112,0.109245036,0
68,267,14.56,10864.3581,687239.011,0,0,0,0.008333,0,0.78972,0,0,0,0,0.151728,0,1.168917112,0.109245036,0
68,267,14.56,10864.3581,687239.011,0,0,0,0,0,0,0,0,0,0,0,0,1.168917112,0.109245036,70.47282692
68,267,14.56,10864.3581,687239.011,0,0,0,0,0,0,0,0,0,0,0,0,1.168917112,0.109245036,16.11181731
68,267,14.56,10864.3581,687239.011,0,0,0,0,0,0,0,0,0,0,0,0,1.168917112,0.109245036,106.3641923
68,267,14.56,10864.3581,687239.011,0,0,0.000668,0,0,0,0,0,0,0,41.715,0,1.168917112,0.109245036,0
68,267,14.56,10864.3581,687239.011,0,0,0.000389,0,0,0,0,0,0,0,0,0,1.168917112,0.109245036,37.59424038
68,267,14.56,10864.3581,687239.011,0.022396,0,0,0,0,0,0.021726,0,0,0,52.695,0,1.168917112,0.109245036,0
68,267,14.56,10864.3581,687239.011,0.46518,0,0,0,0,0,0,0,0,0,0.151728,0,1.168917112,0.109245036,0
68,267,14.56,10864.3581,687239.011,0,0,0,0,0,0,0,0,0,0,0.151728,0,1.168917112,0.109245036,0
68,267,14.56,10864.3581,687239.011,0,0,0,0,0,0,0.13028,0,0,0,1.05978,0,1.168917112,0.109245036,103.3514135
68,267,14.56,10864.3581,687239.011,0,0,0,0.002508,0,0,0.69676,0,0,0,0,0,1.168917112,0.109245036,0
68,267,14.56,10864.3581,687239.011,0,0.008332,0,0,0,0.084305,278.45,0,0,0,0.282771,0,1.168917112,0.109245036,63.26835577
68,267,14.56,10864.3581,687239.011,2.0986,0,0,0.008333,0,0.018933,0,0,0,0,2.29656,0,1.168917112,0.109245036,53.31308654
68,267,14.56,10864.3581,687239.011,0,0,0,0.0081579,0,0,0,0,0,0,4.8993,0,1.168917112,0.109245036,0
68,267,14.56,10864.3581,687239.011,0,0,0,0,0,0,0,0,0,0,0,0,1.168917112,0.109245036,0
68,267,14.56,10864.3581,687239.011,0.27485,0,0,0,0,0,0,0,0,0,14.4507,0,1.168917112,0.109245036,0
68,267,14.56,10864.3581,687239.011,0,0,0,0,0,0.60697,0,0,0,0,0.151728,0,1.168917112,0.109245036,63.53033654
68,267,14.56,10864.3581,687239.011,0,0,0,0,0,0.22852,0,0,0,0,25.5579,0,1.168917112,0.109245036,124.4408654
68,267,14.56,10864.3581,687239.011,0,0,0.080487,0,0,0,0.13028,0,0,0,1.42239,0,1.168917112,0.109245036,0
68,267,14.56,10864.3581,687239.011,0,0,0,0,0,0,0,0,0,0,2.68779,0,1.168917112,0.109245036,0
68,267,14.56,10864.3581,687239.011,0,0,0,0,0,0,0,0,0,0,11.1597,0,1.168917112,0.109245036,0
68,267,14.56,10864.3581,687239.011,0,0,0,0,0,0,0,0,0,0,0,0,1.168917112,0.109245036,36.93928846
68,267,14.56,10864.3581,687239.011,4.8177,0,0,0,0,0,0,0,0,0,1.33728,0,1.168917112,0.109245036,75.45046154
68,267,14.56,10864.3581,687239.011,0,0,0,0,0,0,0,0,0,0,16.3047,0,1.168917112,0.109245036,0
68,267,14.56,10864.3581,687239.011,0,0,0,0,0,0,0,0,0,0,0.151728,0,1.168917112,0.109245036,0
68,267,14.56,10864.3581,687239.011,0.005713,0,0,0,0,0,0,0,0,0,0.27432,0,1.168917112,0.109245036,44.53673077
68,267,14.56,10864.3581,687239.011,0,0.008489,0,0,0,0,0,0,0,0,0.151728,0,1.168917112,0.109245036,79.64215385
68,267,14.56,10864.3581,687239.011,0,0,0,0,0,0,0.13028,0,0,0,0.151728,0,1.168917112,0.109245036,110.686875
68,267,14.56,10864.3581,687239.011,0,0,0,0,0,0,0,0,0,0,15.7923,0,1.168917112,0.109245036,0
68,267,14.56,10864.3581,687239.011,0,0,0,0,0,0,0,0,0,0,1.95174,0,1.168917112,0.109245036,0
68,267,14.56,10864.3581,687239.011,0.001192,0,0,0,0,0.77927,0,0,0,0,0.151728,0,1.168917112,0.109245036,80.16611538
68,267,14.56,10864.3581,687239.011,0.26916,0,0,0,0,0,29.063,0,0,0,8.9118,0,1.168917112,0.109245036,129.2875096
68,267,14.56,10864.3581,687239.011,0,0,0,0,0,0,0.13028,0,0,0,0,0,1.168917112,0.109245036,52.92011538
68,267,14.56,10864.3581,687239.011,27.039,0,0,0.000234,0,0,10.082,0,0,0,1.73121,0,1.168917112,0.109245036,0
68,267,14.56,10864.3581,687239.011,0.00328,0,0,0,0,0,0,0,0,0,14.8218,0,1.168917112,0.109245036,48.59743269
68,267,14.56,10864.3581,687239.011,0,0,0,0,0,0,27.352,0,0,0,0,0,1.168917112,0.109245036,0
68,267,14.56,10864.3581,687239.011,0.003824,0,0,0,0,0,0,0,0,0,0.151728,0,1.168917112,0.109245036,68.115
68,267,14.56,10864.3581,687239.011,0,0.0081579,0.05232,0,0,0,0,0,0,0,0.84174,0,1.168917112,0.109245036,0
68,267,14.56,10864.3581,687239.011,0.002784,0,0,0,0,0,0.13028,0,0,0,11.9403,0,1.168917112,0.109245036,0
68,267,14.56,10864.3581,687239.011,3.3758,0,0,0,0,0,0,0,0,0,0.151728,0,1.168917112,0.109245036,86.97761538
68,267,14.56,10864.3581,687239.011,0,0.014603,0,0,0,0,0,0,0,0,17.2392,0,1.168917112,0.109245036,57.11180769
68,267,14.56,10864.3581,687239.011,5.2563,0,0,0,0,0,0,0,0,0,2.6931,0,1.168917112,0.109245036,0
68,267,14.56,10864.3581,687239.011,9.6683,0,0,0,0,0,0.59876,0,0,0,0.151728,0,1.168917112,0.109245036,0
68,267,14.56,10864.3581,687239.011,0,0,0,0,0,0,0,0,0,0,0,0,1.168917112,0.109245036,0
68,267,14.56,10864.3581,687239.011,0,0,0.058398,0,0,0,0,0,0,0,0.93561,0,1.168917112,0.109245036,0
68,267,14.56,10864.3581,687239.011,0.01537,0,0,0.38083,0,0,0.13028,0,0,0,0.93561,0,1.168917112,0.109245036,5.894567308
68,267,14.56,10864.3581,687239.011,0,0,0,0,0,0,0,0,0,0,0,0,1.168917112,0.109245036,70.73480769
68,267,14.56,10864.3581,687239.011,0,0,0,0,0,0,0,0,0,0,0.55899,0,1.168917112,0.109245036,26.32906731
68,267,14.56,10864.3581,687239.011,0.084223,0,0,0,0,0,0.13028,0,0,0,0,0,1.168917112,0.109245036,69.94886538
68,267,14.56,10864.3581,687239.011,0,0,0,0,0,0,0.002308,0,0,0,36.924,0,1.168917112,0.109245036,0
68,267,14.56,10864.3581,687239.011,0.0009415,0,0,0,0,0,63.342,0,0,0,0,0,1.168917112,0.109245036,0
68,267,14.56,10864.3581,687239.011,0.00247,0,0,0,0,0,0,0,0,0,0.273018,0,1.168917112,0.109245036,5.894567308
68,267,14.56,10864.3581,687239.011,0,0,0,0,0,0,0,0,0,0,3.6159,0,1.168917112,0.109245036,116.5814423
68,267,14.56,10864.3581,687239.011,0,0,0,0,0,0,0.13028,0,0,0,0.151728,0,1.168917112,0.109245036,14.40894231
68,267,14.56,10864.3581,687239.011,0,0,0,0.008344,0,0,0,0,0,0,0.151728,0,1.168917112,0.109245036,60.12458654
68,267,14.56,10864.3581,687239.011,0,0,0,0,0,0,0,0,0,0,1.42107,0,1.168917112,0.109245036,0
68,267,14.56,10864.3581,687239.011,0,0,0,0,0,0,0,0,0,0,0.151728,0,1.168917112,0.109245036,36.54631731
68,267,14.56,10864.3581,687239.011,0,0,0,0,0,0,0,0,0,0,0.151728,0,1.168917112,0.109245036,0
68,267,14.56,10864.3581,687239.011,0,0,0,0,0,0,27.391,0,0,0,12.0405,0,1.168917112,0.109245036,0
68,267,14.56,10864.3581,687239.011,0,0,0.005241,0,0,0,0,0,0,0,0.151728,0,1.168917112,0.109245036,109.7699423
68,267,14.56,10864.3581,687239.011,0,0,0,0,0,0,11.775,0,0,0,0,0,1.168917112,0.109245036,91.30029808
68,267,14.56,10864.3581,687239.011,0,0,0,0,0,0,0,0,0,0,18.0318,0,1.168917112,0.109245036,0
68,267,14.56,10864.3581,687239.011,0,0,0,0,0,0,0,0,0,0,0,0,1.168917112,0.109245036,7.990413462
68,267,14.56,10864.3581,687239.011,0,0.000124,0.16588,0,0,0,27.171,0,0,0,0.151728,0,1.168917112,0.109245036,0
68,267,14.56,10864.3581,687239.011,0,0,0,0,0,0,0,0,0,0,8.9418,0,1.168917112,0.109245036,0
68,267,14.56,10864.3581,687239.011,0,0.002868,0,0,0,0.092998,0,0,0,0,1.40073,0,1.168917112,0.109245036,101.7795288
68,267,14.56,10864.3581,687239.011,0,0,0,0,0,0,0,0,0,0,1.19187,0,1.168917112,0.109245036,75.97442308
68,267,14.56,10864.3581,687239.011,0.066847,0,1.6694,0,0,0,0.008333,0,0,0,2.05122,0,1.168917112,0.109245036,0
68,267,14.56,10864.3581,687239.011,0,0,0,0,0,0,0,0,0,0,0.181728,0,1.168917112,0.109245036,24.36421154
68,267,14.56,10864.3581,687239.011,6.7272,0,0,0,0,0,0,0,0,0,8.9418,0,1.168917112,0.109245036,86.58464423
68,267,14.56,10864.3581,687239.011,0,0,0,0,0,0,0,0,0,0,0.81174,0,1.168917112,0.109245036,0
68,267,14.56,10864.3581,687239.011,0,0.004143,0,0,0,0,0,0,0,0,0.297708,0,1.168917112,0.109245036,0
68,267,14.56,10864.3581,687239.011,0,0,0,0,0,0,0,0,0,0,0,0,1.168917112,0.109245036,84.61978846
68,267,14.56,10864.3581,687239.011,0.10131,0,0,0,0,0,0,0,0,0,39.753,0,1.168917112,0.109245036,123.3929423
68,267,14.56,10864.3581,687239.011,2.5027,0,0,0,0,0,0.13028,0,0,0,0,0,1.168917112,0.109245036,83.17889423
68,267,14.56,10864.3581,687239.011,1.6088,0,1.1172,0,0,0,0,0,0,0,1.02657,0,1.168917112,0.109245036,94.57505769
68,267,14.56,10864.3581,687239.011,0.003824,0,0,0,0,0,0,0,0,0,0,0,1.168917112,0.109245036,0
68,267,14.56,10864.3581,687239.011,0,0.00714,0,0.0095515,0,0,0,0,0,0,0.273339,0,1.168917112,0.109245036,52.26516346
68,267,14.56,10864.3581,687239.011,9.6683,0,0,0,0,0,0,0,0,0,0,0,1.168917112,0.109245036,0
68,267,14.56,10864.3581,687239.011,0,0,0,0,0,0.084305,0,0,0,0,0.151728,0,1.168917112,0.109245036,0
68,267,14.56,10864.3581,687239.011,0,0,0,0,0,0,0,0,0,0,0.151728,0,1.168917112,0.109245036,2.881788462
68,267,14.56,10864.3581,687239.011,0.44662,0.02835,0,0,0,0,0,0,0,0,5.8878,0,1.168917112,0.109245036,32.87858654
68,267,14.56,10864.3581,687239.011,0,0,0,0,0,0,450.61,0,0,0,0,0,1.168917112,0.109245036,74.00956731
68,267,14.56,10864.3581,687239.011,0,0,0,1.2851,0,0,45.364,0,0,0,30.648,0,1.168917112,0.109245036,0
68,267,14.56,10864.3581,687239.011,0,0,0,0,0,0,0,0,0,0,0.151728,0,1.168917112,0.109245036,18.20766346
68,267,14.56,10864.3581,687239.011,2.0704,0,0,1.3646,0,0,0,0,0,0,0.278532,0,1.168917112,0.109245036,38.24919231
68,267,14.56,10864.3581,687239.011,0,0,0,0,0,0,174.52,0,0,0,0.28866,0,1.168917112,0.109245036,0
68,267,14.56,10864.3581,687239.011,0,0,0,0,0,0,0,0,0,0,0,0,1.168917112,0.109245036,0
68,267,14.56,10864.3581,687239.011,0,0,0,0,0,0,0,0,0,0,0,0,1.168917112,0.109245036,94.70604808
68,267,14.56,10864.3581,687239.011,0,0.034687,0,0,0,0,0,0,0,0,0,0,1.168917112,0.109245036,53.57506731
68,267,14.56,10864.3581,687239.011,0,0,3.5839,0,0,47.571,28.441,0,0,0,0,0,1.168917112,0.109245036,28.03194231
68,267,14.56,10864.3581,687239.011,0,0,0,0,0,0,0,0,0,0,0.151728,0,1.168917112,0.109245036,128.1085962
68,267,14.56,10864.3581,687239.011,0,0,0,0,0,0,28.515,0,0,0,0,0,1.168917112,0.109245036,95.62298077
68,267,14.56,10864.3581,687239.011,0,0,0,0,0,0,0,0,0,0,0.181728,0,1.168917112,0.109245036,0
68,267,14.56,10864.3581,687239.011,0.002784,0,0,0,0,0,0,0,0,0,0.151728,0,1.168917112,0.109245036,0
68,267,14.56,10864.3581,687239.011,0.13491,0.015605,0,0,0,0.79321,35.163,0,0,0,0.151728,0,1.168917112,0.109245036,110.2939038
68,267,14.56,10864.3581,687239.011,0,0,0,0,0,0,3.7851,0,0,0,0,0,1.168917112,0.109245036,29.34184615
68,267,14.56,10864.3581,687239.011,0,0,0,0,0,0.77921,0,0,0,0,7.8042,0,1.168917112,0.109245036,0
68,267,14.56,10864.3581,687239.011,0,0.0082963,0,14.106,0,0,0.13028,0,0,0,0.151728,0,1.168917112,0.109245036,29.60382692
68,267,14.56,10864.3581,687239.011,1.3251,0,0,0,0,0.001563,0,0,0,0,2.13174,0,1.168917112,0.109245036,47.15653846
68,267,14.56,10864.3581,687239.011,0.016666,0,0,0,0,0,0,0,0,0,0.241728,0,1.168917112,0.109245036,0
68,267,14.56,10864.3581,687239.011,0.003416,0,0,2.6911,0,0,0.40452,0,0,0,0.84174,0,1.168917112,0.109245036,42.44088462
68,267,14.56,10864.3581,687239.011,0,8.0295,0,0,0,0,0.13028,0,0,0,0,0,1.168917112,0.109245036,93.26515385
68,267,14.56,10864.3581,687239.011,0,0,0,0,0,0,0,0,0,0,0.151728,0,1.168917112,0.109245036,61.95845192
68,267,14.56,10864.3581,687239.011,6.6358,0,0,0,0,0,0,0,0,0,0.70734,0,1.168917112,0.109245036,0
68,267,14.56,10864.3581,687239.011,0,0,0,0,0,0,0,0,0,0,1.10112,0,1.168917112,0.109245036,11.26517308
68,267,14.56,10864.3581,687239.011,0.0075217,0,0,0,0,0,0,0,0,0,0,0,1.168917112,0.109245036,57.50477885
68,267,14.56,10864.3581,687239.011,0,0.0061078,0,0,0,0,0.13028,0,0,0,47.883,0,1.168917112,0.109245036,0
68,267,14.56,10864.3581,687239.011,0,0,0,0,0,0,0,0,0,0,0,0,1.168917112,0.109245036,13.623
68,267,14.56,10864.3581,687239.011,0,0.01986,0,0,0,0,0,0,0,0,0.151728,0,1.168917112,0.109245036,0
68,267,14.56,10864.3581,687239.011,0.99281,0,0,0,0,0,0,0,0,0,0.151728,0,1.168917112,0.109245036,110.1629135
68,267,14.56,10864.3581,687239.011,0,0.008333,0,0,0,0,246.03,0,0,0,2.69043,0,1.168917112,0.109245036,67.46004808
68,267,14.56,10864.3581,687239.011,0,0,0,0,0,0,0,0,0,0,0,0,1.168917112,0.109245036,0
68,267,14.56,10864.3581,687239.011,0,0,0,0,0,0,0,0,0,0,0,0,1.168917112,0.109245036,23.70925962
68,267,14.56,10864.3581,687239.011,0.75539,0,0,0,0,0,0,0,0,0,6.2793,0,1.168917112,0.109245036,0
68,267,14.56,10864.3581,687239.011,0.001292,0,0,16.6,0,0,0.13028,0,0,0,0.151728,0,1.168917112,0.109245036,68.76995192
68,267,14.56,10864.3581,687239.011,0,0,0,0,0,0,0,0,0,0,0,0,1.168917112,0.109245036,0
68,267,14.56,10864.3581,687239.011,0,0,0,0,0,0.79321,0,0,0,0,0.151728,0,1.168917112,0.109245036,54.09902885
68,267,14.56,10864.3581,687239.011,0,0,0,0.008333,0,0,0.002308,0,0,0,47.328,0,1.168917112,0.109245036,39.55909615
68,267,14.56,10864.3581,687239.011,0,0,0,0,0,0,0,0,0,0,13.5936,0,1.168917112,0.109245036,0
68,267,14.56,10864.3581,687239.011,0.002784,0,0,0,0,0,0,0,0,0,0.151728,0,1.168917112,0.109245036,0
68,267,14.56,10864.3581,687239.011,0,0,0,0,0,0,0,0,0,0,7.5918,0,1.168917112,0.109245036,0
68,267,14.56,10864.3581,687239.011,0,0,0,1.2073,0,0,19.352,0,0,0,0,0,1.168917112,0.109245036,6.418528846
68,267,14.56,10864.3581,687239.011,0,0,0,0.001205,0,0,0,0,0,0,0.211728,0,1.168917112,0.109245036,0
68,267,14.56,10864.3581,687239.011,0,0,0,0,0,0,0,0,0,0,11.9625,0,1.168917112,0.109245036,0
68,267,14.56,10864.3581,687239.011,0.016573,0,0,0,0,0,0,0,0,0,0,0,1.168917112,0.109245036,0
68,267,14.56,10864.3581,687239.011,0.023381,0,0,0,0,0,0,0,0,0,0.28509,0,1.168917112,0.109245036,122.3450192
68,267,14.56,10864.3581,687239.011,0.016666,0,0.000464,0,0,0,0,0,0,0,0.151728,0,1.168917112,0.109245036,103.7443846
68,267,14.56,10864.3581,687239.011,0.30907,4.5179,0,0,0,0,12.354,0,0,0,0.151728,0,1.168917112,0.109245036,122.7379904
68,267,14.56,10864.3581,687239.011,0.015944,0,0,0,0,0,0.13028,0,0,0,0,0,1.168917112,0.109245036,0
68,267,14.56,10864.3581,687239.011,0,0.0057645,0,0,0,0,0,0,0,0,8.3718,0,1.168917112,0.109245036,0
68,267,14.56,10864.3581,687239.011,0,0,0.32113,0,0,0,0,0,0,0,0,0,1.168917112,0.109245036,5.108625
68,267,14.56,10864.3581,687239.011,0,0,0,0,0,0,0,0,0,0,0.151728,0,1.168917112,0.109245036,113.8306442
68,267,14.56,10864.3581,687239.011,0,0,0,0.026559,0,0,0,0,0,0,0.151728,0,1.168917112,0.109245036,0
68,267,14.56,10864.3581,687239.011,0,0,0,0,0,0,0,0,0,0,0.151728,0,1.168917112,0.109245036,2.357826923
68,267,14.56,10864.3581,687239.011,0,0,0,0,0,0,13.633,0,0,0,6.528,0,1.168917112,0.109245036,0
68,267,14.56,10864.3581,687239.011,0.0085521,0,0,0,0,0,0,0,0,0,0,0,1.168917112,0.109245036,0
68,267,14.56,10864.3581,687239.011,0.10761,0,0,0,0,0,0,0,0,0,2.52933,0,1.168917112,0.109245036,85.79870192
68,267,14.56,10864.3581,687239.011,0,0,0,0,0,0,0,0,0,0,14.5008,0,1.168917112,0.109245036,0
68,267,14.56,10864.3581,687239.011,0,0,0,0,0,0,0.60778,0,0,0,0,0,1.168917112,0.109245036,46.50158654
68,267,14.56,10864.3581,687239.011,0.83735,0,0,0.0081579,0,0,0,0,0,0,0.151728,0,1.168917112,0.109245036,34.31948077
68,267,14.56,10864.3581,687239.011,0,0,0,0,0,0,0,0,0,0,0,0,1.168917112,0.109245036,0
68,267,14.56,10864.3581,687239.011,0,0,0,10.307,0,0,0,0,0,0,0,0,1.168917112,0.109245036,16.89775962
68,267,14.56,10864.3581,687239.011,0,0.007102,0,0,0,0.056253,0,0,0,0,6.6894,0,1.168917112,0.109245036,1.309903846
68,267,14.56,10864.3581,687239.011,2.6816,0,0,0.0055919,0,0,0,0,0,0,118.791,0,1.168917112,0.109245036,88.94247115
68,267,14.56,10864.3581,687239.011,6.1631,33.204,0,0,0,0,17.935,0,0,0,6.102,0,1.168917112,0.109245036,53.05110577
68,267,14.56,10864.3581,687239.011,0.052268,0,0,0,0,0,0,0,0,0,0,0,1.168917112,0.109245036,0
68,267,14.56,10864.3581,687239.011,0.070537,0,0,0,0,0,0,0,0,0,0,0,1.168917112,0.109245036,124.1788846
68,267,14.56,10864.3581,687239.011,3.9444,0,0,0,0,0,0,0,0,0,5.4381,0,1.168917112,0.109245036,73.223625
68,267,14.56,10864.3581,687239.011,0,3.8327,0,0,0,0,0,0,0,0,68.145,0,1.168917112,0.109245036,95.361
68,267,14.56,10864.3581,687239.011,0.71928,0,0,0,0,0,0,0,0,0,2.22174,0,1.168917112,0.109245036,110.0319231
68,267,14.56,10864.3581,687239.011,4.2315,0,0,0,0,0.77806,0,0,0,0,4.9119,0,1.168917112,0.109245036,115.4025288
68,267,14.56,10864.3581,687239.011,0,0,0,0,0,0,0,0,0,0,0,0,1.168917112,0.109245036,0
68,267,14.56,10864.3581,687239.011,0,0,0,0,0,0,0,0,0,0,2.34429,0,1.168917112,0.109245036,53.96803846
68,267,14.56,10864.3581,687239.011,0.59154,0,0,0,0,0.78099,0,0,0,0,6.5508,0,1.168917112,0.109245036,112.38975
68,267,14.56,10864.3581,687239.011,0,0,0,0,0,0,0,0,0,0,0.151728,0,1.168917112,0.109245036,0
68,267,14.56,10864.3581,687239.011,2.2541,0,0,0,0,0,47.463,0,0,0,0.151728,0,1.168917112,0.109245036,0
68,267,14.56,10864.3581,687239.011,3.0444,0,0,0,0,0,150.43,0,0,0,1.63956,0,1.168917112,0.109245036,0
68,267,14.56,10864.3581,687239.011,0,0,0,0,0,0,0,0,0,0,47.883,0,1.168917112,0.109245036,16.50478846
68,267,14.56,10864.3581,687239.011,0,0,0,0,0,0,0,0,0,0,0.151728,0,1.168917112,0.109245036,93.26515385
68,267,14.56,10864.3581,687239.011,0,0,0,0,0,0,8.5672,0,0,0,0.57,0,1.168917112,0.109245036,113.8306442
68,267,14.56,10864.3581,687239.011,0,0.3062,0,0,0,0,0,0,0,0,0.151728,0,1.168917112,0.109245036,105.3162692
68,267,14.56,10864.3581,687239.011,0.003416,0,0,0,0,0,0,0,0,0,0,0,1.168917112,0.109245036,0
68,267,14.56,10864.3581,687239.011,0.003539,0,0,0,0,0,0,0,0,0,0,0,1.168917112,0.109245036,0
68,267,14.56,10864.3581,687239.011,0.0085521,0.005239,0,0,0,0.025755,55.61,0,0,0,0,0,1.168917112,0.109245036,0
68,267,14.56,10864.3581,687239.011,0.009348,0,0,0,0,0,0,0,0,0,0,0,1.168917112,0.109245036,0
68,267,14.56,10864.3581,687239.011,0,0,0,0,0,0,0,0,0,0,6.2793,0,1.168917112,0.109245036,0
68,267,14.56,10864.3581,687239.011,0,0,0,0.0092555,0,0,0,0,0,0,32.442,0,1.168917112,0.109245036,5.894567308
68,267,14.56,10864.3581,687239.011,0,0,0,0,0,0,0,0,0,0,0,0,1.168917112,0.109245036,0
68,267,14.56,10864.3581,687239.011,0,0,0.0083335,0,0,0,0,0,0,0,2.68779,0,1.168917112,0.109245036,109.9009327
68,267,14.56,10864.3581,687239.011,0.71928,0,0,0,0,0,0.60778,0,0,0,8.4681,0,1.168917112,0.109245036,0
68,267,14.56,10864.3581,687239.011,0,0,0,0,0,0,0,0,0,0,0.151728,0,1.168917112,0.109245036,0
68,267,14.56,10864.3581,687239.011,0,0,0,0,0,0,20.437,0,0,0,34.746,0,1.168917112,0.109245036,124.4408654
68,267,14.56,10864.3581,687239.011,0,0,0,0,0,0,0,0,0,0,1.08339,0,1.168917112,0.109245036,122.3450192
68,267,14.56,10864.3581,687239.011,0,0,0,0,0,0,0.13028,0,0,0,4.4313,0,1.168917112,0.109245036,129.5494904
68,267,14.56,10864.3581,687239.011,0,0,5.9256,0,0,0,0,0,0,0,0,0,1.168917112,0.109245036,0
68,267,14.56,10864.3581,687239.011,0,0,0,0.98424,0,0,0.13028,0,0,0,14.3958,0,1.168917112,0.109245036,0
68,267,14.56,10864.3581,687239.011,0,0,0,0,0,0,0,0,0,0,1.27536,0,1.168917112,0.109245036,0
68,267,14.56,10864.3581,687239.011,1.0643,0,0,0,0,0,0,0,0,0,0,0,1.168917112,0.109245036,49.25238462
68,267,14.56,10864.3581,687239.011,0,0,0,0,0,0,0,0,0,0,0,0,1.168917112,0.109245036,119.3322404
68,267,14.56,10864.3581,687239.011,0,0,0,18.51,0,1.1622,9.2947,0,0,0,0.151728,0,1.168917112,0.109245036,0
68,267,14.56,10864.3581,687239.011,0,0,0,0,0,0,0.59876,0,0,0,15.8232,0,1.168917112,0.109245036,126.9296827
68,267,14.56,10864.3581,687239.011,0,0,0,0,0,0,0,0,0,0,2.34429,0,1.168917112,0.109245036,45.977625
68,267,14.56,10864.3581,687239.011,0,0,0,0,0,0,0,0,0,0,0,0,1.168917112,0.109245036,0
68,267,14.56,10864.3581,687239.011,0,0,0,0,0,0,0,0,0,0,12.8901,0,1.168917112,0.109245036,48.07347115
68,267,14.56,10864.3581,687239.011,0.016315,0,0,0,0,0,0,0,0,0,0,0,1.168917112,0.109245036,120.3801635
68,267,14.56,10864.3581,687239.011,0,0,0,0,0,0,18.387,0,0,0,0.197586,0,1.168917112,0.109245036,0
68,267,14.56,10864.3581,687239.011,0,0,0,0,0,0,72.465,0,0,0,0.151728,0,1.168917112,0.109245036,0
68,267,14.56,10864.3581,687239.011,0,0.66686,0,0,0,0,0,0,0,0,7.8042,0,1.168917112,0.109245036,0
68,267,14.56,10864.3581,687239.011,0.22468,0,0,0,0,0,0,0,0,0,0.151728,0,1.168917112,0.109245036,5.894567308
68,267,14.56,10864.3581,687239.011,0,0,0,0,0,0.056253,72.465,0,0,0,0.151728,0,1.168917112,0.109245036,113.1756923
68,267,14.56,10864.3581,687239.011,0.00021,7.6951,0,0.0034765,0,0,0,0,0,0,0,0,1.168917112,0.109245036,25.41213462
68,267,14.56,10864.3581,687239.011,0,0,0,0,0,0,0,0,0,0,0.151728,0,1.168917112,0.109245036,0
68,267,14.56,10864.3581,687239.011,0,0,0,0,0,0,9.9672,0,0,0,0.151728,0,1.168917112,0.109245036,59.20765385
68,267,14.56,10864.3581,687239.011,0,0,0,0,0,0.000012,0,0,0,0,0,0,1.168917112,0.109245036,0
68,267,14.56,10864.3581,687239.011,0,0,0,0,0,0,0.13028,0,0,0,0.88596,0,1.168917112,0.109245036,52.00318269
68,267,14.56,10864.3581,687239.011,0,0,0,0,0,0,26.176,0,0,0,68.145,0,1.168917112,0.109245036,58.55270192
68,267,14.56,10864.3581,687239.011,0,2.9696,0,8.281,0,0,0,0,0,0,0.42174,0,1.168917112,0.109245036,42.30989423
68,267,14.56,10864.3581,687239.011,0,0,0,0,0,0,0.002308,0,0,0,0,0,1.168917112,0.109245036,90.90732692
68,267,14.56,10864.3581,687239.011,0.1537,0,0,0.008333,0,0,0.13028,0,0,0,0.151728,0,1.168917112,0.109245036,77.28432692
68,267,14.56,10864.3581,687239.011,0.022752,0,0,0,0,0,0,0,0,0,0,0,1.168917112,0.109245036,14.53993269
69,268,8.928,34985.96518,2213082.437,0,0,0,0,0,0,0,0,0,0,0,0,3.76323294,0.351705449,77.31115591
69,268,8.928,34985.96518,2213082.437,0,0,0,0,0,0.79321,0,0,0,0,2.13174,0,3.76323294,0.351705449,0
69,268,8.928,34985.96518,2213082.437,0,0,0,0,0,0,0.008333,0,0,0,1.64958,0,3.76323294,0.351705449,150.8325493
69,268,8.928,34985.96518,2213082.437,0,0,0,0,0,0,0,0,0,0,0.151728,0,3.76323294,0.351705449,117.3310484
69,268,8.928,34985.96518,2213082.437,0,0,0,0,0,0,0,0,0,0,0.273018,0,3.76323294,0.351705449,0
69,268,8.928,34985.96518,2213082.437,0,0,0,0,0,0,0,0,0,0,9.1953,0,3.76323294,0.351705449,98.23064516
69,268,8.928,34985.96518,2213082.437,0,0,0,0,0,0,0,0,0,0,1.17966,0,3.76323294,0.351705449,8.034296595
69,268,8.928,34985.96518,2213082.437,0,0,0,0,0,0,0.42744,0,0,0,17.3418,0,3.76323294,0.351705449,0
69,268,8.928,34985.96518,2213082.437,0,0,0,0,0,0,0,0,0,0,0.151728,0,3.76323294,0.351705449,71.09594534
69,268,8.928,34985.96518,2213082.437,0,0,0,0,0,0,0,0,0,0,11.6058,0,3.76323294,0.351705449,94.13770161
69,268,8.928,34985.96518,2213082.437,0.003127,0,0,0,0,0,0,0,0,0,0,0,3.76323294,0.351705449,0
69,268,8.928,34985.96518,2213082.437,0,0,0,0,0,0,0,0,0,0,0.273021,0,3.76323294,0.351705449,0
69,268,8.928,34985.96518,2213082.437,0,0,0,0,0,0,0.059897,0,0,0,0,0,3.76323294,0.351705449,79.73660394
69,268,8.928,34985.96518,2213082.437,0.029081,0,0,0,0,0,0,0,0,0,0,0,3.76323294,0.351705449,6.973163082
69,268,8.928,34985.96518,2213082.437,0,0,0,0,0,0,0,0,0,0,0.151728,0,3.76323294,0.351705449,55.78530466
69,268,8.928,34985.96518,2213082.437,0,0,0,0,0,0,16.253,0,0,0,0,0,3.76323294,0.351705449,73.52139337
69,268,8.928,34985.96518,2213082.437,0,0,0,0,0,0,0,0,0,0,0,0,3.76323294,0.351705449,102.7783602
69,268,8.928,34985.96518,2213082.437,0,0,0,0,0,0,0,0,0,0,0.151728,0,3.76323294,0.351705449,0
69,268,8.928,34985.96518,2213082.437,0,0,0,0.007148,0,0,0,0,0,0,0,0,3.76323294,0.351705449,0
69,268,8.928,34985.96518,2213082.437,0.025779,0,0,0,0,0,0,0,0,0,0.151728,0,3.76323294,0.351705449,0
69,268,8.928,34985.96518,2213082.437,0,0,0,0,0,0,0,0,0,0,68.145,0,3.76323294,0.351705449,133.0964606
69,268,8.928,34985.96518,2213082.437,0.0075217,0,0,0,0,0,0,0,0,0,29.7018,0,3.76323294,0.351705449,0
69,268,8.928,34985.96518,2213082.437,0,0,0,0,0,0,0,0,0,0,1.08339,0,3.76323294,0.351705449,0
69,268,8.928,34985.96518,2213082.437,0,0,0,0,0,2.5875,0.059897,0,0,0,0.151728,0,3.76323294,0.351705449,0
69,268,8.928,34985.96518,2213082.437,0,0,0,0,0,0,0,0,0,0,0,0,3.76323294,0.351705449,0
69,268,8.928,34985.96518,2213082.437,0,0,0,0,0,0,216.94,0,0,0,22.7118,0,3.76323294,0.351705449,28.80219534
69,268,8.928,34985.96518,2213082.437,0.049547,0,0,0,0,0,0,0,0,0,25.5579,0,3.76323294,0.351705449,0
69,268,8.928,34985.96518,2213082.437,0,0,0,0,0,0,53.389,0,0,0,0,0,3.76323294,0.351705449,94.59247312
69,268,8.928,34985.96518,2213082.437,0,0,0,0,0,0,0,0,0,0,0.151728,0,3.76323294,0.351705449,0
69,268,8.928,34985.96518,2213082.437,0.059844,0,0,0,0,0,0,0,0,0,36.924,0,3.76323294,0.351705449,0
69,268,8.928,34985.96518,2213082.437,0,0,0,2.6911,0,0,0,0,0,0,25.7361,0,3.76323294,0.351705449,0
69,268,8.928,34985.96518,2213082.437,0,0,0,0,0,0,0,0,0,0,0.50493,0,3.76323294,0.351705449,0
69,268,8.928,34985.96518,2213082.437,0,0,0,0,0,0.77921,0,0,0,0,7.2732,0,3.76323294,0.351705449,0
69,268,8.928,34985.96518,2213082.437,0,0,0,0,0,0,0,0,0,0,11.9403,0,3.76323294,0.351705449,16.9781362
69,268,8.928,34985.96518,2213082.437,0,0,0,0,0,0,0,0,0,0,0,0,3.76323294,0.351705449,0
69,268,8.928,34985.96518,2213082.437,0,0,0,0,0,0.79321,18.465,0,0,0,0.279585,0,3.76323294,0.351705449,0
69,268,8.928,34985.96518,2213082.437,0.1963,0,0,0,0,0,0,0,0,0,2.52933,0,3.76323294,0.351705449,0
69,268,8.928,34985.96518,2213082.437,0,0,0,0,0,0,45.364,0,0,0,3.4872,0,3.76323294,0.351705449,39.56512097
69,268,8.928,34985.96518,2213082.437,0,0,0,0,0,0,0,0,0,0,0,0,3.76323294,0.351705449,0
69,268,8.928,34985.96518,2213082.437,0,0,0,0.002998,0,0,0,0,0,0,0.68376,0,3.76323294,0.351705449,0
69,268,8.928,34985.96518,2213082.437,0,0,0,0,0,0,0,0,0,0,0,0,3.76323294,0.351705449,0
69,268,8.928,34985.96518,2213082.437,0,0,0,0.86705,0,0,0,0,0,0,1.97832,0,3.76323294,0.351705449,0
69,268,8.928,34985.96518,2213082.437,1.1814,0,0,0,0,0,0,0,0,0,0,0,3.76323294,0.351705449,138.2505376
69,268,8.928,34985.96518,2213082.437,0,0,0,0,0,0,5.6128,0,0,0,4.1406,0,3.76323294,0.351705449,87.31612903
69,268,8.928,34985.96518,2213082.437,0.11165,0,0,0,0,0,0.13028,0,0,0,25.7361,0,3.76323294,0.351705449,0
69,268,8.928,34985.96518,2213082.437,0,0,0,0,0,0,0,0,0,0,0.84174,0,3.76323294,0.351705449,35.32058692
69,268,8.928,34985.96518,2213082.437,0,9.4781,0,0,0,0,0,0,0,0,0.280587,0,3.76323294,0.351705449,18.49404122
69,268,8.928,34985.96518,2213082.437,0,0,0,0,0,0,0,0,0,0,19.3974,0,3.76323294,0.351705449,24.86084229
69,268,8.928,34985.96518,2213082.437,0,0.46651,0,0,0,0,0.059897,0,0,0,28.1349,0,3.76323294,0.351705449,0
69,268,8.928,34985.96518,2213082.437,0,0,0,0,0,0,0,0,0,0,3.3057,0,3.76323294,0.351705449,0
69,268,8.928,34985.96518,2213082.437,0.0066659,0,0,2.4234,0,0,0,0,0,0,0,0,3.76323294,0.351705449,68.0641353
69,268,8.928,34985.96518,2213082.437,0,0,0,0,0,0,0,0,0,0,0.151728,0,3.76323294,0.351705449,13.03678315
69,268,8.928,34985.96518,2213082.437,0,0,0,3.4019,0,0,0.60778,0,0,0,0.151728,0,3.76323294,0.351705449,54.72417115
69,268,8.928,34985.96518,2213082.437,0,0,0,0,0,0,0,0,0,0,0,0,3.76323294,0.351705449,0
69,268,8.928,34985.96518,2213082.437,47.361,0,0,0,0,4.5469,0,0,0,0,0.151728,0,3.76323294,0.351705449,55.78530466
69,268,8.928,34985.96518,2213082.437,0,0,0,0,0,0,0,0,0,0,3.1278,0,3.76323294,0.351705449,0
69,268,8.928,34985.96518,2213082.437,0,0,0,0.055767,0,0,0,0,0,0,0.151728,0,3.76323294,0.351705449,77.15956541
69,268,8.928,34985.96518,2213082.437,0,0,0,0,0,0,0.002308,0,0,0,6.528,0,3.76323294,0.351705449,56.84643817
69,268,8.928,34985.96518,2213082.437,5.8949,0,0,0,0,0,0,0,0,0,34.539,0,3.76323294,0.351705449,37.59444444
69,268,8.928,34985.96518,2213082.437,0,0,0,0,0,0,0,0,0,0,0,0,3.76323294,0.351705449,81.10091846
69,268,8.928,34985.96518,2213082.437,0,0,0,0,0,0,0.13028,0,0,0,0,0,3.76323294,0.351705449,107.0228943
69,268,8.928,34985.96518,2213082.437,0,0,0,0.008333,0,0,0,0,0,0,7.8318,0,3.76323294,0.351705449,0
69,268,8.928,34985.96518,2213082.437,0.01667,0,0,0,0,47.571,0,0,0,0,1.62018,0,3.76323294,0.351705449,52.45031362
69,268,8.928,34985.96518,2213082.437,2.3036,0,0,0,0,0.79321,0.40452,0,0,0,1.05978,0,3.76323294,0.351705449,92.62179659
69,268,8.928,34985.96518,2213082.437,0,0,0,0,0,0,0,0,0,0,0.151728,0,3.76323294,0.351705449,124.758983
69,268,8.928,34985.96518,2213082.437,0.00062,0,0,0,0,0,0,0,0,0,6.528,0,3.76323294,0.351705449,0
69,268,8.928,34985.96518,2213082.437,0,1.9901,0,0,0,0.002317,0,0,0,0,22.8018,0,3.76323294,0.351705449,59.1202957
69,268,8.928,34985.96518,2213082.437,0.01199,0,0,0,0,0,12.708,0,0,0,3.4872,0,3.76323294,0.351705449,0
69,268,8.928,34985.96518,2213082.437,0.01537,0,0,0,0,0,0,0,0,0,0.151728,0,3.76323294,0.351705449,128.700336
69,268,8.928,34985.96518,2213082.437,0,0,0.3746,0,0,0,0,0,0,0,13.9131,0,3.76323294,0.351705449,0
69,268,8.928,34985.96518,2213082.437,0.012779,0,0,0,0,0,5.1475,0,0,0,0,0,3.76323294,0.351705449,0
69,268,8.928,34985.96518,2213082.437,0,0,0,0,0,17.13,0,0,0,0,1.51233,0,3.76323294,0.351705449,0
69,268,8.928,34985.96518,2213082.437,12.492,0,0,0.16013,0,0,0.008333,0,0,0,14.1318,0,3.76323294,0.351705449,50.4796371
69,268,8.928,34985.96518,2213082.437,0,0,0,0,0,0,0,0,0,0,0,0,3.76323294,0.351705449,0
69,268,8.928,34985.96518,2213082.437,0.003173,6.4273,0,0,0,0,0,0,0,0,0.151728,0,3.76323294,0.351705449,0
69,268,8.928,34985.96518,2213082.437,0,0,0,0,0,0,0.13028,0,0,0,14.1318,0,3.76323294,0.351705449,82.92000448
69,268,8.928,34985.96518,2213082.437,0,0,0,0,0,0,0,0,0,0,16.4517,0,3.76323294,0.351705449,95.95678763
69,268,8.928,34985.96518,2213082.437,0,0,0,0,0,0,67.305,0,0,0,0,0,3.76323294,0.351705449,0
69,268,8.928,34985.96518,2213082.437,0,0,0,0.024828,0,0,0,0,0,0,0.151728,0,3.76323294,0.351705449,122.6367159
69,268,8.928,34985.96518,2213082.437,0.002784,0,0,0,0,0,0,0,0,0,0.151728,0,3.76323294,0.351705449,0
69,268,8.928,34985.96518,2213082.437,0,0.01986,0,0,0,0,0,0,0,0,0.151728,0,3.76323294,0.351705449,141.8887097
69,268,8.928,34985.96518,2213082.437,0,0,0,0,0,0,0,0,0,0,0,0,3.76323294,0.351705449,29.71173835
69,268,8.928,34985.96518,2213082.437,0,0,0,0.057619,0,0,0,0,0,0,28.113,0,3.76323294,0.351705449,0
69,268,8.928,34985.96518,2213082.437,7.1925,0,0,0,0,0,0,0,0,0,0,0,3.76323294,0.351705449,96.56314964
69,268,8.928,34985.96518,2213082.437,0.11165,0,0,0,0,0,8.1131,0,0,0,0,0,3.76323294,0.351705449,23.34493728
69,268,8.928,34985.96518,2213082.437,0.030824,0,0,0,0,0,0,0,0,0,0.151728,0,3.76323294,0.351705449,137.4925851
69,268,8.928,34985.96518,2213082.437,0,0,3.0638,0,0,0,0,0,0,0,29.2218,0,3.76323294,0.351705449,37.29126344
69,268,8.928,34985.96518,2213082.437,0,0,0,0,0,0,0,0,0,0,25.9959,0,3.76323294,0.351705449,56.54325717
69,268,8.928,34985.96518,2213082.437,0.020635,0,0,0,0,0,168.06,0,0,0,0.151728,0,3.76323294,0.351705449,0
69,268,8.928,34985.96518,2213082.437,0,0,0,0,0,0,0,0,0,0,3.4872,0,3.76323294,0.351705449,7.124753584
69,268,8.928,34985.96518,2213082.437,0,0,0,0.00524,0,0,454.11,0,0,0,1.26477,0,3.76323294,0.351705449,0
69,268,8.928,34985.96518,2213082.437,3.0444,0,0,0,0,0,13.802,0,0,0,0,0,3.76323294,0.351705449,0
69,268,8.928,34985.96518,2213082.437,0,0,0,0,0,0,0,0,0,0,0.151728,0,3.76323294,0.351705449,0
69,268,8.928,34985.96518,2213082.437,32.277,0,0,0,0,0,0,0,0,0,8.7918,0,3.76323294,0.351705449,11.52087814
69,268,8.928,34985.96518,2213082.437,0,0,0,0,0,0,0,0,0,0,0.151728,0,3.76323294,0.351705449,10.76292563
69,268,8.928,34985.96518,2213082.437,0,0.43211,0,0,0,0,0,0,0,0,0,0,3.76323294,0.351705449,10.61133513
69,268,8.928,34985.96518,2213082.437,0,0,0,0,0,0,0.42744,0,0,0,0,0,3.76323294,0.351705449,0
69,268,8.928,34985.96518,2213082.437,0,0.009915,0,0,0,0,0.10863,0,0,0,9.4983,0,3.76323294,0.351705449,137.4925851
69,268,8.928,34985.96518,2213082.437,0,0,0,0,0,0,0,0,0,0,0.31059,0,3.76323294,0.351705449,45.78033154
69,268,8.928,34985.96518,2213082.437,0,0,0,0,0,0,0.13028,0,0,0,0.151728,0,3.76323294,0.351705449,0
69,268,8.928,34985.96518,2213082.437,0.00021,0,0,0,0,0,0,0,0,0,0,0,3.76323294,0.351705449,0
69,268,8.928,34985.96518,2213082.437,0.038397,0,0,0,0,0,0,0,0,0,10.7733,0,3.76323294,0.351705449,0
69,268,8.928,34985.96518,2213082.437,0,0,0,0,0,0.77858,15.455,0,0,0,0.48174,0,3.76323294,0.351705449,0
69,268,8.928,34985.96518,2213082.437,0.5001,0,0,0,0,0,0,0,0,0,0,0,3.76323294,0.351705449,29.86332885
69,268,8.928,34985.96518,2213082.437,0,0,0,0,0,0,50.853,0,0,0,0.31074,0,3.76323294,0.351705449,11.67246864
69,268,8.928,34985.96518,2213082.437,0,0,0,0,0,0,0,0,0,0,0,0,3.76323294,0.351705449,0
69,268,8.928,34985.96518,2213082.437,0,0,0,0,0,0,0,0,0,0,0,0,3.76323294,0.351705449,12.58201165
69,268,8.928,34985.96518,2213082.437,0,0,0,0,0,0,0,0,0,0,0,0,3.76323294,0.351705449,110.0547043
69,268,8.928,34985.96518,2213082.437,3.1199,0,0,0,0,0,0,0,0,0,0,0,3.76323294,0.351705449,0
69,268,8.928,34985.96518,2213082.437,0,0,0,0,0,0,0.13028,0,0,0,0.151728,0,3.76323294,0.351705449,82.01046147
69,268,8.928,34985.96518,2213082.437,0,0,0,0,0,0,13.802,0,0,0,11.7525,0,3.76323294,0.351705449,0
69,268,8.928,34985.96518,2213082.437,0,0,0,0,0,0,0.002308,0,0,0,0.151728,0,3.76323294,0.351705449,0
69,268,8.928,34985.96518,2213082.437,0,0,0,0,0,0,0,0,0,0,0.81174,0,3.76323294,0.351705449,71.24753584
69,268,8.928,34985.96518,2213082.437,0.022752,0,0,0,0,0,0,0,0,0,3.6552,0,3.76323294,0.351705449,51.69236111
69,268,8.928,34985.96518,2213082.437,0,0,0,0,0,0,0.13028,0,0,0,4.2768,0,3.76323294,0.351705449,116.1183244
69,268,8.928,34985.96518,2213082.437,0,0,0,0,0,0.005347,0,0,0,0,0.151728,0,3.76323294,0.351705449,98.23064516
69,268,8.928,34985.96518,2213082.437,0,0,0,0,0,0.78033,0,0,0,0,10.6809,0,3.76323294,0.351705449,0
69,268,8.928,34985.96518,2213082.437,0,0,0,0,0,0,0.13028,0,0,0,0,0,3.76323294,0.351705449,108.6903898
69,268,8.928,34985.96518,2213082.437,0.012423,0,0.035434,0,0,0,0,0,0,0,0,0,3.76323294,0.351705449,92.01543459
69,268,8.928,34985.96518,2213082.437,0,0,0,0,0,0.77921,0,0,0,0,4.5198,0,3.76323294,0.351705449,141.4339382
69,268,8.928,34985.96518,2213082.437,0,0,0,0,0,0,0,0,0,0,0,0,3.76323294,0.351705449,94.28929211
69,268,8.928,34985.96518,2213082.437,454.62,0,0,0.07716,0,0,121.37,0,0,0,0.78174,0,3.76323294,0.351705449,0
69,268,8.928,34985.96518,2213082.437,0,0,0,0,0,0,0,0,0,0,0.151728,0,3.76323294,0.351705449,0
69,268,8.928,34985.96518,2213082.437,0.012423,0,0,0,0,0,0,0,0,0,0.151728,0,3.76323294,0.351705449,0
69,268,8.928,34985.96518,2213082.437,0.000765,0,0,0,0,0,0,0,0,0,4.4103,0,3.76323294,0.351705449,0
69,268,8.928,34985.96518,2213082.437,0,0,0,8.6662,0,0,0.13028,0,0,0,24.0468,0,3.76323294,0.351705449,67.00300179
69,268,8.928,34985.96518,2213082.437,0,0,0,0.0081579,0,0,0,0,0,0,0,0,3.76323294,0.351705449,38.04921595
69,268,8.928,34985.96518,2213082.437,0.034901,0,0,0,0,0,0,0,0,0,9.7218,0,3.76323294,0.351705449,17.2813172
69,268,8.928,34985.96518,2213082.437,0,0,0,0,0,0,0,0,0,0,2.13174,0,3.76323294,0.351705449,0
69,268,8.928,34985.96518,2213082.437,0,0,0,0.70239,0,0,130.49,0,0,0,0,0,3.76323294,0.351705449,136.5830421
69,268,8.928,34985.96518,2213082.437,2.0033,0.010473,0.000605,0,0,0,0,0,0,0,0.151728,0,3.76323294,0.351705449,0
69,268,8.928,34985.96518,2213082.437,0,0,0,0,0,0,0,0,0,0,0.151728,0,3.76323294,0.351705449,0
69,268,8.928,34985.96518,2213082.437,0,4.1458,0,2.3711,0,0,0.78605,0,0,0,0.151728,0,3.76323294,0.351705449,139.4632616
69,268,8.928,34985.96518,2213082.437,1.1589,0,0,0,0,0,0,0,0,0,0.65616,0,3.76323294,0.351705449,0
69,268,8.928,34985.96518,2213082.437,0.029081,0,0,0,0,0,0,0,0,0,0.151728,0,3.76323294,0.351705449,19.25199373
69,268,8.928,34985.96518,2213082.437,0,0,0,0,0,0.77921,0,0,0,0,0.151728,0,3.76323294,0.351705449,0
69,268,8.928,34985.96518,2213082.437,0,0,0,0,0,0,0,0,0,0,0,0,3.76323294,0.351705449,31.83400538
69,268,8.928,34985.96518,2213082.437,0,0.0057645,0,0.014735,0,0,0,0,0,0,0.151728,0,3.76323294,0.351705449,11.67246864
69,268,8.928,34985.96518,2213082.437,0,0,0,0,0,0,0,0,0,0,0.151728,0,3.76323294,0.351705449,42.74852151
69,268,8.928,34985.96518,2213082.437,0,0,9.225,0,0,0,0.059897,0,0,0,0,0,3.76323294,0.351705449,129.4582885
69,268,8.928,34985.96518,2213082.437,0,0.010237,0,0,0,0,20.262,0,0,0,0.151728,0,3.76323294,0.351705449,0
69,268,8.928,34985.96518,2213082.437,0,0,0,0,0,0,0.13028,0,0,0,2.52933,0,3.76323294,0.351705449,80.79773746
69,268,8.928,34985.96518,2213082.437,0.003878,0,0,0,0,0,0.42744,0,0,0,0,0,3.76323294,0.351705449,0
69,268,8.928,34985.96518,2213082.437,0,0,0,0.057619,0,0,0,0,0,0,97.974,0,3.76323294,0.351705449,48.35737007
69,268,8.928,34985.96518,2213082.437,0,0,0,0,0,0,0.13028,0,0,0,0,0,3.76323294,0.351705449,78.52387993
69,268,8.928,34985.96518,2213082.437,0,0,0,0,0,0,0,0,0,0,0.151728,0,3.76323294,0.351705449,0
69,268,8.928,34985.96518,2213082.437,0,0,0,7.5447,0,0,0,0,0,0,24.0468,0,3.76323294,0.351705449,0
69,268,8.928,34985.96518,2213082.437,0,0,0,0,0,0,0,0,0,0,0,0,3.76323294,0.351705449,0
69,268,8.928,34985.96518,2213082.437,0,0,0,0,0,0,0.13028,0,0,0,1.91388,0,3.76323294,0.351705449,12.58201165
69,268,8.928,34985.96518,2213082.437,0,0,0,0,0,0,0,0,0,0,11.0037,0,3.76323294,0.351705449,0
69,268,8.928,34985.96518,2213082.437,0,0,0,0,0,0,0,0,0,0,0.151728,0,3.76323294,0.351705449,83.82954749
69,268,8.928,34985.96518,2213082.437,0,0,0,6.3083,0,0,0,0,0,0,0,0,3.76323294,0.351705449,0
69,268,8.928,34985.96518,2213082.437,0,0,0,0,0,0,0,0,0,0,0.2871,0,3.76323294,0.351705449,0
69,268,8.928,34985.96518,2213082.437,0.0065409,0.33882,3.0638,0,0,0,0,0,0,0,0.151728,0,3.76323294,0.351705449,0
69,268,8.928,34985.96518,2213082.437,2.5027,0.04846,0,0,0,0,0,0,0,0,0.151728,0,3.76323294,0.351705449,0
69,268,8.928,34985.96518,2213082.437,0,0,0,0,0,0,0.13028,0,0,0,0.288246,0,3.76323294,0.351705449,23.04175627
69,268,8.928,34985.96518,2213082.437,0,0,0,2.0217,0,0,0,0,0,0,0,0,3.76323294,0.351705449,132.1869176
69,268,8.928,34985.96518,2213082.437,0,0,0,0,0,0,0,0,0,0,6.258,0,3.76323294,0.351705449,0
69,268,8.928,34985.96518,2213082.437,0,0,0,0,0,0,0,0,0,0,0.151728,0,3.76323294,0.351705449,113.9960573
69,268,8.928,34985.96518,2213082.437,0,0,0.004074,0,0,0,0.59876,0,0,0,1.04637,0,3.76323294,0.351705449,0
69,268,8.928,34985.96518,2213082.437,0,0,0,0.63929,0,0,0,0,0,0,56.145,0,3.76323294,0.351705449,0
69,268,8.928,34985.96518,2213082.437,0,0,0,6.5095,0,0,0,0,0,0,2.76954,0,3.76323294,0.351705449,0
69,268,8.928,34985.96518,2213082.437,0,0,0,0,0,0,0,0,0,0,0.151728,0,3.76323294,0.351705449,145.0721102
69,268,8.928,34985.96518,2213082.437,0.004213,0,0,0,0,0,0,0,0,0,12.8109,0,3.76323294,0.351705449,80.34296595
69,268,8.928,34985.96518,2213082.437,0,0,0,0,0,0,0,0,0,0,0.151728,0,3.76323294,0.351705449,0
69,268,8.928,34985.96518,2213082.437,0,0,0,0,0,0,0.13028,0,0,0,0.70503,0,3.76323294,0.351705449,0
69,268,8.928,34985.96518,2213082.437,0,0,0,0,0,0,135.01,0,0,0,0,0,3.76323294,0.351705449,0
69,268,8.928,34985.96518,2213082.437,0,0,0,0,0,0,0,0,0,0,0.151728,0,3.76323294,0.351705449,89.89316756
69,268,8.928,34985.96518,2213082.437,0.0053115,0,0,0.07716,0,0,0,0,0,0,3.498,0,3.76323294,0.351705449,0
69,268,8.928,34985.96518,2213082.437,0.17204,0,0,0,0,0,0,0,0,0,39.096,0,3.76323294,0.351705449,7.427934588
69,268,8.928,34985.96518,2213082.437,0,0,0,0,0,0,0,0,0,0,42.879,0,3.76323294,0.351705449,18.64563172
69,268,8.928,34985.96518,2213082.437,0,0,0,0,0,0,65.907,0,0,0,0,0,3.76323294,0.351705449,0
69,268,8.928,34985.96518,2213082.437,0,0,4.4378,0,0,0,0.13028,0,0,0,15.2718,0,3.76323294,0.351705449,0
69,268,8.928,34985.96518,2213082.437,0.002068,0,0,0,0,0,0,0,0,0,0,0,3.76323294,0.351705449,0
69,268,8.928,34985.96518,2213082.437,0,0,23.418,0,0,0,0,0,0,0,22.6218,0,3.76323294,0.351705449,121.5755824
69,268,8.928,34985.96518,2213082.437,0,0,0,0,0,0,0.40452,0,0,0,0,0,3.76323294,0.351705449,0
69,268,8.928,34985.96518,2213082.437,0.001493,0,0,0,0,0.018933,0.13028,0,0,0,8.7918,0,3.76323294,0.351705449,105.2038082
69,268,8.928,34985.96518,2213082.437,0,0,0,0,0,0,5.5509,0,0,0,4.5555,0,3.76323294,0.351705449,0
69,268,8.928,34985.96518,2213082.437,0.029081,0.12723,0.54783,0,0,0.80296,0,0,0,0,0,0,3.76323294,0.351705449,8.640658602
69,268,8.928,34985.96518,2213082.437,0,0,0,0,0,0,0,0,0,0,0.273021,0,3.76323294,0.351705449,0
69,268,8.928,34985.96518,2213082.437,0,0,0,0,0,0,0,0,0,0,34.539,0,3.76323294,0.351705449,0
69,268,8.928,34985.96518,2213082.437,0,0,0,0,0,0.77921,0,0,0,0,0,0,3.76323294,0.351705449,0
69,268,8.928,34985.96518,2213082.437,0,0,0,0.17145,0,0,0.13028,0,0,0,0,0,3.76323294,0.351705449,51.0859991
69,268,8.928,34985.96518,2213082.437,0,0,0,0,0,0,67.305,0,0,0,0.151728,0,3.76323294,0.351705449,0
69,268,8.928,34985.96518,2213082.437,0.33806,0,0,0,0,0,0,0,0,0,0.151728,0,3.76323294,0.351705449,34.1078629
69,268,8.928,34985.96518,2213082.437,0,0,0,0,0,0,0.008333,0,0,0,0.151728,0,3.76323294,0.351705449,0
69,268,8.928,34985.96518,2213082.437,0,0,0,0,0,0,0,0,0,0,0,0,3.76323294,0.351705449,0
69,268,8.928,34985.96518,2213082.437,0,0,0,0,0,0,0.002308,0,0,0,0.151728,0,3.76323294,0.351705449,83.22318548
69,268,8.928,34985.96518,2213082.437,0,0,0,0,0,0,0,0,0,0,12.8901,0,3.76323294,0.351705449,0
69,268,8.928,34985.96518,2213082.437,0,0,0,0,0,0,0.008333,0,0,0,0,0,3.76323294,0.351705449,26.22515681
69,268,8.928,34985.96518,2213082.437,0,0,0,0,0,0,0,0,0,0,0.151728,0,3.76323294,0.351705449,0
69,268,8.928,34985.96518,2213082.437,0,0,0,0,0,0,0,0,0,0,0.151728,0,3.76323294,0.351705449,135.9766801
69,268,8.928,34985.96518,2213082.437,0.003295,0,0,0,0,0.77921,2.3982,0,0,0,1.62018,0,3.76323294,0.351705449,10.61133513
69,268,8.928,34985.96518,2213082.437,0.17204,0,0,0,0,0,0,0,0,0,6.258,0,3.76323294,0.351705449,102.0204077
69,268,8.928,34985.96518,2213082.437,0,3.4337,0,0,0,0,0,0,0,0,0,0,3.76323294,0.351705449,54.42099014
69,268,8.928,34985.96518,2213082.437,0,0,0,0,0,0.79549,0,0,0,0,1.1697,0,3.76323294,0.351705449,5.154077061
69,268,8.928,34985.96518,2213082.437,0,0,0,0,0,0,0,0,0,0,24.0468,0,3.76323294,0.351705449,136.8862231
69,268,8.928,34985.96518,2213082.437,0,0,0,0,0,0,0,0,0,0,0,0,3.76323294,0.351705449,108.0840278
69,268,8.928,34985.96518,2213082.437,0,0,0,0,0,0,40.56,0,0,0,0,0,3.76323294,0.351705449,0
69,268,8.928,34985.96518,2213082.437,0,0,0,0,0,0,0,0,0,0,0.70503,0,3.76323294,0.351705449,0
69,268,8.928,34985.96518,2213082.437,0,0,0,0,0,0,0,0,0,0,0,0,3.76323294,0.351705449,0
69,268,8.928,34985.96518,2213082.437,0,0,0,0,0,0,0,0,0,0,5.2239,0,3.76323294,0.351705449,0
69,268,8.928,34985.96518,2213082.437,0,0,0,23.182,0,0,12.22,0,0,0,0.151728,0,3.76323294,0.351705449,101.5656362
69,268,8.928,34985.96518,2213082.437,0.10348,0,0,0,0,0,101.02,0,0,0,0.75174,0,3.76323294,0.351705449,105.9617608
69,268,8.928,34985.96518,2213082.437,0.000078,0,0,0,0,0,338.29,0,0,0,25.2354,0,3.76323294,0.351705449,0
69,268,8.928,34985.96518,2213082.437,2.7291,0,0,0,0,0,0,0,0,0,1.1697,0,3.76323294,0.351705449,0
69,268,8.928,34985.96518,2213082.437,32.277,0,0,0,0,0,0,0,0,0,0,0,3.76323294,0.351705449,62.45528674
69,268,8.928,34985.96518,2213082.437,0,0.29331,0,0,0,0.79351,0,0,0,0,11.1597,0,3.76323294,0.351705449,0
69,268,8.928,34985.96518,2213082.437,0.003173,0,0,0,0,0,0,0,0,0,3.7518,0,3.76323294,0.351705449,67.7609543
69,268,8.928,34985.96518,2213082.437,3.9444,0,0,0.0021738,0,0,0,0,0,0,18.9018,0,3.76323294,0.351705449,32.13718638
69,268,8.928,34985.96518,2213082.437,0,0,0,0,0,0,16.253,0,0,0,0.151728,0,3.76323294,0.351705449,0
69,268,8.928,34985.96518,2213082.437,0.023381,0,0,0.008799,0,0,0,0,0,0,0,0,3.76323294,0.351705449,0
69,268,8.928,34985.96518,2213082.437,0.078882,0,0,0.000739,0,0.79321,418.62,0,0,0,0,0,3.76323294,0.351705449,0
69,268,8.928,34985.96518,2213082.437,0,0.00524,0,0,0,0.049829,0.13028,0,0,0,0.151728,0,3.76323294,0.351705449,31.98559588
69,268,8.928,34985.96518,2213082.437,0.0061714,0,0,0,0,0,0,0,0,0,0.88596,0,3.76323294,0.351705449,0
69,268,8.928,34985.96518,2213082.437,0.30279,0,0,0,0,0,0,0,0,0,1.91388,0,3.76323294,0.351705449,0
69,268,8.928,34985.96518,2213082.437,0,13.44,0,0,0,0,0,0,0,0,0,0,3.76323294,0.351705449,67.6093638
69,268,8.928,34985.96518,2213082.437,0,0,0,0,0,0,0,0,0,0,20.8818,0,3.76323294,0.351705449,0
69,268,8.928,34985.96518,2213082.437,0,0,0,0,0,0,0.60778,0,0,0,0.241728,0,3.76323294,0.351705449,0
69,268,8.928,34985.96518,2213082.437,0,0,1.6694,0,0,0,0.69676,0,0,0,0.151728,0,3.76323294,0.351705449,0
69,268,8.928,34985.96518,2213082.437,0,0,0,0,0,0,0,0,0,0,0.94704,0,3.76323294,0.351705449,94.44088262
69,268,8.928,34985.96518,2213082.437,0,0,0,0,0,0,0,0,0,0,97.974,0,3.76323294,0.351705449,55.33053315
69,268,8.928,34985.96518,2213082.437,0,0.002011,0,0,0,0,0,0,0,0,0.151728,0,3.76323294,0.351705449,0
69,268,8.928,34985.96518,2213082.437,0.065984,0,0,0,0,0,0.13028,0,0,0,0.151728,0,3.76323294,0.351705449,88.52885305
69,268,8.928,34985.96518,2213082.437,0.54215,0,0,0,0,0,0,0,0,0,0,0,3.76323294,0.351705449,0
69,268,8.928,34985.96518,2213082.437,2.7364,0,0,0,0,0,0,0,0,0,11.682,0,3.76323294,0.351705449,37.59444444
69,268,8.928,34985.96518,2213082.437,0,0,0,0,0,0.0084925,0,0,0,0,0.151728,0,3.76323294,0.351705449,54.72417115
69,268,8.928,34985.96518,2213082.437,0,0,0,0.16013,0,0,0,0,0,0,16.9656,0,3.76323294,0.351705449,21.52585125
69,268,8.928,34985.96518,2213082.437,0.049547,1.242,0,0,0,0,170.36,0,0,0,1.62018,0,3.76323294,0.351705449,0
69,268,8.928,34985.96518,2213082.437,0.00036,0,0,0,0,0,0,0,0,0,11.9625,0,3.76323294,0.351705449,0
69,268,8.928,34985.96518,2213082.437,1.1589,0,0,0,0,0,0,0,0,0,0.151728,0,3.76323294,0.351705449,133.8544131
69,268,8.928,34985.96518,2213082.437,0.001292,0,0,0,0,0,0,0,0,0,14.1318,0,3.76323294,0.351705449,138.8568996
69,268,8.928,34985.96518,2213082.437,0.059844,0,0,0,0,0,0,0,0,0,5.1444,0,3.76323294,0.351705449,126.4264785
69,268,8.928,34985.96518,2213082.437,0,0,0,0,0,0,0,0,0,0,0,0,3.76323294,0.351705449,140.0696237
69,268,8.928,34985.96518,2213082.437,0,0,0,0,0,0,0.42744,0,0,0,19.2864,0,3.76323294,0.351705449,69.12526882
69,268,8.928,34985.96518,2213082.437,0,0,0,0,0,0,0.10863,0,0,0,0.72228,0,3.76323294,0.351705449,86.25499552
69,268,8.928,34985.96518,2213082.437,0,0,0,0,0,0,0,0,0,0,19.4277,0,3.76323294,0.351705449,0
69,268,8.928,34985.96518,2213082.437,0,0,0,0,0,0,0,0,0,0,12.8901,0,3.76323294,0.351705449,0
69,268,8.928,34985.96518,2213082.437,0,0,0,0,0,0,0,0,0,0,0,0,3.76323294,0.351705449,0
69,268,8.928,34985.96518,2213082.437,0,0,0,0,0,0,0,0,0,0,7.8042,0,3.76323294,0.351705449,125.8201165
69,268,8.928,34985.96518,2213082.437,30.067,0,0,0,0,0,0,0,0,0,29.4918,0,3.76323294,0.351705449,0
69,268,8.928,34985.96518,2213082.437,0,0,0,0,0,0,0,0,0,0,2.96682,0,3.76323294,0.351705449,41.83897849
69,268,8.928,34985.96518,2213082.437,0,0,0,0,0,0,0,0,0,0,0,0,3.76323294,0.351705449,21.07107975
69,268,8.928,34985.96518,2213082.437,30.067,0,0,0,0,0,0,0,0,0,1.64958,0,3.76323294,0.351705449,71.55071685
69,268,8.928,34985.96518,2213082.437,0,0,0,0.41694,0,0,0,0,0,0,43.863,0,3.76323294,0.351705449,0
69,268,8.928,34985.96518,2213082.437,0.00901,0,0,0,0,0,0,0,0,0,5.0718,0,3.76323294,0.351705449,50.02486559
69,268,8.928,34985.96518,2213082.437,0,0,0,0,0,0,300.86,0,0,0,0.151728,0,3.76323294,0.351705449,0
69,268,8.928,34985.96518,2213082.437,0.000688,0,0,0,0,0,28.184,0,0,0,25.9959,0,3.76323294,0.351705449,0
69,268,8.928,34985.96518,2213082.437,0,0,0,0.00829,0,0,130.32,0,0,0,0,0,3.76323294,0.351705449,0
69,268,8.928,34985.96518,2213082.437,0,0,0,0,0,0,0,0,0,0,0,0,3.76323294,0.351705449,0
69,268,8.928,34985.96518,2213082.437,0,0,0,0.04745,0,0,0,0,0,0,0.151728,0,3.76323294,0.351705449,133.2480511
69,268,8.928,34985.96518,2213082.437,1.6223,23.23,0,0,0,0,0,0,0,0,22.6218,0,3.76323294,0.351705449,0
69,268,8.928,34985.96518,2213082.437,0,0,0,0,0,0,19.352,0,0,0,10.3965,0,3.76323294,0.351705449,43.05170251
69,268,8.928,34985.96518,2213082.437,0.001436,0,0,0,0,0.31644,30.018,0,0,0,0.151728,0,3.76323294,0.351705449,16.8265457
69,268,8.928,34985.96518,2213082.437,0,0,0,0,0,0,0,0,0,0,0.70764,0,3.76323294,0.351705449,0
69,268,8.928,34985.96518,2213082.437,0,0,0,0.001009,0,0,0,0,0,0,10.9065,0,3.76323294,0.351705449,0
69,268,8.928,34985.96518,2213082.437,0,4.1433,0,75.525,0,0,0,0,0,0,13.5936,0,3.76323294,0.351705449,0
69,268,8.928,34985.96518,2213082.437,0,0.0094855,0,0,0,0,0,0,0,0,28.8018,0,3.76323294,0.351705449,0
69,268,8.928,34985.96518,2213082.437,0,0,0,0,0,0,0,0,0,0,0.273021,0,3.76323294,0.351705449,136.4314516
69,268,8.928,34985.96518,2213082.437,0,0,9.225,2.1403,0,0,0,0,0,0,0,0,3.76323294,0.351705449,0
69,268,8.928,34985.96518,2213082.437,0.02398,0.26694,0,0,0,0,0,0,0,0,0,0,3.76323294,0.351705449,0
69,268,8.928,34985.96518,2213082.437,0,0,0,0,0,0,0,0,0,0,1.90248,0,3.76323294,0.351705449,14.40109767
69,268,8.928,34985.96518,2213082.437,0,0,0,0,0,0,0,0,0,0,0.151728,0,3.76323294,0.351705449,92.9249776
69,268,8.928,34985.96518,2213082.437,0,0,0,0,0,0,0,0,0,0,0,0,3.76323294,0.351705449,74.88570789
69,268,8.928,34985.96518,2213082.437,0,0,0,0,0,0,0,0,0,0,0.151728,0,3.76323294,0.351705449,0
69,268,8.928,34985.96518,2213082.437,0.009348,0,0,0,0,0,0,0,0,0,0,0,3.76323294,0.351705449,118.8469534
69,268,8.928,34985.96518,2213082.437,0,0,0,0,0,0,0,0,0,0,7.4502,0,3.76323294,0.351705449,82.61682348
69,268,8.928,34985.96518,2213082.437,0,0.00833,0,0,0,0,0,0,0,0,0.151728,0,3.76323294,0.351705449,14.55268817
69,268,8.928,34985.96518,2213082.437,0,0,0,0,0,0,130.49,0,0,0,0,0,3.76323294,0.351705449,22.73857527
69,268,8.928,34985.96518,2213082.437,0.005411,0.008333,0,0,0,0,0,0,0,0,0,0,3.76323294,0.351705449,64.57755376
69,268,8.928,34985.96518,2213082.437,0,0,0,0,0,0,0,0,0,0,8.5644,0,3.76323294,0.351705449,46.68987455
69,268,8.928,34985.96518,2213082.437,0,0,0,0,0,0,18.465,0,0,0,0,0,3.76323294,0.351705449,47.59941756
69,268,8.928,34985.96518,2213082.437,0,0,0.001768,0,0,0,278.45,0,0,0,0.151728,0,3.76323294,0.351705449,7.57952509
69,268,8.928,34985.96518,2213082.437,0,0,0,0,0,0,0,0,0,0,2.76954,0,3.76323294,0.351705449,146.8911962
69,268,8.928,34985.96518,2213082.437,8.701,0,0,0,0,0,28.184,0,0,0,123.993,0,3.76323294,0.351705449,49.87327509
69,268,8.928,34985.96518,2213082.437,0,0,0,0,0,0,10.082,0,0,0,0.285792,0,3.76323294,0.351705449,144.6173387
69,268,8.928,34985.96518,2213082.437,0,0,6.2803,0,0,0,0,0,0,0,0.151728,0,3.76323294,0.351705449,0
69,268,8.928,34985.96518,2213082.437,0,0,0,0,0,0,0,0,0,0,0,0,3.76323294,0.351705449,51.23758961
69,268,8.928,34985.96518,2213082.437,0,0,0,0,0,0,0,0,0,0,23.3337,0,3.76323294,0.351705449,0
69,268,8.928,34985.96518,2213082.437,0,0,0,0,0,0,0,0,0,0,7.4118,0,3.76323294,0.351705449,0
69,268,8.928,34985.96518,2213082.437,0,0,0,0,0,0.045202,0,0,0,0,0.151728,0,3.76323294,0.351705449,0
69,268,8.928,34985.96518,2213082.437,0,0,0,0,0,0,10.885,0,0,0,0,0,3.76323294,0.351705449,149.6198253
69,268,8.928,34985.96518,2213082.437,0.30907,0,23.418,0,0,0,0,0,0,0,7.2051,0,3.76323294,0.351705449,113.9960573
69,268,8.928,34985.96518,2213082.437,0,0.008333,0,0,0,0,0,0,0,0,36.924,0,3.76323294,0.351705449,13.79473566
69,268,8.928,34985.96518,2213082.437,2.7364,0,0,0,0,0.79321,0,0,0,0,0.151728,0,3.76323294,0.351705449,135.5219086
69,268,8.928,34985.96518,2213082.437,0,0,0,0,0,0,0,0,0,0,11.682,0,3.76323294,0.351705449,107.1744848
69,268,8.928,34985.96518,2213082.437,0.014654,0.086609,0,0,0,0,0,0,0,0,9.7824,0,3.76323294,0.351705449,27.28629032
69,268,8.928,34985.96518,2213082.437,0,0,0,0,0,0,0,0,0,0,0.151728,0,3.76323294,0.351705449,0
69,268,8.928,34985.96518,2213082.437,0,12.17,0,0,0,0,0,0,0,0,66.663,0,3.76323294,0.351705449,0
69,268,8.928,34985.96518,2213082.437,0,0,0,0,0,0,0,0,0,0,0,0,3.76323294,0.351705449,0
69,268,8.928,34985.96518,2213082.437,0,0,0,0,0,0.77921,0,0,0,0,47.883,0,3.76323294,0.351705449,0
69,268,8.928,34985.96518,2213082.437,0,0,0,0,0,0,0,0,0,0,0.62307,0,3.76323294,0.351705449,107.3260753
69,268,8.928,34985.96518,2213082.437,0,0,0,0,0,0,0,0,0,0,0,0,3.76323294,0.351705449,0
69,268,8.928,34985.96518,2213082.437,0,0,0,0,0,0,0,0,0,0,1.97832,0,3.76323294,0.351705449,84.4359095
69,268,8.928,34985.96518,2213082.437,0,0,0,0,0,0.79321,0.13028,0,0,0,0.278532,0,3.76323294,0.351705449,0
69,268,8.928,34985.96518,2213082.437,0,0.042494,0,0,0,0,0,0,0,0,12.6336,0,3.76323294,0.351705449,0
69,268,8.928,34985.96518,2213082.437,0,0,0,0,0,0,0,0,0,0,0,0,3.76323294,0.351705449,38.35239695
69,268,8.928,34985.96518,2213082.437,0,0,0,0,0,0,0,0,0,0,61.47,0,3.76323294,0.351705449,85.95181452
69,268,8.928,34985.96518,2213082.437,0,0,0,0,0,0.0084925,0.13028,0,0,0,0.90174,0,3.76323294,0.351705449,134.3091846
69,268,8.928,34985.96518,2213082.437,0,0,0,0,0,0,0,0,0,0,0,0,3.76323294,0.351705449,0
69,268,8.928,34985.96518,2213082.437,1.2569,0,0,0,0,0,0,0,0,0,5.0757,0,3.76323294,0.351705449,0
69,268,8.928,34985.96518,2213082.437,0.78607,0,0,0,0,0.005318,0,0,0,0,0.151728,0,3.76323294,0.351705449,131.8837366
69,268,8.928,34985.96518,2213082.437,0,0,0,0,0,0,0,0,0,0,0,0,3.76323294,0.351705449,27.74106183
69,268,8.928,34985.96518,2213082.437,0,0,0,0,0,0,0,0,0,0,0.151728,0,3.76323294,0.351705449,16.22018369
69,268,8.928,34985.96518,2213082.437,0.017562,0,0,0,0,0,0,0,0,0,4.3869,0,3.76323294,0.351705449,131.8837366
69,268,8.928,34985.96518,2213082.437,0,0,0,0,0,0,0,0,0,0,0,0,3.76323294,0.351705449,0
69,268,8.928,34985.96518,2213082.437,0,0,0,0,0,0,0,0,0,0,1.04637,0,3.76323294,0.351705449,10.91451613
69,268,8.928,34985.96518,2213082.437,0,0,0,0,0,0,0,0,0,0,0,0,3.76323294,0.351705449,120.6660394
69,268,8.928,34985.96518,2213082.437,0,0,0,0,0,0,0,0,0,0,87.522,0,3.76323294,0.351705449,95.04724462
69,268,8.928,34985.96518,2213082.437,0,0,0,0,0,0.010588,51.447,0,0,0,0.151728,0,3.76323294,0.351705449,42.596931
69,268,8.928,34985.96518,2213082.437,0.14645,0,0,0,0,0,0,0,0,0,0.87174,0,3.76323294,0.351705449,0.303181004
69,268,8.928,34985.96518,2213082.437,1.9362,0,0,0,0,0,0,0,0,0,47.883,0,3.76323294,0.351705449,134.6123656
69,268,8.928,34985.96518,2213082.437,0,0,0,0,0,0,0,0,0,0,47.883,0,3.76323294,0.351705449,0
69,268,8.928,34985.96518,2213082.437,0,0,0,0,0,0,0,0,0,0,0,0,3.76323294,0.351705449,95.95678763
69,268,8.928,34985.96518,2213082.437,0,0,0,0,0,0,0.59876,0,0,0,25.9959,0,3.76323294,0.351705449,0
69,268,8.928,34985.96518,2213082.437,0,0,0,0,0,0,0,0,0,0,0.48174,0,3.76323294,0.351705449,0
69,268,8.928,34985.96518,2213082.437,0,0,0,0,0,0,0.76987,0,0,0,0.70764,0,3.76323294,0.351705449,0
69,268,8.928,34985.96518,2213082.437,1.7,0,0,0,0,0,0,0,0,0,0,0,3.76323294,0.351705449,0
69,268,8.928,34985.96518,2213082.437,0,0,0,0,0,0,46.678,0,0,0,6.3561,0,3.76323294,0.351705449,12.43042115
69,268,8.928,34985.96518,2213082.437,0,0,0,0,0,0,0.67927,0,0,0,10.9065,0,3.76323294,0.351705449,0
69,268,8.928,34985.96518,2213082.437,0,0,0,0,0,0,0,0,0,0,0.151728,0,3.76323294,0.351705449,18.19086022
69,268,8.928,34985.96518,2213082.437,18.749,0,0,0,0,0,0.59876,0,0,0,1.19187,0,3.76323294,0.351705449,94.59247312
69,268,8.928,34985.96518,2213082.437,0,0,0.000209,0.008333,0,0.1964,0.002308,0,0,0,10.7733,0,3.76323294,0.351705449,140.2212142
69,268,8.928,34985.96518,2213082.437,0,0,0,0,0,0,0,0,0,0,2.52933,0,3.76323294,0.351705449,99.59495968
69,268,8.928,34985.96518,2213082.437,0,0.011751,0,0,0,0,0,0,0,0,25.2354,0,3.76323294,0.351705449,0.757952509
69,268,8.928,34985.96518,2213082.437,0.016667,0,0,0,0,0,0,0,0,0,7.8042,0,3.76323294,0.351705449,0
69,268,8.928,34985.96518,2213082.437,0,0,0,0,0,0,8.1131,0,0,0,0.151728,0,3.76323294,0.351705449,37.89762545
69,268,8.928,34985.96518,2213082.437,0.009454,0,0,0,0,0,0,0,0,0,1.02657,0,3.76323294,0.351705449,0
69,268,8.928,34985.96518,2213082.437,0,0,0,0,0,0,0,0,0,0,68.145,0,3.76323294,0.351705449,0
69,268,8.928,34985.96518,2213082.437,0,0,0,0,0,0,0,0,0,0,9.9018,0,3.76323294,0.351705449,79.73660394
69,268,8.928,34985.96518,2213082.437,0,0,0,0,0,0,0,0,0,0,0.276924,0,3.76323294,0.351705449,0
69,268,8.928,34985.96518,2213082.437,0,0,0,0,0,0,24.147,0,0,0,0.36594,0,3.76323294,0.351705449,0
69,268,8.928,34985.96518,2213082.437,0,0,0,0,0,0,0,0,0,0,3.8946,0,3.76323294,0.351705449,22.73857527
69,268,8.928,34985.96518,2213082.437,25.53,0,0,0.018752,0,0,0,0,0,0,18.5811,0,3.76323294,0.351705449,24.70925179
69,268,8.928,34985.96518,2213082.437,0,0,0,0.00043,0,0,0,0,0,0,4.7865,0,3.76323294,0.351705449,0
69,268,8.928,34985.96518,2213082.437,0.20993,0,0,0,0,0,0,0,0,0,3.2457,0,3.76323294,0.351705449,29.10537634
69,268,8.928,34985.96518,2213082.437,0.034901,0,0,0,0,0,0,0,0,0,37.836,0,3.76323294,0.351705449,10.00497312
69,268,8.928,34985.96518,2213082.437,0.053861,0.009288,0,0,0,0,12.807,0,0,0,55.5,0,3.76323294,0.351705449,0
69,268,8.928,34985.96518,2213082.437,0,0,0,0,0,0,0,0,0,0,0.151728,0,3.76323294,0.351705449,40.47466398
69,268,8.928,34985.96518,2213082.437,0.092602,0,0,0,0,0.78085,0,0,0,0,0.151728,0,3.76323294,0.351705449,98.38223566
69,268,8.928,34985.96518,2213082.437,0.0062479,0,0,0.43707,0,0,0,0,0,0,0.38961,0,3.76323294,0.351705449,0
69,268,8.928,34985.96518,2213082.437,0,0,0,0.028767,0,0,0,0,0,0,0,0,3.76323294,0.351705449,140.9791667
69,268,8.928,34985.96518,2213082.437,0,0,0,0,0,0.78972,0,0,0,0,0.151728,0,3.76323294,0.351705449,101.1108647
69,268,8.928,34985.96518,2213082.437,0,0,0,0,0,0,0.002308,0,0,0,0,0,3.76323294,0.351705449,0
69,268,8.928,34985.96518,2213082.437,0,0,0,0,0,0,0,0,0,0,0.151728,0,3.76323294,0.351705449,146.7396057
69,268,8.928,34985.96518,2213082.437,0,0,0,0,0,0,0,0,0,0,73.296,0,3.76323294,0.351705449,16.6749552
69,268,8.928,34985.96518,2213082.437,3.8363,0,0,0,0,0,0,0,0,0,0.269961,0,3.76323294,0.351705449,0
69,268,8.928,34985.96518,2213082.437,39.548,0,0,0,0,0,0.13028,0,0,0,0,0,3.76323294,0.351705449,23.49652778
69,268,8.928,34985.96518,2213082.437,0.58804,0,0,0,0,0,0,0,0,0,0,0,3.76323294,0.351705449,0
69,268,8.928,34985.96518,2213082.437,0,0,0,0,0,0,9.1869,0,0,0,0,0,3.76323294,0.351705449,0
69,268,8.928,34985.96518,2213082.437,0,0,0,0,0,0,0,0,0,0,8.7918,0,3.76323294,0.351705449,0
69,268,8.928,34985.96518,2213082.437,1.3822,0,0,0.014735,0,0,0,0,0,0,0.151728,0,3.76323294,0.351705449,135.5219086
69,268,8.928,34985.96518,2213082.437,5.8949,0,0,0,0,0,0.059897,0,0,0,8.9418,0,3.76323294,0.351705449,69.42844982
69,268,8.928,34985.96518,2213082.437,0,0,0,0,0,0,0,0,0,0,12.6336,0,3.76323294,0.351705449,150.2261873
69,268,8.928,34985.96518,2213082.437,0,0,0,0,0,0,0.002308,0,0,0,0,0,3.76323294,0.351705449,12.73360215
69,268,8.928,34985.96518,2213082.437,0,0,0,0,0,0,0,0,0,0,4.4313,0,3.76323294,0.351705449,0
69,268,8.928,34985.96518,2213082.437,0.75539,0.015762,0,0,0,0,10.453,0,0,0,0.151728,0,3.76323294,0.351705449,0
69,268,8.928,34985.96518,2213082.437,0,0,0,0,0,0,0,0,0,0,0.273018,0,3.76323294,0.351705449,0
69,268,8.928,34985.96518,2213082.437,0,0,0,0,0,0,0,0,0,0,0,0,3.76323294,0.351705449,101.8688172
69,268,8.928,34985.96518,2213082.437,2.6816,0,0,0,0,0,0,0,0,0,0.151728,0,3.76323294,0.351705449,0
69,268,8.928,34985.96518,2213082.437,8.701,0,0,0,0,0,0,0,0,0,0,0,3.76323294,0.351705449,0
69,268,8.928,34985.96518,2213082.437,0.030824,0.007984,0,0,0,0,0,0,0,0,29.7048,0,3.76323294,0.351705449,55.93689516
69,268,8.928,34985.96518,2213082.437,0,0,0,0,0,0.79321,0,0,0,0,0.151728,0,3.76323294,0.351705449,0
69,268,8.928,34985.96518,2213082.437,0,0,0,12.786,0,0,0,0,0,0,2.22174,0,3.76323294,0.351705449,42.74852151
69,268,8.928,34985.96518,2213082.437,0,0,0,0,0,0,3.8779,0,0,0,19.6818,0,3.76323294,0.351705449,0
69,268,8.928,34985.96518,2213082.437,0,0,0,0,0,0,0,0,0,0,0,0,3.76323294,0.351705449,56.08848566
69,268,8.928,34985.96518,2213082.437,0.009454,0,0,0,0,0,0,0,0,0,0,0,3.76323294,0.351705449,0
69,268,8.928,34985.96518,2213082.437,0,0,0,0,0,0,10.453,0,0,0,0.151728,0,3.76323294,0.351705449,0
69,268,8.928,34985.96518,2213082.437,0,0,0,0,0,0,0,0,0,0,0.151728,0,3.76323294,0.351705449,105.6585797
69,268,8.928,34985.96518,2213082.437,0,0,0,0,0,0,0,0,0,0,8.1018,0,3.76323294,0.351705449,51.84395161
69,268,8.928,34985.96518,2213082.437,0,0,0,0,0,0,0.021726,0,0,0,0.151728,0,3.76323294,0.351705449,87.16453853
69,268,8.928,34985.96518,2213082.437,0,0,0,0,0,0,0.13028,0,0,0,0.151728,0,3.76323294,0.351705449,37.44285394
69,268,8.928,34985.96518,2213082.437,0,0,0,0,0,0.77921,0,0,0,0,11.5818,0,3.76323294,0.351705449,64.27437276
69,268,8.928,34985.96518,2213082.437,0,0,0,0,0,0,0,0,0,0,0.151728,0,3.76323294,0.351705449,0
69,268,8.928,34985.96518,2213082.437,0,0,0,0,0,25.311,0,0,0,0,0,0,3.76323294,0.351705449,0
69,268,8.928,34985.96518,2213082.437,0.1295,0,0,0,0,0,0.60778,0,0,0,0.151728,0,3.76323294,0.351705449,139.9180332
69,268,8.928,34985.96518,2213082.437,6.7272,0,0,0,0,0,0,0,0,0,7.2051,0,3.76323294,0.351705449,82.92000448
69,268,8.928,34985.96518,2213082.437,0,0,0,0,0,0,0,0,0,0,11.5818,0,3.76323294,0.351705449,0
69,268,8.928,34985.96518,2213082.437,18.749,0,0,0,0,0,0,0,0,0,1.01106,0,3.76323294,0.351705449,26.67992832
69,268,8.928,34985.96518,2213082.437,0,0,0,0,0,57.863,0,0,0,0,0,0,3.76323294,0.351705449,82.31364247
69,268,8.928,34985.96518,2213082.437,0,0,0,0.002741,0,0.0068495,0.13028,0,0,0,0.151728,0,3.76323294,0.351705449,42.74852151
69,268,8.928,34985.96518,2213082.437,0,0,0,0,0,0,0,0,0,0,19.2018,0,3.76323294,0.351705449,0
69,268,8.928,34985.96518,2213082.437,0,0.008321,0,0.35893,0,0,0,0,0,0,0.151728,0,3.76323294,0.351705449,0
69,268,8.928,34985.96518,2213082.437,0,0,0,0,0,0,0,0,0,0,9.4383,0,3.76323294,0.351705449,41.68738799
69,268,8.928,34985.96518,2213082.437,0.020635,0,0,0,0,0,0,0,0,0,12.6336,0,3.76323294,0.351705449,0
69,268,8.928,34985.96518,2213082.437,0,0,0,0,0,0,0,0,0,0,29.2218,0,3.76323294,0.351705449,102.7783602
69,268,8.928,34985.96518,2213082.437,0,0.14707,0,0,0,0,0,0,0,0,0.151728,0,3.76323294,0.351705449,0
69,268,8.928,34985.96518,2213082.437,0,0.005239,0,0,0,0,0,0,0,0,4.5198,0,3.76323294,0.351705449,63.97119176
69,268,8.928,34985.96518,2213082.437,0.00036,0,0,0,0,0.77921,216.94,0,0,0,12.0405,0,3.76323294,0.351705449,125.5169355
69,268,8.928,34985.96518,2213082.437,0,0,0,0,0,0,0,0,0,0,3.6159,0,3.76323294,0.351705449,0
69,268,8.928,34985.96518,2213082.437,0.078882,0,0,0,0,3.4282,0,0,0,0,0.151728,0,3.76323294,0.351705449,0
69,268,8.928,34985.96518,2213082.437,0.14645,0,0,0,0,0,0,0,0,0,5.8878,0,3.76323294,0.351705449,124.0010305
69,268,8.928,34985.96518,2213082.437,0.01199,0,0,0,0,0,0,0,0,0,10.6818,0,3.76323294,0.351705449,0
69,268,8.928,34985.96518,2213082.437,0,0,0,0,0,0,0,0,0,0,1.02657,0,3.76323294,0.351705449,58.51393369
69,268,8.928,34985.96518,2213082.437,0.26916,0,0,0,0,0,0,0,0,0,78.063,0,3.76323294,0.351705449,87.16453853
69,268,8.928,34985.96518,2213082.437,0,0,0,0,0,0,0,0,0,0,2.96682,0,3.76323294,0.351705449,0
69,268,8.928,34985.96518,2213082.437,0,0,0,0,0,0,0,0,0,0,4.4313,0,3.76323294,0.351705449,0
69,268,8.928,34985.96518,2213082.437,0,0.82621,0,0,0,0,0,0,0,0,0.84174,0,3.76323294,0.351705449,0
69,268,8.928,34985.96518,2213082.437,0,0,0,0,0,0.79321,0,0,0,0,0.151728,0,3.76323294,0.351705449,2.273857527
69,268,8.928,34985.96518,2213082.437,0.003539,0,0,0,0,0,0,0,0,0,0,0,3.76323294,0.351705449,0
69,268,8.928,34985.96518,2213082.437,1.0643,0,0,0,0,0.57598,0,0,0,0,0,0,3.76323294,0.351705449,0
69,268,8.928,34985.96518,2213082.437,0,0,0,0,0,0,0,0,0,0,0.151728,0,3.76323294,0.351705449,144.4657482
69,268,8.928,34985.96518,2213082.437,0,0,0,0,0,0.77904,71.337,0,0,0,0,0,3.76323294,0.351705449,0
69,268,8.928,34985.96518,2213082.437,0.01199,0,0,0,0,0,0,0,0,0,0,0,3.76323294,0.351705449,141.4339382
69,268,8.928,34985.96518,2213082.437,0,0,0,0.026559,0,0,0,0,0,0,0,0,3.76323294,0.351705449,0
69,268,8.928,34985.96518,2213082.437,0.003948,0,0,0.008488,0,0,0,0,0,0,0.151728,0,3.76323294,0.351705449,0
69,268,8.928,34985.96518,2213082.437,0.00021,0.13865,0,0,0,0,0.13028,0,0,0,0,0,3.76323294,0.351705449,0
69,268,8.928,34985.96518,2213082.437,0,0,0,0,0,0,27.171,0,0,0,0.181728,0,3.76323294,0.351705449,0
69,268,8.928,34985.96518,2213082.437,0,0,0,0,0,0,0,0,0,0,7.2051,0,3.76323294,0.351705449,78.06910842
69,268,8.928,34985.96518,2213082.437,0,0,0,0,0,0,0,0,0,0,0.38949,0,3.76323294,0.351705449,0
69,268,8.928,34985.96518,2213082.437,0.11569,0,0,0,0,0,0,0,0,0,1.21974,0,3.76323294,0.351705449,0
69,268,8.928,34985.96518,2213082.437,0,0,0,0,0,0,0,0,0,0,11.6058,0,3.76323294,0.351705449,93.68293011
69,268,8.928,34985.96518,2213082.437,76.216,0,0,0,0,0,6.7574,0,0,0,0.151728,0,3.76323294,0.351705449,48.20577957
69,268,8.928,34985.96518,2213082.437,0.55661,0,0,0,0,0,0,0,0,0,7.3257,0,3.76323294,0.351705449,0
69,268,8.928,34985.96518,2213082.437,3.1199,0,0,0,0,0,0,0,0,0,19.4277,0,3.76323294,0.351705449,0
69,268,8.928,34985.96518,2213082.437,0.00062,0,1.5988,0,0,0,0,0,0,0,19.5987,0,3.76323294,0.351705449,85.80022401
69,268,8.928,34985.96518,2213082.437,0.000133,0,0,0,0,0,0,0,0,0,0.151728,0,3.76323294,0.351705449,10.00497312
69,268,8.928,34985.96518,2213082.437,0,0,0,0,0,0,0,0,0,0,0.151728,0,3.76323294,0.351705449,0
69,268,8.928,34985.96518,2213082.437,0.00901,0,0,0,0,0,0,0,0,0,0,0,3.76323294,0.351705449,0
69,268,8.928,34985.96518,2213082.437,0,0,0,0,0,0,0,0,0,0,0,0,3.76323294,0.351705449,0
69,268,8.928,34985.96518,2213082.437,0,0.33857,0,0,0,0,0.13028,0,0,0,6.6894,0,3.76323294,0.351705449,105.2038082
69,268,8.928,34985.96518,2213082.437,0,0,0.008333,0,0,0,50.247,0,0,0,0,0,3.76323294,0.351705449,87.46771953
69,268,8.928,34985.96518,2213082.437,0,0,0,0,0,0,0,0,0,0,2.2572,0,3.76323294,0.351705449,128.2455645
69,268,8.928,34985.96518,2213082.437,0,0.00884,0,0,0,0,88.228,0,0,0,5.1444,0,3.76323294,0.351705449,0
69,268,8.928,34985.96518,2213082.437,0.065984,0.32999,0,0,0,0.77921,0,0,0,0,0.151728,0,3.76323294,0.351705449,0
69,268,8.928,34985.96518,2213082.437,0,0,0,0,0,0,0,0,0,0,1.17711,0,3.76323294,0.351705449,0
69,268,8.928,34985.96518,2213082.437,0.023249,0,0,0,0,0,0,0,0,0,0.151728,0,3.76323294,0.351705449,0
69,268,8.928,34985.96518,2213082.437,0,0,0,0,0,0,0,0,0,0,0.31125,0,3.76323294,0.351705449,147.6491487
69,268,8.928,34985.96518,2213082.437,0,0,0,0,0,0,0,0,0,0,0,0,3.76323294,0.351705449,121.4239919
69,268,8.928,34985.96518,2213082.437,2.0986,0,0,0,0,0,0.13028,0,0,0,0,0,3.76323294,0.351705449,0
69,268,8.928,34985.96518,2213082.437,5.4374,0.008339,0,0,0,0,0,0,0,0,6.5418,0,3.76323294,0.351705449,80.19137545
69,268,8.928,34985.96518,2213082.437,0,0,0,0,0,0,0,0,0,0,124.836,0,3.76323294,0.351705449,7.124753584
69,268,8.928,34985.96518,2213082.437,0,0,0,0,0,0,0,0,0,0,58.353,0,3.76323294,0.351705449,0
69,268,8.928,34985.96518,2213082.437,0,0,0,0,0,0,0,0,0,0,1.17456,0,3.76323294,0.351705449,65.48709677
69,268,8.928,34985.96518,2213082.437,0.023381,0,0,0,0,0,0,0,0,0,0.151728,0,3.76323294,0.351705449,0
69,268,8.928,34985.96518,2213082.437,0,0,0,0,0,0,0,0,0,0,11.1597,0,3.76323294,0.351705449,0
69,268,8.928,34985.96518,2213082.437,0,0,0,0,0,0,0,0,0,0,20.8818,0,3.76323294,0.351705449,0
69,268,8.928,34985.96518,2213082.437,1.3083,0,0,0,0,0,0,0,0,0,10.3965,0,3.76323294,0.351705449,27.89265233
69,268,8.928,34985.96518,2213082.437,6.2758,0,0,2.2304,0,0,0.59876,0,0,0,0,0,3.76323294,0.351705449,98.53382616
69,268,8.928,34985.96518,2213082.437,0,0,0,0.006456,0,0,0,0,0,0,9.1953,0,3.76323294,0.351705449,36.83649194
69,268,8.928,34985.96518,2213082.437,0,0,0,0,0,0,0.42744,0,0,0,0.151728,0,3.76323294,0.351705449,0
69,268,8.928,34985.96518,2213082.437,0.009454,0,0,0,0,0.002317,0,0,0,0,20.8818,0,3.76323294,0.351705449,139.4632616
69,268,8.928,34985.96518,2213082.437,0,0,0.47656,0.008333,0,0,0,0,0,0,10.8618,0,3.76323294,0.351705449,112.9349238
69,268,8.928,34985.96518,2213082.437,0.090401,0,0,0.008333,0,0.79321,0,0,0,0,1.64958,0,3.76323294,0.351705449,119.1501344
69,268,8.928,34985.96518,2213082.437,0,0,0,0,0,0,0,0,0,0,0,0,3.76323294,0.351705449,0
69,268,8.928,34985.96518,2213082.437,0,0,0,0,0,0,0.40452,0,0,0,32.442,0,3.76323294,0.351705449,62.75846774
69,268,8.928,34985.96518,2213082.437,3.7167,0,0,0,0,0,0,0,0,0,0.151728,0,3.76323294,0.351705449,0
69,268,8.928,34985.96518,2213082.437,2.2541,0,0,0,0,0,0,0,0,0,0.181728,0,3.76323294,0.351705449,71.85389785
69,268,8.928,34985.96518,2213082.437,3.0444,0,0,1.7521,0,0,8.5672,0,0,0,15.8232,0,3.76323294,0.351705449,0
69,268,8.928,34985.96518,2213082.437,2.8033,0,0,0,0,0,115.6,0,0,0,2.91441,0,3.76323294,0.351705449,0
69,268,8.928,34985.96518,2213082.437,0,0,0,0,0,0,0,0,0,0,0.70764,0,3.76323294,0.351705449,97.92746416
69,268,8.928,34985.96518,2213082.437,0.0075217,0,0,4.2159,0,0,8.7466,0,0,0,0.151728,0,3.76323294,0.351705449,16.5233647
69,268,8.928,34985.96518,2213082.437,0,0,0,0,0,0,5.9005,0,0,0,0.151728,0,3.76323294,0.351705449,0
69,268,8.928,34985.96518,2213082.437,0,0,0,0,0,0,0,0,0,0,8.1018,0,3.76323294,0.351705449,0
69,268,8.928,34985.96518,2213082.437,0,0,0,0,0,0,0,0,0,0,0.151728,0,3.76323294,0.351705449,33.04672939
69,268,8.928,34985.96518,2213082.437,0.052268,0,0,0,0,0,0.80081,0,0,0,0.151728,0,3.76323294,0.351705449,0
69,268,8.928,34985.96518,2213082.437,0.002784,0,0,0.008333,0,0,0,0,0,0,11.7102,0,3.76323294,0.351705449,0
69,268,8.928,34985.96518,2213082.437,0.000172,0,0,0,0,0.79321,0,0,0,0,42.879,0,3.76323294,0.351705449,89.74157706
69,268,8.928,34985.96518,2213082.437,0.065984,0,0,0.01807,0,0,0,0,0,0,0,0,3.76323294,0.351705449,0
69,268,8.928,34985.96518,2213082.437,0,0,0,0,0,0,0,0,0,0,0,0,3.76323294,0.351705449,0
69,268,8.928,34985.96518,2213082.437,15.486,0,0,0,0,0,0,0,0,0,0,0,3.76323294,0.351705449,104.7490367
69,268,8.928,34985.96518,2213082.437,0,0,0,0,0,0,0,0,0,0,2.39772,0,3.76323294,0.351705449,0
69,268,8.928,34985.96518,2213082.437,11.232,0,0,0,0,0,0,0,0,0,0.151728,0,3.76323294,0.351705449,0
69,268,8.928,34985.96518,2213082.437,0,0,0,0,0,0,0,0,0,0,0.151728,0,3.76323294,0.351705449,118.3921819
69,268,8.928,34985.96518,2213082.437,0,0,0,0,0,0,0,0,0,0,0.151728,0,3.76323294,0.351705449,43.65806452
69,268,8.928,34985.96518,2213082.437,0,0,0,0,0,0,0,0,0,0,34.746,0,3.76323294,0.351705449,0
69,268,8.928,34985.96518,2213082.437,3.6281,0,0,0,0,0,0,0,0,0,0.151728,0,3.76323294,0.351705449,127.790793
69,268,8.928,34985.96518,2213082.437,39.548,0,0,0,0,0,0,0,0,0,0.151728,0,3.76323294,0.351705449,0
69,268,8.928,34985.96518,2213082.437,0,0,0,0,0,0,0,0,0,0,0,0,3.76323294,0.351705449,39.11034946
69,268,8.928,34985.96518,2213082.437,0,0,0,0,0,0,109.42,0,0,0,1.74174,0,3.76323294,0.351705449,56.08848566
69,268,8.928,34985.96518,2213082.437,0.003295,33.204,0,0,0,0,0,0,0,0,0.151728,0,3.76323294,0.351705449,149.4682348
69,268,8.928,34985.96518,2213082.437,76.216,0,0,0,0,0,0.59876,0,0,0,28.8018,0,3.76323294,0.351705449,34.25945341
69,268,8.928,34985.96518,2213082.437,0,0,0,0,0,0,0,0,0,0,0,0,3.76323294,0.351705449,0
69,268,8.928,34985.96518,2213082.437,0,0,0,0,0,0,0,0,0,0,0,0,3.76323294,0.351705449,0
69,268,8.928,34985.96518,2213082.437,0,0,0,0,0,0,0,0,0,0,0,0,3.76323294,0.351705449,129.306698
69,268,8.928,34985.96518,2213082.437,0,0,0,0,0,0,0,0,0,0,0,0,3.76323294,0.351705449,131.5805556
69,268,8.928,34985.96518,2213082.437,0,0.020115,0,0,0,0,0,0,0,0,0.151728,0,3.76323294,0.351705449,91.10589158
69,268,8.928,34985.96518,2213082.437,0.010052,0,0,35.842,0,0,0.13028,0,0,0,4.1943,0,3.76323294,0.351705449,0
69,268,8.928,34985.96518,2213082.437,0,0,0,0,0,0,0.13028,0,0,0,14.8218,0,3.76323294,0.351705449,52.29872312
69,268,8.928,34985.96518,2213082.437,0,0,0,0,0,0,0,0,0,0,2.94174,0,3.76323294,0.351705449,0
69,268,8.928,34985.96518,2213082.437,0,0,0,0,0,0,0,0,0,0,41.715,0,3.76323294,0.351705449,64.12278226
69,268,8.928,34985.96518,2213082.437,0,0,0.20181,0,0,0,0,0,0,0,10.2414,0,3.76323294,0.351705449,0
69,268,8.928,34985.96518,2213082.437,0,0,0,0,0,0,0,0,0,0,0,0,3.76323294,0.351705449,85.95181452
69,268,8.928,34985.96518,2213082.437,0,0.21236,0,0,0,0,0.13028,0,0,0,2.39772,0,3.76323294,0.351705449,0
69,268,8.928,34985.96518,2213082.437,0.034901,0,0,5.3818,0,0,0,0,0,0,0,0,3.76323294,0.351705449,0
69,268,8.928,34985.96518,2213082.437,0,3.6816,0,0,0,0,0,0,0,0,0.51381,0,3.76323294,0.351705449,0
69,268,8.928,34985.96518,2213082.437,0,0,0,0,0,0,0.13028,0,0,0,2.6481,0,3.76323294,0.351705449,0
69,268,8.928,34985.96518,2213082.437,0.1537,0,0,0,0,0,0.13028,0,0,0,1.10112,0,3.76323294,0.351705449,51.0859991
69,268,8.928,34985.96518,2213082.437,0,0,0,0,0,0,0,0,0,0,15.8232,0,3.76323294,0.351705449,85.95181452
69,268,8.928,34985.96518,2213082.437,0,0,0,0,0,0,0.13028,0,0,0,0.151728,0,3.76323294,0.351705449,0
69,268,8.928,34985.96518,2213082.437,0,0,0,0.008333,0,0,0,0,0,0,0.151728,0,3.76323294,0.351705449,0
69,268,8.928,34985.96518,2213082.437,0.074329,0,0,0,0,0,0,0,0,0,0,0,3.76323294,0.351705449,77.76592742
69,268,8.928,34985.96518,2213082.437,0,0,0.000605,0,0,0,0,0,0,0,0,0,3.76323294,0.351705449,53.05667563
69,268,8.928,34985.96518,2213082.437,0,0,0,0,0,0,0,0,0,0,0.151728,0,3.76323294,0.351705449,0
69,268,8.928,34985.96518,2213082.437,2.0562,0,0.008333,0,0,0,20.262,0,0,0,0.93561,0,3.76323294,0.351705449,3.486581541
69,268,8.928,34985.96518,2213082.437,0,0,0,0,0,0,0,0,0,0,0.181728,0,3.76323294,0.351705449,3.941353047
69,268,8.928,34985.96518,2213082.437,0,0,0,0,0,0.00158,0,0,0,0,0,0,3.76323294,0.351705449,60.02983871
69,268,8.928,34985.96518,2213082.437,0,0,0,0,0,0,27.391,0,0,0,0,0,3.76323294,0.351705449,0
69,268,8.928,34985.96518,2213082.437,0,0,0,0,0,0,0,0,0,0,12.8901,0,3.76323294,0.351705449,147.1943772
69,268,8.928,34985.96518,2213082.437,0,0,0,0,0,0,0,0,0,0,0.286419,0,3.76323294,0.351705449,150.8325493
70,269,1,242363.7862,15331034.48,0,0,4.7456,0,0,0,4.3857,0,0,0,0,0,26.08884664,2.438219918,0
70,269,1,242363.7862,15331034.48,2.444,0,0,0,0,0.79321,0.021726,0,0,0,4.515,0,26.08884664,2.438219918,276.0253333
70,269,1,242363.7862,15331034.48,0,0,0,0,0,0.22852,0.42744,0,0,0,13.494,0,26.08884664,2.438219918,0
70,269,1,242363.7862,15331034.48,2.444,961.55,0,0,0,0,0,0,0,0,1.02657,0,26.08884664,2.438219918,84.182
70,269,1,242363.7862,15331034.48,1.2569,0,0,0,0,0,0,0,0,0,0.151728,0,26.08884664,2.438219918,191.2706667
70,269,1,242363.7862,15331034.48,0,0,0,0,0,0.79291,0,0,0,0,13.494,0,26.08884664,2.438219918,0
70,269,1,242363.7862,15331034.48,0.11095,0,0,0,0,0,1.6669,0,0,0,0,0,26.08884664,2.438219918,162.6373333
70,269,1,242363.7862,15331034.48,0,0,0,0,0,0,0,0,0,0,0,0,26.08884664,2.438219918,0
70,269,1,242363.7862,15331034.48,0,0,0,0,0,0,0,0,0,0,13.9131,0,26.08884664,2.438219918,68.72
70,269,1,242363.7862,15331034.48,0,0,0,0,0,0,0,0,0,0,118.791,0,26.08884664,2.438219918,0
70,269,1,242363.7862,15331034.48,0,0,0,0,0,0,0,0,0,0,0,0,26.08884664,2.438219918,0
70,269,1,242363.7862,15331034.48,0,0,0,0,0,0,20.142,0,0,0,14.8218,0,26.08884664,2.438219918,24.052
70,269,1,242363.7862,15331034.48,0,0,0,0.63929,0,0,0,0,0,0,28.0509,0,26.08884664,2.438219918,201.5786667
70,269,1,242363.7862,15331034.48,0.016491,6.2623,0,0.00043,0,0,8.7466,0,0,0,3.6552,0,26.08884664,2.438219918,0
70,269,1,242363.7862,15331034.48,0,0,0,0,0,0,101.02,0,0,0,0.151728,0,26.08884664,2.438219918,0
70,269,1,242363.7862,15331034.48,0.1295,0,0,0,0,0,0,0,0,0,0.151728,0,26.08884664,2.438219918,199.0016667
70,269,1,242363.7862,15331034.48,0,0,0,0,0,0.79549,0.059897,0,0,0,0.151728,0,26.08884664,2.438219918,85.041
70,269,1,242363.7862,15331034.48,0,0,0,0,0,0,0,0,0,0,0,0,26.08884664,2.438219918,0
70,269,1,242363.7862,15331034.48,0,0,0,0,0,0,0,0,0,0,0.151728,0,26.08884664,2.438219918,239.661
70,269,1,242363.7862,15331034.48,0,75.655,0,0,0,0,0,0,0,0,2.6481,0,26.08884664,2.438219918,195.5656667
70,269,1,242363.7862,15331034.48,1.0383,0,0,0,0,0,0,0,0,0,1.01106,0,26.08884664,2.438219918,85.61366667
70,269,1,242363.7862,15331034.48,0,0,0,0,0,0,0,0,0,0,10.6809,0,26.08884664,2.438219918,0
70,269,1,242363.7862,15331034.48,0,0,0,0,0,12.358,8.5672,0,0,0,0.29151,0,26.08884664,2.438219918,227.635
70,269,1,242363.7862,15331034.48,0.11095,0,0,0,0,0,0,0,0,0,0.151728,0,26.08884664,2.438219918,231.6436667
70,269,1,242363.7862,15331034.48,0,0.72034,0,0,0,0,0,0,0,0,0.151728,0,26.08884664,2.438219918,0
70,269,1,242363.7862,15331034.48,0,0,0,0,0,0,0,0,0,0,2.96682,0,26.08884664,2.438219918,0
70,269,1,242363.7862,15331034.48,0,0,0,0,0,0,0,0,0,0,0.151728,0,26.08884664,2.438219918,177.813
70,269,1,242363.7862,15331034.48,0.014351,0,0,0,0,0,40.56,0,0,0,0.151728,0,26.08884664,2.438219918,221.0493333
70,269,1,242363.7862,15331034.48,0,0,0,0,0,0,0,0,0,0,0,0,26.08884664,2.438219918,239.9473333
70,269,1,242363.7862,15331034.48,0,0.13045,0,0,0,0,0,0,0,0,0,0,26.08884664,2.438219918,0
70,269,1,242363.7862,15331034.48,0,0.003538,0,0,0,0,0,0,0,0,0,0,26.08884664,2.438219918,0
70,269,1,242363.7862,15331034.48,0,0,0,0,0,0,0,0,0,0,0,0,26.08884664,2.438219918,46.386
70,269,1,242363.7862,15331034.48,0,0,0,0,0,0,0.40452,0,0,0,0,0,26.08884664,2.438219918,0
70,269,1,242363.7862,15331034.48,0.002784,0,0,0,0,0,0,0,0,0,0,0,26.08884664,2.438219918,209.0233333
70,269,1,242363.7862,15331034.48,0.016573,0,0,0.008333,0,0,0,0,0,0,14.5008,0,26.08884664,2.438219918,17.18
70,269,1,242363.7862,15331034.48,0.43242,0,5.0289,0,0,0,0,0,0,0,0,0,26.08884664,2.438219918,8.303666667
70,269,1,242363.7862,15331034.48,0,0,0,835.58,0,0,0,0,0,0,0.151728,0,26.08884664,2.438219918,203.0103333
70,269,1,242363.7862,15331034.48,0,0,0,0.020204,0,0,0,0,0,0,0.151728,0,26.08884664,2.438219918,237.084
70,269,1,242363.7862,15331034.48,0,0,1.5364,0.001267,0,0,0,0,0,0,0,0,26.08884664,2.438219918,29.206
70,269,1,242363.7862,15331034.48,0,0,0,0,0,0,0,0,0,0,7.6614,0,26.08884664,2.438219918,219.904
70,269,1,242363.7862,15331034.48,0,0,0,0,0,0.56087,0.13028,0,0,0,0.151728,0,26.08884664,2.438219918,32.06933333
70,269,1,242363.7862,15331034.48,0,0,0,0.008488,0,0,0,0,0,0,3.6159,0,26.08884664,2.438219918,258.2726667
70,269,1,242363.7862,15331034.48,0,0,0,0,0,0,0,0,0,0,0,0,26.08884664,2.438219918,83.89566667
70,269,1,242363.7862,15331034.48,0,0.008338,0,0,0,0,0,0,0,0,0.151728,0,26.08884664,2.438219918,0
70,269,1,242363.7862,15331034.48,0,0,0,0,0,0,0,0,0,0,0.151728,0,26.08884664,2.438219918,0
70,269,1,242363.7862,15331034.48,0,0,0,0,0,0,133.93,0,0,0,0.151728,0,26.08884664,2.438219918,54.976
70,269,1,242363.7862,15331034.48,0,0,0,0,0,0,0,0,0,0,8.6688,0,26.08884664,2.438219918,276.598
70,269,1,242363.7862,15331034.48,0,0,0,0,0,0,0.59876,0,0,0,0,0,26.08884664,2.438219918,227.635
70,269,1,242363.7862,15331034.48,0.46518,0,0,0.0034765,0,0,0.059897,0,0,0,0,0,26.08884664,2.438219918,155.479
70,269,1,242363.7862,15331034.48,0.057648,0,0,0,0,0,0,0,0,0,3.9018,0,26.08884664,2.438219918,0
70,269,1,242363.7862,15331034.48,0,0.0071766,0,0,0,0,6.6593,0,0,0,0,0,26.08884664,2.438219918,0
70,269,1,242363.7862,15331034.48,4.4942,1.0056,0,0,0,0,0,0,0,0,0,0,26.08884664,2.438219918,71.58333333
70,269,1,242363.7862,15331034.48,0.002344,0,0,0,0,0,0,0,0,0,5.4381,0,26.08884664,2.438219918,268.5806667
70,269,1,242363.7862,15331034.48,0,0,0,0,0,0,0,0,0,0,0.151728,0,26.08884664,2.438219918,237.6566667
70,269,1,242363.7862,15331034.48,0,0,0,0,0,0,0,0,0,0,0,0,26.08884664,2.438219918,160.0603333
70,269,1,242363.7862,15331034.48,0,0,0,0,0,0.79321,17.109,0,0,0,14.4507,0,26.08884664,2.438219918,0
70,269,1,242363.7862,15331034.48,0,0,0,0,0,0,0,0,0,0,0,0,26.08884664,2.438219918,0
70,269,1,242363.7862,15331034.48,0,0,0,0,0,0,0,0,0,0,0,0,26.08884664,2.438219918,186.403
70,269,1,242363.7862,15331034.48,1.3822,0,0,0,0,0,0.13028,0,0,0,0.151728,0,26.08884664,2.438219918,228.7803333
70,269,1,242363.7862,15331034.48,0,0,0,0,0,0,0,0,0,0,0.31059,0,26.08884664,2.438219918,222.7673333
70,269,1,242363.7862,15331034.48,0,0,0,0.35007,0,3.584,0,0,0,0,2.6481,0,26.08884664,2.438219918,230.212
70,269,1,242363.7862,15331034.48,0,0,0,0,0,0,0,0,0,0,7.4118,0,26.08884664,2.438219918,28.347
70,269,1,242363.7862,15331034.48,0,0,0,0,0,0.008505,0,0,0,0,0.151728,0,26.08884664,2.438219918,229.0666667
70,269,1,242363.7862,15331034.48,0,0,0,0,0,0,0,0,0,0,10.6809,0,26.08884664,2.438219918,262.854
70,269,1,242363.7862,15331034.48,4.5283,0,0,0,0,0,0.13028,0,0,0,10.3965,0,26.08884664,2.438219918,179.2446667
70,269,1,242363.7862,15331034.48,11.232,0.29331,0,0,0,0,0,0,0,0,0.151728,0,26.08884664,2.438219918,27.20166667
70,269,1,242363.7862,15331034.48,0,0,0,0,0,3.4282,0,0,0,0,0,0,26.08884664,2.438219918,0
70,269,1,242363.7862,15331034.48,0,0,0,0,0,0,0,0,0,0,0.151728,0,26.08884664,2.438219918,99.644
70,269,1,242363.7862,15331034.48,0,0,0,0,0,0,0,0,0,0,64.437,0,26.08884664,2.438219918,18.039
70,269,1,242363.7862,15331034.48,0,0,0,0,0,12.358,0,0,0,0,0,0,26.08884664,2.438219918,0
70,269,1,242363.7862,15331034.48,0,0,1.9771,0,0,0,88.228,0,0,0,11.0037,0,26.08884664,2.438219918,0
70,269,1,242363.7862,15331034.48,0,0,0,0,0,0,0,0,0,0,0.42174,0,26.08884664,2.438219918,25.48366667
70,269,1,242363.7862,15331034.48,0.00247,0,0,0,0,0,0,0,0,0,1.62018,0,26.08884664,2.438219918,0
70,269,1,242363.7862,15331034.48,0,0,0,0,0,0,0,0,0,0,58.353,0,26.08884664,2.438219918,61.27533333
70,269,1,242363.7862,15331034.48,0,0,0,6.1454,0,0,0,0,0,0,0,0,26.08884664,2.438219918,55.54866667
70,269,1,242363.7862,15331034.48,0.10761,0,0,0,0,0.79321,0,0,0,0,8.9868,0,26.08884664,2.438219918,65.85666667
70,269,1,242363.7862,15331034.48,0,0,0,0,0,0,705.16,0,0,0,41.634,0,26.08884664,2.438219918,0
70,269,1,242363.7862,15331034.48,0.30279,0,0,0,0,0,0,0,0,0,0.70764,0,26.08884664,2.438219918,7.731
70,269,1,242363.7862,15331034.48,0,0,0,0,0,0,0,0,0,0,0,0,26.08884664,2.438219918,133.4313333
70,269,1,242363.7862,15331034.48,0,0,0,1.6247,0,0,0,0,0,0,0.151728,0,26.08884664,2.438219918,123.9823333
70,269,1,242363.7862,15331034.48,0.022752,0,0,0.68263,0,0,0,0,0,0,27.6384,0,26.08884664,2.438219918,0
70,269,1,242363.7862,15331034.48,0,0,0,0,0,0.31644,0,0,0,0,0.151728,0,26.08884664,2.438219918,256.2683333
70,269,1,242363.7862,15331034.48,1.4573,0,0,0,0,0,14.88,0,0,0,0,0,26.08884664,2.438219918,0
70,269,1,242363.7862,15331034.48,0.016666,0,0,0,0,3.4282,0,0,0,0,0.34593,0,26.08884664,2.438219918,0
70,269,1,242363.7862,15331034.48,0,0,0,0,0,0,0,0,0,0,0.151728,0,26.08884664,2.438219918,138.5853333
70,269,1,242363.7862,15331034.48,0,0,0,0,0,0,0,0,0,0,0,0,26.08884664,2.438219918,170.082
70,269,1,242363.7862,15331034.48,0,0,0,0,0,0,0,0,0,0,14.8218,0,26.08884664,2.438219918,0
70,269,1,242363.7862,15331034.48,0.015944,0,0,0,0,0,14.857,0,0,0,2.20755,0,26.08884664,2.438219918,0
70,269,1,242363.7862,15331034.48,0,0,0,0,0,0,86.174,0,0,0,0,0,26.08884664,2.438219918,200.4333333
70,269,1,242363.7862,15331034.48,3.8363,0,0,0,0,0,0,0,0,0,19.5987,0,26.08884664,2.438219918,35.50533333
70,269,1,242363.7862,15331034.48,0,0,0,0,0,0,20.52,0,0,0,7.3638,0,26.08884664,2.438219918,0
70,269,1,242363.7862,15331034.48,0,0.10213,0,0,0,0.000526,0.13028,0,0,0,5.2239,0,26.08884664,2.438219918,277.457
70,269,1,242363.7862,15331034.48,0,0,0,0,0,0,0,0,0,0,25.9959,0,26.08884664,2.438219918,182.6806667
70,269,1,242363.7862,15331034.48,0,0,0,0,0,0,8.1131,0,0,0,0.151728,0,26.08884664,2.438219918,60.989
70,269,1,242363.7862,15331034.48,0,0,0,0,0,0,0,0,0,0,0.151728,0,26.08884664,2.438219918,4.295
70,269,1,242363.7862,15331034.48,0,0.00849,0,0,0,0,236.94,0,0,0,0,0,26.08884664,2.438219918,130.8543333
70,269,1,242363.7862,15331034.48,0,0,0,0,0,0,0,0,0,0,0.151728,0,26.08884664,2.438219918,137.1536667
70,269,1,242363.7862,15331034.48,0.00328,0,0,0,0,0,0.13028,0,0,0,0.151728,0,26.08884664,2.438219918,149.7523333
70,269,1,242363.7862,15331034.48,0,0,0,0,0,0,0,0,0,0,0.280446,0,26.08884664,2.438219918,0
70,269,1,242363.7862,15331034.48,0,0,0,0.00524,0,0,0,0,0,0,1.47174,0,26.08884664,2.438219918,0
70,269,1,242363.7862,15331034.48,0,0,0,0,0,0,0.13028,0,0,0,1.62048,0,26.08884664,2.438219918,225.3443333
70,269,1,242363.7862,15331034.48,0.00901,0,0,0,0,0.78972,0,0,0,0,0,0,26.08884664,2.438219918,0
70,269,1,242363.7862,15331034.48,0,0,0,0,0,0,0,0,0,0,41.634,0,26.08884664,2.438219918,93.05833333
70,269,1,242363.7862,15331034.48,0,0,0,0,0,0,0,0,0,0,0.50493,0,26.08884664,2.438219918,0
70,269,1,242363.7862,15331034.48,0,0,0,0,0,0,0,0,0,0,0,0,26.08884664,2.438219918,176.3813333
70,269,1,242363.7862,15331034.48,0,0,0,0,0,0,0.13028,0,0,0,0.151728,0,26.08884664,2.438219918,251.687
70,269,1,242363.7862,15331034.48,0,0,0,0,0,0,0.13028,0,0,0,0,0,26.08884664,2.438219918,0
70,269,1,242363.7862,15331034.48,0.10131,0,0,0,0,0.79321,0,0,0,0,0.151728,0,26.08884664,2.438219918,0
70,269,1,242363.7862,15331034.48,0,0,0,0,0,0,0,0,0,0,0.151728,0,26.08884664,2.438219918,100.503
70,269,1,242363.7862,15331034.48,0,0.00524,0.004029,0,0,0,23.562,0,0,0,2.73105,0,26.08884664,2.438219918,13.17133333
70,269,1,242363.7862,15331034.48,0,0,0,0,0,0,0.13028,0,0,0,0.151728,0,26.08884664,2.438219918,198.7153333
70,269,1,242363.7862,15331034.48,2.6816,0,0,0,0,0,0.021726,0,0,0,0,0,26.08884664,2.438219918,49.24933333
70,269,1,242363.7862,15331034.48,0,0,0,0,0,0,0,0,0,0,0.151728,0,26.08884664,2.438219918,0
70,269,1,242363.7862,15331034.48,0,0,0,0,0,0,17.935,0,0,0,13.494,0,26.08884664,2.438219918,0
70,269,1,242363.7862,15331034.48,0,0.0083475,0,0,0,0,0,0,0,0,0,0,26.08884664,2.438219918,262.854
70,269,1,242363.7862,15331034.48,0,0,0,0.75184,0,0,0,0,0,0,0.151728,0,26.08884664,2.438219918,0
70,269,1,242363.7862,15331034.48,0,0,0,0,0,0,0,0,0,0,0.151728,0,26.08884664,2.438219918,22.334
70,269,1,242363.7862,15331034.48,0,0.001292,0,0,0,0,0,0,0,0,0.151728,0,26.08884664,2.438219918,0
70,269,1,242363.7862,15331034.48,0,0,0,0,0,0,23.562,0,0,0,0,0,26.08884664,2.438219918,183.5396667
70,269,1,242363.7862,15331034.48,1.6777,0,0,0,0,0.00019,0,0,0,0,0.151728,0,26.08884664,2.438219918,0
70,269,1,242363.7862,15331034.48,0.75539,0.000126,0.00524,1.2073,0,0,0,0,0,0,0.151728,0,26.08884664,2.438219918,29.206
70,269,1,242363.7862,15331034.48,0,0,0,0,0,0,60.082,0,0,0,7.2732,0,26.08884664,2.438219918,103.3663333
70,269,1,242363.7862,15331034.48,0,0,1.625,0,0,0,0,0,0,0,0,0,26.08884664,2.438219918,0
70,269,1,242363.7862,15331034.48,0,0,0,0,0,0.78608,0,0,0,0,0,0,26.08884664,2.438219918,0.286333333
70,269,1,242363.7862,15331034.48,0,0,0,0,0,0,0,0,0,0,0.151728,0,26.08884664,2.438219918,162.9236667
70,269,1,242363.7862,15331034.48,0.005411,0,0,2.996,0,0,0,0,0,0,111.96,0,26.08884664,2.438219918,0
70,269,1,242363.7862,15331034.48,0,0,0,0,0,4.1953,0.40452,0,0,0,96.627,0,26.08884664,2.438219918,141.1623333
70,269,1,242363.7862,15331034.48,0,1.1703,0,0,0,0.0000045,0.13028,0,0,0,0.151728,0,26.08884664,2.438219918,0
70,269,1,242363.7862,15331034.48,0.005577,0,0,0,0,0,0,0,0,0,0.151728,0,26.08884664,2.438219918,0
70,269,1,242363.7862,15331034.48,0,0,0,0,0,0,0,0,0,0,3.6918,0,26.08884664,2.438219918,0
70,269,1,242363.7862,15331034.48,0,0,0,0.083612,0,0.00019,0,0,0,0,0,0,26.08884664,2.438219918,185.544
70,269,1,242363.7862,15331034.48,0,0,0,0,0,0,0,0,0,0,4.5198,0,26.08884664,2.438219918,71.86966667
70,269,1,242363.7862,15331034.48,0,0,0,0,0,0,0,0,0,0,0.151728,0,26.08884664,2.438219918,0
70,269,1,242363.7862,15331034.48,0,0,0,0,0,0,0,0,0,0,0.151728,0,26.08884664,2.438219918,0
70,269,1,242363.7862,15331034.48,0,0,0,0,0,0,17.109,0,0,0,0.151728,0,26.08884664,2.438219918,67.28833333
70,269,1,242363.7862,15331034.48,0.000234,0,0,0,0,0,0,0,0,0,0,0,26.08884664,2.438219918,257.9863333
70,269,1,242363.7862,15331034.48,0,0,0,0,0,0,0,0,0,0,0.151728,0,26.08884664,2.438219918,170.941
70,269,1,242363.7862,15331034.48,0,0,0,0,0,0,0,0,0,0,0.151728,0,26.08884664,2.438219918,26.05633333
70,269,1,242363.7862,15331034.48,0.016667,0,0,0,0,0,0.13028,0,0,0,0,0,26.08884664,2.438219918,0
70,269,1,242363.7862,15331034.48,0,0,0,0,0,0,0.059897,0,0,0,10.6209,0,26.08884664,2.438219918,0
70,269,1,242363.7862,15331034.48,6.1631,0,0,0,0,0,0.13028,0,0,0,16.3047,0,26.08884664,2.438219918,0
70,269,1,242363.7862,15331034.48,0,0,0,0,0,0,0,0,0,0,0,0,26.08884664,2.438219918,0
70,269,1,242363.7862,15331034.48,0,0,0,0,0,0,0,0,0,0,8.5524,0,26.08884664,2.438219918,241.6653333
70,269,1,242363.7862,15331034.48,0,6.8048,0,0,0,0,0,0,0,0,0.276924,0,26.08884664,2.438219918,279.7476667
70,269,1,242363.7862,15331034.48,0,0,0,0,0,0,0,0,0,0,6.528,0,26.08884664,2.438219918,0
70,269,1,242363.7862,15331034.48,0,0,0,0,0,0,0,0,0,0,4.8687,0,26.08884664,2.438219918,130.568
70,269,1,242363.7862,15331034.48,0,0,0,0,0,0,0,0,0,0,0.151728,0,26.08884664,2.438219918,4.581333333
70,269,1,242363.7862,15331034.48,0,0,0,0,0,0,0,0,0,0,0,0,26.08884664,2.438219918,118.542
70,269,1,242363.7862,15331034.48,0,0,0,0,0,0,0,0,0,0,0.151728,0,26.08884664,2.438219918,230.212
70,269,1,242363.7862,15331034.48,0,0,0,0.037057,0,0,0,0,0,0,0,0,26.08884664,2.438219918,0
70,269,1,242363.7862,15331034.48,0.066847,0,0,0,0,0,0.60778,0,0,0,0.151728,0,26.08884664,2.438219918,150.325
70,269,1,242363.7862,15331034.48,0,0,0,0,0,0,0,0,0,0,0,0,26.08884664,2.438219918,203.8693333
70,269,1,242363.7862,15331034.48,0.016491,0,0,0,0,0,0,0,0,0,0,0,26.08884664,2.438219918,67.861
70,269,1,242363.7862,15331034.48,12.215,0,0,0,0,0,0,0,0,0,0.75903,0,26.08884664,2.438219918,0
70,269,1,242363.7862,15331034.48,0,0,0,0,0,0,0.002308,0,0,0,1.1697,0,26.08884664,2.438219918,0
70,269,1,242363.7862,15331034.48,0,7.7949,0,0,0,0,0,0,0,0,0.70764,0,26.08884664,2.438219918,0
70,269,1,242363.7862,15331034.48,0.016668,0,0,0,0,0.77921,0,0,0,0,1.19187,0,26.08884664,2.438219918,0
70,269,1,242363.7862,15331034.48,0.016666,0,0,0,0,0,0,0,0,0,0.151728,0,26.08884664,2.438219918,71.297
70,269,1,242363.7862,15331034.48,0,0,0,0,0,0,0,0,0,0,0,0,26.08884664,2.438219918,150.8976667
70,269,1,242363.7862,15331034.48,13.876,0,0,0,0,0,28.538,0,0,0,0,0,26.08884664,2.438219918,0
70,269,1,242363.7862,15331034.48,0.001205,0,0,0,0,0,0,0,0,0,0,0,26.08884664,2.438219918,282.3246667
70,269,1,242363.7862,15331034.48,0,0,0,0,0,0,0.002308,0,0,0,0.151728,0,26.08884664,2.438219918,11.45333333
70,269,1,242363.7862,15331034.48,0,0,0,0,0,0,0,0,0,0,0,0,26.08884664,2.438219918,0
70,269,1,242363.7862,15331034.48,0.034341,0,0,0,0,0,0,0,0,0,0.151728,0,26.08884664,2.438219918,84.182
70,269,1,242363.7862,15331034.48,0,0,0,0,0,0,20.262,0,0,0,0.70734,0,26.08884664,2.438219918,0
70,269,1,242363.7862,15331034.48,8.0274,0,0,0,0,0,0,0,0,0,0.151728,0,26.08884664,2.438219918,0
70,269,1,242363.7862,15331034.48,0.59154,0,0,0,0,0,0,0,0,0,0,0,26.08884664,2.438219918,0
70,269,1,242363.7862,15331034.48,0,0,0,0.43707,0,0,0,0,0,0,2.21292,0,26.08884664,2.438219918,56.40766667
70,269,1,242363.7862,15331034.48,0.000172,0,0,0,0,0,0,0,0,0,0,0,26.08884664,2.438219918,0
70,269,1,242363.7862,15331034.48,0,0,0,0,0,0.068895,0,0,0,0,0.31755,0,26.08884664,2.438219918,106.516
70,269,1,242363.7862,15331034.48,0,5.2684,0,0,0,0.10908,0,0,0,0,6.6894,0,26.08884664,2.438219918,0
70,269,1,242363.7862,15331034.48,0.44662,10.514,0,0,0,0,0,0,0,0,3.3057,0,26.08884664,2.438219918,36.937
70,269,1,242363.7862,15331034.48,0.016666,0,0,0,0,0,12.066,0,0,0,12.8454,0,26.08884664,2.438219918,104.2253333
70,269,1,242363.7862,15331034.48,0,0,0,0,0,0,0,0,0,0,56.145,0,26.08884664,2.438219918,229.9256667
70,269,1,242363.7862,15331034.48,0,0,0,32.86,0,0,24.627,0,0,0,0.151728,0,26.08884664,2.438219918,0
70,269,1,242363.7862,15331034.48,0.63009,0,0,0,0,0,0,0,0,0,0,0,26.08884664,2.438219918,0
70,269,1,242363.7862,15331034.48,0.40581,0,0,0,0,0,450.61,0,0,0,7.4502,0,26.08884664,2.438219918,144.8846667
70,269,1,242363.7862,15331034.48,0,0,0,0.008644,0,0,0,0,0,0,0.151728,0,26.08884664,2.438219918,0
70,269,1,242363.7862,15331034.48,0.0071287,0,0,0,0,0,0,0,0,0,0.151728,0,26.08884664,2.438219918,268.5806667
70,269,1,242363.7862,15331034.48,0.68542,24.67,0,0,0,0,0,0,0,0,0.273018,0,26.08884664,2.438219918,115.106
70,269,1,242363.7862,15331034.48,0,0,0,0,0,0,0,0,0,0,12.2682,0,26.08884664,2.438219918,0
70,269,1,242363.7862,15331034.48,0,0.010473,0,0,0,0,0.002308,0,0,0,11.9625,0,26.08884664,2.438219918,149.7523333
70,269,1,242363.7862,15331034.48,0,0,0,0,0,0,236.94,0,0,0,1.62018,0,26.08884664,2.438219918,4.295
70,269,1,242363.7862,15331034.48,0,0,0,0,0,0,0,0,0,0,0.151728,0,26.08884664,2.438219918,54.68966667
70,269,1,242363.7862,15331034.48,0,0,0,0,0,0,0,0,0,0,0,0,26.08884664,2.438219918,0
70,269,1,242363.7862,15331034.48,1.6223,0,0,0,0,0,0,0,0,0,0,0,26.08884664,2.438219918,0
70,269,1,242363.7862,15331034.48,0,0,0,0.008644,0,0,0,0,0,0,0,0,26.08884664,2.438219918,0
70,269,1,242363.7862,15331034.48,0,0,0,0,0,0,0,0,0,0,0.151728,0,26.08884664,2.438219918,0
70,269,1,242363.7862,15331034.48,0,0,0,0,0,0,0,0,0,0,0,0,26.08884664,2.438219918,0
70,269,1,242363.7862,15331034.48,0,0,0,0,0,0,0.59876,0,0,0,22.7118,0,26.08884664,2.438219918,0
70,269,1,242363.7862,15331034.48,0,0,0,0,0,0,0,0,0,0,175.254,0,26.08884664,2.438219918,255.123
70,269,1,242363.7862,15331034.48,0,0,0,0,0,0,0,0,0,0,3.4071,0,26.08884664,2.438219918,245.3876667
70,269,1,242363.7862,15331034.48,0,0,0,0,0,0.77921,19.352,0,0,0,0,0,26.08884664,2.438219918,0
70,269,1,242363.7862,15331034.48,0,0,0,0,0,0,0,0,0,0,0.273021,0,26.08884664,2.438219918,52.11266667
70,269,1,242363.7862,15331034.48,0,0,0,0,0,0,0,0,0,0,5.2875,0,26.08884664,2.438219918,93.05833333
70,269,1,242363.7862,15331034.48,0,0,0,0,0,0,0.13028,0,0,0,66.003,0,26.08884664,2.438219918,62.707
70,269,1,242363.7862,15331034.48,32.277,0,0.000464,0,0,0,0.76987,0,0,0,0,0,26.08884664,2.438219918,0
70,269,1,242363.7862,15331034.48,0,0,0,0,0,0,0,0,0,0,9.4383,0,26.08884664,2.438219918,236.7976667
70,269,1,242363.7862,15331034.48,0,0,0,0,0,0,0,0,0,0,0,0,26.08884664,2.438219918,107.375
70,269,1,242363.7862,15331034.48,22.547,0,0,0,0,12.358,0,0,0,0,0,0,26.08884664,2.438219918,6.585666667
70,269,1,242363.7862,15331034.48,0,0.14707,0,0,0,0,0.13028,0,0,0,0,0,26.08884664,2.438219918,271.1576667
70,269,1,242363.7862,15331034.48,0,0,0,8.281,0,0,0,0,0,0,0,0,26.08884664,2.438219918,187.5483333
70,269,1,242363.7862,15331034.48,0,0,0,0.008333,0,0,0,0,0,0,0,0,26.08884664,2.438219918,137.44
70,269,1,242363.7862,15331034.48,0.012779,0,0,0,0,0,0,0,0,0,0.36594,0,26.08884664,2.438219918,0
70,269,1,242363.7862,15331034.48,0.000133,0,0,0,0,0,0,0,0,0,34.932,0,26.08884664,2.438219918,217.6133333
70,269,1,242363.7862,15331034.48,0,0,0,0.008339,0,0,0,0,0,0,0,0,26.08884664,2.438219918,0
70,269,1,242363.7862,15331034.48,0.0009415,0,0,0.0092555,0,0,0,0,0,0,0.273384,0,26.08884664,2.438219918,0
70,269,1,242363.7862,15331034.48,0,0,0,0,0,0,0.021726,0,0,0,0,0,26.08884664,2.438219918,150.8976667
70,269,1,242363.7862,15331034.48,0,0,0,0,0,0,0,0,0,0,0.151728,0,26.08884664,2.438219918,0
70,269,1,242363.7862,15331034.48,0,0,0,0,0,0.14521,0,0,0,0,25.9959,0,26.08884664,2.438219918,73.30133333
70,269,1,242363.7862,15331034.48,0.1927,0,0,0,0,0,0,0,0,0,58.353,0,26.08884664,2.438219918,0
70,269,1,242363.7862,15331034.48,5.3202,0,0,0,0,0,191.46,0,0,0,0.269961,0,26.08884664,2.438219918,105.657
70,269,1,242363.7862,15331034.48,0,0,0,0,0,0,0,0,0,0,30.648,0,26.08884664,2.438219918,135.4356667
70,269,1,242363.7862,15331034.48,0,0,0,0.008333,0,0.77921,0,0,0,0,0,0,26.08884664,2.438219918,0
70,269,1,242363.7862,15331034.48,0,0,0,0.067078,0,0,0,0,0,0,1.64742,0,26.08884664,2.438219918,0
70,269,1,242363.7862,15331034.48,0.000254,0.18913,0,0.006456,0,0,0,0,0,0,0.279585,0,26.08884664,2.438219918,235.9386667
70,269,1,242363.7862,15331034.48,0,0,0,0,0,0,0,0,0,0,0.151728,0,26.08884664,2.438219918,0
70,269,1,242363.7862,15331034.48,0,0,0,0,0,0,0,0,0,0,1.40073,0,26.08884664,2.438219918,0
70,269,1,242363.7862,15331034.48,0,4.0437,0,0,0,0.049829,0,0,0,0,1.26477,0,26.08884664,2.438219918,0
70,269,1,242363.7862,15331034.48,4.4942,0,0,0,0,0,70.616,0,0,0,0.75174,0,26.08884664,2.438219918,120.26
70,269,1,242363.7862,15331034.48,0,0,0,0,0,0,0,0,0,0,4.8618,0,26.08884664,2.438219918,270.2986667
70,269,1,242363.7862,15331034.48,0,0,0,0,0,0,0,0,0,0,0,0,26.08884664,2.438219918,0
70,269,1,242363.7862,15331034.48,0,0,0,0,0,0,0,0,0,0,0.181728,0,26.08884664,2.438219918,54.68966667
70,269,1,242363.7862,15331034.48,0,1.0821,0,0,0,0.79321,0,0,0,0,0.151728,0,26.08884664,2.438219918,170.082
70,269,1,242363.7862,15331034.48,0,0,0,0,0,0,215.49,0,0,0,2.68779,0,26.08884664,2.438219918,0
70,269,1,242363.7862,15331034.48,0,0,0,0,0,0,0,0,0,0,0,0,26.08884664,2.438219918,161.2056667
70,269,1,242363.7862,15331034.48,0,0,0,0,0,0,0,0,0,0,11.7525,0,26.08884664,2.438219918,4.295
70,269,1,242363.7862,15331034.48,0,0,0,0,0,0,0,0,0,0,0,0,26.08884664,2.438219918,169.7956667
70,269,1,242363.7862,15331034.48,0,0,0,1.4185,0,0.79321,0,0,0,0,0.151728,0,26.08884664,2.438219918,210.455
70,269,1,242363.7862,15331034.48,0,0,0,0,0,0,115.6,0,0,0,0.51381,0,26.08884664,2.438219918,154.0473333
70,269,1,242363.7862,15331034.48,2.1632,0,0,0,0,0,0,0,0,0,1.05978,0,26.08884664,2.438219918,123.696
70,269,1,242363.7862,15331034.48,2.1632,0,0,0,0,0,0,0,0,0,4.5198,0,26.08884664,2.438219918,25.77
70,269,1,242363.7862,15331034.48,0,0,0,0.00524,0,0,0,0,0,0,0,0,26.08884664,2.438219918,141.1623333
70,269,1,242363.7862,15331034.48,0,0,0,0,0,0,90.427,0,0,0,0,0,26.08884664,2.438219918,0
70,269,1,242363.7862,15331034.48,0,0.028177,0,0,0,0,0.13028,0,0,0,0.151728,0,26.08884664,2.438219918,73.58766667
70,269,1,242363.7862,15331034.48,0,0,0,0,0,0.22852,0,0,0,0,0.151728,0,26.08884664,2.438219918,0
70,269,1,242363.7862,15331034.48,0,0,0,0.00524,0,0,7.6069,0,0,0,0.151728,0,26.08884664,2.438219918,274.5936667
70,269,1,242363.7862,15331034.48,12.876,0,0,0,0,0,0,0,0,0,0.151728,0,26.08884664,2.438219918,0
70,269,1,242363.7862,15331034.48,8.701,0,0,0,0,0,0,0,0,0,0.279585,0,26.08884664,2.438219918,0
70,269,1,242363.7862,15331034.48,0,0,0,0,0,0,0,0,0,0,0.151728,0,26.08884664,2.438219918,277.7433333
70,269,1,242363.7862,15331034.48,0,0.063395,0,78.47,0,0.79321,0,0,0,0,0,0,26.08884664,2.438219918,0
70,269,1,242363.7862,15331034.48,0,0,0,0,0,0,0,0,0,0,0,0,26.08884664,2.438219918,132.8586667
70,269,1,242363.7862,15331034.48,0,0,0,0,0,0,0,0,0,0,0.151728,0,26.08884664,2.438219918,0
70,269,1,242363.7862,15331034.48,0,0,0,0.003465,0,0,0,0,0,0,22.8018,0,26.08884664,2.438219918,0
70,269,1,242363.7862,15331034.48,0,0,0,0.008339,0,0,0.60778,0,0,0,0.93813,0,26.08884664,2.438219918,125.1276667
70,269,1,242363.7862,15331034.48,0,0,0,0,0,0,0,0,0,0,0.48174,0,26.08884664,2.438219918,69.29266667
70,269,1,242363.7862,15331034.48,0,0,0,0,0,0,0,0,0,0,0,0,26.08884664,2.438219918,6.299333333
70,269,1,242363.7862,15331034.48,0,0,0,0,0,0,0,0,0,0,0.151728,0,26.08884664,2.438219918,219.045
70,269,1,242363.7862,15331034.48,0,0,0,5.3818,0,0,0,0,0,0,0,0,26.08884664,2.438219918,20.616
70,269,1,242363.7862,15331034.48,0,0,0,0,0,0,0.13028,0,0,0,0,0,26.08884664,2.438219918,0
70,269,1,242363.7862,15331034.48,0,0,0,0.008523,0,0,0.13028,0,0,0,0.273339,0,26.08884664,2.438219918,0
70,269,1,242363.7862,15331034.48,0,0,0,0,0,0,0,0,0,0,15.0018,0,26.08884664,2.438219918,0
70,269,1,242363.7862,15331034.48,0,0,0,0,0,0,0.59876,0,0,0,0.151728,0,26.08884664,2.438219918,75.01933333
70,269,1,242363.7862,15331034.48,0.029081,835.38,0,0,0,0,0,0,0,0,0.151728,0,26.08884664,2.438219918,0
70,269,1,242363.7862,15331034.48,0,0,0,0,0,0,0,0,0,0,0.42174,0,26.08884664,2.438219918,131.1406667
70,269,1,242363.7862,15331034.48,0,0,0,0,0,0,0,0,0,0,0.151728,0,26.08884664,2.438219918,87.90433333
70,269,1,242363.7862,15331034.48,0,0,0,0,0,0,0,0,0,0,0,0,26.08884664,2.438219918,250.2553333
70,269,1,242363.7862,15331034.48,0,0,0,0,0,0.049829,0,0,0,0,5.037,0,26.08884664,2.438219918,0
70,269,1,242363.7862,15331034.48,0,0,0,0,0,0,0,0,0,0,0.151728,0,26.08884664,2.438219918,40.08666667
70,269,1,242363.7862,15331034.48,0,0,0,0.014735,0,0,0,0,0,0,1.57179,0,26.08884664,2.438219918,0
70,269,1,242363.7862,15331034.48,0,0.001463,0,0,0,0,0.13028,0,0,0,0.151728,0,26.08884664,2.438219918,282.611
70,269,1,242363.7862,15331034.48,0,0,0.000482,0,0,0,0,0,0,0,0.151728,0,26.08884664,2.438219918,189.2663333
70,269,1,242363.7862,15331034.48,0,0,0,0,0,0,0,0,0,0,16.3047,0,26.08884664,2.438219918,0
70,269,1,242363.7862,15331034.48,0,0,0,0,0,0.77858,0,0,0,0,17.2392,0,26.08884664,2.438219918,0
70,269,1,242363.7862,15331034.48,0,0,0,0,0,0,20.52,0,0,0,0.151728,0,26.08884664,2.438219918,0
70,269,1,242363.7862,15331034.48,54.832,0,0,0,0,0,0,0,0,0,0.151728,0,26.08884664,2.438219918,51.25366667
70,269,1,242363.7862,15331034.48,0,0,0,0,0,0,0.059897,0,0,0,13.5936,0,26.08884664,2.438219918,0
70,269,1,242363.7862,15331034.48,2.0986,0.00888,0,0,0,0,0,0,0,0,0.151728,0,26.08884664,2.438219918,157.7696667
70,269,1,242363.7862,15331034.48,0,2.6666,0,0,0,0,0,0,0,0,0.151728,0,26.08884664,2.438219918,0
70,269,1,242363.7862,15331034.48,0,0,0,0,0,0,0,0,0,0,0,0,26.08884664,2.438219918,0
70,269,1,242363.7862,15331034.48,0.26916,0,0,0,0,0,0,0,0,0,0.151728,0,26.08884664,2.438219918,139.4443333
70,269,1,242363.7862,15331034.48,0,0,0,0,0,0,23.847,0,0,0,0,0,26.08884664,2.438219918,0
70,269,1,242363.7862,15331034.48,0,0,0,0,0,3.584,0,0,0,0,0.151728,0,26.08884664,2.438219918,41.232
70,269,1,242363.7862,15331034.48,0.084223,0.0067551,0,0.019948,0,0,0,0,0,0,0,0,26.08884664,2.438219918,280.034
70,269,1,242363.7862,15331034.48,0,0,0,0.12808,0,0,0.60778,0,0,0,0.151728,0,26.08884664,2.438219918,0
70,269,1,242363.7862,15331034.48,0.017562,1.123,0,0,0,0,0.13028,0,0,0,0.273339,0,26.08884664,2.438219918,200.147
70,269,1,242363.7862,15331034.48,0,0,0,0.005769,0,0,27.171,0,0,0,0,0,26.08884664,2.438219918,42.66366667
70,269,1,242363.7862,15331034.48,0,0,0,0,0,0,0.13028,0,0,0,10.9065,0,26.08884664,2.438219918,0
70,269,1,242363.7862,15331034.48,0,0,0,0,0,0,0,0,0,0,4.7352,0,26.08884664,2.438219918,0
70,269,1,242363.7862,15331034.48,0,0.000078,0,0,0,0,0,0,0,0,0.151728,0,26.08884664,2.438219918,201.865
70,269,1,242363.7862,15331034.48,0,0,0,0,0,0,0,0,0,0,0.151728,0,26.08884664,2.438219918,205.5873333
70,269,1,242363.7862,15331034.48,0,0.78343,0,0,0,0,121.37,0,0,0,0.151728,0,26.08884664,2.438219918,174.6633333
70,269,1,242363.7862,15331034.48,2.5449,0,0,0,0,0,0,0,0,0,1.90248,0,26.08884664,2.438219918,0
70,269,1,242363.7862,15331034.48,0,0,0,0.001267,0,0,0,0,0,0,0.151728,0,26.08884664,2.438219918,228.494
70,269,1,242363.7862,15331034.48,0,0,0,0,0,0,0,0,0,0,0.181728,0,26.08884664,2.438219918,0
70,269,1,242363.7862,15331034.48,0,0,0,0,0,2.2803,0,0,0,0,8.6688,0,26.08884664,2.438219918,182.108
70,269,1,242363.7862,15331034.48,0,0,0,0,0,0,0,0,0,0,36.924,0,26.08884664,2.438219918,239.661
70,269,1,242363.7862,15331034.48,0,1.0111,0,0,0,0,135.01,0,0,0,0.37014,0,26.08884664,2.438219918,101.362
70,269,1,242363.7862,15331034.48,0,0,0,0,0,0,0,0,0,0,18.3318,0,26.08884664,2.438219918,0
70,269,1,242363.7862,15331034.48,57.165,0,0,0,0,0,0,0,0,0,0.151728,0,26.08884664,2.438219918,61.848
70,269,1,242363.7862,15331034.48,0,0,0,0,0,0,0,0,0,0,0.151728,0,26.08884664,2.438219918,34.93266667
70,269,1,242363.7862,15331034.48,0,0,0,0,0,0,0,0,0,0,66.663,0,26.08884664,2.438219918,0
70,269,1,242363.7862,15331034.48,0,0,0,0,0,0,0,0,0,0,44.073,0,26.08884664,2.438219918,0
70,269,1,242363.7862,15331034.48,0,0,0,0.39309,0,6.1876,0.59876,0,0,0,68.145,0,26.08884664,2.438219918,0
70,269,1,242363.7862,15331034.48,0,0.88404,0,0,0,0,0,0,0,0,0.78174,0,26.08884664,2.438219918,101.9346667
70,269,1,242363.7862,15331034.48,0.000688,0,0,0,0,0.78033,0,0,0,0,0.151728,0,26.08884664,2.438219918,27.20166667
70,269,1,242363.7862,15331034.48,0.005958,0,0,0.00524,0,0,0,0,0,0,0,0,26.08884664,2.438219918,284.0426667
70,269,1,242363.7862,15331034.48,0,0,0,0,0,47.571,0.40452,0,0,0,7.2168,0,26.08884664,2.438219918,32.642
70,269,1,242363.7862,15331034.48,0,0,0,0,0,0,0.13028,0,0,0,0,0,26.08884664,2.438219918,226.776
70,269,1,242363.7862,15331034.48,0,0,0,0,0,0,0.13028,0,0,0,9.4983,0,26.08884664,2.438219918,0
70,269,1,242363.7862,15331034.48,0,0,0,0,0,0,21.139,0,0,0,0,0,26.08884664,2.438219918,132.286
70,269,1,242363.7862,15331034.48,0,0,0,0,0,0,0,0,0,0,0,0,26.08884664,2.438219918,0
70,269,1,242363.7862,15331034.48,0,0,0,0,0,0.781,0,0,0,0,15.7923,0,26.08884664,2.438219918,135.4356667
70,269,1,242363.7862,15331034.48,0,0,0,0,0,0,0,0,0,0,0,0,26.08884664,2.438219918,21.475
70,269,1,242363.7862,15331034.48,0,0,0,0,0,0,0,0,0,0,0,0,26.08884664,2.438219918,0
70,269,1,242363.7862,15331034.48,0,0.002998,0,0,0,0,0.60778,0,0,0,0.75903,0,26.08884664,2.438219918,0
70,269,1,242363.7862,15331034.48,0,0,0,0.019902,0,0,0,0,0,0,0,0,26.08884664,2.438219918,132.5723333
70,269,1,242363.7862,15331034.48,0.030824,0,0,0,0,0,0,0,0,0,0.151728,0,26.08884664,2.438219918,200.7196667
70,269,1,242363.7862,15331034.48,0,0,0,0,0,0,0,0,0,0,0,0,26.08884664,2.438219918,0
70,269,1,242363.7862,15331034.48,0,0,0,0,0,0,0,0,0,0,1.33728,0,26.08884664,2.438219918,0
70,269,1,242363.7862,15331034.48,0,0,0,0.00524,0,0,0,0,0,0,5.0757,0,26.08884664,2.438219918,4.581333333
70,269,1,242363.7862,15331034.48,0,0.007697,0.002082,0,0,0,0,0,0,0,0,0,26.08884664,2.438219918,0
70,269,1,242363.7862,15331034.48,0,0,0,0,0,0,0,0,0,0,29.2218,0,26.08884664,2.438219918,155.1926667
70,269,1,242363.7862,15331034.48,0,0.18913,0.73381,0,0,0,0,0,0,0,13.494,0,26.08884664,2.438219918,0
70,269,1,242363.7862,15331034.48,0,0,0,0,0,17.13,0,0,0,0,0,0,26.08884664,2.438219918,61.56166667
70,269,1,242363.7862,15331034.48,0,0,0,0,0,0.77921,0,0,0,0,0.94704,0,26.08884664,2.438219918,19.757
70,269,1,242363.7862,15331034.48,0.070537,0,0,0,0,0,0.10863,0,0,0,8.7918,0,26.08884664,2.438219918,37.50966667
70,269,1,242363.7862,15331034.48,0,0.008938,7.3289,0,0,0,0,0,0,0,0,0,26.08884664,2.438219918,0
70,269,1,242363.7862,15331034.48,0,0,0,0,0,0,46.678,0,0,0,0.151728,0,26.08884664,2.438219918,16.321
70,269,1,242363.7862,15331034.48,0,0,0,0,0,0,0,0,0,0,0.30174,0,26.08884664,2.438219918,0
70,269,1,242363.7862,15331034.48,0,8.0295,0,0,0,0,0,0,0,0,0.151728,0,26.08884664,2.438219918,122.5506667
70,269,1,242363.7862,15331034.48,0,0,0,0,0,0,0,0,0,0,9.0918,0,26.08884664,2.438219918,226.4896667
70,269,1,242363.7862,15331034.48,0,1.4122,0,0,0,0,0,0,0,0,0.151728,0,26.08884664,2.438219918,41.232
70,269,1,242363.7862,15331034.48,0,0,0,0,0,0,0,0,0,0,0.151728,0,26.08884664,2.438219918,276.0253333
70,269,1,242363.7862,15331034.48,0,0,0,0,0,0,0,0,0,0,10.6209,0,26.08884664,2.438219918,129.709
70,269,1,242363.7862,15331034.48,22.547,0,0,0,0,0,0,0,0,0,0.286419,0,26.08884664,2.438219918,73.58766667
70,269,1,242363.7862,15331034.48,0,0,0,9.459,0,0,0.13028,0,0,0,0,0,26.08884664,2.438219918,207.878
70,269,1,242363.7862,15331034.48,0.02398,0,0,0,0,0,0,0,0,0,6.3789,0,26.08884664,2.438219918,0
70,269,1,242363.7862,15331034.48,0,0,0,0,0,0,0,0,0,0,0.286419,0,26.08884664,2.438219918,157.7696667
70,269,1,242363.7862,15331034.48,0,0,0,0.002068,0,0,0,0,0,0,27.6384,0,26.08884664,2.438219918,27.77433333
70,269,1,242363.7862,15331034.48,34.054,0,0,10.07,0,0,52.868,0,0,0,0,0,26.08884664,2.438219918,0
70,269,1,242363.7862,15331034.48,0,0,0,0,0,0,0,0,0,0,0.151728,0,26.08884664,2.438219918,259.1316667
70,269,1,242363.7862,15331034.48,0,7.6951,0,0,0,0,30.39,0,0,0,0.151728,0,26.08884664,2.438219918,136.2946667
70,269,1,242363.7862,15331034.48,0,0,0,0,0,0,0,0,0,0,1.85526,0,26.08884664,2.438219918,121.6916667
70,269,1,242363.7862,15331034.48,0.55661,0,0,0,0,0,28.088,0,0,0,0.151728,0,26.08884664,2.438219918,95.92166667
70,269,1,242363.7862,15331034.48,0.1927,0,0,0,0,0.77921,0,0,0,0,0.75903,0,26.08884664,2.438219918,0
70,269,1,242363.7862,15331034.48,0,0,0,0,0,0,0,0,0,0,0,0,26.08884664,2.438219918,156.0516667
70,269,1,242363.7862,15331034.48,0,0,0,0,0,0,0.59876,0,0,0,0,0,26.08884664,2.438219918,247.6783333
70,269,1,242363.7862,15331034.48,0,0,0,0,0,0,0,0,0,0,0.151728,0,26.08884664,2.438219918,108.5203333
70,269,1,242363.7862,15331034.48,0,0,0,1.2382,0,0.002317,70.616,0,0,0,1.57107,0,26.08884664,2.438219918,0
70,269,1,242363.7862,15331034.48,0,0,0,0,0,0,0,0,0,0,0.151728,0,26.08884664,2.438219918,249.6826667
70,269,1,242363.7862,15331034.48,1.3251,0,0,0,0,0,0,0,0,0,0.151728,0,26.08884664,2.438219918,20.32966667
70,269,1,242363.7862,15331034.48,0.015944,0,0,0,0,0,0,0,0,0,12.0081,0,26.08884664,2.438219918,8.303666667
70,269,1,242363.7862,15331034.48,0,2.7535,1.625,0,0,0,0.13028,0,0,0,0.279585,0,26.08884664,2.438219918,193.5613333
70,269,1,242363.7862,15331034.48,0,0,0,0,0,0,0,0,0,0,0.280587,0,26.08884664,2.438219918,0
70,269,1,242363.7862,15331034.48,0.016667,0,0,0,0,0,0.13028,0,0,0,0.84174,0,26.08884664,2.438219918,137.1536667
70,269,1,242363.7862,15331034.48,0,0,0,0,0,0,0,0,0,0,0.151728,0,26.08884664,2.438219918,0
70,269,1,242363.7862,15331034.48,0,0,0,0,0,0,0,0,0,0,0,0,26.08884664,2.438219918,280.893
71,270,228.96,2.507739908,158.6303284,0,0,0,0,0,0,0,0,0,0,0.151728,0,0.000270656,2.5295E-05,0
71,270,228.96,2.507739908,158.6303284,0,0,0,0,0,0,0.13028,0,0,0,0.151728,0,0.000270656,2.5295E-05,0
71,270,228.96,2.507739908,158.6303284,0,0,0,0,0,0,0.69676,0,0,0,0.151728,0,0.000270656,2.5295E-05,0
71,270,228.96,2.507739908,158.6303284,0,0,0,0,0,0,0.008333,0,0,0,0,0,0.000270656,2.5295E-05,0
71,270,228.96,2.507739908,158.6303284,0,0,0,0,0,0,0,0,0,0,0.72228,0,0.000270656,2.5295E-05,0
71,270,228.96,2.507739908,158.6303284,0,0,0,0,0,0,0,0,0,0,0,0,0.000270656,2.5295E-05,0
71,270,228.96,2.507739908,158.6303284,0.010743,0,0,0,0,0,0,0,0,0,0,0,0.000270656,2.5295E-05,0
71,270,228.96,2.507739908,158.6303284,0,0,0,0,0,0,0.13028,0,0,0,1.17966,0,0.000270656,2.5295E-05,0
71,270,228.96,2.507739908,158.6303284,0,0,0,0,0,0,0,0,0,0,0.94704,0,0.000270656,2.5295E-05,0
71,270,228.96,2.507739908,158.6303284,0,0,0,0,0,0,0,0,0,0,0.151728,0,0.000270656,2.5295E-05,0
71,270,228.96,2.507739908,158.6303284,0,0,0,0,0,0.0000485,0,0,0,0,0.151728,0,0.000270656,2.5295E-05,0
71,270,228.96,2.507739908,158.6303284,0,0,0,0,0,0,0,0,0,0,0.151728,0,0.000270656,2.5295E-05,0
71,270,228.96,2.507739908,158.6303284,0.031315,0,0,1.1508,0,0,0,0,0,0,0.151728,0,0.000270656,2.5295E-05,0
71,270,228.96,2.507739908,158.6303284,0,0,0,0,0,0,0,0,0,0,0,0,0.000270656,2.5295E-05,0
71,270,228.96,2.507739908,158.6303284,1.1589,0,0,0,0,0,0.10863,0,0,0,0,0,0.000270656,2.5295E-05,0
71,270,228.96,2.507739908,158.6303284,0.01667,0.02862,0,0.008333,0,0,0,0,0,0,0.181728,0,0.000270656,2.5295E-05,0
71,270,228.96,2.507739908,158.6303284,0,0,0,0,0,0,0,0,0,0,0,0,0.000270656,2.5295E-05,0
71,270,228.96,2.507739908,158.6303284,0,0,0,0,0,0,0,0,0,0,0,0,0.000270656,2.5295E-05,0
71,270,228.96,2.507739908,158.6303284,1.2569,0,0,0,0,0,0,0,0,0,0.151728,0,0.000270656,2.5295E-05,0
71,270,228.96,2.507739908,158.6303284,0,0,0,0,0,0.22852,0,0,0,0,1.17456,0,0.000270656,2.5295E-05,0
71,270,228.96,2.507739908,158.6303284,0,0,0,0,0,0,0,0,0,0,0,0,0.000270656,2.5295E-05,0
71,270,228.96,2.507739908,158.6303284,0.003827,0,0,0,0,0,0,0,0,0,0,0,0.000270656,2.5295E-05,0
71,270,228.96,2.507739908,158.6303284,0,0.00524,2.0087,0.015239,0,0,0,0,0,0,0.273324,0,0.000270656,2.5295E-05,0
71,270,228.96,2.507739908,158.6303284,0.000765,0,0,0,0,0,0,0,0,0,0.278532,0,0.000270656,2.5295E-05,0
71,270,228.96,2.507739908,158.6303284,0,0,0,0,0,0,0,0,0,0,0,0,0.000270656,2.5295E-05,0
71,270,228.96,2.507739908,158.6303284,0,0,0,0,0,0,0,0,0,0,0,0,0.000270656,2.5295E-05,0
71,270,228.96,2.507739908,158.6303284,0,0,0.29568,0,0,0,0,0,0,0,0,0,0.000270656,2.5295E-05,0
71,270,228.96,2.507739908,158.6303284,0.023381,0,0,0,0,0,0.10863,0,0,0,0.151728,0,0.000270656,2.5295E-05,0
71,270,228.96,2.507739908,158.6303284,0,0,0,0,0,0,0,0,0,0,0.151728,0,0.000270656,2.5295E-05,0
71,270,228.96,2.507739908,158.6303284,0,0,0,0,0,0,0,0,0,0,0,0,0.000270656,2.5295E-05,0
71,270,228.96,2.507739908,158.6303284,0,0,0,0,0,0,0.13028,0,0,0,0,0,0.000270656,2.5295E-05,0
71,270,228.96,2.507739908,158.6303284,0,0,0,0,0,0,0,0,0,0,0.151728,0,0.000270656,2.5295E-05,0
71,270,228.96,2.507739908,158.6303284,0,0,0,0,0,0,0,0,0,0,0.151728,0,0.000270656,2.5295E-05,0
71,270,228.96,2.507739908,158.6303284,0,0,0,0,0,0,0.13028,0,0,0,2.21292,0,0.000270656,2.5295E-05,0
71,270,228.96,2.507739908,158.6303284,0,0.012614,0,0,0,0,0.021726,0,0,0,0,0,0.000270656,2.5295E-05,0
71,270,228.96,2.507739908,158.6303284,0.030824,0,0,0,0,0,0.76987,0,0,0,0,0,0.000270656,2.5295E-05,0
71,270,228.96,2.507739908,158.6303284,0,0,0,0,0,0,0,0,0,0,0.273324,0,0.000270656,2.5295E-05,0
71,270,228.96,2.507739908,158.6303284,0.16948,0,0,0,0,0,0.13028,0,0,0,0.276939,0,0.000270656,2.5295E-05,0
71,270,228.96,2.507739908,158.6303284,0,0,0,0,0,0,0,0,0,0,0.75174,0,0.000270656,2.5295E-05,0
71,270,228.96,2.507739908,158.6303284,0.0061714,0,0,0,0,0,0,0,0,0,0,0,0.000270656,2.5295E-05,0
71,270,228.96,2.507739908,158.6303284,0,0,0,0.00524,0,0.068895,0,0,0,0,2.37174,0,0.000270656,2.5295E-05,0
71,270,228.96,2.507739908,158.6303284,0,0,0,0,0,0,0,0,0,0,0.151728,0,0.000270656,2.5295E-05,0
71,270,228.96,2.507739908,158.6303284,0,0,0,0,0,0,0.13028,0,0,0,1.51233,0,0.000270656,2.5295E-05,0
71,270,228.96,2.507739908,158.6303284,0,0,0,0,0,0,0,0,0,0,1.62018,0,0.000270656,2.5295E-05,0
71,270,228.96,2.507739908,158.6303284,0,0,0,0,0,0.36807,0,0,0,0,0.151728,0,0.000270656,2.5295E-05,0
71,270,228.96,2.507739908,158.6303284,0,0,0,0,0,0,0,0,0,0,0,0,0.000270656,2.5295E-05,0
71,270,228.96,2.507739908,158.6303284,0.31253,0.17761,0,0,0,0.79321,0,0,0,0,0.93813,0,0.000270656,2.5295E-05,0
71,270,228.96,2.507739908,158.6303284,0.001192,0,0,0,0,0,0,0,0,0,0,0,0.000270656,2.5295E-05,0
71,270,228.96,2.507739908,158.6303284,0,0,0,0,0,0,0,0,0,0,0.70734,0,0.000270656,2.5295E-05,0
71,270,228.96,2.507739908,158.6303284,0.0071287,0,0,0,0,0,0,0,0,0,0,0,0.000270656,2.5295E-05,0
71,270,228.96,2.507739908,158.6303284,0,0,0,0,0,0,0,0,0,0,0.151728,0,0.000270656,2.5295E-05,0
71,270,228.96,2.507739908,158.6303284,0,0,0.004074,0,0,0.78099,0,0,0,0,0.72228,0,0.000270656,2.5295E-05,0
71,270,228.96,2.507739908,158.6303284,0,0,0,0,0,0,0,0,0,0,0.288246,0,0.000270656,2.5295E-05,0
71,270,228.96,2.507739908,158.6303284,0.027207,0,0,0,0,0,0,0,0,0,0,0,0.000270656,2.5295E-05,0
71,270,228.96,2.507739908,158.6303284,0,0,0,0,0,0.084305,0.10863,0,0,0,0.151728,0,0.000270656,2.5295E-05,0
71,270,228.96,2.507739908,158.6303284,0.016668,0.003416,0,0,0,0,0.60778,0,0,0,0.151728,0,0.000270656,2.5295E-05,0
71,270,228.96,2.507739908,158.6303284,0,0,0,0,0,0,0.10863,0,0,0,0.151728,0,0.000270656,2.5295E-05,0
71,270,228.96,2.507739908,158.6303284,0.1927,0,0,0.86705,0,0,0,0,0,0,0.278694,0,0.000270656,2.5295E-05,0
71,270,228.96,2.507739908,158.6303284,0,0,0,0,0,0,0.13028,0,0,0,0,0,0.000270656,2.5295E-05,0
71,270,228.96,2.507739908,158.6303284,0,0,0,0,0,0,0,0,0,0,0.151728,0,0.000270656,2.5295E-05,0
71,270,228.96,2.507739908,158.6303284,0,0,0,0,0,0,0,0,0,0,0,0,0.000270656,2.5295E-05,0
71,270,228.96,2.507739908,158.6303284,0,0,0,0.000124,0,0,0,0,0,0,0,0,0.000270656,2.5295E-05,0
71,270,228.96,2.507739908,158.6303284,0,0,0,0,0,0,0.13028,0,0,0,0,0,0.000270656,2.5295E-05,0
71,270,228.96,2.507739908,158.6303284,0,0,0,0,0,0,0,0,0,0,0.151728,0,0.000270656,2.5295E-05,0
71,270,228.96,2.507739908,158.6303284,0,0,0,0,0,0,0,0,0,0,0,0,0.000270656,2.5295E-05,0
71,270,228.96,2.507739908,158.6303284,0,0,0,0,0,0,0,0,0,0,0.273324,0,0.000270656,2.5295E-05,0
71,270,228.96,2.507739908,158.6303284,0.41388,0,0,0,0,0,0,0,0,0,0.151728,0,0.000270656,2.5295E-05,0
71,270,228.96,2.507739908,158.6303284,0,0,0,0,0,0,0,0,0,0,0.151728,0,0.000270656,2.5295E-05,0
71,270,228.96,2.507739908,158.6303284,0,0,0,0,0,0,0,0,0,0,0.151728,0,0.000270656,2.5295E-05,0
71,270,228.96,2.507739908,158.6303284,0.003878,0,0,0,0,0,0,0,0,0,0,0,0.000270656,2.5295E-05,0
71,270,228.96,2.507739908,158.6303284,0,0,0,0,0,0,0,0,0,0,0.31125,0,0.000270656,2.5295E-05,0
71,270,228.96,2.507739908,158.6303284,0,0,0,0,0,0,0,0,0,0,0,0,0.000270656,2.5295E-05,0
71,270,228.96,2.507739908,158.6303284,0.082238,0,0,0,0,0,0,0,0,0,0.151728,0,0.000270656,2.5295E-05,0
71,270,228.96,2.507739908,158.6303284,0,0,0,0,0,0,0.60778,0,0,0,0.68376,0,0.000270656,2.5295E-05,0
71,270,228.96,2.507739908,158.6303284,0.000765,0,0,0,0,0,0,0,0,0,0,0,0.000270656,2.5295E-05,0
71,270,228.96,2.507739908,158.6303284,0.67562,0,0,0,0,0,0,0,0,0,0.151728,0,0.000270656,2.5295E-05,0
71,270,228.96,2.507739908,158.6303284,0,0,0,0,0,0,0.13028,0,0,0,0.78174,0,0.000270656,2.5295E-05,0
71,270,228.96,2.507739908,158.6303284,0,0.10759,0,2.119,0,0,0,0,0,0,0,0,0.000270656,2.5295E-05,0
71,270,228.96,2.507739908,158.6303284,0,0,0,0,0,0,0,0,0,0,0,0,0.000270656,2.5295E-05,0
71,270,228.96,2.507739908,158.6303284,0,0,0,0,0,0,0,0,0,0,1.17456,0,0.000270656,2.5295E-05,0
71,270,228.96,2.507739908,158.6303284,0,0,0,0,0,0,0,0,0,0,1.08339,0,0.000270656,2.5295E-05,0
71,270,228.96,2.507739908,158.6303284,0,0,0,0,0,0,0,0,0,0,0.297708,0,0.000270656,2.5295E-05,0
71,270,228.96,2.507739908,158.6303284,0.26564,0,0,0,0,0,0,0,0,0,0.72228,0,0.000270656,2.5295E-05,0
71,270,228.96,2.507739908,158.6303284,0,0,0,0,0,0,0,0,0,0,0.151728,0,0.000270656,2.5295E-05,0
71,270,228.96,2.507739908,158.6303284,0,0,0,0,0,0,0,0,0,0,1.1697,0,0.000270656,2.5295E-05,0
71,270,228.96,2.507739908,158.6303284,0.00021,0,0,0,0,0,0,0,0,0,0.30174,0,0.000270656,2.5295E-05,0
71,270,228.96,2.507739908,158.6303284,0,0,0,0,0,0,0,0,0,0,0.151728,0,0.000270656,2.5295E-05,0
71,270,228.96,2.507739908,158.6303284,0,0,0,0,0,0,0,0,0,0,1.17456,0,0.000270656,2.5295E-05,0
71,270,228.96,2.507739908,158.6303284,0,0,0,0,0,0,0,0,0,0,0.151728,0,0.000270656,2.5295E-05,0
71,270,228.96,2.507739908,158.6303284,0,0,0,0.029911,0,0,0.40452,0,0,0,0,0,0.000270656,2.5295E-05,0
71,270,228.96,2.507739908,158.6303284,0,0,0,0,0,0,0,0,0,0,0,0,0.000270656,2.5295E-05,0
71,270,228.96,2.507739908,158.6303284,0.084223,0,0,0,0,0,0,0,0,0,0.151728,0,0.000270656,2.5295E-05,0
71,270,228.96,2.507739908,158.6303284,0,0,0,0,0,0,0,0,0,0,0,0,0.000270656,2.5295E-05,0
71,270,228.96,2.507739908,158.6303284,0,0,0,0,0,0.167,0,0,0,0,0.151728,0,0.000270656,2.5295E-05,0
71,270,228.96,2.507739908,158.6303284,0,0,0,0,0,0,0.10863,0,0,0,0.151728,0,0.000270656,2.5295E-05,0
71,270,228.96,2.507739908,158.6303284,0,0,0.069139,0.68263,0,0,0,0,0,0,0,0,0.000270656,2.5295E-05,0
71,270,228.96,2.507739908,158.6303284,0,0,0,0,0,0.18363,0,0,0,0,0.151728,0,0.000270656,2.5295E-05,0
71,270,228.96,2.507739908,158.6303284,0.33806,0.0021738,0,0,0,0,0,0,0,0,0,0,0.000270656,2.5295E-05,0
71,270,228.96,2.507739908,158.6303284,0,0,0,0.00014,0,0,0,0,0,0,0.151728,0,0.000270656,2.5295E-05,0
71,270,228.96,2.507739908,158.6303284,0.001493,0,0,0,0,0,0,0,0,0,0,0,0.000270656,2.5295E-05,0
71,270,228.96,2.507739908,158.6303284,0,0,0,0,0,0,0,0,0,0,0,0,0.000270656,2.5295E-05,0
71,270,228.96,2.507739908,158.6303284,0,0,0,0,0,0.79321,0,0,0,0,0.151728,0,0.000270656,2.5295E-05,0
71,270,228.96,2.507739908,158.6303284,0,0,0,0.000688,0,0,0,0,0,0,0.151728,0,0.000270656,2.5295E-05,0
71,270,228.96,2.507739908,158.6303284,0,0,0,0,0,0,0,0,0,0,1.74174,0,0.000270656,2.5295E-05,0
71,270,228.96,2.507739908,158.6303284,1.2157,0.000078,0,0,0,0,0,0,0,0,0,0,0.000270656,2.5295E-05,0
71,270,228.96,2.507739908,158.6303284,0.057648,0,0,0,0,0,0,0,0,0,0,0,0.000270656,2.5295E-05,0
71,270,228.96,2.507739908,158.6303284,0,0,0,0,0,0,0,0,0,0,0,0,0.000270656,2.5295E-05,0
71,270,228.96,2.507739908,158.6303284,0,0,0,0,0,0,0,0,0,0,0.151728,0,0.000270656,2.5295E-05,0
71,270,228.96,2.507739908,158.6303284,0,0,0,0,0,0,0,0,0,0,0,0,0.000270656,2.5295E-05,0
71,270,228.96,2.507739908,158.6303284,0,0,0,0,0,0.79321,0,0,0,0,0,0,0.000270656,2.5295E-05,0
71,270,228.96,2.507739908,158.6303284,0.016666,0,0,0.43707,0,0,0,0,0,0,0,0,0.000270656,2.5295E-05,0
71,270,228.96,2.507739908,158.6303284,0,0,0,0,0,0,0,0,0,0,0.151728,0,0.000270656,2.5295E-05,0
71,270,228.96,2.507739908,158.6303284,0,0,0,0,0,0,0,0,0,0,0.151728,0,0.000270656,2.5295E-05,0
71,270,228.96,2.507739908,158.6303284,0,0.12733,0,0,0,0.000766,0,0,0,0,0.84174,0,0.000270656,2.5295E-05,0
71,270,228.96,2.507739908,158.6303284,0,0,0,0,0,0,0,0,0,0,0.48174,0,0.000270656,2.5295E-05,0
71,270,228.96,2.507739908,158.6303284,0,0,0,0,0,0,0,0,0,0,0,0,0.000270656,2.5295E-05,0
71,270,228.96,2.507739908,158.6303284,0,0,0,0,0,0,0.021726,0,0,0,0,0,0.000270656,2.5295E-05,0
71,270,228.96,2.507739908,158.6303284,0,0,0,0,0,0,0,0,0,0,0.151728,0,0.000270656,2.5295E-05,0
71,270,228.96,2.507739908,158.6303284,0.001436,0,0,0,0,0,0,0,0,0,0,0,0.000270656,2.5295E-05,0
71,270,228.96,2.507739908,158.6303284,0.1927,0,0,0,0,0,0,0,0,0,1.85526,0,0.000270656,2.5295E-05,0
71,270,228.96,2.507739908,158.6303284,0,0.008333,0,0.002741,0,0,0,0,0,0,0.151728,0,0.000270656,2.5295E-05,0
71,270,228.96,2.507739908,158.6303284,0,0,0,0,0,0,0.021726,0,0,0,0.84174,0,0.000270656,2.5295E-05,0
71,270,228.96,2.507739908,158.6303284,0,0,0,0,0,0,0,0,0,0,0.151728,0,0.000270656,2.5295E-05,0
71,270,228.96,2.507739908,158.6303284,0,0,0,0,0,0,0,0,0,0,0.151728,0,0.000270656,2.5295E-05,0
71,270,228.96,2.507739908,158.6303284,0,0,0,0,0,0,0,0,0,0,0.33174,0,0.000270656,2.5295E-05,0
71,270,228.96,2.507739908,158.6303284,0,0,0,0,0,0,0,0,0,0,0.151728,0,0.000270656,2.5295E-05,0
71,270,228.96,2.507739908,158.6303284,0,0,0,0,0,0,0,0,0,0,0.37014,0,0.000270656,2.5295E-05,0
71,270,228.96,2.507739908,158.6303284,0,0,0,0,0,0,0,0,0,0,0.151728,0,0.000270656,2.5295E-05,0
71,270,228.96,2.507739908,158.6303284,0,0,0,0,0,0,0,0,0,0,0,0,0.000270656,2.5295E-05,0
71,270,228.96,2.507739908,158.6303284,0.000081,0,0,0,0,0,0,0,0,0,0.151728,0,0.000270656,2.5295E-05,0
71,270,228.96,2.507739908,158.6303284,0.00021,0,0,0,0,0,0,0,0,0,0,0,0.000270656,2.5295E-05,0
71,270,228.96,2.507739908,158.6303284,0.025779,0,0,0.014735,0,0,0,0,0,0,1.05978,0,0.000270656,2.5295E-05,0
71,270,228.96,2.507739908,158.6303284,0,0,0,0,0,0,0,0,0,0,0.151728,0,0.000270656,2.5295E-05,0
71,270,228.96,2.507739908,158.6303284,0,0,0,0,0,0,0.008333,0,0,0,2.34429,0,0.000270656,2.5295E-05,0
71,270,228.96,2.507739908,158.6303284,0.016666,0,0,0,0,0,0,0,0,0,0.151728,0,0.000270656,2.5295E-05,0
71,270,228.96,2.507739908,158.6303284,0,0,0,0,0,0,0,0,0,0,0.50493,0,0.000270656,2.5295E-05,0
71,270,228.96,2.507739908,158.6303284,0,0,0,0.0034765,0,0,0,0,0,0,0,0,0.000270656,2.5295E-05,0
71,270,228.96,2.507739908,158.6303284,0,0,0,0,0,0,0,0,0,0,0,0,0.000270656,2.5295E-05,0
71,270,228.96,2.507739908,158.6303284,0,0,0,0,0,0.79291,0,0,0,0,0,0,0.000270656,2.5295E-05,0
71,270,228.96,2.507739908,158.6303284,0,0,0,0,0,0.049829,0,0,0,0,0.275259,0,0.000270656,2.5295E-05,0
71,270,228.96,2.507739908,158.6303284,0,0,0,0,0,0,0,0,0,0,0.30174,0,0.000270656,2.5295E-05,0
71,270,228.96,2.507739908,158.6303284,0,0,0,0,0,0,0,0,0,0,0.72174,0,0.000270656,2.5295E-05,0
71,270,228.96,2.507739908,158.6303284,0,0,0,0,0,0,0.40452,0,0,0,0.151728,0,0.000270656,2.5295E-05,0
71,270,228.96,2.507739908,158.6303284,0,0,0,0,0,0,0,0,0,0,0,0,0.000270656,2.5295E-05,0
71,270,228.96,2.507739908,158.6303284,0.010052,0,0,0.008333,0,0,0,0,0,0,0.151728,0,0.000270656,2.5295E-05,0
71,270,228.96,2.507739908,158.6303284,0,0,0,0,0,0,0,0,0,0,0.50493,0,0.000270656,2.5295E-05,0
71,270,228.96,2.507739908,158.6303284,0.43529,0.009018,0,0.00524,0,0,0.13028,0,0,0,0,0,0.000270656,2.5295E-05,0
71,270,228.96,2.507739908,158.6303284,0.040524,0,0,0,0,0,0,0,0,0,0.273339,0,0.000270656,2.5295E-05,0
71,270,228.96,2.507739908,158.6303284,0,0,0,0,0,0,0.021726,0,0,0,0,0,0.000270656,2.5295E-05,0
71,270,228.96,2.507739908,158.6303284,0,0,0,0,0,0,0,0,0,0,0,0,0.000270656,2.5295E-05,0
71,270,228.96,2.507739908,158.6303284,1.7,0,0,0,0,0,0,0,0,0,0.151728,0,0.000270656,2.5295E-05,0
71,270,228.96,2.507739908,158.6303284,0.084223,0,0,0.008523,0,0,0.40452,0,0,0,0,0,0.000270656,2.5295E-05,0
71,270,228.96,2.507739908,158.6303284,0,0,0,0,0,0,0,0,0,0,0.273021,0,0.000270656,2.5295E-05,0
71,270,228.96,2.507739908,158.6303284,0,0,0,0,0,0,0,0,0,0,0.151728,0,0.000270656,2.5295E-05,0
71,270,228.96,2.507739908,158.6303284,0.67562,0,0,0,0,0,0.059897,0,0,0,0,0,0.000270656,2.5295E-05,0
71,270,228.96,2.507739908,158.6303284,0.004213,1.242,0,0,0,0,0,0,0,0,0.37014,0,0.000270656,2.5295E-05,0
71,270,228.96,2.507739908,158.6303284,0,0,0,0,0,0,0,0,0,0,0,0,0.000270656,2.5295E-05,0
71,270,228.96,2.507739908,158.6303284,0.005958,0.008333,0,0,0,0,0.13028,0,0,0,0.280587,0,0.000270656,2.5295E-05,0
71,270,228.96,2.507739908,158.6303284,0,0,0,0,0,0,0,0,0,0,0.27711,0,0.000270656,2.5295E-05,0
71,270,228.96,2.507739908,158.6303284,0,0,0,0,0,0,0,0,0,0,0.151728,0,0.000270656,2.5295E-05,0
71,270,228.96,2.507739908,158.6303284,0,0.96595,0,0,0,0,0,0,0,0,0.269961,0,0.000270656,2.5295E-05,0
71,270,228.96,2.507739908,158.6303284,0.32526,0,0,0,0,0,0,0,0,0,1.64958,0,0.000270656,2.5295E-05,0
71,270,228.96,2.507739908,158.6303284,0,0,0,0,0,0.036129,0,0,0,0,1.97832,0,0.000270656,2.5295E-05,0
71,270,228.96,2.507739908,158.6303284,0,0,0,0,0,0,0,0,0,0,0,0,0.000270656,2.5295E-05,0
71,270,228.96,2.507739908,158.6303284,0,0,0,0,0,0,0,0,0,0,0.31755,0,0.000270656,2.5295E-05,0
71,270,228.96,2.507739908,158.6303284,0,0,0,0,0,0,0,0,0,0,0.151728,0,0.000270656,2.5295E-05,0
71,270,228.96,2.507739908,158.6303284,0,0,0,0,0,0,0,0,0,0,0.151728,0,0.000270656,2.5295E-05,0
71,270,228.96,2.507739908,158.6303284,0,0,0,0,0,0,0,0,0,0,0.50493,0,0.000270656,2.5295E-05,0
71,270,228.96,2.507739908,158.6303284,0,0,0,0,0,0,0,0,0,0,2.20755,0,0.000270656,2.5295E-05,0
71,270,228.96,2.507739908,158.6303284,0,0,0,0,0,0,0,0,0,0,1.01106,0,0.000270656,2.5295E-05,0
71,270,228.96,2.507739908,158.6303284,0,0,0,0,0,0,0,0,0,0,0.31059,0,0.000270656,2.5295E-05,0
71,270,228.96,2.507739908,158.6303284,0,0,0,0,0,0,0,0,0,0,1.51233,0,0.000270656,2.5295E-05,0
71,270,228.96,2.507739908,158.6303284,0,0,0,0,0,0,0,0,0,0,0.151728,0,0.000270656,2.5295E-05,0
71,270,228.96,2.507739908,158.6303284,0,0,0,0,0,0,0,0,0,0,0.151728,0,0.000270656,2.5295E-05,0
71,270,228.96,2.507739908,158.6303284,0,0,0,0,0,0,0,0,0,0,0.151728,0,0.000270656,2.5295E-05,0
71,270,228.96,2.507739908,158.6303284,0,0,0,0,0,0,0.13028,0,0,0,0,0,0.000270656,2.5295E-05,0
71,270,228.96,2.507739908,158.6303284,0,0.13865,0,0,0,0,0,0,0,0,0.38949,0,0.000270656,2.5295E-05,0
71,270,228.96,2.507739908,158.6303284,0,0,0,0,0,0,0,0,0,0,0.151728,0,0.000270656,2.5295E-05,0
71,270,228.96,2.507739908,158.6303284,0,0,0,0,0,0,0,0,0,0,0,0,0.000270656,2.5295E-05,0
71,270,228.96,2.507739908,158.6303284,0,0,0,0,0,0,0,0,0,0,0,0,0.000270656,2.5295E-05,0
71,270,228.96,2.507739908,158.6303284,0.0065409,0,0,0,0,0,0.021726,0,0,0,0.273018,0,0.000270656,2.5295E-05,0
71,270,228.96,2.507739908,158.6303284,0,0,0,0,0,0,0,0,0,0,0.31755,0,0.000270656,2.5295E-05,0
71,270,228.96,2.507739908,158.6303284,0,1.4122,0,0,0,0,0.13028,0,0,0,0,0,0.000270656,2.5295E-05,0
71,270,228.96,2.507739908,158.6303284,0,0.43211,0,0,0,0,0,0,0,0,0.275259,0,0.000270656,2.5295E-05,0
71,270,228.96,2.507739908,158.6303284,0.0075217,0.82621,0,0,0,0,0,0,0,0,0.151728,0,0.000270656,2.5295E-05,0
71,270,228.96,2.507739908,158.6303284,0,0,0,0,0,0,0,0,0,0,0,0,0.000270656,2.5295E-05,0
71,270,228.96,2.507739908,158.6303284,0,0,0,0,0,0,0,0,0,0,0.279585,0,0.000270656,2.5295E-05,0
71,270,228.96,2.507739908,158.6303284,0,0,0,0,0,0,0,0,0,0,0.31125,0,0.000270656,2.5295E-05,0
71,270,228.96,2.507739908,158.6303284,0,0,0,0,0,0,1.6669,0,0,0,0.151728,0,0.000270656,2.5295E-05,0
71,270,228.96,2.507739908,158.6303284,0.41388,0,0,0,0,0,0,0,0,0,0.151728,0,0.000270656,2.5295E-05,0
71,270,228.96,2.507739908,158.6303284,0,0,0,0,0,0,0,0,0,0,0.31125,0,0.000270656,2.5295E-05,0
71,270,228.96,2.507739908,158.6303284,0.66097,0,0,0,0,0,0,0,0,0,0,0,0.000270656,2.5295E-05,0
71,270,228.96,2.507739908,158.6303284,0,0,0,0,0,0,0.60778,0,0,0,0,0,0.000270656,2.5295E-05,0
71,270,228.96,2.507739908,158.6303284,0,0,0,0,0,0,0,0,0,0,0.151728,0,0.000270656,2.5295E-05,0
71,270,228.96,2.507739908,158.6303284,0,0,0,0,0,0,0,0,0,0,0,0,0.000270656,2.5295E-05,0
71,270,228.96,2.507739908,158.6303284,0,0,0,0,0,0.22852,0,0,0,0,0.78174,0,0.000270656,2.5295E-05,0
71,270,228.96,2.507739908,158.6303284,0,0,0,0,0,0,0,0,0,0,0,0,0.000270656,2.5295E-05,0
71,270,228.96,2.507739908,158.6303284,0.00052,0,0,0,0,0,0.42744,0,0,0,0.151728,0,0.000270656,2.5295E-05,0
71,270,228.96,2.507739908,158.6303284,0,0.001326,0,0,0,0,0,0,0,0,0.151728,0,0.000270656,2.5295E-05,0
71,270,228.96,2.507739908,158.6303284,0,0,0,0,0,0,0,0,0,0,0.211728,0,0.000270656,2.5295E-05,0
71,270,228.96,2.507739908,158.6303284,0,0,0,0,0,0,1.7163,0,0,0,0.151728,0,0.000270656,2.5295E-05,0
71,270,228.96,2.507739908,158.6303284,0.089174,0,0,0,0,0,0,0,0,0,0.273018,0,0.000270656,2.5295E-05,0
71,270,228.96,2.507739908,158.6303284,0,0,0,0,0,0,0,0,0,0,0.181728,0,0.000270656,2.5295E-05,0
71,270,228.96,2.507739908,158.6303284,0,0,0,1.5592,0,0,0,0,0,0,0.151728,0,0.000270656,2.5295E-05,0
71,270,228.96,2.507739908,158.6303284,0,0,0,0,0,0.79291,0,0,0,0,0,0,0.000270656,2.5295E-05,0
71,270,228.96,2.507739908,158.6303284,0,0,0,0,0,0,0,0,0,0,0.241728,0,0.000270656,2.5295E-05,0
71,270,228.96,2.507739908,158.6303284,0.04429,0,0,0,0,0,0.42744,0,0,0,0.151728,0,0.000270656,2.5295E-05,0
71,270,228.96,2.507739908,158.6303284,0,0,0,0,0,0,0.008333,0,0,0,0.151728,0,0.000270656,2.5295E-05,0
71,270,228.96,2.507739908,158.6303284,0.0081166,0.066827,0,0,0,0,0,0,0,0,0.151728,0,0.000270656,2.5295E-05,0
71,270,228.96,2.507739908,158.6303284,0,0,0,0,0,0,0,0,0,0,0.286086,0,0.000270656,2.5295E-05,0
71,270,228.96,2.507739908,158.6303284,0,0,0,0,0,0,0,0,0,0,0.151728,0,0.000270656,2.5295E-05,0
71,270,228.96,2.507739908,158.6303284,0,0,0,0,0,0,0,0,0,0,1.19187,0,0.000270656,2.5295E-05,0
71,270,228.96,2.507739908,158.6303284,0,0,0,0,0,0,0,0,0,0,0,0,0.000270656,2.5295E-05,0
71,270,228.96,2.507739908,158.6303284,0,0,0,0,0,0,0,0,0,0,0,0,0.000270656,2.5295E-05,0
71,270,228.96,2.507739908,158.6303284,0,0,0,0,0,0,0,0,0,0,0.151728,0,0.000270656,2.5295E-05,0
71,270,228.96,2.507739908,158.6303284,0,0.013345,0,0.00387,0,0,0,0,0,0,0.151728,0,0.000270656,2.5295E-05,0
71,270,228.96,2.507739908,158.6303284,0,0,0,0,0,0,0.13028,0,0,0,0.73911,0,0.000270656,2.5295E-05,0
71,270,228.96,2.507739908,158.6303284,0,0,0,0,0,0,0,0,0,0,0,0,0.000270656,2.5295E-05,0
71,270,228.96,2.507739908,158.6303284,0,0,0,0,0,0,0.059897,0,0,0,0,0,0.000270656,2.5295E-05,0
71,270,228.96,2.507739908,158.6303284,0,0,0,0,0,0,0,0,0,0,1.90248,0,0.000270656,2.5295E-05,0
71,270,228.96,2.507739908,158.6303284,0.1963,0,0,0,0,0,0,0,0,0,0,0,0.000270656,2.5295E-05,0
71,270,228.96,2.507739908,158.6303284,0.58804,0,0,0,0,0,0,0,0,0,0.151728,0,0.000270656,2.5295E-05,0
71,270,228.96,2.507739908,158.6303284,0,0,0,0,0,0,0,0,0,0,0.181728,0,0.000270656,2.5295E-05,0
71,270,228.96,2.507739908,158.6303284,0,0,0,0.68263,0,0,0,0,0,0,0.151728,0,0.000270656,2.5295E-05,0
71,270,228.96,2.507739908,158.6303284,0,0.003538,0,0,0,0,0,0,0,0,0.151728,0,0.000270656,2.5295E-05,0
71,270,228.96,2.507739908,158.6303284,0,0,0,0,0,0,0,0,0,0,0,0,0.000270656,2.5295E-05,0
71,270,228.96,2.507739908,158.6303284,0,0,0,0,0,0,0,0,0,0,1.21974,0,0.000270656,2.5295E-05,0
71,270,228.96,2.507739908,158.6303284,0,0,0,0,0,0,0,0,0,0,1.65174,0,0.000270656,2.5295E-05,0
71,270,228.96,2.507739908,158.6303284,0.15688,0,0,0,0,0,0,0,0,0,0.151728,0,0.000270656,2.5295E-05,0
71,270,228.96,2.507739908,158.6303284,0,0,0,0,0,0,0,0,0,0,0.151728,0,0.000270656,2.5295E-05,0
71,270,228.96,2.507739908,158.6303284,0,0,0,0,0,0.79321,0,0,0,0,0.33174,0,0.000270656,2.5295E-05,0
71,270,228.96,2.507739908,158.6303284,0,0,0,0,0,0,0,0,0,0,0,0,0.000270656,2.5295E-05,0
71,270,228.96,2.507739908,158.6303284,0,0,0,0.57658,0,0,0.59876,0,0,0,0,0,0.000270656,2.5295E-05,0
71,270,228.96,2.507739908,158.6303284,0,0,0,0,0,0,0,0,0,0,0.285792,0,0.000270656,2.5295E-05,0
71,270,228.96,2.507739908,158.6303284,0,0,0,0,0,0.77921,0.13028,0,0,0,0,0,0.000270656,2.5295E-05,0
71,270,228.96,2.507739908,158.6303284,0,0.018138,0,0,0,0,0,0,0,0,0,0,0.000270656,2.5295E-05,0
71,270,228.96,2.507739908,158.6303284,0,0,0,0,0,0,0,0,0,0,0.151728,0,0.000270656,2.5295E-05,0
71,270,228.96,2.507739908,158.6303284,0,0,0,0,0,0,0,0,0,0,0,0,0.000270656,2.5295E-05,0
71,270,228.96,2.507739908,158.6303284,0.41388,0,0,0,0,0,0,0,0,0,0.151728,0,0.000270656,2.5295E-05,0
71,270,228.96,2.507739908,158.6303284,0,0,0,0.070657,0,0,0,0,0,0,0.151728,0,0.000270656,2.5295E-05,0
71,270,228.96,2.507739908,158.6303284,0,0,0,0,0,0,0,0,0,0,0.151728,0,0.000270656,2.5295E-05,0
71,270,228.96,2.507739908,158.6303284,0.014654,0,0,0.008333,0,0,0,0,0,0,0.151728,0,0.000270656,2.5295E-05,0
71,270,228.96,2.507739908,158.6303284,0.016666,0,0,0,0,0,0,0,0,0,0,0,0.000270656,2.5295E-05,0
71,270,228.96,2.507739908,158.6303284,0.00021,0,0,0,0,0,0,0,0,0,0.45174,0,0.000270656,2.5295E-05,0
71,270,228.96,2.507739908,158.6303284,0,0.008333,0,0,0,0,0,0,0,0,0,0,0.000270656,2.5295E-05,0
71,270,228.96,2.507739908,158.6303284,0,0,0,0,0,0,0,0,0,0,0,0,0.000270656,2.5295E-05,0
71,270,228.96,2.507739908,158.6303284,0.22468,0,0,0,0,0,0,0,0,0,0,0,0.000270656,2.5295E-05,0
71,270,228.96,2.507739908,158.6303284,0,0,0,0,0,0,0,0,0,0,0.51381,0,0.000270656,2.5295E-05,0
71,270,228.96,2.507739908,158.6303284,0.035789,0,0,0,0,0,0.13028,0,0,0,1.1697,0,0.000270656,2.5295E-05,0
71,270,228.96,2.507739908,158.6303284,0,0.59972,0,0,0,0,0,0,0,0,0,0,0.000270656,2.5295E-05,0
71,270,228.96,2.507739908,158.6303284,0,0,0,0,0,0,0,0,0,0,0.151728,0,0.000270656,2.5295E-05,0
71,270,228.96,2.507739908,158.6303284,0,0,0,0,0,0,0,0,0,0,0.84174,0,0.000270656,2.5295E-05,0
71,270,228.96,2.507739908,158.6303284,0,0,0,0,0,0,0,0,0,0,0.279615,0,0.000270656,2.5295E-05,0
71,270,228.96,2.507739908,158.6303284,0.33806,0,0,0,0,0,0,0,0,0,0.151728,0,0.000270656,2.5295E-05,0
71,270,228.96,2.507739908,158.6303284,0,0,0,0,0,0,0,0,0,0,0,0,0.000270656,2.5295E-05,0
71,270,228.96,2.507739908,158.6303284,0,0,0,0,0,0,0,0,0,0,0,0,0.000270656,2.5295E-05,0
71,270,228.96,2.507739908,158.6303284,0.016315,0,0,0,0,0,0,0,0,0,0.151728,0,0.000270656,2.5295E-05,0
71,270,228.96,2.507739908,158.6303284,0,0,0,0,0,0,0,0,0,0,0.151728,0,0.000270656,2.5295E-05,0
71,270,228.96,2.507739908,158.6303284,0,0,0,0,0,0,0,0,0,0,0,0,0.000270656,2.5295E-05,0
71,270,228.96,2.507739908,158.6303284,0.002784,0,0,0.6082,0,0,0,0,0,0,0,0,0.000270656,2.5295E-05,0
71,270,228.96,2.507739908,158.6303284,0,0,0,0,0,0,0,0,0,0,0.278526,0,0.000270656,2.5295E-05,0
71,270,228.96,2.507739908,158.6303284,0,0,0,0,0,0,0,0,0,0,0,0,0.000270656,2.5295E-05,0
71,270,228.96,2.507739908,158.6303284,0,0,0,0,0,0,0,0,0,0,2.41287,0,0.000270656,2.5295E-05,0
71,270,228.96,2.507739908,158.6303284,0,0,0,0,0,0,0,0,0,0,0,0,0.000270656,2.5295E-05,0
71,270,228.96,2.507739908,158.6303284,0,0,0,0,0,0,0,0,0,0,1.08339,0,0.000270656,2.5295E-05,0
71,270,228.96,2.507739908,158.6303284,0,0,0,0,0,0,0,0,0,0,1.01106,0,0.000270656,2.5295E-05,0
71,270,228.96,2.507739908,158.6303284,0,0.047828,0,0,0,0,0,0,0,0,0.93813,0,0.000270656,2.5295E-05,0
71,270,228.96,2.507739908,158.6303284,0.0077682,0,0,0,0,0,0,0,0,0,0.53757,0,0.000270656,2.5295E-05,0
71,270,228.96,2.507739908,158.6303284,0,0,0,0,0,0,0,0,0,0,0.75174,0,0.000270656,2.5295E-05,0
71,270,228.96,2.507739908,158.6303284,0,0,0,0,0,0,0,0,0,0,0,0,0.000270656,2.5295E-05,0
71,270,228.96,2.507739908,158.6303284,0,0,0,0,0,0,0,0,0,0,0.278526,0,0.000270656,2.5295E-05,0
71,270,228.96,2.507739908,158.6303284,0,0,0,0,0,0,0,0,0,0,0,0,0.000270656,2.5295E-05,0
71,270,228.96,2.507739908,158.6303284,0.016667,0,0,0,0,0,0,0,0,0,0,0,0.000270656,2.5295E-05,0
71,270,228.96,2.507739908,158.6303284,0,0,0,0,0,0,0.059897,0,0,0,0,0,0.000270656,2.5295E-05,0
71,270,228.96,2.507739908,158.6303284,0,0,0,0,0,0,0,0,0,0,2.20755,0,0.000270656,2.5295E-05,0
71,270,228.96,2.507739908,158.6303284,0,0,0,0,0,0,0.13028,0,0,0,0.151728,0,0.000270656,2.5295E-05,0
71,270,228.96,2.507739908,158.6303284,0,0,0,0,0,0,0,0,0,0,0,0,0.000270656,2.5295E-05,0
71,270,228.96,2.507739908,158.6303284,0,0.36316,0,0,0,0,0,0,0,0,0.151728,0,0.000270656,2.5295E-05,0
71,270,228.96,2.507739908,158.6303284,0,0,0,0,0,0,0,0,0,0,0.57,0,0.000270656,2.5295E-05,0
71,270,228.96,2.507739908,158.6303284,0.32526,0,0,0.008333,0,0,0,0,0,0,1.42239,0,0.000270656,2.5295E-05,0
71,270,228.96,2.507739908,158.6303284,0,0.008722,0,0,0,0,0,0,0,0,0,0,0.000270656,2.5295E-05,0
71,270,228.96,2.507739908,158.6303284,0,0.0093415,0,0,0,0,0,0,0,0,0,0,0.000270656,2.5295E-05,0
71,270,228.96,2.507739908,158.6303284,0,0,0,0,0,0,0,0,0,0,0.290478,0,0.000270656,2.5295E-05,0
71,270,228.96,2.507739908,158.6303284,0,0.00387,0,0.0021738,0,0,0,0,0,0,0.151728,0,0.000270656,2.5295E-05,0
71,270,228.96,2.507739908,158.6303284,0,0,0,0,0,0,0,0,0,0,0.151728,0,0.000270656,2.5295E-05,0
71,270,228.96,2.507739908,158.6303284,0,0,0,0,0,0,0,0,0,0,0.286419,0,0.000270656,2.5295E-05,0
71,270,228.96,2.507739908,158.6303284,0,0,0,0,0,0,0,0,0,0,0.273384,0,0.000270656,2.5295E-05,0
71,270,228.96,2.507739908,158.6303284,0,0,0,0,0,0,0,0,0,0,0.151728,0,0.000270656,2.5295E-05,0
71,270,228.96,2.507739908,158.6303284,0,1.9901,0,0,0,0,0,0,0,0,0.151728,0,0.000270656,2.5295E-05,0
71,270,228.96,2.507739908,158.6303284,0,0,0,0.00524,0,0,0,0,0,0,0,0,0.000270656,2.5295E-05,0
71,270,228.96,2.507739908,158.6303284,0,0,0,0,0,0,0,0,0,0,0.151728,0,0.000270656,2.5295E-05,0
71,270,228.96,2.507739908,158.6303284,0,0,0,0,0,0,0,0,0,0,0,0,0.000270656,2.5295E-05,0
71,270,228.96,2.507739908,158.6303284,0,0,0,0,0,0,0,0,0,0,0.151728,0,0.000270656,2.5295E-05,0
71,270,228.96,2.507739908,158.6303284,0,0,0,0,0,0,0,0,0,0,0.151728,0,0.000270656,2.5295E-05,0
71,270,228.96,2.507739908,158.6303284,0,0,0,0,0,0,0.13028,0,0,0,0.151728,0,0.000270656,2.5295E-05,0
71,270,228.96,2.507739908,158.6303284,0.035318,0,0,0,0,0,0,0,0,0,0.151728,0,0.000270656,2.5295E-05,0
71,270,228.96,2.507739908,158.6303284,0,0,0,0,0,0,0,0,0,0,0,0,0.000270656,2.5295E-05,0
71,270,228.96,2.507739908,158.6303284,0,0,0,0,0,0,0,0,0,0,0.30174,0,0.000270656,2.5295E-05,0
71,270,228.96,2.507739908,158.6303284,0,0,0,0.002868,0,0,0,0,0,0,0,0,0.000270656,2.5295E-05,0
71,270,228.96,2.507739908,158.6303284,0,0,0,0,0,0,0.13028,0,0,0,1.62018,0,0.000270656,2.5295E-05,0
71,270,228.96,2.507739908,158.6303284,0,0,0,0,0,0,0,0,0,0,1.21974,0,0.000270656,2.5295E-05,0
71,270,228.96,2.507739908,158.6303284,0,1.242,0,0,0,0,0,0,0,0,0.279489,0,0.000270656,2.5295E-05,0
71,270,228.96,2.507739908,158.6303284,0.003539,0,0,0,0,0,0,0,0,0,0,0,0.000270656,2.5295E-05,0
71,270,228.96,2.507739908,158.6303284,0,0.33882,0,0,0,0,0,0,0,0,0.151728,0,0.000270656,2.5295E-05,0
71,270,228.96,2.507739908,158.6303284,0.034341,0,0,0,0,0,0,0,0,0,0,0,0.000270656,2.5295E-05,0
71,270,228.96,2.507739908,158.6303284,0.5001,0,0,0,0,0,0,0,0,0,0.151728,0,0.000270656,2.5295E-05,0
71,270,228.96,2.507739908,158.6303284,0,0,0,0,0,0,0,0,0,0,0,0,0.000270656,2.5295E-05,0
71,270,228.96,2.507739908,158.6303284,0.0081166,0,0,0,0,0,0,0,0,0,0,0,0.000270656,2.5295E-05,0
71,270,228.96,2.507739908,158.6303284,2.0562,0.005459,0,0,0,0,0,0,0,0,0.151728,0,0.000270656,2.5295E-05,0
71,270,228.96,2.507739908,158.6303284,0,0,0,0,0,0,0.13028,0,0,0,0.151728,0,0.000270656,2.5295E-05,0
71,270,228.96,2.507739908,158.6303284,0,0,0,0,0,0,0,0,0,0,0.275769,0,0.000270656,2.5295E-05,0
71,270,228.96,2.507739908,158.6303284,0,0,0,0,0,0,0,0,0,0,0.151728,0,0.000270656,2.5295E-05,0
71,270,228.96,2.507739908,158.6303284,0,0,0,0,0,0,0.13028,0,0,0,0,0,0.000270656,2.5295E-05,0
71,270,228.96,2.507739908,158.6303284,0.92918,0,0,0,0,0.77921,0,0,0,0,0,0,0.000270656,2.5295E-05,0
71,270,228.96,2.507739908,158.6303284,0,0,0,0,0,0,2.4054,0,0,0,0,0,0.000270656,2.5295E-05,0
71,270,228.96,2.507739908,158.6303284,0,0.007697,0,0,0,0,0,0,0,0,0.73911,0,0.000270656,2.5295E-05,0
71,270,228.96,2.507739908,158.6303284,0,0,0,0.010021,0,0,0,0,0,0,0.151728,0,0.000270656,2.5295E-05,0
71,270,228.96,2.507739908,158.6303284,0,0,0,0,0,0,0,0,0,0,0.151728,0,0.000270656,2.5295E-05,0
71,270,228.96,2.507739908,158.6303284,0,0,0,0,0,0,0,0,0,0,1.57179,0,0.000270656,2.5295E-05,0
71,270,228.96,2.507739908,158.6303284,0,0,0,0,0,0,0,0,0,0,1.05978,0,0.000270656,2.5295E-05,0
71,270,228.96,2.507739908,158.6303284,0,0,0,0,0,0,0,0,0,0,2.13174,0,0.000270656,2.5295E-05,0
71,270,228.96,2.507739908,158.6303284,0.14171,0.001292,0,0,0,0,0,0,0,0,0.72174,0,0.000270656,2.5295E-05,0
71,270,228.96,2.507739908,158.6303284,0,0,0,0,0,0,0,0,0,0,0.94704,0,0.000270656,2.5295E-05,0
71,270,228.96,2.507739908,158.6303284,0,0,0,0,0,0,1.7503,0,0,0,0,0,0.000270656,2.5295E-05,0
71,270,228.96,2.507739908,158.6303284,0,0,0,0,0,0,0,0,0,0,0.151728,0,0.000270656,2.5295E-05,0
71,270,228.96,2.507739908,158.6303284,0,0,0,0,0,0,0,0,0,0,0.151728,0,0.000270656,2.5295E-05,0
71,270,228.96,2.507739908,158.6303284,0.010743,0,0,0,0,0,0,0,0,0,0,0,0.000270656,2.5295E-05,0
71,270,228.96,2.507739908,158.6303284,0.016666,0,0,0,0,0,0.13028,0,0,0,0,0,0.000270656,2.5295E-05,0
71,270,228.96,2.507739908,158.6303284,0,0.012614,0,0,0,0,0,0,0,0,0.151728,0,0.000270656,2.5295E-05,0
71,270,228.96,2.507739908,158.6303284,0,0,0,0,0,0,0.40452,0,0,0,0,0,0.000270656,2.5295E-05,0
71,270,228.96,2.507739908,158.6303284,0,0,0,0,0,0.64454,0,0,0,0,0,0,0.000270656,2.5295E-05,0
71,270,228.96,2.507739908,158.6303284,0.034341,0,0,0,0,0,0,0,0,0,0.151728,0,0.000270656,2.5295E-05,0
71,270,228.96,2.507739908,158.6303284,0,0,0,0,0,0,0.10863,0,0,0,0.151728,0,0.000270656,2.5295E-05,0
71,270,228.96,2.507739908,158.6303284,0,0,0,0,0,0,0,0,0,0,0,0,0.000270656,2.5295E-05,0
71,270,228.96,2.507739908,158.6303284,0,0,0,0,0,0,0,0,0,0,0.286086,0,0.000270656,2.5295E-05,0
71,270,228.96,2.507739908,158.6303284,0,0,0,0,0,0,0,0,0,0,0,0,0.000270656,2.5295E-05,0
71,270,228.96,2.507739908,158.6303284,0,0,0,0,0,0,0,0,0,0,0.151728,0,0.000270656,2.5295E-05,0
71,270,228.96,2.507739908,158.6303284,1.4231,0,0,0,0,0,0,0,0,0,0.181728,0,0.000270656,2.5295E-05,0
71,270,228.96,2.507739908,158.6303284,0.6449,0.01986,0,0,0,0,0,0,0,0,1.33728,0,0.000270656,2.5295E-05,0
71,270,228.96,2.507739908,158.6303284,0,0,0,0,0,0,0.13028,0,0,0,0,0,0.000270656,2.5295E-05,0
71,270,228.96,2.507739908,158.6303284,0,0,0,0,0,0,0,0,0,0,0.151728,0,0.000270656,2.5295E-05,0
71,270,228.96,2.507739908,158.6303284,0.070537,0.002998,0,0,0,0,0,0,0,0,0.151728,0,0.000270656,2.5295E-05,0
71,270,228.96,2.507739908,158.6303284,0,0,0,0,0,0,0.80081,0,0,0,0,0,0.000270656,2.5295E-05,0
71,270,228.96,2.507739908,158.6303284,0.000172,0,0,0,0,0,0,0,0,0,1.21974,0,0.000270656,2.5295E-05,0
71,270,228.96,2.507739908,158.6303284,0.0061714,0,0,0,0,0.78033,0,0,0,0,0.151728,0,0.000270656,2.5295E-05,0
71,270,228.96,2.507739908,158.6303284,0,0,0,0,0,0,0,0,0,0,0,0,0.000270656,2.5295E-05,0
71,270,228.96,2.507739908,158.6303284,0.012001,0,0,0.93253,0,0,0,0,0,0,0.70503,0,0.000270656,2.5295E-05,0
71,270,228.96,2.507739908,158.6303284,0.017562,0,0,0,0,0,0,0,0,0,0,0,0.000270656,2.5295E-05,0
71,270,228.96,2.507739908,158.6303284,0,0,0,0.008333,0,0,0,0,0,0,0.151728,0,0.000270656,2.5295E-05,0
71,270,228.96,2.507739908,158.6303284,0,0,0.002355,0,0,0,0.13028,0,0,0,0.151728,0,0.000270656,2.5295E-05,0
71,270,228.96,2.507739908,158.6303284,0,0,0,0,0,0,0.059897,0,0,0,0,0,0.000270656,2.5295E-05,0
71,270,228.96,2.507739908,158.6303284,0,0,0,0,0,0,0,0,0,0,0,0,0.000270656,2.5295E-05,0
71,270,228.96,2.507739908,158.6303284,0.034341,0.96595,0,0,0,0,0,0,0,0,0.151728,0,0.000270656,2.5295E-05,0
71,270,228.96,2.507739908,158.6303284,0,0,0,0.012157,0,0,0,0,0,0,0,0,0.000270656,2.5295E-05,0
71,270,228.96,2.507739908,158.6303284,0.13908,0,0,0,0,0,0.13028,0,0,0,0,0,0.000270656,2.5295E-05,0
71,270,228.96,2.507739908,158.6303284,0,0,0,0,0,0,0,0,0,0,0.151728,0,0.000270656,2.5295E-05,0
71,270,228.96,2.507739908,158.6303284,0.016666,0,0,0,0,0,0.13028,0,0,0,0.151728,0,0.000270656,2.5295E-05,0
71,270,228.96,2.507739908,158.6303284,0,0,0,0,0,0,0,0,0,0,0.151728,0,0.000270656,2.5295E-05,0
71,270,228.96,2.507739908,158.6303284,0,0,0,0,0,0.79321,0,0,0,0,0.151728,0,0.000270656,2.5295E-05,0
71,270,228.96,2.507739908,158.6303284,0,0,0,0,0,0.7776,0,0,0,0,0.288246,0,0.000270656,2.5295E-05,0
71,270,228.96,2.507739908,158.6303284,0,0.0087735,0,0,0,0,0,0,0,0,0.151728,0,0.000270656,2.5295E-05,0
71,270,228.96,2.507739908,158.6303284,0,0,0.11198,0,0,0,0,0,0,0,0.151728,0,0.000270656,2.5295E-05,0
71,270,228.96,2.507739908,158.6303284,0,0,0,0,0,0,0,0,0,0,0.273021,0,0.000270656,2.5295E-05,0
71,270,228.96,2.507739908,158.6303284,0,0,0,0,0,0,0,0,0,0,0.151728,0,0.000270656,2.5295E-05,0
71,270,228.96,2.507739908,158.6303284,1.6777,0,0,0,0,0,0,0,0,0,0.75174,0,0.000270656,2.5295E-05,0
71,270,228.96,2.507739908,158.6303284,0.074329,0,0,0,0,0,0,0,0,0,0.151728,0,0.000270656,2.5295E-05,0
71,270,228.96,2.507739908,158.6303284,0,0.006456,0,0,0,0,0,0,0,0,1.57107,0,0.000270656,2.5295E-05,0
71,270,228.96,2.507739908,158.6303284,0.003295,0,0,0,0,0,0.60778,0,0,0,0.151728,0,0.000270656,2.5295E-05,0
71,270,228.96,2.507739908,158.6303284,0,0,0,0.04745,0,0,0.13028,0,0,0,0.151728,0,0.000270656,2.5295E-05,0
71,270,228.96,2.507739908,158.6303284,0,0,0.09387,0,0,0,0,0,0,0,0,0,0.000270656,2.5295E-05,0
71,270,228.96,2.507739908,158.6303284,0,0,0,0,0,0,0,0,0,0,0.44541,0,0.000270656,2.5295E-05,0
71,270,228.96,2.507739908,158.6303284,0,0.22052,0,0,0,0,0,0,0,0,0.151728,0,0.000270656,2.5295E-05,0
71,270,228.96,2.507739908,158.6303284,0.17485,0,0,0,0,0,0,0,0,0,0,0,0.000270656,2.5295E-05,0
71,270,228.96,2.507739908,158.6303284,0,0,0,0,0,0,0,0,0,0,0.151728,0,0.000270656,2.5295E-05,0
71,270,228.96,2.507739908,158.6303284,0,0,0,0,0,0,0,0,0,0,0.151728,0,0.000270656,2.5295E-05,0
71,270,228.96,2.507739908,158.6303284,0.025779,0,0,0,0,0,0,0,0,0,0.151728,0,0.000270656,2.5295E-05,0
71,270,228.96,2.507739908,158.6303284,0,0,0,0,0,0,0,0,0,0,0.151728,0,0.000270656,2.5295E-05,0
71,270,228.96,2.507739908,158.6303284,0,0,0,0,0,0,0,0,0,0,0,0,0.000270656,2.5295E-05,0
71,270,228.96,2.507739908,158.6303284,0,0,0,0,0,0,0,0,0,0,0,0,0.000270656,2.5295E-05,0
71,270,228.96,2.507739908,158.6303284,0,0,0,0,0,0,0,0,0,0,0,0,0.000270656,2.5295E-05,0
71,270,228.96,2.507739908,158.6303284,0,0,0,0,0,0,0,0,0,0,0,0,0.000270656,2.5295E-05,0
71,270,228.96,2.507739908,158.6303284,0.22468,0,0,0,0,0,0,0,0,0,0,0,0.000270656,2.5295E-05,0
71,270,228.96,2.507739908,158.6303284,0,0,0,0,0,0,0.40452,0,0,0,0.151728,0,0.000270656,2.5295E-05,0
71,270,228.96,2.507739908,158.6303284,0,0,0,0.008644,0,0,0,0,0,0,2.31141,0,0.000270656,2.5295E-05,0
71,270,228.96,2.507739908,158.6303284,0,0,0,0,0,0,0,0,0,0,0.151728,0,0.000270656,2.5295E-05,0
71,270,228.96,2.507739908,158.6303284,0,0,0,0,0,0,0,0,0,0,0.151728,0,0.000270656,2.5295E-05,0
71,270,228.96,2.507739908,158.6303284,0,0,0,0,0,0,0,0,0,0,0.151728,0,0.000270656,2.5295E-05,0
71,270,228.96,2.507739908,158.6303284,0.17204,0,0,0.019813,0,0,0,0,0,0,0.151728,0,0.000270656,2.5295E-05,0
71,270,228.96,2.507739908,158.6303284,0,0,0,0,0,0,0,0,0,0,0.181728,0,0.000270656,2.5295E-05,0
71,270,228.96,2.507739908,158.6303284,0,0,0,0,0,0,0,0,0,0,0.151728,0,0.000270656,2.5295E-05,0
71,270,228.96,2.507739908,158.6303284,0,0,0,0,0,0,0,0,0,0,0.285792,0,0.000270656,2.5295E-05,0
71,270,228.96,2.507739908,158.6303284,0,0,0,0,0,0,0,0,0,0,0,0,0.000270656,2.5295E-05,0
71,270,228.96,2.507739908,158.6303284,0.002068,0,0,0,0,0,0,0,0,0,0.273339,0,0.000270656,2.5295E-05,0
71,270,228.96,2.507739908,158.6303284,0,0,0,0,0,0,0,0,0,0,2.21292,0,0.000270656,2.5295E-05,0
71,270,228.96,2.507739908,158.6303284,0,0,0,0,0,0,0,0,0,0,0.151728,0,0.000270656,2.5295E-05,0
71,270,228.96,2.507739908,158.6303284,0,0,0,0,0,0.60697,0,0,0,0,0.151728,0,0.000270656,2.5295E-05,0
71,270,228.96,2.507739908,158.6303284,0.00021,0,0,0,0,0,0,0,0,0,1.64742,0,0.000270656,2.5295E-05,0
71,270,228.96,2.507739908,158.6303284,1.6777,0,0,0,0,0,0.059897,0,0,0,0,0,0.000270656,2.5295E-05,0
71,270,228.96,2.507739908,158.6303284,0,0,0,0,0,0,0.13028,0,0,0,0,0,0.000270656,2.5295E-05,0
71,270,228.96,2.507739908,158.6303284,1.1589,0,0,0,0,0,0,0,0,0,0,0,0.000270656,2.5295E-05,0
71,270,228.96,2.507739908,158.6303284,0.31253,0,0,0.10164,0,0,0,0,0,0,0.86343,0,0.000270656,2.5295E-05,0
71,270,228.96,2.507739908,158.6303284,0,0,0,0,0,0,0.59876,0,0,0,0.275259,0,0.000270656,2.5295E-05,0
71,270,228.96,2.507739908,158.6303284,0,0,0,0,0,0,0,0,0,0,0,0,0.000270656,2.5295E-05,0
71,270,228.96,2.507739908,158.6303284,0,0,0,0,0,0,0,0,0,0,0.151728,0,0.000270656,2.5295E-05,0
71,270,228.96,2.507739908,158.6303284,0,0,0,0,0,0.79321,0.008333,0,0,0,0.151728,0,0.000270656,2.5295E-05,0
71,270,228.96,2.507739908,158.6303284,0,0,0,0,0,0,0.76987,0,0,0,0.151728,0,0.000270656,2.5295E-05,0
71,270,228.96,2.507739908,158.6303284,0,0,0,0,0,0,0,0,0,0,0,0,0.000270656,2.5295E-05,0
71,270,228.96,2.507739908,158.6303284,0.016486,0,0,0,0,0.78884,0,0,0,0,0.92517,0,0.000270656,2.5295E-05,0
71,270,228.96,2.507739908,158.6303284,0.005629,0,0,0,0,0,0,0,0,0,0,0,0.000270656,2.5295E-05,0
71,270,228.96,2.507739908,158.6303284,0,0,0,0,0,0,0,0,0,0,0.151728,0,0.000270656,2.5295E-05,0
71,270,228.96,2.507739908,158.6303284,0.13908,0,0,0,0,0,0,0,0,0,0.181728,0,0.000270656,2.5295E-05,0
71,270,228.96,2.507739908,158.6303284,0,0,0,0,0,0,0,0,0,0,0.151728,0,0.000270656,2.5295E-05,0
71,270,228.96,2.507739908,158.6303284,0,0,0,0,0,0,0,0,0,0,0,0,0.000270656,2.5295E-05,0
71,270,228.96,2.507739908,158.6303284,0,0,0,0,0,0,0,0,0,0,0.151728,0,0.000270656,2.5295E-05,0
71,270,228.96,2.507739908,158.6303284,0.066847,0,0,0,0,0,0,0,0,0,0.151728,0,0.000270656,2.5295E-05,0
71,270,228.96,2.507739908,158.6303284,0,0,0,0,0,0,0,0,0,0,0,0,0.000270656,2.5295E-05,0
71,270,228.96,2.507739908,158.6303284,0.24532,0.000078,0,0,0,0,0,0,0,0,0,0,0.000270656,2.5295E-05,0
71,270,228.96,2.507739908,158.6303284,0.32526,0,0,0,0,0,0,0,0,0,1.91388,0,0.000270656,2.5295E-05,0
71,270,228.96,2.507739908,158.6303284,0,0,0,0,0,0,0.40452,0,0,0,0,0,0.000270656,2.5295E-05,0
71,270,228.96,2.507739908,158.6303284,0.01667,0,0,0,0,0,0,0,0,0,1.02366,0,0.000270656,2.5295E-05,0
71,270,228.96,2.507739908,158.6303284,0,0,0,0,0,0,0,0,0,0,0.151728,0,0.000270656,2.5295E-05,0
71,270,228.96,2.507739908,158.6303284,0,0,0,0,0,0,0,0,0,0,0.151728,0,0.000270656,2.5295E-05,0
71,270,228.96,2.507739908,158.6303284,0,0,0,0,0,0.167,0,0,0,0,0,0,0.000270656,2.5295E-05,0
71,270,228.96,2.507739908,158.6303284,0,0.65469,0,0,0,0,0.002308,0,0,0,0.151728,0,0.000270656,2.5295E-05,0
71,270,228.96,2.507739908,158.6303284,0,0.005239,0,0,0,0,0,0,0,0,0,0,0.000270656,2.5295E-05,0
71,270,228.96,2.507739908,158.6303284,0,0,0,0,0,0,0.13028,0,0,0,0.48174,0,0.000270656,2.5295E-05,0
71,270,228.96,2.507739908,158.6303284,0.023249,0,0,0,0,0,0,0,0,0,1.02366,0,0.000270656,2.5295E-05,0
71,270,228.96,2.507739908,158.6303284,0,0,0,0,0,0,0,0,0,0,0.151728,0,0.000270656,2.5295E-05,0
71,270,228.96,2.507739908,158.6303284,0,0,0,0,0,0,0,0,0,0,0,0,0.000270656,2.5295E-05,0
71,270,228.96,2.507739908,158.6303284,0,0,0,0,0,0,0.60778,0,0,0,0.151728,0,0.000270656,2.5295E-05,0
71,270,228.96,2.507739908,158.6303284,0.000688,0,0,0,0,0,0,0,0,0,0,0,0.000270656,2.5295E-05,0
71,270,228.96,2.507739908,158.6303284,0,0,0,0,0,0,0,0,0,0,0.33174,0,0.000270656,2.5295E-05,0
71,270,228.96,2.507739908,158.6303284,0,0,0,0,0,2.2803,0,0,0,0,0,0,0.000270656,2.5295E-05,0
71,270,228.96,2.507739908,158.6303284,0,0,0,0,0,0,0,0,0,0,0.151728,0,0.000270656,2.5295E-05,0
71,270,228.96,2.507739908,158.6303284,0,0,0,0,0,0,0,0,0,0,0.48174,0,0.000270656,2.5295E-05,0
71,270,228.96,2.507739908,158.6303284,0,0,0.082317,0,0,0,0.60778,0,0,0,0,0,0.000270656,2.5295E-05,0
71,270,228.96,2.507739908,158.6303284,0,1.6924,0,0,0,0,0,0,0,0,0.72174,0,0.000270656,2.5295E-05,0
71,270,228.96,2.507739908,158.6303284,0.001493,0.71635,0,0,0,0,0.059897,0,0,0,0.151728,0,0.000270656,2.5295E-05,0
71,270,228.96,2.507739908,158.6303284,0,0,0.01988,0,0,0.79321,0,0,0,0,0.151728,0,0.000270656,2.5295E-05,0
71,270,228.96,2.507739908,158.6303284,0,0,0,0,0,0,0.002308,0,0,0,0,0,0.000270656,2.5295E-05,0
71,270,228.96,2.507739908,158.6303284,0.005713,0,0,0,0,0,0.60778,0,0,0,0,0,0.000270656,2.5295E-05,0
71,270,228.96,2.507739908,158.6303284,0,0,0,0,0,0,0,0,0,0,0,0,0.000270656,2.5295E-05,0
71,270,228.96,2.507739908,158.6303284,0,0,0,0,0,0,0,0,0,0,0.48174,0,0.000270656,2.5295E-05,0
71,270,228.96,2.507739908,158.6303284,0.001493,0,0,0,0,0,0,0,0,0,0.151728,0,0.000270656,2.5295E-05,0
71,270,228.96,2.507739908,158.6303284,0,0.003821,0,0,0,0,0.59876,0,0,0,0.275259,0,0.000270656,2.5295E-05,0
71,270,228.96,2.507739908,158.6303284,0,0,0,0,0,0,0,0,0,0,0.70764,0,0.000270656,2.5295E-05,0
71,270,228.96,2.507739908,158.6303284,0,0,0,0.57658,0,0.77927,0.059897,0,0,0,0.151728,0,0.000270656,2.5295E-05,0
71,270,228.96,2.507739908,158.6303284,0,0,0,0,0,0,0.059897,0,0,0,0,0,0.000270656,2.5295E-05,0
71,270,228.96,2.507739908,158.6303284,0,0,0,0.00714,0,0,0,0,0,0,0,0,0.000270656,2.5295E-05,0
71,270,228.96,2.507739908,158.6303284,0,0,0,0,0,0,0.002308,0,0,0,0,0,0.000270656,2.5295E-05,0
71,270,228.96,2.507739908,158.6303284,0,0,0,0,0,0,0,0,0,0,1.57107,0,0.000270656,2.5295E-05,0
71,270,228.96,2.507739908,158.6303284,0,0,0,0,0,0,0,0,0,0,0,0,0.000270656,2.5295E-05,0
71,270,228.96,2.507739908,158.6303284,0,0,0,0,0,0,0,0,0,0,0,0,0.000270656,2.5295E-05,0
71,270,228.96,2.507739908,158.6303284,0,0,0,0,0,0,0,0,0,0,0.151728,0,0.000270656,2.5295E-05,0
71,270,228.96,2.507739908,158.6303284,0,0.02835,0,0,0,0,0,0,0,0,0.151728,0,0.000270656,2.5295E-05,0
71,270,228.96,2.507739908,158.6303284,0,0,0,0,0,0,0,0,0,0,0,0,0.000270656,2.5295E-05,0
71,270,228.96,2.507739908,158.6303284,0,0,1.5364,0,0,0,0,0,0,0,0.151728,0,0.000270656,2.5295E-05,0
71,270,228.96,2.507739908,158.6303284,0,0,0,0,0,0,0,0,0,0,0,0,0.000270656,2.5295E-05,0
71,270,228.96,2.507739908,158.6303284,0,0,0,0,0,0,0,0,0,0,0.151728,0,0.000270656,2.5295E-05,0
71,270,228.96,2.507739908,158.6303284,0,0,0,0,0,0,0,0,0,0,0.151728,0,0.000270656,2.5295E-05,0
71,270,228.96,2.507739908,158.6303284,0,0,0,0,0,0,0,0,0,0,0.151728,0,0.000270656,2.5295E-05,0
71,270,228.96,2.507739908,158.6303284,0,0,0,0,0,0,0,0,0,0,0.151728,0,0.000270656,2.5295E-05,0
71,270,228.96,2.507739908,158.6303284,0,0,0,0.008333,0,0,0,0,0,0,0.151728,0,0.000270656,2.5295E-05,0
71,270,228.96,2.507739908,158.6303284,0.67562,0,0,0,0,0,0,0,0,0,0.151728,0,0.000270656,2.5295E-05,0
71,270,228.96,2.507739908,158.6303284,1.7536,0,0,0,0,0,0,0,0,0,0.70764,0,0.000270656,2.5295E-05,0
71,270,228.96,2.507739908,158.6303284,0,0,0,0,0,0.77921,0,0,0,0,0,0,0.000270656,2.5295E-05,0
71,270,228.96,2.507739908,158.6303284,0,0,0,0,0,0,0,0,0,0,1.57404,0,0.000270656,2.5295E-05,0
71,270,228.96,2.507739908,158.6303284,0.001397,0,0,0,0,0,0,0,0,0,0,0,0.000270656,2.5295E-05,0
71,270,228.96,2.507739908,158.6303284,0.004213,0,0,0,0,0,0.80081,0,0,0,0,0,0.000270656,2.5295E-05,0
71,270,228.96,2.507739908,158.6303284,0,0,0,0,0,0,0,0,0,0,0.211728,0,0.000270656,2.5295E-05,0
71,270,228.96,2.507739908,158.6303284,0.14171,0,0,0,0,0,0,0,0,0,0.151728,0,0.000270656,2.5295E-05,0
71,270,228.96,2.507739908,158.6303284,0,0,0,0,0,0,0,0,0,0,0.151728,0,0.000270656,2.5295E-05,0
71,270,228.96,2.507739908,158.6303284,0.0044655,0,0,0,0,0,0,0,0,0,0.151728,0,0.000270656,2.5295E-05,0
71,270,228.96,2.507739908,158.6303284,0.042624,0,0,0,0,0,0,0,0,0,0.151728,0,0.000270656,2.5295E-05,0
71,270,228.96,2.507739908,158.6303284,0.003468,0,0,0,0,0,0,0,0,0,0.151728,0,0.000270656,2.5295E-05,0
71,270,228.96,2.507739908,158.6303284,0,0,0,0,0,0,0,0,0,0,0.151728,0,0.000270656,2.5295E-05,0
71,270,228.96,2.507739908,158.6303284,0,0,0,0,0,0,0,0,0,0,0.151728,0,0.000270656,2.5295E-05,0
71,270,228.96,2.507739908,158.6303284,0,0,0,0,0,0,0,0,0,0,0,0,0.000270656,2.5295E-05,0
71,270,228.96,2.507739908,158.6303284,0,0,0,0.006701,0,0,0,0,0,0,0,0,0.000270656,2.5295E-05,0
71,270,228.96,2.507739908,158.6303284,0.003173,0,0,0,0,0,0,0,0,0,0.278694,0,0.000270656,2.5295E-05,0
71,270,228.96,2.507739908,158.6303284,0,0,0,0,0,0,0,0,0,0,0,0,0.000270656,2.5295E-05,0
71,270,228.96,2.507739908,158.6303284,0,0,0,0,0,0,0,0,0,0,0.151728,0,0.000270656,2.5295E-05,0
71,270,228.96,2.507739908,158.6303284,0.052268,0,0,0,0,0,0,0,0,0,0,0,0.000270656,2.5295E-05,0
71,270,228.96,2.507739908,158.6303284,0,0,0,0,0,0.10908,0,0,0,0,0.151728,0,0.000270656,2.5295E-05,0
71,270,228.96,2.507739908,158.6303284,0,0,0,0,0,0,0,0,0,0,0.151728,0,0.000270656,2.5295E-05,0
71,270,228.96,2.507739908,158.6303284,0,1.0951,0,0,0,0,0,0,0,0,0.151728,0,0.000270656,2.5295E-05,0
71,270,228.96,2.507739908,158.6303284,0,0,0,0,0,0,0,0,0,0,0.151728,0,0.000270656,2.5295E-05,0
71,270,228.96,2.507739908,158.6303284,0,0.24003,0,0,0,0,0.13028,0,0,0,1.42107,0,0.000270656,2.5295E-05,0
71,270,228.96,2.507739908,158.6303284,0,0,0,0,0,0,0,0,0,0,0.38961,0,0.000270656,2.5295E-05,0
71,270,228.96,2.507739908,158.6303284,0,0,0,0,0,0,0,0,0,0,0.33174,0,0.000270656,2.5295E-05,0
71,270,228.96,2.507739908,158.6303284,0,0,0,0,0,0,0.008333,0,0,0,1.42239,0,0.000270656,2.5295E-05,0
71,270,228.96,2.507739908,158.6303284,0,0,0,0,0,0,0,0,0,0,0.151728,0,0.000270656,2.5295E-05,0
71,270,228.96,2.507739908,158.6303284,0,0,0,0,0,0,0,0,0,0,0,0,0.000270656,2.5295E-05,0
71,270,228.96,2.507739908,158.6303284,0,0,0,0,0,0,0.13028,0,0,0,0.151728,0,0.000270656,2.5295E-05,0
71,270,228.96,2.507739908,158.6303284,0.31253,0.000078,0,0,0,0,0,0,0,0,0.151728,0,0.000270656,2.5295E-05,0
71,270,228.96,2.507739908,158.6303284,0.000765,0,0,0,0,0,0,0,0,0,0.151728,0,0.000270656,2.5295E-05,0
71,270,228.96,2.507739908,158.6303284,0,0,0,0.003821,0,0.0031055,0,0,0,0,0,0,0.000270656,2.5295E-05,0
71,270,228.96,2.507739908,158.6303284,0.016666,0.00524,0,0,0,0,0.42744,0,0,0,0,0,0.000270656,2.5295E-05,0
71,270,228.96,2.507739908,158.6303284,0,0,1.966,0,0,0,0,0,0,0,0.151728,0,0.000270656,2.5295E-05,0
71,270,228.96,2.507739908,158.6303284,0,0,0,0,0,0,0,0,0,0,0.151728,0,0.000270656,2.5295E-05,0
72,271,54.076,11.34171315,717.4347215,0,0,0,0,0,0,0,0,0,0,2.37174,0,0.001229526,0.000114909,0
72,271,54.076,11.34171315,717.4347215,0,0,0,0,0,0,0,0,0,0,0.151728,0,0.001229526,0.000114909,0
72,271,54.076,11.34171315,717.4347215,0,0,0,0,0,0,0,0,0,0,0,0,0.001229526,0.000114909,0
72,271,54.076,11.34171315,717.4347215,0,0,0,0,0,0.77921,0,0,0,0,0.151728,0,0.001229526,0.000114909,0
72,271,54.076,11.34171315,717.4347215,0,0,0,0,0,2.0228,0,0,0,0,2.69043,0,0.001229526,0.000114909,0
72,271,54.076,11.34171315,717.4347215,0,0,0,0,0,0.79321,0,0,0,0,0,0,0.001229526,0.000114909,0
72,271,54.076,11.34171315,717.4347215,0,0,0,0,0,0,0,0,0,0,0.151728,0,0.001229526,0.000114909,0
72,271,54.076,11.34171315,717.4347215,1.0383,0,0,0,0,0,0.008333,0,0,0,0.53757,0,0.001229526,0.000114909,0
72,271,54.076,11.34171315,717.4347215,0.003827,0,0,0,0,0,5.5509,0,0,0,0.73911,0,0.001229526,0.000114909,0
72,271,54.076,11.34171315,717.4347215,6.5264,0,0,0,0,0,0,0,0,0,0.151728,0,0.001229526,0.000114909,0
72,271,54.076,11.34171315,717.4347215,0,0,0,0,0,0,0,0,0,0,0.151728,0,0.001229526,0.000114909,0
72,271,54.076,11.34171315,717.4347215,0,0,0,0.01986,0,0.0001305,0,0,0,0,0.151728,0,0.001229526,0.000114909,0
72,271,54.076,11.34171315,717.4347215,0,0,0,0,0,0,0,0,0,0,5.2875,0,0.001229526,0.000114909,0
72,271,54.076,11.34171315,717.4347215,0,0,0,0,0,0,0,0,0,0,0,0,0.001229526,0.000114909,0
72,271,54.076,11.34171315,717.4347215,0,0,0,0,0,0,0,0,0,0,0.151728,0,0.001229526,0.000114909,0
72,271,54.076,11.34171315,717.4347215,0.43529,0,0,0,0,0,0,0,0,0,0.151728,0,0.001229526,0.000114909,0
72,271,54.076,11.34171315,717.4347215,1.3822,0,0,0,0,0,0,0,0,0,0,0,0.001229526,0.000114909,0
72,271,54.076,11.34171315,717.4347215,0.30907,0.020763,0,0,0,0,0,0,0,0,0.151728,0,0.001229526,0.000114909,0
72,271,54.076,11.34171315,717.4347215,0,0,0,0,0,0.0031055,0,0,0,0,0.151728,0,0.001229526,0.000114909,0
72,271,54.076,11.34171315,717.4347215,0,0,0,0.000124,0,0,0,0,0,0,7.0536,0,0.001229526,0.000114909,0
72,271,54.076,11.34171315,717.4347215,0,0,0,0,0,0,0,0,0,0,0,0,0.001229526,0.000114909,0
72,271,54.076,11.34171315,717.4347215,0,0,0,0,0,0,0,0,0,0,5.4381,0,0.001229526,0.000114909,0
72,271,54.076,11.34171315,717.4347215,0,0,0,0,0,0,0,0,0,0,0.151728,0,0.001229526,0.000114909,0
72,271,54.076,11.34171315,717.4347215,0.025779,0,0,0,0,0,0,0,0,0,0.273384,0,0.001229526,0.000114909,0
72,271,54.076,11.34171315,717.4347215,0,0,0,0,0,0,0,0,0,0,0.151728,0,0.001229526,0.000114909,0
72,271,54.076,11.34171315,717.4347215,0,0,0,0.004588,0,0,0,0,0,0,0,0,0.001229526,0.000114909,0
72,271,54.076,11.34171315,717.4347215,0,0,0,0,0,0,0,0,0,0,0,0,0.001229526,0.000114909,0
72,271,54.076,11.34171315,717.4347215,0,0,0,0,0,0,0,0,0,0,0.151728,0,0.001229526,0.000114909,0
72,271,54.076,11.34171315,717.4347215,0,0,0,0,0,0,0.10863,0,0,0,0.30174,0,0.001229526,0.000114909,0
72,271,54.076,11.34171315,717.4347215,0,0,0,0,0,0,0,0,0,0,2.60853,0,0.001229526,0.000114909,0
72,271,54.076,11.34171315,717.4347215,0,0,0,1.0143,0,0,0.13028,0,0,0,0.65616,0,0.001229526,0.000114909,0
72,271,54.076,11.34171315,717.4347215,1.5489,3.9337,0,0,0,0,0,0,0,0,0.151728,0,0.001229526,0.000114909,0
72,271,54.076,11.34171315,717.4347215,0,0,0,0.008575,0,0,0,0,0,0,2.76954,0,0.001229526,0.000114909,0
72,271,54.076,11.34171315,717.4347215,0,0.44472,0,0,0,0,0,0,0,0,0,0,0.001229526,0.000114909,0
72,271,54.076,11.34171315,717.4347215,0,0,0,0,0,0,0,0,0,0,2.68779,0,0.001229526,0.000114909,0
72,271,54.076,11.34171315,717.4347215,0,1.4691,0,0,0,0,0,0,0,0,0.151728,0,0.001229526,0.000114909,0
72,271,54.076,11.34171315,717.4347215,0,0.18913,0,0,0,0,0,0,0,0,2.61366,0,0.001229526,0.000114909,0
72,271,54.076,11.34171315,717.4347215,0,0,0,0,0,0,0,0,0,0,0.151728,0,0.001229526,0.000114909,0
72,271,54.076,11.34171315,717.4347215,0.31128,0,0,0,0,0,0,0,0,0,0.151728,0,0.001229526,0.000114909,0
72,271,54.076,11.34171315,717.4347215,0,0,1.6694,0,0,0,0,0,0,0,0.151728,0,0.001229526,0.000114909,0
72,271,54.076,11.34171315,717.4347215,0,0,0,0,0,0,0,0,0,0,9.0918,0,0.001229526,0.000114909,0
72,271,54.076,11.34171315,717.4347215,0,0,0,0,0,0,3.8779,0,0,0,5.0718,0,0.001229526,0.000114909,0
72,271,54.076,11.34171315,717.4347215,0,0,0,0,0,0,0.40452,0,0,0,0,0,0.001229526,0.000114909,0
72,271,54.076,11.34171315,717.4347215,0,0,0,0,0,0,0.13028,0,0,0,5.1444,0,0.001229526,0.000114909,0
72,271,54.076,11.34171315,717.4347215,8.9156,0,0,0,0,0,0,0,0,0,0,0,0.001229526,0.000114909,0
72,271,54.076,11.34171315,717.4347215,0,0,0,0,0,0,0,0,0,0,0.151728,0,0.001229526,0.000114909,0
72,271,54.076,11.34171315,717.4347215,0,0,0,0,0,0,0,0,0,0,0,0,0.001229526,0.000114909,0
72,271,54.076,11.34171315,717.4347215,0.0009415,0,0,0,0,0,0.42744,0,0,0,0.151728,0,0.001229526,0.000114909,0
72,271,54.076,11.34171315,717.4347215,1.0383,0,0,0,0,0,0,0,0,0,0,0,0.001229526,0.000114909,0
72,271,54.076,11.34171315,717.4347215,0,0.003821,0,0,0,0,0.021726,0,0,0,0.273384,0,0.001229526,0.000114909,0
72,271,54.076,11.34171315,717.4347215,0.003173,0,0,0,0,0,0,0,0,0,4.4103,0,0.001229526,0.000114909,0
72,271,54.076,11.34171315,717.4347215,5.8949,0,0,0,0,0,0,0,0,0,0.151728,0,0.001229526,0.000114909,0
72,271,54.076,11.34171315,717.4347215,0,0,0,0,0,0,0,0,0,0,7.2168,0,0.001229526,0.000114909,0
72,271,54.076,11.34171315,717.4347215,0,0,0,0,0,0,0,0,0,0,8.9868,0,0.001229526,0.000114909,0
72,271,54.076,11.34171315,717.4347215,7.1925,0,0,0.21229,0,0,0,0,0,0,0.151728,0,0.001229526,0.000114909,0
72,271,54.076,11.34171315,717.4347215,0,2.6666,0,0.43707,0,0,0,0,0,0,4.8993,0,0.001229526,0.000114909,0
72,271,54.076,11.34171315,717.4347215,0.10603,0,0,0,0,0,0,0,0,0,0,0,0.001229526,0.000114909,0
72,271,54.076,11.34171315,717.4347215,0,0,0,0,0,0,0,0,0,0,0,0,0.001229526,0.000114909,0
72,271,54.076,11.34171315,717.4347215,0,0,0,0,0,0,0.13028,0,0,0,0.151728,0,0.001229526,0.000114909,0
72,271,54.076,11.34171315,717.4347215,0,0,0,0,0,0,0,0,0,0,0.86343,0,0.001229526,0.000114909,0
72,271,54.076,11.34171315,717.4347215,0,0,0,0.001205,0,0,0,0,0,0,0.34434,0,0.001229526,0.000114909,0
72,271,54.076,11.34171315,717.4347215,0,0,0,0,0,0,0,0,0,0,0,0,0.001229526,0.000114909,0
72,271,54.076,11.34171315,717.4347215,0,0,0,0,0,0,0,0,0,0,0.151728,0,0.001229526,0.000114909,0
72,271,54.076,11.34171315,717.4347215,0,0,0,0,0,0,0,0,0,0,0.278703,0,0.001229526,0.000114909,0
72,271,54.076,11.34171315,717.4347215,0,0,0,0,0,0,0,0,0,0,0,0,0.001229526,0.000114909,0
72,271,54.076,11.34171315,717.4347215,0,0,0,0,0,0,0,0,0,0,0.42174,0,0.001229526,0.000114909,0
72,271,54.076,11.34171315,717.4347215,0,0,0,0,0,0,0,0,0,0,0.31059,0,0.001229526,0.000114909,0
72,271,54.076,11.34171315,717.4347215,0.040524,0,0,0,0,0,0,0,0,0,1.17966,0,0.001229526,0.000114909,0
72,271,54.076,11.34171315,717.4347215,0,0,0.005269,0,0,0,0,0,0,0,0,0,0.001229526,0.000114909,0
72,271,54.076,11.34171315,717.4347215,0,0,0,0.49529,0,0,0.002308,0,0,0,6.9018,0,0.001229526,0.000114909,0
72,271,54.076,11.34171315,717.4347215,0,0,0,0,0,0,3.7851,0,0,0,0.151728,0,0.001229526,0.000114909,0
72,271,54.076,11.34171315,717.4347215,0,0,0,0,0,0.005318,0,0,0,0,10.4865,0,0.001229526,0.000114909,0
72,271,54.076,11.34171315,717.4347215,0,0,0.005269,0,0,0,0,0,0,0,0,0,0.001229526,0.000114909,0
72,271,54.076,11.34171315,717.4347215,0,0,0,0,0,0,0.40452,0,0,0,3.2457,0,0.001229526,0.000114909,0
72,271,54.076,11.34171315,717.4347215,0,0,0,0,0,0,0,0,0,0,2.22174,0,0.001229526,0.000114909,0
72,271,54.076,11.34171315,717.4347215,0,0,0,0,0,0,0.60778,0,0,0,0,0,0.001229526,0.000114909,0
72,271,54.076,11.34171315,717.4347215,0,0,0,0,0,0,0,0,0,0,0.151728,0,0.001229526,0.000114909,0
72,271,54.076,11.34171315,717.4347215,0.63009,0,0,0,0,0,0,0,0,0,1.91388,0,0.001229526,0.000114909,0
72,271,54.076,11.34171315,717.4347215,0,0,0,0.007328,0,0,0,0,0,0,7.2168,0,0.001229526,0.000114909,0
72,271,54.076,11.34171315,717.4347215,0,0,0,0,0,0,0,0,0,0,0.275259,0,0.001229526,0.000114909,0
72,271,54.076,11.34171315,717.4347215,0.17204,0.00387,0,0,0,0,0,0,0,0,0.151728,0,0.001229526,0.000114909,0
72,271,54.076,11.34171315,717.4347215,1.7536,0,0,0,0,0.77886,0,0,0,0,0.94704,0,0.001229526,0.000114909,0
72,271,54.076,11.34171315,717.4347215,0.0009415,0,0,0,0,0,0,0,0,0,0,0,0.001229526,0.000114909,0
72,271,54.076,11.34171315,717.4347215,0,0,0,0,0,0,0,0,0,0,0.44541,0,0.001229526,0.000114909,0
72,271,54.076,11.34171315,717.4347215,0.43242,0,0,0,0,0,0,0,0,0,5.2875,0,0.001229526,0.000114909,0
72,271,54.076,11.34171315,717.4347215,0.016623,0,0,0,0,0,0,0,0,0,0.151728,0,0.001229526,0.000114909,0
72,271,54.076,11.34171315,717.4347215,9.2596,0,0,0,0,0.79321,0,0,0,0,0,0,0.001229526,0.000114909,0
72,271,54.076,11.34171315,717.4347215,0.01667,0,0,0,0,0,0,0,0,0,8.4681,0,0.001229526,0.000114909,0
72,271,54.076,11.34171315,717.4347215,0.049547,0,0,0,0,0,0,0,0,0,0,0,0.001229526,0.000114909,0
72,271,54.076,11.34171315,717.4347215,0,0,0,0,0,0,0.10863,0,0,0,0,0,0.001229526,0.000114909,0
72,271,54.076,11.34171315,717.4347215,0.13908,0,0,0,0,0,0.13028,0,0,0,2.05122,0,0.001229526,0.000114909,0
72,271,54.076,11.34171315,717.4347215,0.065984,0,0,0,0,0,0,0,0,0,0.151728,0,0.001229526,0.000114909,0
72,271,54.076,11.34171315,717.4347215,0,0,0,0,0,0,0,0,0,0,0.151728,0,0.001229526,0.000114909,0
72,271,54.076,11.34171315,717.4347215,0,0.030325,0,0,0,0,0.60778,0,0,0,0.151728,0,0.001229526,0.000114909,0
72,271,54.076,11.34171315,717.4347215,0,0.011751,0.0005365,0,0,0,0,0,0,0,0.151728,0,0.001229526,0.000114909,0
72,271,54.076,11.34171315,717.4347215,0,0,0,0,0,0,0.059897,0,0,0,0,0,0.001229526,0.000114909,0
72,271,54.076,11.34171315,717.4347215,0.002344,0,0,0,0,0,0,0,0,0,4.0518,0,0.001229526,0.000114909,0
72,271,54.076,11.34171315,717.4347215,0,0,0,0,0,0,0,0,0,0,0,0,0.001229526,0.000114909,0
72,271,54.076,11.34171315,717.4347215,0,0,0,0,0,0,0.059897,0,0,0,0.151728,0,0.001229526,0.000114909,0
72,271,54.076,11.34171315,717.4347215,0,0,0,0,0,0,0,0,0,0,0.151728,0,0.001229526,0.000114909,0
72,271,54.076,11.34171315,717.4347215,0.10131,0,0,4.7595,0,0,0,0,0,0,0.151728,0,0.001229526,0.000114909,0
72,271,54.076,11.34171315,717.4347215,0.003485,0,0,0,0,0,0,0,0,0,2.20755,0,0.001229526,0.000114909,0
72,271,54.076,11.34171315,717.4347215,0,0.00036,0,0.008333,0,0,0,0,0,0,0,0,0.001229526,0.000114909,0
72,271,54.076,11.34171315,717.4347215,0,0,0,0,0,0,0,0,0,0,0.151728,0,0.001229526,0.000114909,1.62195122
72,271,54.076,11.34171315,717.4347215,0,0,0,0,0,0,0,0,0,0,1.73121,0,0.001229526,0.000114909,0
72,271,54.076,11.34171315,717.4347215,0.017562,0,0,0,0,0,0,0,0,0,0.151728,0,0.001229526,0.000114909,0
72,271,54.076,11.34171315,717.4347215,0,0,0,0,0,0,0,0,0,0,0.36594,0,0.001229526,0.000114909,0
72,271,54.076,11.34171315,717.4347215,0,0,0,0,0,0,0,0,0,0,0.151728,0,0.001229526,0.000114909,0
72,271,54.076,11.34171315,717.4347215,0.1927,0,0,0,0,0,0.40452,0,0,0,0,0,0.001229526,0.000114909,0
72,271,54.076,11.34171315,717.4347215,0,0,0,0,0,0,0.13028,0,0,0,0,0,0.001229526,0.000114909,0
72,271,54.076,11.34171315,717.4347215,0,0,0,0,0,0,0,0,0,0,0,0,0.001229526,0.000114909,0
72,271,54.076,11.34171315,717.4347215,0.00901,0,0,0.26891,0,0,0,0,0,0,5.0652,0,0.001229526,0.000114909,0
72,271,54.076,11.34171315,717.4347215,0.611,0,0,0,0,1.9314,0,0,0,0,7.0536,0,0.001229526,0.000114909,0
72,271,54.076,11.34171315,717.4347215,0,0,0,0,0,0,0,0,0,0,0.27432,0,0.001229526,0.000114909,0
72,271,54.076,11.34171315,717.4347215,0,0.013527,0,0,0,0,0,0,0,0,2.37174,0,0.001229526,0.000114909,0
72,271,54.076,11.34171315,717.4347215,0,0,0,0,0,0,0,0,0,0,9.9018,0,0.001229526,0.000114909,0
72,271,54.076,11.34171315,717.4347215,0,0,0,0,0,0,0,0,0,0,0.151728,0,0.001229526,0.000114909,0
72,271,54.076,11.34171315,717.4347215,0,1.4122,0,0,0,0.79549,0,0,0,0,0,0,0.001229526,0.000114909,0
72,271,54.076,11.34171315,717.4347215,0,0.01986,0,0.23248,0,0,3.7851,0,0,0,0.151728,0,0.001229526,0.000114909,0
72,271,54.076,11.34171315,717.4347215,0,0,0,0,0,0,0,0,0,0,0.151728,0,0.001229526,0.000114909,0
72,271,54.076,11.34171315,717.4347215,0,0,0,0,0,0,0,0,0,0,1.96911,0,0.001229526,0.000114909,0
72,271,54.076,11.34171315,717.4347215,0,0,0,0,0,0,0,0,0,0,0,0,0.001229526,0.000114909,0
72,271,54.076,11.34171315,717.4347215,0,0,0,0,0,0,0,0,0,0,2.6931,0,0.001229526,0.000114909,0
72,271,54.076,11.34171315,717.4347215,0,0,0,0,0,0,0,0,0,0,0.151728,0,0.001229526,0.000114909,0
72,271,54.076,11.34171315,717.4347215,0,0,0,0,0,0,0.13028,0,0,0,0,0,0.001229526,0.000114909,0
72,271,54.076,11.34171315,717.4347215,0.00571,0,0,0,0,0.77921,6.6682,0,0,0,2.56893,0,0.001229526,0.000114909,0
72,271,54.076,11.34171315,717.4347215,2.5449,0,0,0,0,0,0,0,0,0,0.151728,0,0.001229526,0.000114909,0
72,271,54.076,11.34171315,717.4347215,0,0,0,0,0,0,5.1475,0,0,0,0,0,0.001229526,0.000114909,0
72,271,54.076,11.34171315,717.4347215,0,0,0,0,0,0,0,0,0,0,0.84174,0,0.001229526,0.000114909,0
72,271,54.076,11.34171315,717.4347215,0,0,0,0,0,0,0,0,0,0,1.02366,0,0.001229526,0.000114909,0
72,271,54.076,11.34171315,717.4347215,0.012423,0,0,0,0,0.51002,0,0,0,0,0.70764,0,0.001229526,0.000114909,0
72,271,54.076,11.34171315,717.4347215,0,0.005239,0,0,0,0,0,0,0,0,0.151728,0,0.001229526,0.000114909,0
72,271,54.076,11.34171315,717.4347215,0,0,0,0,0,0,0.80081,0,0,0,1.01106,0,0.001229526,0.000114909,0
72,271,54.076,11.34171315,717.4347215,0,0,0,0,0,0,0.13028,0,0,0,0,0,0.001229526,0.000114909,0
72,271,54.076,11.34171315,717.4347215,0,0,0,0,0,0,0,0,0,0,0.151728,0,0.001229526,0.000114909,0
72,271,54.076,11.34171315,717.4347215,0,0.48629,0,0,0,0,0,0,0,0,8.9118,0,0.001229526,0.000114909,0
72,271,54.076,11.34171315,717.4347215,0,0,0,0,0,0,5.7772,0,0,0,0,0,0.001229526,0.000114909,0
72,271,54.076,11.34171315,717.4347215,0,0,0,0,0,0,0,0,0,0,3.4872,0,0.001229526,0.000114909,0
72,271,54.076,11.34171315,717.4347215,0,0,0,0,0,0,0,0,0,0,0.94704,0,0.001229526,0.000114909,0
72,271,54.076,11.34171315,717.4347215,0,0,0,0,0,0.0068495,0,0,0,0,1.09155,0,0.001229526,0.000114909,0
72,271,54.076,11.34171315,717.4347215,0,0,0,0,0,0,0,0,0,0,1.42107,0,0.001229526,0.000114909,0
72,271,54.076,11.34171315,717.4347215,0,0.36316,0,0,0,2.7494,0,0,0,0,0,0,0.001229526,0.000114909,0
72,271,54.076,11.34171315,717.4347215,0,0,0,0,0,0,0,0,0,0,0.151728,0,0.001229526,0.000114909,0
72,271,54.076,11.34171315,717.4347215,0.049547,0,0,0,0,0,0,0,0,0,0.151728,0,0.001229526,0.000114909,0
72,271,54.076,11.34171315,717.4347215,0,0,0,0,0,0,0.13028,0,0,0,0.151728,0,0.001229526,0.000114909,0
72,271,54.076,11.34171315,717.4347215,0.057648,0,0,0,0,0,0,0,0,0,1.17456,0,0.001229526,0.000114909,0
72,271,54.076,11.34171315,717.4347215,0,0,0,0,0,0,0,0,0,0,0,0,0.001229526,0.000114909,0
72,271,54.076,11.34171315,717.4347215,0,0,0,0,0,0,5.1475,0,0,0,0,0,0.001229526,0.000114909,0
72,271,54.076,11.34171315,717.4347215,0,0,0,0,0,0,0,0,0,0,4.5105,0,0.001229526,0.000114909,0
72,271,54.076,11.34171315,717.4347215,0.016666,0,0,0,0,0,0,0,0,0,0.33174,0,0.001229526,0.000114909,0
72,271,54.076,11.34171315,717.4347215,0.10131,0,0,0,0,0,0,0,0,0,0.279882,0,0.001229526,0.000114909,0
72,271,54.076,11.34171315,717.4347215,0,0,0,0,0,0,0,0,0,0,0.151728,0,0.001229526,0.000114909,0
72,271,54.076,11.34171315,717.4347215,0.016666,0,0,0,0,0,0.13028,0,0,0,0,0,0.001229526,0.000114909,0
72,271,54.076,11.34171315,717.4347215,0,0.00524,0,0,0,0,0,0,0,0,8.7918,0,0.001229526,0.000114909,0
72,271,54.076,11.34171315,717.4347215,0,0,0,0,0,0,0,0,0,0,0.75174,0,0.001229526,0.000114909,0
72,271,54.076,11.34171315,717.4347215,0.00021,0,0,0,0,0.80296,0,0,0,0,0.151728,0,0.001229526,0.000114909,0
72,271,54.076,11.34171315,717.4347215,0,0,0,0,0,0,0,0,0,0,0,0,0.001229526,0.000114909,0
72,271,54.076,11.34171315,717.4347215,0.43242,0,0,0,0,0,0,0,0,0,4.515,0,0.001229526,0.000114909,0
72,271,54.076,11.34171315,717.4347215,0,0,0,0,0,0,0,0,0,0,0,0,0.001229526,0.000114909,0
72,271,54.076,11.34171315,717.4347215,0,0,0,0,0,0,0.40452,0,0,0,0,0,0.001229526,0.000114909,0
72,271,54.076,11.34171315,717.4347215,0,0,0,0,0,0,0,0,0,0,3.4071,0,0.001229526,0.000114909,0
72,271,54.076,11.34171315,717.4347215,0.11569,0,0,0.23248,0,0,0,0,0,0,0.151728,0,0.001229526,0.000114909,0
72,271,54.076,11.34171315,717.4347215,0,0.015605,0,0,0,0,0.60778,0,0,0,0.70734,0,0.001229526,0.000114909,0
72,271,54.076,11.34171315,717.4347215,0.016666,0,0,0,0,0.000766,0,0,0,0,0.151728,0,0.001229526,0.000114909,0
72,271,54.076,11.34171315,717.4347215,0,0,0,0,0,0,0,0,0,0,0,0,0.001229526,0.000114909,0
72,271,54.076,11.34171315,717.4347215,0,0,0,0,0,2.7494,0,0,0,0,6.258,0,0.001229526,0.000114909,0
72,271,54.076,11.34171315,717.4347215,0,0,0,0,0,0,0,0,0,0,0.275259,0,0.001229526,0.000114909,0
72,271,54.076,11.34171315,717.4347215,0.001436,0.96595,0,0,0,0,0.13028,0,0,0,0.151728,0,0.001229526,0.000114909,0
72,271,54.076,11.34171315,717.4347215,0.0075217,0,0,0,0,0,0,0,0,0,0.37014,0,0.001229526,0.000114909,0
72,271,54.076,11.34171315,717.4347215,0.003173,6.5478,0,0,0,0,0,0,0,0,0,0,0.001229526,0.000114909,0
72,271,54.076,11.34171315,717.4347215,0,0,0,0,0,0,0,0,0,0,0,0,0.001229526,0.000114909,0
72,271,54.076,11.34171315,717.4347215,6.1631,0,0,0,0,0.22852,0,0,0,0,0,0,0.001229526,0.000114909,0
72,271,54.076,11.34171315,717.4347215,0,0,0,0.008333,0,0,0,0,0,0,1.1697,0,0.001229526,0.000114909,0
72,271,54.076,11.34171315,717.4347215,0,0,0,0,0,0,0.13028,0,0,0,0.70764,0,0.001229526,0.000114909,0
72,271,54.076,11.34171315,717.4347215,0,0,0,0,0,0,0,0,0,0,0,0,0.001229526,0.000114909,0
72,271,54.076,11.34171315,717.4347215,0,1.3736,0,0,0,0,0.13028,0,0,0,0.33174,0,0.001229526,0.000114909,0
72,271,54.076,11.34171315,717.4347215,0,0,0,0,0,0,0.13028,0,0,0,0.28509,0,0.001229526,0.000114909,0
72,271,54.076,11.34171315,717.4347215,0,0,0.73381,0,0,0,0,0,0,0,0,0,0.001229526,0.000114909,0
72,271,54.076,11.34171315,717.4347215,0,0.008333,0,6.5095,0,0,0,0,0,0,0,0,0.001229526,0.000114909,0
72,271,54.076,11.34171315,717.4347215,0,0,0,0,0,6.1876,0,0,0,0,0,0,0.001229526,0.000114909,0
72,271,54.076,11.34171315,717.4347215,0,0,0,0,0,0,0,0,0,0,0,0,0.001229526,0.000114909,0
72,271,54.076,11.34171315,717.4347215,0,0,0,0.018752,0,1.1622,0,0,0,0,0.151728,0,0.001229526,0.000114909,0
72,271,54.076,11.34171315,717.4347215,0,0,0,0,0,0,0,0,0,0,0,0,0.001229526,0.000114909,0
72,271,54.076,11.34171315,717.4347215,0.012423,0,0,0,0,0,0,0,0,0,0.151728,0,0.001229526,0.000114909,0
72,271,54.076,11.34171315,717.4347215,0,0,0,0,0,0,0.13028,0,0,0,0.151728,0,0.001229526,0.000114909,0
72,271,54.076,11.34171315,717.4347215,0.000234,0,0,0,0,0,0.13028,0,0,0,0.151728,0,0.001229526,0.000114909,0
72,271,54.076,11.34171315,717.4347215,0,0,0,0,0,0,0,0,0,0,0,0,0.001229526,0.000114909,0
72,271,54.076,11.34171315,717.4347215,0.17485,0,0,3.5389,0,0,0,0,0,0,0,0,0.001229526,0.000114909,0
72,271,54.076,11.34171315,717.4347215,0,0,0,0,0,0,0.13028,0,0,0,0,0,0.001229526,0.000114909,0
72,271,54.076,11.34171315,717.4347215,0,0.00524,0,0,0,0.60697,0,0,0,0,0.151728,0,0.001229526,0.000114909,0
72,271,54.076,11.34171315,717.4347215,0,0,0,0,0,0,0.059897,0,0,0,2.20755,0,0.001229526,0.000114909,0
72,271,54.076,11.34171315,717.4347215,0,0,0,0,0,0,0.59876,0,0,0,0.151728,0,0.001229526,0.000114909,0
72,271,54.076,11.34171315,717.4347215,0.001493,0,0,0,0,0,0,0,0,0,0,0,0.001229526,0.000114909,0
72,271,54.076,11.34171315,717.4347215,0,0,0,0.0007275,0,0,0,0,0,0,0.151728,0,0.001229526,0.000114909,0
72,271,54.076,11.34171315,717.4347215,0.035318,0,0,0,0,0,0,0,0,0,10.9065,0,0.001229526,0.000114909,0
72,271,54.076,11.34171315,717.4347215,0.001463,0,0,0,0,0,0,0,0,0,7.6614,0,0.001229526,0.000114909,0
72,271,54.076,11.34171315,717.4347215,0,0,0,0,0,0,0,0,0,0,0,0,0.001229526,0.000114909,0
72,271,54.076,11.34171315,717.4347215,0.78607,5.4639,0,0,0,0,0,0,0,0,0,0,0.001229526,0.000114909,0
72,271,54.076,11.34171315,717.4347215,2.5449,0,0,0,0,0,0,0,0,0,0,0,0.001229526,0.000114909,0
72,271,54.076,11.34171315,717.4347215,0.002784,0,0,0,0,0,0,0,0,0,0.151728,0,0.001229526,0.000114909,0
72,271,54.076,11.34171315,717.4347215,0,0,0,0.49529,0,0,0,0,0,0,0.278526,0,0.001229526,0.000114909,0
72,271,54.076,11.34171315,717.4347215,0,0,0,0.00387,0,0,0,0,0,0,1.62048,0,0.001229526,0.000114909,0
72,271,54.076,11.34171315,717.4347215,0,0,0,0,0,0,0,0,0,0,0,0,0.001229526,0.000114909,0
72,271,54.076,11.34171315,717.4347215,0,0,0,0.003821,0,0,0,0,0,0,2.96682,0,0.001229526,0.000114909,0
72,271,54.076,11.34171315,717.4347215,0,0,0,0,0,0,0.59876,0,0,0,0.151728,0,0.001229526,0.000114909,0
72,271,54.076,11.34171315,717.4347215,0.053861,0,0,0,0,0,0.60778,0,0,0,0,0,0.001229526,0.000114909,0
72,271,54.076,11.34171315,717.4347215,0,0,0,0,0,0,0,0,0,0,0,0,0.001229526,0.000114909,0
72,271,54.076,11.34171315,717.4347215,0,0,0,0,0,0,0,0,0,0,10.8618,0,0.001229526,0.000114909,0
72,271,54.076,11.34171315,717.4347215,0,0,0,0,0,0,0,0,0,0,6.528,0,0.001229526,0.000114909,0
72,271,54.076,11.34171315,717.4347215,0,0,0,0,0,0,4.6129,0,0,0,1.08339,0,0.001229526,0.000114909,0
72,271,54.076,11.34171315,717.4347215,0,0,0,0,0,0,0,0,0,0,0,0,0.001229526,0.000114909,0
72,271,54.076,11.34171315,717.4347215,0,0,0,0,0,0.79321,0,0,0,0,7.6818,0,0.001229526,0.000114909,0
72,271,54.076,11.34171315,717.4347215,0,0,0,0,0,0,0,0,0,0,0,0,0.001229526,0.000114909,0
72,271,54.076,11.34171315,717.4347215,0.54215,0,0,0,0,0,0.60778,0,0,0,0.75903,0,0.001229526,0.000114909,0
72,271,54.076,11.34171315,717.4347215,0,0,0,0,0,0,0.42744,0,0,0,0.151728,0,0.001229526,0.000114909,0
72,271,54.076,11.34171315,717.4347215,0,0,0,0,0,0,0,0,0,0,0.28866,0,0.001229526,0.000114909,0
72,271,54.076,11.34171315,717.4347215,0,0,0,0,0,0,0,0,0,0,4.0518,0,0.001229526,0.000114909,0
72,271,54.076,11.34171315,717.4347215,0,0,0,0,0,0,0.67927,0,0,0,0,0,0.001229526,0.000114909,0
72,271,54.076,11.34171315,717.4347215,0,0,0,0,0,1.6194,0,0,0,0,0,0,0.001229526,0.000114909,0
72,271,54.076,11.34171315,717.4347215,0,0,0,0,0,0,0,0,0,0,7.2168,0,0.001229526,0.000114909,0
72,271,54.076,11.34171315,717.4347215,0.009348,0.008803,0,0,0,0,0,0,0,0,0.151728,0,0.001229526,0.000114909,0
72,271,54.076,11.34171315,717.4347215,0.005629,0,0,0,0,0,0,0,0,0,0,0,0.001229526,0.000114909,0
72,271,54.076,11.34171315,717.4347215,2.3036,0,0,0,0,0,0,0,0,0,0.151728,0,0.001229526,0.000114909,0
72,271,54.076,11.34171315,717.4347215,0,0,0,0.008333,0,0,0,0,0,0,0,0,0.001229526,0.000114909,0
72,271,54.076,11.34171315,717.4347215,0.000081,0,0,0,0,0,0,0,0,0,0.271128,0,0.001229526,0.000114909,0
72,271,54.076,11.34171315,717.4347215,0,0,0,0,0,0,0,0,0,0,0,0,0.001229526,0.000114909,0
72,271,54.076,11.34171315,717.4347215,0.066847,0,0,0,0,0,0,0,0,0,1.28049,0,0.001229526,0.000114909,0
72,271,54.076,11.34171315,717.4347215,0,0,0,0,0,0,0,0,0,0,0.151728,0,0.001229526,0.000114909,0
72,271,54.076,11.34171315,717.4347215,0,0,0,0,0,0,0,0,0,0,0,0,0.001229526,0.000114909,0
72,271,54.076,11.34171315,717.4347215,0,0.00824,0,0,0,0.80296,0,0,0,0,1.90248,0,0.001229526,0.000114909,0
72,271,54.076,11.34171315,717.4347215,0,0,0,0,0,0,0,0,0,0,0.151728,0,0.001229526,0.000114909,0
72,271,54.076,11.34171315,717.4347215,0,0,0,0.00014,0,0,0.13028,0,0,0,0,0,0.001229526,0.000114909,0
72,271,54.076,11.34171315,717.4347215,0,0,0,6.1454,0,0,0.40452,0,0,0,0.151728,0,0.001229526,0.000114909,0
72,271,54.076,11.34171315,717.4347215,0,0,0,0,0,0,0,0,0,0,0,0,0.001229526,0.000114909,0
72,271,54.076,11.34171315,717.4347215,0,0.029906,0,0,0,0,0.13028,0,0,0,2.2572,0,0.001229526,0.000114909,0
72,271,54.076,11.34171315,717.4347215,0.001436,0,0,0,0,0,0,0,0,0,0,0,0.001229526,0.000114909,0
72,271,54.076,11.34171315,717.4347215,0,0.002139,0,0,0,0,0,0,0,0,0.151728,0,0.001229526,0.000114909,0
72,271,54.076,11.34171315,717.4347215,0,0,0,0,0,0,0,0,0,0,0.151728,0,0.001229526,0.000114909,0
72,271,54.076,11.34171315,717.4347215,0,0,0,0,0,0.12278,0,0,0,0,0.151728,0,0.001229526,0.000114909,0
72,271,54.076,11.34171315,717.4347215,0.1295,0,0,0,0,0,0,0,0,0,0,0,0.001229526,0.000114909,0
72,271,54.076,11.34171315,717.4347215,0.003468,0,0,0.00524,0,0,0,0,0,0,0,0,0.001229526,0.000114909,0
72,271,54.076,11.34171315,717.4347215,0,0,0,0,0,0,0,0,0,0,0,0,0.001229526,0.000114909,0
72,271,54.076,11.34171315,717.4347215,0.016668,0,0,0,0,0,0,0,0,0,1.02366,0,0.001229526,0.000114909,0
72,271,54.076,11.34171315,717.4347215,0,0,0,0,0,0,0,0,0,0,0,0,0.001229526,0.000114909,1.195121951
72,271,54.076,11.34171315,717.4347215,1.6777,0,0,0,0,0,0,0,0,0,0,0,0.001229526,0.000114909,0
72,271,54.076,11.34171315,717.4347215,0,0,0,0,0,0,0,0,0,0,1.17456,0,0.001229526,0.000114909,0
72,271,54.076,11.34171315,717.4347215,0,0,0,0,0,0,0.13028,0,0,0,0.151728,0,0.001229526,0.000114909,0
72,271,54.076,11.34171315,717.4347215,0,0,0.97664,0,0,0,0,0,0,0,0.151728,0,0.001229526,0.000114909,0
72,271,54.076,11.34171315,717.4347215,0,0,0,0,0,0,0,0,0,0,0,0,0.001229526,0.000114909,0
72,271,54.076,11.34171315,717.4347215,0,0,0,0,0,0,0,0,0,0,0.151728,0,0.001229526,0.000114909,0
72,271,54.076,11.34171315,717.4347215,0.090401,0,0,0,0,0,0.059897,0,0,0,0.151728,0,0.001229526,0.000114909,0
72,271,54.076,11.34171315,717.4347215,0,0.02722,0,0,0,0,0,0,0,0,0.151728,0,0.001229526,0.000114909,0
72,271,54.076,11.34171315,717.4347215,0.005629,0,0,0,0,0,3.7851,0,0,0,1.70622,0,0.001229526,0.000114909,0
72,271,54.076,11.34171315,717.4347215,0,0,0,0,0,8.2994,0,0,0,0,2.6481,0,0.001229526,0.000114909,0
72,271,54.076,11.34171315,717.4347215,0,0,0,0.002741,0,0,0,0,0,0,0,0,0.001229526,0.000114909,0
72,271,54.076,11.34171315,717.4347215,0.10603,0.10759,0,0,0,0.77921,0,0,0,0,0.30174,0,0.001229526,0.000114909,0
72,271,54.076,11.34171315,717.4347215,0.012001,0.009018,0,4.2159,0,0.015103,0,0,0,0,0.151728,0,0.001229526,0.000114909,0
72,271,54.076,11.34171315,717.4347215,0,0,0,0,0,0,0,0,0,0,0,0,0.001229526,0.000114909,0
72,271,54.076,11.34171315,717.4347215,0,0,0,0,0,0.79321,0,0,0,0,5.0718,0,0.001229526,0.000114909,0
72,271,54.076,11.34171315,717.4347215,6.1631,0,0,0,0,0,0,0,0,0,0.151728,0,0.001229526,0.000114909,0
72,271,54.076,11.34171315,717.4347215,0,0,0.0090234,0,0,0,0,0,0,0,0.151728,0,0.001229526,0.000114909,0
72,271,54.076,11.34171315,717.4347215,0,0,0,0,0,0,0.13028,0,0,0,0.151728,0,0.001229526,0.000114909,0
72,271,54.076,11.34171315,717.4347215,0,0.000172,0,0,0,0,5.1475,0,0,0,0,0,0.001229526,0.000114909,0
72,271,54.076,11.34171315,717.4347215,0,0,0,0.016032,0,0,0,0,0,0,0.151728,0,0.001229526,0.000114909,0
72,271,54.076,11.34171315,717.4347215,0,0,0,0,0,0,0.10863,0,0,0,0.151728,0,0.001229526,0.000114909,0
72,271,54.076,11.34171315,717.4347215,0.017186,0,0,0,0,0,0,0,0,0,0,0,0.001229526,0.000114909,0
72,271,54.076,11.34171315,717.4347215,0,0,0,0,0,0,0,0,0,0,0,0,0.001229526,0.000114909,0
72,271,54.076,11.34171315,717.4347215,0.006869,0,0.005241,0,0,0,0,0,0,0,7.3638,0,0.001229526,0.000114909,0
72,271,54.076,11.34171315,717.4347215,0,0,0,0,0,0,0.13028,0,0,0,0,0,0.001229526,0.000114909,0
72,271,54.076,11.34171315,717.4347215,0,0,0,0,0,0,0,0,0,0,0.151728,0,0.001229526,0.000114909,0
72,271,54.076,11.34171315,717.4347215,0,0,0,0,0,0,0,0,0,0,0.151728,0,0.001229526,0.000114909,0
72,271,54.076,11.34171315,717.4347215,1.122,0,0,0,0,0,0,0,0,0,1.95174,0,0.001229526,0.000114909,0
72,271,54.076,11.34171315,717.4347215,0,0,0,0,0,0,0,0,0,0,0,0,0.001229526,0.000114909,0
72,271,54.076,11.34171315,717.4347215,5.3202,0,0,0,0,0,0,0,0,0,0,0,0.001229526,0.000114909,0
72,271,54.076,11.34171315,717.4347215,0,1.0111,0,0.10338,0,0,0.13028,0,0,0,1.33728,0,0.001229526,0.000114909,0
72,271,54.076,11.34171315,717.4347215,0.016573,0,0,0,0,0.77904,0,0,0,0,0.53757,0,0.001229526,0.000114909,0
72,271,54.076,11.34171315,717.4347215,2.1632,2.3255,0,0,0,0.0000485,0,0,0,0,0,0,0.001229526,0.000114909,0
72,271,54.076,11.34171315,717.4347215,0,0,0,0,0,0,0.67927,0,0,0,0,0,0.001229526,0.000114909,0
72,271,54.076,11.34171315,717.4347215,0.00021,0,0,0.19077,0,1.9314,0,0,0,0,0.81174,0,0.001229526,0.000114909,0
72,271,54.076,11.34171315,717.4347215,0,0,0,0,0,0,0,0,0,0,0,0,0.001229526,0.000114909,0
72,271,54.076,11.34171315,717.4347215,0.1963,0,0,0,0,0,0,0,0,0,0.31059,0,0.001229526,0.000114909,0
72,271,54.076,11.34171315,717.4347215,0,0,0,0,0,0,0.021726,0,0,0,0,0,0.001229526,0.000114909,0
72,271,54.076,11.34171315,717.4347215,0,0,0,0,0,0,0,0,0,0,0,0,0.001229526,0.000114909,0
72,271,54.076,11.34171315,717.4347215,0,0,0,0,0,0.001563,0.021726,0,0,0,1.64958,0,0.001229526,0.000114909,0
72,271,54.076,11.34171315,717.4347215,0.75539,0,0,0,0,0,0,0,0,0,0,0,0.001229526,0.000114909,0
72,271,54.076,11.34171315,717.4347215,0,0,0,0,0,0,0,0,0,0,0.151728,0,0.001229526,0.000114909,0
72,271,54.076,11.34171315,717.4347215,0,0,0,0,0,0.36807,0,0,0,0,0.70413,0,0.001229526,0.000114909,0
72,271,54.076,11.34171315,717.4347215,0,0,0,0,0,0,0,0,0,0,2.13174,0,0.001229526,0.000114909,0
72,271,54.076,11.34171315,717.4347215,1.9362,0,0,0,0,0,0,0,0,0,2.10972,0,0.001229526,0.000114909,0
72,271,54.076,11.34171315,717.4347215,0,0,0,0,0,0,0,0,0,0,0.78174,0,0.001229526,0.000114909,0
72,271,54.076,11.34171315,717.4347215,0,0,0,0,0,0,0,0,0,0,0.151728,0,0.001229526,0.000114909,0
72,271,54.076,11.34171315,717.4347215,0,0.005202,0,0,0,0,0,0,0,0,0.273366,0,0.001229526,0.000114909,0
72,271,54.076,11.34171315,717.4347215,0,0,0,0,0,0,0,0,0,0,0.151728,0,0.001229526,0.000114909,0
72,271,54.076,11.34171315,717.4347215,0.001267,0,0,0.00644,0,0,0,0,0,0,4.5198,0,0.001229526,0.000114909,0
72,271,54.076,11.34171315,717.4347215,0,0,0,0,0,0,0.42744,0,0,0,0,0,0.001229526,0.000114909,0
72,271,54.076,11.34171315,717.4347215,0,0.00524,0,0.0021738,0,0,0,0,0,0,0,0,0.001229526,0.000114909,0
72,271,54.076,11.34171315,717.4347215,0.30279,0,0,0,0,0,0,0,0,0,0.151728,0,0.001229526,0.000114909,0
72,271,54.076,11.34171315,717.4347215,0.084223,0.0057645,0,0,0,0,0,0,0,0,0.151728,0,0.001229526,0.000114909,0
72,271,54.076,11.34171315,717.4347215,0,0,0,0,0,0.79321,0,0,0,0,8.1018,0,0.001229526,0.000114909,0
72,271,54.076,11.34171315,717.4347215,0,0,0,0,0,0,0,0,0,0,1.01106,0,0.001229526,0.000114909,0
72,271,54.076,11.34171315,717.4347215,8.0274,0,0,0,0,0,0,0,0,0,1.62048,0,0.001229526,0.000114909,0
72,271,54.076,11.34171315,717.4347215,0.034901,0,0,0,0,0,0,0,0,0,1.62048,0,0.001229526,0.000114909,0
72,271,54.076,11.34171315,717.4347215,0,0,0,0.71681,0,0.77921,0,0,0,0,0.197586,0,0.001229526,0.000114909,0
72,271,54.076,11.34171315,717.4347215,0,0,0,0,0,0,0,0,0,0,0,0,0.001229526,0.000114909,0
72,271,54.076,11.34171315,717.4347215,0,0.066827,0,0,0,0,0,0,0,0,0,0,0.001229526,0.000114909,0
72,271,54.076,11.34171315,717.4347215,0,0,0.097638,0,0,0,0,0,0,0,0,0,0.001229526,0.000114909,0
72,271,54.076,11.34171315,717.4347215,0,0.36316,0,0,0,0,0,0,0,0,0.151728,0,0.001229526,0.000114909,0
72,271,54.076,11.34171315,717.4347215,0,0,0,0,0,0,0,0,0,0,2.6931,0,0.001229526,0.000114909,0
72,271,54.076,11.34171315,717.4347215,0,0,0,0,0,0,0,0,0,0,0.293496,0,0.001229526,0.000114909,0
72,271,54.076,11.34171315,717.4347215,0,0,0,0,0,0,0,0,0,0,10.6818,0,0.001229526,0.000114909,0
72,271,54.076,11.34171315,717.4347215,0,0,0,0,0,0,0.13028,0,0,0,0.151728,0,0.001229526,0.000114909,0
72,271,54.076,11.34171315,717.4347215,0,0,0,0,0,0,0,0,0,0,0,0,0.001229526,0.000114909,0
72,271,54.076,11.34171315,717.4347215,0,0,0,0.000376,0,0,0.10863,0,0,0,10.9065,0,0.001229526,0.000114909,0
72,271,54.076,11.34171315,717.4347215,0,0,0,0,0,0,0,0,0,0,4.4313,0,0.001229526,0.000114909,0
72,271,54.076,11.34171315,717.4347215,0.004213,0.0068538,0,0,0,0,0,0,0,0,0,0,0.001229526,0.000114909,0
72,271,54.076,11.34171315,717.4347215,0.17204,0,0,0,0,0.7776,0,0,0,0,9.0918,0,0.001229526,0.000114909,0
72,271,54.076,11.34171315,717.4347215,4.1179,0,0,0,0,0,0.40452,0,0,0,0.151728,0,0.001229526,0.000114909,0
72,271,54.076,11.34171315,717.4347215,0,0,0,0,0,0,1.7163,0,0,0,0.275259,0,0.001229526,0.000114909,0
72,271,54.076,11.34171315,717.4347215,0,0,0,0,0,0,0,0,0,0,0,0,0.001229526,0.000114909,0
72,271,54.076,11.34171315,717.4347215,0,0,0,0.016875,0,0,0,0,0,0,0,0,0.001229526,0.000114909,0
72,271,54.076,11.34171315,717.4347215,0,0,0,0,0,0,0,0,0,0,0,0,0.001229526,0.000114909,0
72,271,54.076,11.34171315,717.4347215,0,0,0,0,0,0,0,0,0,0,0.48174,0,0.001229526,0.000114909,0
72,271,54.076,11.34171315,717.4347215,0.11569,0,0,0,0,0,0,0,0,0,9.6318,0,0.001229526,0.000114909,0
72,271,54.076,11.34171315,717.4347215,1.9362,0,0,0,0,0,0.60778,0,0,0,0.151728,0,0.001229526,0.000114909,0
72,271,54.076,11.34171315,717.4347215,0.17485,0,0,0,0,0,0,0,0,0,0.151728,0,0.001229526,0.000114909,0
72,271,54.076,11.34171315,717.4347215,0,0,0,0,0,0,0,0,0,0,0.151728,0,0.001229526,0.000114909,0
72,271,54.076,11.34171315,717.4347215,0,4.6287,0,0,0,0,0,0,0,0,2.68779,0,0.001229526,0.000114909,0
72,271,54.076,11.34171315,717.4347215,0,0,0,0,0,0,0,0,0,0,0,0,0.001229526,0.000114909,0
72,271,54.076,11.34171315,717.4347215,0,0,0,0,0,0.002317,0,0,0,0,0.151728,0,0.001229526,0.000114909,0
72,271,54.076,11.34171315,717.4347215,0,0,0,0,0,0,0,0,0,0,0.278532,0,0.001229526,0.000114909,0
72,271,54.076,11.34171315,717.4347215,0,0,0,1.1722,0,0,0,0,0,0,0.151728,0,0.001229526,0.000114909,0
72,271,54.076,11.34171315,717.4347215,0,0,0.57258,0.01807,0,0,0,0,0,0,0.53757,0,0.001229526,0.000114909,0
72,271,54.076,11.34171315,717.4347215,0,0,0,0,0,0.79321,0.13028,0,0,0,0,0,0.001229526,0.000114909,0
72,271,54.076,11.34171315,717.4347215,0,0,0,3.1633,0,0,0,0,0,0,0.271728,0,0.001229526,0.000114909,0
72,271,54.076,11.34171315,717.4347215,0,0,0,0,0,0,0,0,0,0,0.181728,0,0.001229526,0.000114909,0
72,271,54.076,11.34171315,717.4347215,0.018325,0,0,0.008333,0,0.14521,0.059897,0,0,0,0.151728,0,0.001229526,0.000114909,0
72,271,54.076,11.34171315,717.4347215,0.002068,0,0,0,0,0,0,0,0,0,5.1363,0,0.001229526,0.000114909,0
72,271,54.076,11.34171315,717.4347215,0.070537,0,7.8329,0,0,0,0.021726,0,0,0,0,0,0.001229526,0.000114909,0
72,271,54.076,11.34171315,717.4347215,0,0,0,0,0,0,0,0,0,0,0.151728,0,0.001229526,0.000114909,0
72,271,54.076,11.34171315,717.4347215,0,0,0,0,0,0,0.008333,0,0,0,5.1447,0,0.001229526,0.000114909,0
72,271,54.076,11.34171315,717.4347215,0.005411,0,0,0,0,0,0,0,0,0,0,0,0.001229526,0.000114909,0
72,271,54.076,11.34171315,717.4347215,0,0,0,0,0,0,0,0,0,0,5.6202,0,0.001229526,0.000114909,0
72,271,54.076,11.34171315,717.4347215,0,0.005239,0,1.1907,0,0,0,0,0,0,1.97832,0,0.001229526,0.000114909,0
72,271,54.076,11.34171315,717.4347215,0,0,0,0,0,0,0,0,0,0,8.7618,0,0.001229526,0.000114909,0
72,271,54.076,11.34171315,717.4347215,0,0,0,0,0,0,0,0,0,0,0,0,0.001229526,0.000114909,0
72,271,54.076,11.34171315,717.4347215,0,0,0,0,0,0,0,0,0,0,0,0,0.001229526,0.000114909,0
72,271,54.076,11.34171315,717.4347215,1.3251,0,0,0,0,0,0,0,0,0,0,0,0.001229526,0.000114909,0
72,271,54.076,11.34171315,717.4347215,0,0.17761,0,0,0,0,0,0,0,0,0,0,0.001229526,0.000114909,0
72,271,54.076,11.34171315,717.4347215,0,0,0,0,0,0,0,0,0,0,0,0,0.001229526,0.000114909,0
72,271,54.076,11.34171315,717.4347215,0,0,0,0,0,0,0,0,0,0,4.4103,0,0.001229526,0.000114909,0
72,271,54.076,11.34171315,717.4347215,0,0,0,0,0,0,0,0,0,0,0.151728,0,0.001229526,0.000114909,0
72,271,54.076,11.34171315,717.4347215,0,0.096136,0,0.11752,0,0,0,0,0,0,0,0,0.001229526,0.000114909,0
72,271,54.076,11.34171315,717.4347215,0.001205,0,0,0,0,0,0,0,0,0,2.34429,0,0.001229526,0.000114909,0
72,271,54.076,11.34171315,717.4347215,0.016623,0,0,0,0,0,0,0,0,0,0,0,0.001229526,0.000114909,0
72,271,54.076,11.34171315,717.4347215,0,0,0,0.001463,0,0,0,0,0,0,0.151728,0,0.001229526,0.000114909,0
72,271,54.076,11.34171315,717.4347215,0,0.000126,0.59064,0,0,0,0,0,0,0,0.275259,0,0.001229526,0.000114909,0
72,271,54.076,11.34171315,717.4347215,0,0,0,0,0,0,0,0,0,0,0,0,0.001229526,0.000114909,0
72,271,54.076,11.34171315,717.4347215,0.009454,0,0,0,0,0,0,0,0,0,0,0,0.001229526,0.000114909,0
72,271,54.076,11.34171315,717.4347215,0,0,0,0,0,0,0,0,0,0,1.17711,0,0.001229526,0.000114909,0
72,271,54.076,11.34171315,717.4347215,0.10131,0,0,0,0,0,0,0,0,0,0.151728,0,0.001229526,0.000114909,0
72,271,54.076,11.34171315,717.4347215,0,0,0,0,0,0,0,0,0,0,0.151728,0,0.001229526,0.000114909,0
72,271,54.076,11.34171315,717.4347215,0.75539,0.019613,0,0,0,0.22852,0,0,0,0,0.151728,0,0.001229526,0.000114909,0
72,271,54.076,11.34171315,717.4347215,0,0,0,0.11385,0,0,0,0,0,0,2.6931,0,0.001229526,0.000114909,0
72,271,54.076,11.34171315,717.4347215,0,0,0,0.0035385,0,0,0,0,0,0,3.2268,0,0.001229526,0.000114909,0
72,271,54.076,11.34171315,717.4347215,0.016667,0,0,0,0,0,0,0,0,0,0.30174,0,0.001229526,0.000114909,0
72,271,54.076,11.34171315,717.4347215,0,0,0,0,0,0,0,0,0,0,5.0718,0,0.001229526,0.000114909,0
72,271,54.076,11.34171315,717.4347215,0,0,0,0,0,0,0,0,0,0,0,0,0.001229526,0.000114909,0
72,271,54.076,11.34171315,717.4347215,0,0,0,0,0,0,0,0,0,0,0,0,0.001229526,0.000114909,0
72,271,54.076,11.34171315,717.4347215,0,0,0,0,0,0,0,0,0,0,0,0,0.001229526,0.000114909,0
72,271,54.076,11.34171315,717.4347215,0.00062,0,0,0,0,0,0,0,0,0,0.73911,0,0.001229526,0.000114909,0
72,271,54.076,11.34171315,717.4347215,0.029081,0,0,0.009003,0,0,0,0,0,0,1.51233,0,0.001229526,0.000114909,0
72,271,54.076,11.34171315,717.4347215,0.00328,0,0,0,0,0.79321,0,0,0,0,0.151728,0,0.001229526,0.000114909,0
72,271,54.076,11.34171315,717.4347215,0,0,0,0,0,0,0,0,0,0,10.9065,0,0.001229526,0.000114909,0
72,271,54.076,11.34171315,717.4347215,0,0,0,0,0,0,0,0,0,0,0,0,0.001229526,0.000114909,0
72,271,54.076,11.34171315,717.4347215,0.11165,0,0,1.1907,0,0,0,0,0,0,0.151728,0,0.001229526,0.000114909,0
72,271,54.076,11.34171315,717.4347215,0,0,0.36189,0,0,0,0,0,0,0,0.151728,0,0.001229526,0.000114909,0
72,271,54.076,11.34171315,717.4347215,0,0,0,0,0,0,0,0,0,0,1.19187,0,0.001229526,0.000114909,0
72,271,54.076,11.34171315,717.4347215,2.0704,0,0,0.001463,0,0,0,0,0,0,0.151728,0,0.001229526,0.000114909,0
72,271,54.076,11.34171315,717.4347215,0,0,0,0,0,0,0,0,0,0,0,0,0.001229526,0.000114909,0
72,271,54.076,11.34171315,717.4347215,0,0,0,0,0,0.79321,5.5509,0,0,0,0.273018,0,0.001229526,0.000114909,0
72,271,54.076,11.34171315,717.4347215,0.17485,0,0,0,0,0.79291,0.13028,0,0,0,0.75903,0,0.001229526,0.000114909,0
72,271,54.076,11.34171315,717.4347215,0,0,0,0,0,0,0.42744,0,0,0,0,0,0.001229526,0.000114909,0
72,271,54.076,11.34171315,717.4347215,0.031315,0,0,0,0,0,0,0,0,0,1.40073,0,0.001229526,0.000114909,0
72,271,54.076,11.34171315,717.4347215,2.0562,0,0,0,0,0,0,0,0,0,1.97832,0,0.001229526,0.000114909,0
72,271,54.076,11.34171315,717.4347215,0,0,0,0,0,0,0,0,0,0,0,0,0.001229526,0.000114909,0
72,271,54.076,11.34171315,717.4347215,0,0,0,0,0,0,0,0,0,0,8.3718,0,0.001229526,0.000114909,0
72,271,54.076,11.34171315,717.4347215,0.68542,0,0,0,0,0,0,0,0,0,2.29656,0,0.001229526,0.000114909,0
72,271,54.076,11.34171315,717.4347215,0,0,0,0,0,0,0.13028,0,0,0,0,0,0.001229526,0.000114909,0
72,271,54.076,11.34171315,717.4347215,0.31253,0.26694,0,0,0,0,0.13028,0,0,0,0.151728,0,0.001229526,0.000114909,0
72,271,54.076,11.34171315,717.4347215,1.7,0,0,0,0,0,0,0,0,0,4.8687,0,0.001229526,0.000114909,0
72,271,54.076,11.34171315,717.4347215,0,0,0,0,0,0,0,0,0,0,1.17711,0,0.001229526,0.000114909,0
72,271,54.076,11.34171315,717.4347215,0,0,0,0,0,0,0,0,0,0,0.51381,0,0.001229526,0.000114909,0
72,271,54.076,11.34171315,717.4347215,3.8363,0,0,0,0,0,0,0,0,0,1.33728,0,0.001229526,0.000114909,0
72,271,54.076,11.34171315,717.4347215,0.084223,0,0,0,0,0,0,0,0,0,0.151728,0,0.001229526,0.000114909,0
72,271,54.076,11.34171315,717.4347215,0,0,0,0,0,0,0,0,0,0,3.6159,0,0.001229526,0.000114909,0
72,271,54.076,11.34171315,717.4347215,0.0053115,0,0,0,0,0,0,0,0,0,0.151728,0,0.001229526,0.000114909,0
72,271,54.076,11.34171315,717.4347215,0,0,0,0.001463,0,0,1.3964,0,0,0,1.73121,0,0.001229526,0.000114909,0
72,271,54.076,11.34171315,717.4347215,0,3.2566,0,0,0,0,0,0,0,0,0.278532,0,0.001229526,0.000114909,0
72,271,54.076,11.34171315,717.4347215,0,0,0,0,0,0,0,0,0,0,0.271728,0,0.001229526,0.000114909,0
72,271,54.076,11.34171315,717.4347215,0.26564,0,7.3381,0,0,0,0,0,0,0,0,0,0.001229526,0.000114909,0
72,271,54.076,11.34171315,717.4347215,0,0,0,0.000765,0,0,0,0,0,0,0,0,0.001229526,0.000114909,0
72,271,54.076,11.34171315,717.4347215,0,0,0,0,0,0,0,0,0,0,0,0,0.001229526,0.000114909,0
72,271,54.076,11.34171315,717.4347215,0.00052,0,0,0,0,0,0,0,0,0,11.1597,0,0.001229526,0.000114909,0
72,271,54.076,11.34171315,717.4347215,0,0,0,0.008333,0,0,0,0,0,0,0.151728,0,0.001229526,0.000114909,0
72,271,54.076,11.34171315,717.4347215,0,0,0,0,0,0,0.10863,0,0,0,4.8687,0,0.001229526,0.000114909,0
72,271,54.076,11.34171315,717.4347215,2.5449,0,0,0,0,0,0,0,0,0,0,0,0.001229526,0.000114909,0
72,271,54.076,11.34171315,717.4347215,0,0,0,0,0,0,0,0,0,0,0,0,0.001229526,0.000114909,0
72,271,54.076,11.34171315,717.4347215,0,0,0,0,0,0,0.13028,0,0,0,1.57107,0,0.001229526,0.000114909,0
72,271,54.076,11.34171315,717.4347215,0.43242,0,0,0,0,0,0,0,0,0,9.7218,0,0.001229526,0.000114909,0
72,271,54.076,11.34171315,717.4347215,0.017186,0,0,0,0,0,0,0,0,0,1.28049,0,0.001229526,0.000114909,0
72,271,54.076,11.34171315,717.4347215,0,0,0,0,0,0,8.1131,0,0,0,0.151728,0,0.001229526,0.000114909,0
72,271,54.076,11.34171315,717.4347215,0,0,0,0.012157,0,0,0,0,0,0,0,0,0.001229526,0.000114909,0
72,271,54.076,11.34171315,717.4347215,0,0,0,0.00676,0,0,0,0,0,0,0,0,0.001229526,0.000114909,0
72,271,54.076,11.34171315,717.4347215,0,0,0,4.2159,0,0.000464,0.021726,0,0,0,0,0,0.001229526,0.000114909,0
72,271,54.076,11.34171315,717.4347215,0,0,0,0,0,0,0,0,0,0,5.0406,0,0.001229526,0.000114909,0
72,271,54.076,11.34171315,717.4347215,0,0,0,0,0,0,0,0,0,0,0.151728,0,0.001229526,0.000114909,0
72,271,54.076,11.34171315,717.4347215,0.004213,0,0,0,0,0.77921,0,0,0,0,0,0,0.001229526,0.000114909,0
72,271,54.076,11.34171315,717.4347215,0,0,0,0.018752,0,0,0,0,0,0,0.282771,0,0.001229526,0.000114909,0
72,271,54.076,11.34171315,717.4347215,1.122,0,0,0.18902,0,0,0,0,0,0,0.151728,0,0.001229526,0.000114909,0
72,271,54.076,11.34171315,717.4347215,1.2157,0,0,0,0,0,0,0,0,0,0,0,0.001229526,0.000114909,0
72,271,54.076,11.34171315,717.4347215,0.0053115,0,0,0,0,0,0,0,0,0,3.9018,0,0.001229526,0.000114909,0
72,271,54.076,11.34171315,717.4347215,0.002068,0,0,0.000254,0,0,0,0,0,0,0,0,0.001229526,0.000114909,0
72,271,54.076,11.34171315,717.4347215,0,0.00714,0,0,0,0,0,0,0,0,5.6202,0,0.001229526,0.000114909,0
72,271,54.076,11.34171315,717.4347215,0,1.5633,0,0,0,0,0,0,0,0,0,0,0.001229526,0.000114909,0
72,271,54.076,11.34171315,717.4347215,0,0,0,0,0,0,0.13028,0,0,0,0,0,0.001229526,0.000114909,0
72,271,54.076,11.34171315,717.4347215,0,0,0,0,0,0,0,0,0,0,4.6839,0,0.001229526,0.000114909,0
72,271,54.076,11.34171315,717.4347215,0,0.008333,0,0,0,0,0,0,0,0,1.42107,0,0.001229526,0.000114909,0
72,271,54.076,11.34171315,717.4347215,0,0,0,0.47997,0,0,0.13028,0,0,0,0,0,0.001229526,0.000114909,0
72,271,54.076,11.34171315,717.4347215,1.4231,0,0.000338,0,0,0,0,0,0,0,0,0,0.001229526,0.000114909,0
72,271,54.076,11.34171315,717.4347215,0,0,0,0,0,0,0.13028,0,0,0,10.7733,0,0.001229526,0.000114909,0
72,271,54.076,11.34171315,717.4347215,0.17485,0,0,0,0,0.79321,0,0,0,0,0.278703,0,0.001229526,0.000114909,0
72,271,54.076,11.34171315,717.4347215,0,0,0,0,0,0.79321,0,0,0,0,0.151728,0,0.001229526,0.000114909,0
72,271,54.076,11.34171315,717.4347215,0,0,0,0,0,0,0,0,0,0,0.151728,0,0.001229526,0.000114909,0
72,271,54.076,11.34171315,717.4347215,0,0,0,0,0,0,0,0,0,0,0.151728,0,0.001229526,0.000114909,0
72,271,54.076,11.34171315,717.4347215,0.11165,0,0,0,0,0,0,0,0,0,0.181728,0,0.001229526,0.000114909,0
72,271,54.076,11.34171315,717.4347215,0,0,0,0,0,0,0,0,0,0,0,0,0.001229526,0.000114909,0
72,271,54.076,11.34171315,717.4347215,0,0,0,0,0,0,0,0,0,0,0.151728,0,0.001229526,0.000114909,0
72,271,54.076,11.34171315,717.4347215,0.46518,0,0,0,0,0,0,0,0,0,0,0,0.001229526,0.000114909,0
72,271,54.076,11.34171315,717.4347215,0,0,0,0,0,0,0,0,0,0,0.151728,0,0.001229526,0.000114909,0
72,271,54.076,11.34171315,717.4347215,0,0,0,0,0,0,0,0,0,0,0.151728,0,0.001229526,0.000114909,0
72,271,54.076,11.34171315,717.4347215,0,0,0,0.00829,0,0,0,0,0,0,0,0,0.001229526,0.000114909,0
72,271,54.076,11.34171315,717.4347215,0,0,0,0,0,0,0,0,0,0,0.151728,0,0.001229526,0.000114909,0
72,271,54.076,11.34171315,717.4347215,0,0,0,0,0,0,0,0,0,0,0,0,0.001229526,0.000114909,0
72,271,54.076,11.34171315,717.4347215,0,0,0,0,0,0,0,0,0,0,0.151728,0,0.001229526,0.000114909,0
72,271,54.076,11.34171315,717.4347215,1.2157,0,5.9999,0,0,0,0,0,0,0,0,0,0.001229526,0.000114909,0
72,271,54.076,11.34171315,717.4347215,0,2.9352,0,0,0,0,0,0,0,0,0.151728,0,0.001229526,0.000114909,0
72,271,54.076,11.34171315,717.4347215,0,0,0,0,0,1.0992,0.002308,0,0,0,0,0,0.001229526,0.000114909,0
72,271,54.076,11.34171315,717.4347215,0,0,0,0,0,0,0,0,0,0,0,0,0.001229526,0.000114909,0
72,271,54.076,11.34171315,717.4347215,0,0,0,0,0,0,0,0,0,0,11.0037,0,0.001229526,0.000114909,0
72,271,54.076,11.34171315,717.4347215,0,0,0,0,0,0,0,0,0,0,9.4983,0,0.001229526,0.000114909,0
72,271,54.076,11.34171315,717.4347215,0,0.027602,0,1.0143,0,0,0,0,0,0,0.78174,0,0.001229526,0.000114909,0
72,271,54.076,11.34171315,717.4347215,0.092602,0.52574,0,0,0,0,0,0,0,0,3.9018,0,0.001229526,0.000114909,0
72,271,54.076,11.34171315,717.4347215,0,0,0,0,0,0,0.008333,0,0,0,5.1363,0,0.001229526,0.000114909,0
72,271,54.076,11.34171315,717.4347215,0,0,0,0,0,0,0,0,0,0,0.151728,0,0.001229526,0.000114909,0
72,271,54.076,11.34171315,717.4347215,0.14171,0,0,0,0,0.000012,0,0,0,0,0.151728,0,0.001229526,0.000114909,0
72,271,54.076,11.34171315,717.4347215,0,0,0,0,0,0,0,0,0,0,0.151728,0,0.001229526,0.000114909,0
72,271,54.076,11.34171315,717.4347215,0,0,0,0,0,0,0,0,0,0,0.151728,0,0.001229526,0.000114909,0
72,271,54.076,11.34171315,717.4347215,0,0,0,0.002011,0,0,0,0,0,0,4.8687,0,0.001229526,0.000114909,0
72,271,54.076,11.34171315,717.4347215,0,0,0,0,0,0,0,0,0,0,0.151728,0,0.001229526,0.000114909,0
72,271,54.076,11.34171315,717.4347215,0.016573,0,0.40181,0,0,9.7412,0,0,0,0,0.181728,0,0.001229526,0.000114909,0
72,271,54.076,11.34171315,717.4347215,0,0,0,0,0,0,0,0,0,0,0,0,0.001229526,0.000114909,0
72,271,54.076,11.34171315,717.4347215,0.000133,0.82621,0,0,0,0,0,0,0,0,4.6158,0,0.001229526,0.000114909,0
72,271,54.076,11.34171315,717.4347215,0,0,0,0,0,0,0,0,0,0,0.151728,0,0.001229526,0.000114909,0
72,271,54.076,11.34171315,717.4347215,0,0,0,0,0,0,0,0,0,0,0,0,0.001229526,0.000114909,0
72,271,54.076,11.34171315,717.4347215,0,0,0,0,0,0,0.40452,0,0,0,0.151728,0,0.001229526,0.000114909,0
72,271,54.076,11.34171315,717.4347215,0,0,0,0,0,0,0,0,0,0,0.45174,0,0.001229526,0.000114909,0
72,271,54.076,11.34171315,717.4347215,0,0,0,0,0,0.005318,0,0,0,0,0,0,0.001229526,0.000114909,0
72,271,54.076,11.34171315,717.4347215,0,0,0,0,0,0,0,0,0,0,0,0,0.001229526,0.000114909,0
72,271,54.076,11.34171315,717.4347215,0,0,0,0,0,0,0,0,0,0,3.3018,0,0.001229526,0.000114909,0
72,271,54.076,11.34171315,717.4347215,1.6088,0,0,1.2073,0,0,0,0,0,0,2.05122,0,0.001229526,0.000114909,0
72,271,54.076,11.34171315,717.4347215,0,0,0,0,0,0,0,0,0,0,0.181728,0,0.001229526,0.000114909,0
72,271,54.076,11.34171315,717.4347215,0,0,0,0,0,0,0,0,0,0,0.151728,0,0.001229526,0.000114909,0
72,271,54.076,11.34171315,717.4347215,0,0,0,0,0,0,0,0,0,0,1.21974,0,0.001229526,0.000114909,0
72,271,54.076,11.34171315,717.4347215,0,0,0,0,0,0.78099,0,0,0,0,0,0,0.001229526,0.000114909,0
72,271,54.076,11.34171315,717.4347215,1.3083,0,0,0,0,0,0,0,0,0,0,0,0.001229526,0.000114909,0
72,271,54.076,11.34171315,717.4347215,0,0,0,0,0,0,0,0,0,0,0,0,0.001229526,0.000114909,0
72,271,54.076,11.34171315,717.4347215,0,0,0,0,0,0,0,0,0,0,0.151728,0,0.001229526,0.000114909,0
72,271,54.076,11.34171315,717.4347215,0,0,0,0,0,0,0,0,0,0,0.151728,0,0.001229526,0.000114909,0
72,271,54.076,11.34171315,717.4347215,0,0,0,0,0,0,0,0,0,0,9.1953,0,0.001229526,0.000114909,0
72,271,54.076,11.34171315,717.4347215,6.5264,0,0,0,0,0,0,0,0,0,0.279615,0,0.001229526,0.000114909,0
72,271,54.076,11.34171315,717.4347215,0,0,0,0,0,0,0,0,0,0,4.7352,0,0.001229526,0.000114909,0
72,271,54.076,11.34171315,717.4347215,0,0,0,0,0,0,0,0,0,0,0.151728,0,0.001229526,0.000114909,0
72,271,54.076,11.34171315,717.4347215,0,0,0,0,0,0,0,0,0,0,0.90174,0,0.001229526,0.000114909,0
72,271,54.076,11.34171315,717.4347215,0,0,0,0,0,0,0,0,0,0,0.151728,0,0.001229526,0.000114909,0
72,271,54.076,11.34171315,717.4347215,0,0,0,0,0,0.79321,0,0,0,0,1.27536,0,0.001229526,0.000114909,0
72,271,54.076,11.34171315,717.4347215,0,0,0,0,0,0,0,0,0,0,0.38961,0,0.001229526,0.000114909,0
72,271,54.076,11.34171315,717.4347215,0,0,0,0,0,0,0,0,0,0,0.151728,0,0.001229526,0.000114909,0
72,271,54.076,11.34171315,717.4347215,0,0,0,0,0,0,0.40452,0,0,0,0.151728,0,0.001229526,0.000114909,0
72,271,54.076,11.34171315,717.4347215,0,0,0,0,0,0,0,0,0,0,2.94174,0,0.001229526,0.000114909,0
72,271,54.076,11.34171315,717.4347215,0.023249,0,0,0,0,0,0,0,0,0,0.37014,0,0.001229526,0.000114909,0
72,271,54.076,11.34171315,717.4347215,0,1.6484,0,0,0,0,0,0,0,0,0,0,0.001229526,0.000114909,0
72,271,54.076,11.34171315,717.4347215,0,0,0,0,0,0,0,0,0,0,0,0,0.001229526,0.000114909,0
72,271,54.076,11.34171315,717.4347215,0.009348,0,0,0,0,0,0,0,0,0,0,0,0.001229526,0.000114909,0
72,271,54.076,11.34171315,717.4347215,0.022752,0,0,0,0,0,0,0,0,0,0,0,0.001229526,0.000114909,0
72,271,54.076,11.34171315,717.4347215,8.9156,0,0,0.001267,0,0,0,0,0,0,0.151728,0,0.001229526,0.000114909,0
72,271,54.076,11.34171315,717.4347215,0.58804,0,0,0,0,0,0,0,0,0,0,0,0.001229526,0.000114909,0
72,271,54.076,11.34171315,717.4347215,0,0,0,0,0,0,0,0,0,0,0.151728,0,0.001229526,0.000114909,0
72,271,54.076,11.34171315,717.4347215,0,0.0071766,0,0,0,0,0,0,0,0,0,0,0.001229526,0.000114909,0
72,271,54.076,11.34171315,717.4347215,0,0,0,0,0,0,0,0,0,0,0.151728,0,0.001229526,0.000114909,0
72,271,54.076,11.34171315,717.4347215,0,0,0,0,0,0,0,0,0,0,5.0718,0,0.001229526,0.000114909,0
73,272,90.528,46.65006613,2950.910216,0,0,0,0.008332,0,0,0,0,0,0,0.278532,0,0.005023083,0.000469449,0
73,272,90.528,46.65006613,2950.910216,10.563,0,0,0,0,0,0,0,0,0,0.151728,0,0.005023083,0.000469449,0
73,272,90.528,46.65006613,2950.910216,0,0,0,0,0,0,32.307,0,0,0,0.68376,0,0.005023083,0.000469449,0
73,272,90.528,46.65006613,2950.910216,0.010743,0,0,0,0,0,0,0,0,0,19.4277,0,0.005023083,0.000469449,0
73,272,90.528,46.65006613,2950.910216,0,0,0,0,0,0,0,0,0,0,30.786,0,0.005023083,0.000469449,0
73,272,90.528,46.65006613,2950.910216,0.26564,0.00036,0,0,0,0,41.285,0,0,0,3.6918,0,0.005023083,0.000469449,0
73,272,90.528,46.65006613,2950.910216,1.6777,0,0,0,0,2.2803,0,0,0,0,0.151728,0,0.005023083,0.000469449,0
73,272,90.528,46.65006613,2950.910216,2.3489,0,0,0,0,0,0,0,0,0,0.275259,0,0.005023083,0.000469449,0
73,272,90.528,46.65006613,2950.910216,0,0,0,0,0,0,5.4582,0,0,0,0,0,0.005023083,0.000469449,0
73,272,90.528,46.65006613,2950.910216,0.070537,0,0,0,0,0,0,0,0,0,0,0,0.005023083,0.000469449,0
73,272,90.528,46.65006613,2950.910216,0.0081166,0,0,0,0,0,28.515,0,0,0,0,0,0.005023083,0.000469449,0
73,272,90.528,46.65006613,2950.910216,0,0,0,0,0,0,0,0,0,0,0.286086,0,0.005023083,0.000469449,0
73,272,90.528,46.65006613,2950.910216,0,0,0,0,0,0,0,0,0,0,4.4313,0,0.005023083,0.000469449,0
73,272,90.528,46.65006613,2950.910216,34.489,0,0.008308,0,0,0,0,0,0,0,0,0,0.005023083,0.000469449,0
73,272,90.528,46.65006613,2950.910216,0,3.3136,0,0,0,1.6194,0,0,0,0,0.151728,0,0.005023083,0.000469449,0
73,272,90.528,46.65006613,2950.910216,0,0,0,0.000234,0,0,0,0,0,0,25.7361,0,0.005023083,0.000469449,0
73,272,90.528,46.65006613,2950.910216,0,0,0,0,0,0,0,0,0,0,0,0,0.005023083,0.000469449,0
73,272,90.528,46.65006613,2950.910216,0.26916,0,0,0.037057,0,0,0,0,0,0,0.269961,0,0.005023083,0.000469449,0
73,272,90.528,46.65006613,2950.910216,0,0,0,0,0,0,0.59876,0,0,0,28.113,0,0.005023083,0.000469449,0
73,272,90.528,46.65006613,2950.910216,0,0,0,0,0,0.64454,0,0,0,0,0.36594,0,0.005023083,0.000469449,0
73,272,90.528,46.65006613,2950.910216,0,6.8048,0,0,0,0,0,0,0,0,4.7352,0,0.005023083,0.000469449,0
73,272,90.528,46.65006613,2950.910216,0.000688,0,0,0,0,0,6.6682,0,0,0,0.151728,0,0.005023083,0.000469449,0
73,272,90.528,46.65006613,2950.910216,0.04429,0,0,0,0,0,0,0,0,0,0,0,0.005023083,0.000469449,0
73,272,90.528,46.65006613,2950.910216,0,0,0,0,0,0,0,0,0,0,8.3751,0,0.005023083,0.000469449,0
73,272,90.528,46.65006613,2950.910216,0,0,0.080487,0,0,0,24.627,0,0,0,0,0,0.005023083,0.000469449,0
73,272,90.528,46.65006613,2950.910216,0,1.6282,0,0.46453,0,0,0,0,0,0,14.3958,0,0.005023083,0.000469449,0
73,272,90.528,46.65006613,2950.910216,0,0.008333,0,0,0,0,0,0,0,0,0.53757,0,0.005023083,0.000469449,0
73,272,90.528,46.65006613,2950.910216,0,0,0,0,0,0,0,0,0,0,0.151728,0,0.005023083,0.000469449,19.37804878
73,272,90.528,46.65006613,2950.910216,0,0,0,0,0,0,0,0,0,0,0,0,0.005023083,0.000469449,0
73,272,90.528,46.65006613,2950.910216,0,0,0,0,0,0,0,0,0,0,0,0,0.005023083,0.000469449,0
73,272,90.528,46.65006613,2950.910216,0,0,0,0.029911,0,0,0.13028,0,0,0,0.151728,0,0.005023083,0.000469449,0
73,272,90.528,46.65006613,2950.910216,0,0,0,0,0,0,0,0,0,0,0.151728,0,0.005023083,0.000469449,0
73,272,90.528,46.65006613,2950.910216,1.737,0,0,0,0,0,15.455,0,0,0,0.151728,0,0.005023083,0.000469449,0
73,272,90.528,46.65006613,2950.910216,0.006869,0,0,0,0,0,0,0,0,0,0,0,0.005023083,0.000469449,0
73,272,90.528,46.65006613,2950.910216,0.010743,0,0,0.00524,0,0,0,0,0,0,0.151728,0,0.005023083,0.000469449,0
73,272,90.528,46.65006613,2950.910216,0,0,0,0,0,0,0.13028,0,0,0,0.75903,0,0.005023083,0.000469449,0
73,272,90.528,46.65006613,2950.910216,0,0,0,0,0,0,0,0,0,0,0.151728,0,0.005023083,0.000469449,0
73,272,90.528,46.65006613,2950.910216,0.00062,0,0,0,0,0,0,0,0,0,0.151728,0,0.005023083,0.000469449,0
73,272,90.528,46.65006613,2950.910216,0.0044655,0,0,0,0,0,0,0,0,0,0,0,0.005023083,0.000469449,0
73,272,90.528,46.65006613,2950.910216,0,0,0,0,0,0,0,0,0,0,0,0,0.005023083,0.000469449,0
73,272,90.528,46.65006613,2950.910216,0,0,0,0,0,0,0,0,0,0,0,0,0.005023083,0.000469449,0
73,272,90.528,46.65006613,2950.910216,0,0,0,0,0,0,0,0,0,0,0,0,0.005023083,0.000469449,0
73,272,90.528,46.65006613,2950.910216,26.245,0,0,0,0,0,0,0,0,0,0.151728,0,0.005023083,0.000469449,0
73,272,90.528,46.65006613,2950.910216,0,0,0,0,0,0,0,0,0,0,0.151728,0,0.005023083,0.000469449,0
73,272,90.528,46.65006613,2950.910216,0,0,0,0,0,1.9314,0,0,0,0,0.151728,0,0.005023083,0.000469449,0
73,272,90.528,46.65006613,2950.910216,0,0,0,0,0,0,0.40452,0,0,0,1.08339,0,0.005023083,0.000469449,0
73,272,90.528,46.65006613,2950.910216,0,0,0,0,0,0,0,0,0,0,13.9131,0,0.005023083,0.000469449,0
73,272,90.528,46.65006613,2950.910216,0,0,0,0,0,0,0.13028,0,0,0,7.8042,0,0.005023083,0.000469449,0
73,272,90.528,46.65006613,2950.910216,3.3279,0,0,0,0,13.934,0,0,0,0,27.6384,0,0.005023083,0.000469449,0
73,272,90.528,46.65006613,2950.910216,0.029081,0,0,0,0,0,0,0,0,0,0,0,0.005023083,0.000469449,0
73,272,90.528,46.65006613,2950.910216,0,0.008332,0,0,0,0,0,0,0,0,1.96911,0,0.005023083,0.000469449,0
73,272,90.528,46.65006613,2950.910216,0.40581,0.00387,0,0,0,0,0,0,0,0,0.151728,0,0.005023083,0.000469449,0
73,272,90.528,46.65006613,2950.910216,5.2563,7.8987,0,0,0,0,0,0,0,0,0.151728,0,0.005023083,0.000469449,0
73,272,90.528,46.65006613,2950.910216,0,0,0,0,0,0,0,0,0,0,0,0,0.005023083,0.000469449,0
73,272,90.528,46.65006613,2950.910216,2.0033,0,0,0,0,0,41.059,0,0,0,0.151728,0,0.005023083,0.000469449,0
73,272,90.528,46.65006613,2950.910216,0,0,0,0,0,0,0,0,0,0,18.0318,0,0.005023083,0.000469449,0
73,272,90.528,46.65006613,2950.910216,0,0,0,0.0015935,0,0,0,0,0,0,0.151728,0,0.005023083,0.000469449,0
73,272,90.528,46.65006613,2950.910216,0,0,0,0,0,0,0,0,0,0,2.3544,0,0.005023083,0.000469449,0
73,272,90.528,46.65006613,2950.910216,0.31128,0,0,0,0,0,16.253,0,0,0,11.5245,0,0.005023083,0.000469449,0
73,272,90.528,46.65006613,2950.910216,0,0,0,0,0,0,10.453,0,0,0,3.4635,0,0.005023083,0.000469449,0
73,272,90.528,46.65006613,2950.910216,0,0,0,0,0,0,0,0,0,0,0,0,0.005023083,0.000469449,0
73,272,90.528,46.65006613,2950.910216,0,0,0.002355,0,0,0.0000045,12.066,0,0,0,0.151728,0,0.005023083,0.000469449,0
73,272,90.528,46.65006613,2950.910216,0,0,0,0,0,0,0,0,0,0,0,0,0.005023083,0.000469449,0
73,272,90.528,46.65006613,2950.910216,1.0383,0,0,0,0,0,0,0,0,0,22.617,0,0.005023083,0.000469449,0
73,272,90.528,46.65006613,2950.910216,0,0,0,0.008333,0,0,0,0,0,0,0,0,0.005023083,0.000469449,0
73,272,90.528,46.65006613,2950.910216,0,0,0,0,0,0,13.633,0,0,0,0.44541,0,0.005023083,0.000469449,0
73,272,90.528,46.65006613,2950.910216,0,0,0,2.8529,0,0,0,0,0,0,15.2718,0,0.005023083,0.000469449,0
73,272,90.528,46.65006613,2950.910216,0,0,0,0,0,0,34.809,0,0,0,0,0,0.005023083,0.000469449,0
73,272,90.528,46.65006613,2950.910216,0,0,0,0,0,0,0,0,0,0,0.151728,0,0.005023083,0.000469449,0
73,272,90.528,46.65006613,2950.910216,0,0,0,0,0,0,0,0,0,0,0.151728,0,0.005023083,0.000469449,0
73,272,90.528,46.65006613,2950.910216,0,0,0,0,0,0,0.10863,0,0,0,2.34429,0,0.005023083,0.000469449,0
73,272,90.528,46.65006613,2950.910216,0.24532,0,0,0,0,0,0,0,0,0,0.31755,0,0.005023083,0.000469449,0
73,272,90.528,46.65006613,2950.910216,0,0,0,0,0,0,0,0,0,0,3.3018,0,0.005023083,0.000469449,0
73,272,90.528,46.65006613,2950.910216,0,0,0,0,0,0,0,0,0,0,38.517,0,0.005023083,0.000469449,0
73,272,90.528,46.65006613,2950.910216,0.42108,0,0,0,0,0,0,0,0,0,10.8618,0,0.005023083,0.000469449,0
73,272,90.528,46.65006613,2950.910216,0,0,0,6.5095,0,0,0,0,0,0,1.5003,0,0.005023083,0.000469449,0
73,272,90.528,46.65006613,2950.910216,0,0,0,0,0,0,1.8067,0,0,0,0,0,0.005023083,0.000469449,0
73,272,90.528,46.65006613,2950.910216,0,0,0,0,0,0,0,0,0,0,28.8018,0,0.005023083,0.000469449,0
73,272,90.528,46.65006613,2950.910216,0,0,0,0,0,0,0,0,0,0,2.31141,0,0.005023083,0.000469449,0
73,272,90.528,46.65006613,2950.910216,0,0,0,0,0,0,0,0,0,0,0,0,0.005023083,0.000469449,0
73,272,90.528,46.65006613,2950.910216,19.704,0,0,0,0,0,0,0,0,0,0.151728,0,0.005023083,0.000469449,0
73,272,90.528,46.65006613,2950.910216,0,0,0,0,0,0,0,0,0,0,7.8042,0,0.005023083,0.000469449,0
73,272,90.528,46.65006613,2950.910216,0,0,0,0.020204,0,0,0.67927,0,0,0,3.9018,0,0.005023083,0.000469449,0
73,272,90.528,46.65006613,2950.910216,0,0,0.54783,0,0,0,0,0,0,0,0.30174,0,0.005023083,0.000469449,0
73,272,90.528,46.65006613,2950.910216,0.001192,0,0,0,0,0,0.13028,0,0,0,0,0,0.005023083,0.000469449,0
73,272,90.528,46.65006613,2950.910216,0.029081,0,0,0,0,0.781,0,0,0,0,0.70413,0,0.005023083,0.000469449,0
73,272,90.528,46.65006613,2950.910216,0,0,0,0,0,0,0,0,0,0,0,0,0.005023083,0.000469449,0
73,272,90.528,46.65006613,2950.910216,0,0.008332,0,0,0,0,0,0,0,0,23.3337,0,0.005023083,0.000469449,0
73,272,90.528,46.65006613,2950.910216,0,0,0,0,0,0.77921,0,0,0,0,15.3204,0,0.005023083,0.000469449,0
73,272,90.528,46.65006613,2950.910216,0,0,0,0,0,0.0000045,22.658,0,0,0,3.7518,0,0.005023083,0.000469449,0
73,272,90.528,46.65006613,2950.910216,0,2.3255,0,0,0,0,0,0,0,0,0.151728,0,0.005023083,0.000469449,0
73,272,90.528,46.65006613,2950.910216,0,0,0,0,0,0.10908,0,0,0,0,0.151728,0,0.005023083,0.000469449,0
73,272,90.528,46.65006613,2950.910216,0,0,0,0,0,0,0,0,0,0,0.72228,0,0.005023083,0.000469449,0
73,272,90.528,46.65006613,2950.910216,0,0,12.74,0,0,0,0.008333,0,0,0,1.02366,0,0.005023083,0.000469449,0
73,272,90.528,46.65006613,2950.910216,0,0,0,0.98424,0,0,0,0,0,0,0.151728,0,0.005023083,0.000469449,0
73,272,90.528,46.65006613,2950.910216,0.084223,3.2986,0,0,0,0,0,0,0,0,0.151728,0,0.005023083,0.000469449,0
73,272,90.528,46.65006613,2950.910216,0,0,0,0,0,0,0,0,0,0,0,0,0.005023083,0.000469449,0
73,272,90.528,46.65006613,2950.910216,0,0,0,0,0,0,0,0,0,0,0.57,0,0.005023083,0.000469449,0
73,272,90.528,46.65006613,2950.910216,0,0.00387,0,0,0,0,15.455,0,0,0,0.151728,0,0.005023083,0.000469449,0
73,272,90.528,46.65006613,2950.910216,2.3036,0,0,0,0,0.77858,0,0,0,0,0,0,0.005023083,0.000469449,0
73,272,90.528,46.65006613,2950.910216,0,0.68263,0,0,0,0,0,0,0,0,0.151728,0,0.005023083,0.000469449,0
73,272,90.528,46.65006613,2950.910216,15.486,0,0,0,0,0,0,0,0,0,0,0,0.005023083,0.000469449,0
73,272,90.528,46.65006613,2950.910216,0,0,0,1.7194,0,0,0,0,0,0,0.151728,0,0.005023083,0.000469449,0
73,272,90.528,46.65006613,2950.910216,0,0,0,0,0,0,21.787,0,0,0,1.33728,0,0.005023083,0.000469449,0
73,272,90.528,46.65006613,2950.910216,0,0,0,0.008333,0,0,0,0,0,0,0.278526,0,0.005023083,0.000469449,0
73,272,90.528,46.65006613,2950.910216,0,0.002741,0,0,0,0,0,0,0,0,4.6839,0,0.005023083,0.000469449,0
73,272,90.528,46.65006613,2950.910216,0,0,0,0,0,0,0,0,0,0,3.9018,0,0.005023083,0.000469449,0
73,272,90.528,46.65006613,2950.910216,0,0.008333,0,0,0,0,0,0,0,0,1.08339,0,0.005023083,0.000469449,0
73,272,90.528,46.65006613,2950.910216,0,0,0,0,0,0,0,0,0,0,0,0,0.005023083,0.000469449,0
73,272,90.528,46.65006613,2950.910216,0,0,0,0,0,0,0,0,0,0,27.6384,0,0.005023083,0.000469449,0
73,272,90.528,46.65006613,2950.910216,0.66097,0,0,0,0,0,0,0,0,0,11.7102,0,0.005023083,0.000469449,0
73,272,90.528,46.65006613,2950.910216,0,0,0,0,0,0,0,0,0,0,1.65174,0,0.005023083,0.000469449,0
73,272,90.528,46.65006613,2950.910216,0.66097,0,0,0,0,5.146,0,0,0,0,0.290478,0,0.005023083,0.000469449,0
73,272,90.528,46.65006613,2950.910216,0,0,0,0,0,0,0,0,0,0,0,0,0.005023083,0.000469449,0
73,272,90.528,46.65006613,2950.910216,0.20828,0,0,0,0,0,0.60778,0,0,0,0,0,0.005023083,0.000469449,0
73,272,90.528,46.65006613,2950.910216,0,0.00524,0,0,0,0,0,0,0,0,0.151728,0,0.005023083,0.000469449,0
73,272,90.528,46.65006613,2950.910216,0,0,0,0.083612,0,0.79321,0,0,0,0,0.151728,0,0.005023083,0.000469449,0
73,272,90.528,46.65006613,2950.910216,0,0,0,0,0,0,0,0,0,0,0.273324,0,0.005023083,0.000469449,0
73,272,90.528,46.65006613,2950.910216,0,1.6934,0,0,0,0,0,0,0,0,0,0,0.005023083,0.000469449,0
73,272,90.528,46.65006613,2950.910216,0.1295,0,0,0,0,0,19.352,0,0,0,3.1572,0,0.005023083,0.000469449,0
73,272,90.528,46.65006613,2950.910216,0,0,0,0,0,0,0,0,0,0,0.275769,0,0.005023083,0.000469449,0
73,272,90.528,46.65006613,2950.910216,0,0,0,0,0,0,0,0,0,0,2.20755,0,0.005023083,0.000469449,0
73,272,90.528,46.65006613,2950.910216,0,0,3.2053,0,0,0,0,0,0,0,0,0,0.005023083,0.000469449,0
73,272,90.528,46.65006613,2950.910216,0,0,0,1.4185,0,0,0,0,0,0,0,0,0.005023083,0.000469449,0
73,272,90.528,46.65006613,2950.910216,0,0,0,0,0,0,0,0,0,0,9.1953,0,0.005023083,0.000469449,0
73,272,90.528,46.65006613,2950.910216,0,0,0,0,0,0,0,0,0,0,11.5818,0,0.005023083,0.000469449,0
73,272,90.528,46.65006613,2950.910216,0,0,0,0,0,0,0,0,0,0,0.151728,0,0.005023083,0.000469449,0
73,272,90.528,46.65006613,2950.910216,0,0,0,0,0,0,24.147,0,0,0,0,0,0.005023083,0.000469449,0
73,272,90.528,46.65006613,2950.910216,0,0,0,0,0,0,0,0,0,0,0,0,0.005023083,0.000469449,0
73,272,90.528,46.65006613,2950.910216,0,0,0,0,0,0,0,0,0,0,0,0,0.005023083,0.000469449,0
73,272,90.528,46.65006613,2950.910216,0,0,0,0,0,0,0,0,0,0,0.151728,0,0.005023083,0.000469449,0
73,272,90.528,46.65006613,2950.910216,0,0,0,1.6653,0,0,0,0,0,0,0,0,0.005023083,0.000469449,0
73,272,90.528,46.65006613,2950.910216,0,0,0,0,0,0,0,0,0,0,4.8618,0,0.005023083,0.000469449,0
73,272,90.528,46.65006613,2950.910216,4.2755,0,0,0,0,0,0,0,0,0,0.151728,0,0.005023083,0.000469449,0
73,272,90.528,46.65006613,2950.910216,0,0,0,0,0,0,0,0,0,0,0.86343,0,0.005023083,0.000469449,0
73,272,90.528,46.65006613,2950.910216,0,0,0,0,0,0,0,0,0,0,0.151728,0,0.005023083,0.000469449,0
73,272,90.528,46.65006613,2950.910216,0.68542,0.00387,0,0,0,0,0.13028,0,0,0,0.151728,0,0.005023083,0.000469449,0
73,272,90.528,46.65006613,2950.910216,0,0.012653,0,0,0,0,0,0,0,0,0,0,0.005023083,0.000469449,0
73,272,90.528,46.65006613,2950.910216,0,0,0,0.008882,0,0,0,0,0,0,0,0,0.005023083,0.000469449,0
73,272,90.528,46.65006613,2950.910216,0.1963,0,0,0,0,0,0.13028,0,0,0,0,0,0.005023083,0.000469449,0
73,272,90.528,46.65006613,2950.910216,0,0.008332,0,0,0,0,0,0,0,0,37.836,0,0.005023083,0.000469449,0
73,272,90.528,46.65006613,2950.910216,0,0,0,0,0,0,0.13028,0,0,0,0.151728,0,0.005023083,0.000469449,0
73,272,90.528,46.65006613,2950.910216,0,0,0,16.6,0,0,0,0,0,0,0.151728,0,0.005023083,0.000469449,0
73,272,90.528,46.65006613,2950.910216,0.10513,0,0,3.6711,0,0,0,0,0,0,0.151728,0,0.005023083,0.000469449,36.53658537
73,272,90.528,46.65006613,2950.910216,0,0,0,0,0,0,0.60778,0,0,0,0.151728,0,0.005023083,0.000469449,32.43902439
73,272,90.528,46.65006613,2950.910216,8.701,0,0,0,0,0,0,0,0,0,3.6285,0,0.005023083,0.000469449,0
73,272,90.528,46.65006613,2950.910216,0,0,0,0,0,0,0,0,0,0,0.37014,0,0.005023083,0.000469449,0
73,272,90.528,46.65006613,2950.910216,25.53,0,0,0,0,0,0,0,0,0,6.258,0,0.005023083,0.000469449,0
73,272,90.528,46.65006613,2950.910216,0,0,0,0,0,0,0,0,0,0,0.181728,0,0.005023083,0.000469449,0
73,272,90.528,46.65006613,2950.910216,0,0,0,0,0,0,0,0,0,0,10.3692,0,0.005023083,0.000469449,0
73,272,90.528,46.65006613,2950.910216,0,0,0,0,0,0,0,0,0,0,7.3257,0,0.005023083,0.000469449,0
73,272,90.528,46.65006613,2950.910216,0,0,0,0,0,0,0,0,0,0,14.5008,0,0.005023083,0.000469449,0
73,272,90.528,46.65006613,2950.910216,0,0,0,0,0,0.79321,0,0,0,0,0.151728,0,0.005023083,0.000469449,0
73,272,90.528,46.65006613,2950.910216,0,0,0,0,0,0,0,0,0,0,6.6894,0,0.005023083,0.000469449,0
73,272,90.528,46.65006613,2950.910216,0,0,0,0,0,0,0,0,0,0,0.297708,0,0.005023083,0.000469449,0
73,272,90.528,46.65006613,2950.910216,0,0,0,0,0,0,0.13028,0,0,0,28.0509,0,0.005023083,0.000469449,0
73,272,90.528,46.65006613,2950.910216,0,0,0,0.000376,0,0,0,0,0,0,0.151728,0,0.005023083,0.000469449,0
73,272,90.528,46.65006613,2950.910216,0.38369,0,0,0,0,0,9.818,0,0,0,0.151728,0,0.005023083,0.000469449,0
73,272,90.528,46.65006613,2950.910216,0,0,0,0,0,0,0,0,0,0,29.7048,0,0.005023083,0.000469449,0
73,272,90.528,46.65006613,2950.910216,0.005766,16.534,0,0,0,0,4.1059,0,0,0,0.151728,0,0.005023083,0.000469449,0
73,272,90.528,46.65006613,2950.910216,15.486,0,0,0,0,0,0,0,0,0,0.151728,0,0.005023083,0.000469449,0
73,272,90.528,46.65006613,2950.910216,0,0.44472,0,0,0,0,0,0,0,0,0.151728,0,0.005023083,0.000469449,0
73,272,90.528,46.65006613,2950.910216,0.0033855,0,0,0,0,0,0,0,0,0,42.879,0,0.005023083,0.000469449,0
73,272,90.528,46.65006613,2950.910216,0,0,0,0,0,0.78239,0.10863,0,0,0,7.0518,0,0.005023083,0.000469449,0
73,272,90.528,46.65006613,2950.910216,0,0.0021738,0,5.7967,0,0,0,0,0,0,6.2718,0,0.005023083,0.000469449,0
73,272,90.528,46.65006613,2950.910216,0,0,0,0,0,0,0,0,0,0,0,0,0.005023083,0.000469449,0
73,272,90.528,46.65006613,2950.910216,0.029081,0,0,0,0,0,0,0,0,0,29.4918,0,0.005023083,0.000469449,0
73,272,90.528,46.65006613,2950.910216,0,22.046,0,0,0,0,0,0,0,0,0.151728,0,0.005023083,0.000469449,0
73,272,90.528,46.65006613,2950.910216,0,0,0,0,0,0,0.13028,0,0,0,0,0,0.005023083,0.000469449,0
73,272,90.528,46.65006613,2950.910216,0.99281,0,0,0,0,0,0,0,0,0,0.151728,0,0.005023083,0.000469449,0
73,272,90.528,46.65006613,2950.910216,0,0,0,1.3282,0,0,44.019,0,0,0,0.28509,0,0.005023083,0.000469449,0
73,272,90.528,46.65006613,2950.910216,0,0,0,7.7185,0,0,0,0,0,0,0.45174,0,0.005023083,0.000469449,0
73,272,90.528,46.65006613,2950.910216,0,0,0,0,0,0,0,0,0,0,0.151728,0,0.005023083,0.000469449,0
73,272,90.528,46.65006613,2950.910216,0,0,0,0,0,0,0,0,0,0,0,0,0.005023083,0.000469449,0
73,272,90.528,46.65006613,2950.910216,5.7357,0.36316,0,0,0,0,0,0,0,0,0.42174,0,0.005023083,0.000469449,0
73,272,90.528,46.65006613,2950.910216,0,0,0,0,0,0,0,0,0,0,0.151728,0,0.005023083,0.000469449,0
73,272,90.528,46.65006613,2950.910216,0,0.10213,0,0,0,0,0,0,0,0,0,0,0.005023083,0.000469449,0
73,272,90.528,46.65006613,2950.910216,0,0,0,0,0,0,29.063,0,0,0,0.151728,0,0.005023083,0.000469449,0
73,272,90.528,46.65006613,2950.910216,0.35553,0,0,0,0,0.56087,0.10863,0,0,0,0.197586,0,0.005023083,0.000469449,0
73,272,90.528,46.65006613,2950.910216,0,0,0,0,0,0,0,0,0,0,25.9959,0,0.005023083,0.000469449,0
73,272,90.528,46.65006613,2950.910216,0,0,0,0,0,0,0,0,0,0,0.151728,0,0.005023083,0.000469449,0
73,272,90.528,46.65006613,2950.910216,0,0,0.12113,0,0,0,0,0,0,0,0,0,0.005023083,0.000469449,0
73,272,90.528,46.65006613,2950.910216,0,0,0,0,0,0,0,0,0,0,0.62307,0,0.005023083,0.000469449,0
73,272,90.528,46.65006613,2950.910216,0,0,0,0,0,0,0,0,0,0,0.151728,0,0.005023083,0.000469449,0
73,272,90.528,46.65006613,2950.910216,2.9191,0,0,0,0,0,16.051,0,0,0,0,0,0.005023083,0.000469449,0
73,272,90.528,46.65006613,2950.910216,0,0,0,0,0,0,0,0,0,0,1.33728,0,0.005023083,0.000469449,0
73,272,90.528,46.65006613,2950.910216,0,1.7388,0,0,0,0,0,0,0,0,0.181728,0,0.005023083,0.000469449,0
73,272,90.528,46.65006613,2950.910216,0,0,0,0,0,0,0.80081,0,0,0,44.763,0,0.005023083,0.000469449,0
73,272,90.528,46.65006613,2950.910216,0.10348,0,0,0,0,0,0.59876,0,0,0,16.0194,0,0.005023083,0.000469449,0
73,272,90.528,46.65006613,2950.910216,0,0,0,0,0,0,0,0,0,0,0.151728,0,0.005023083,0.000469449,0
73,272,90.528,46.65006613,2950.910216,0,0,0,0,0,0,0,0,0,0,3.1278,0,0.005023083,0.000469449,0
73,272,90.528,46.65006613,2950.910216,0.061621,0,0,0,0,0,0,0,0,0,0,0,0.005023083,0.000469449,0
73,272,90.528,46.65006613,2950.910216,0,0,0,0.91786,0,0,0,0,0,0,4.8687,0,0.005023083,0.000469449,0
73,272,90.528,46.65006613,2950.910216,0.031315,0.001192,0,0.008523,0,0,0,0,0,0,0,0,0.005023083,0.000469449,0
73,272,90.528,46.65006613,2950.910216,0.14645,0,0,0,0,0,0,0,0,0,0.151728,0,0.005023083,0.000469449,0
73,272,90.528,46.65006613,2950.910216,0,0,0,0,0,0,0,0,0,0,0.37014,0,0.005023083,0.000469449,0
73,272,90.528,46.65006613,2950.910216,0,0,0,0,0,0,0,0,0,0,0,0,0.005023083,0.000469449,0
73,272,90.528,46.65006613,2950.910216,0,0,0,0,0,0,0.59876,0,0,0,10.2414,0,0.005023083,0.000469449,0
73,272,90.528,46.65006613,2950.910216,0.0053115,0,0,0,0,0,0,0,0,0,0.151728,0,0.005023083,0.000469449,0
73,272,90.528,46.65006613,2950.910216,0,0,0,0.000126,0,0,0,0,0,0,25.5579,0,0.005023083,0.000469449,0
73,272,90.528,46.65006613,2950.910216,0,0,0,0,0,0,0.13028,0,0,0,0.151728,0,0.005023083,0.000469449,0
73,272,90.528,46.65006613,2950.910216,0.016315,0,0,0,0,0,0,0,0,0,0.151728,0,0.005023083,0.000469449,0
73,272,90.528,46.65006613,2950.910216,1.0383,0,0,0,0,0,0,0,0,0,0.151728,0,0.005023083,0.000469449,0
73,272,90.528,46.65006613,2950.910216,0,0,0,0,0,0,0,0,0,0,5.8878,0,0.005023083,0.000469449,0
73,272,90.528,46.65006613,2950.910216,6.7272,0,0,0,0,0,0,0,0,0,1.47333,0,0.005023083,0.000469449,0
73,272,90.528,46.65006613,2950.910216,0,0,0,0,0,0,0,0,0,0,0,0,0.005023083,0.000469449,0
73,272,90.528,46.65006613,2950.910216,0,0.19397,0,0,0,0,0.13028,0,0,0,0,0,0.005023083,0.000469449,0
73,272,90.528,46.65006613,2950.910216,0,0,0,0.083612,0,0,0,0,0,0,0.151728,0,0.005023083,0.000469449,0
73,272,90.528,46.65006613,2950.910216,0,0,0,0,0,0,0.13028,0,0,0,0,0,0.005023083,0.000469449,0
73,272,90.528,46.65006613,2950.910216,0,0,0,0,0,0,21.787,0,0,0,0,0,0.005023083,0.000469449,0
73,272,90.528,46.65006613,2950.910216,0,0,0,0,0,0,0,0,0,0,0.151728,0,0.005023083,0.000469449,0
73,272,90.528,46.65006613,2950.910216,0,0,0,0,0,0,0,0,0,0,0.151728,0,0.005023083,0.000469449,0
73,272,90.528,46.65006613,2950.910216,0,0,0,0,0,0,0.021726,0,0,0,0.280446,0,0.005023083,0.000469449,0
73,272,90.528,46.65006613,2950.910216,0.031315,0,0,0,0,0,0,0,0,0,28.113,0,0.005023083,0.000469449,0
73,272,90.528,46.65006613,2950.910216,0,0,0,0,0,0,0.021726,0,0,0,0.151728,0,0.005023083,0.000469449,0
73,272,90.528,46.65006613,2950.910216,1.976,0,0,0,0,0,0,0,0,0,0,0,0.005023083,0.000469449,0
73,272,90.528,46.65006613,2950.910216,9.2596,0.008339,0,0,0,0,0,0,0,0,1.64958,0,0.005023083,0.000469449,0
73,272,90.528,46.65006613,2950.910216,1.737,0,0,0.008333,0,0,0,0,0,0,1.62018,0,0.005023083,0.000469449,0
73,272,90.528,46.65006613,2950.910216,0.057648,0,0,0,0,0,0.69676,0,0,0,0.28866,0,0.005023083,0.000469449,0
73,272,90.528,46.65006613,2950.910216,0,0,0,0,0,0,0,0,0,0,0.286419,0,0.005023083,0.000469449,0
73,272,90.528,46.65006613,2950.910216,0,0,0,0,0,0,0,0,0,0,12.6336,0,0.005023083,0.000469449,0
73,272,90.528,46.65006613,2950.910216,0,0,0,0,0,0,0,0,0,0,0.151728,0,0.005023083,0.000469449,0
73,272,90.528,46.65006613,2950.910216,0,0,0,0.008333,0,0,0,0,0,0,0,0,0.005023083,0.000469449,0
73,272,90.528,46.65006613,2950.910216,0,0,0,0,0,0,0,0,0,0,10.9065,0,0.005023083,0.000469449,0
73,272,90.528,46.65006613,2950.910216,0,0,0,0,0,0,0,0,0,0,2.39871,0,0.005023083,0.000469449,0
73,272,90.528,46.65006613,2950.910216,0.00062,0.00524,0,0,0,0,0,0,0,0,0.151728,0,0.005023083,0.000469449,0
73,272,90.528,46.65006613,2950.910216,0.031315,0,0,0,0,0,0,0,0,0,0.151728,0,0.005023083,0.000469449,0
73,272,90.528,46.65006613,2950.910216,0,0,0,0,0,0,0,0,0,0,1.85526,0,0.005023083,0.000469449,0
73,272,90.528,46.65006613,2950.910216,0,0,0,0,0,0,0.42744,0,0,0,11.0268,0,0.005023083,0.000469449,0
73,272,90.528,46.65006613,2950.910216,0,0,0,3.9729,0,0,0,0,0,0,4.8687,0,0.005023083,0.000469449,0
73,272,90.528,46.65006613,2950.910216,0.000133,0,0,1.6653,0,0,0,0,0,0,0.151728,0,0.005023083,0.000469449,0
73,272,90.528,46.65006613,2950.910216,0.010052,0.96678,0,0,0,0,0,0,0,0,3.3057,0,0.005023083,0.000469449,0
73,272,90.528,46.65006613,2950.910216,0,0,0,0,0,0,0,0,0,0,0,0,0.005023083,0.000469449,0
73,272,90.528,46.65006613,2950.910216,0,0,0,0,0,0,41.285,0,0,0,1.09155,0,0.005023083,0.000469449,0
73,272,90.528,46.65006613,2950.910216,27.039,0.00043,0,0,0,0,0,0,0,0,0.90174,0,0.005023083,0.000469449,0
73,272,90.528,46.65006613,2950.910216,1.7536,0,0,0,0,0,12.708,0,0,0,0.151728,0,0.005023083,0.000469449,0
73,272,90.528,46.65006613,2950.910216,0,0,0,0,0,0,0,0,0,0,44.763,0,0.005023083,0.000469449,0
73,272,90.528,46.65006613,2950.910216,0,0,0,0,0,0,0,0,0,0,7.6614,0,0.005023083,0.000469449,0
73,272,90.528,46.65006613,2950.910216,0,0,0,0,0,0,0.59876,0,0,0,0.151728,0,0.005023083,0.000469449,0
73,272,90.528,46.65006613,2950.910216,0,23.71,0,0,0,0,0,0,0,0,0,0,0.005023083,0.000469449,0
73,272,90.528,46.65006613,2950.910216,0,0.015605,0,19.907,0,0,0,0,0,0,0.151728,0,0.005023083,0.000469449,0
73,272,90.528,46.65006613,2950.910216,3.6281,0,0,0,0,0.00111,0,0,0,0,2.73105,0,0.005023083,0.000469449,0
73,272,90.528,46.65006613,2950.910216,0,0,0,0,0,0,0,0,0,0,19.7118,0,0.005023083,0.000469449,0
73,272,90.528,46.65006613,2950.910216,0.006869,0,0,0,0,0,0,0,0,0,0,0,0.005023083,0.000469449,0
73,272,90.528,46.65006613,2950.910216,0,0,0,0,0,0,0,0,0,0,0.151728,0,0.005023083,0.000469449,0
73,272,90.528,46.65006613,2950.910216,0,0,0,0,0,0,23.562,0,0,0,1.17966,0,0.005023083,0.000469449,0
73,272,90.528,46.65006613,2950.910216,0,0.015799,0,0.000078,0,0,0,0,0,0,0.279615,0,0.005023083,0.000469449,0
73,272,90.528,46.65006613,2950.910216,0,0,0,0,0,0,0,0,0,0,25.9959,0,0.005023083,0.000469449,0
73,272,90.528,46.65006613,2950.910216,0,0,0,0,0,0,0,0,0,0,0.278526,0,0.005023083,0.000469449,0
73,272,90.528,46.65006613,2950.910216,0,0,0,0,0,1.1622,0,0,0,0,0,0,0.005023083,0.000469449,0
73,272,90.528,46.65006613,2950.910216,0,0,0,0,0,0.97455,0,0,0,0,0.151728,0,0.005023083,0.000469449,0
73,272,90.528,46.65006613,2950.910216,0,0,0,0,0,0.018933,0.002308,0,0,0,0,0,0.005023083,0.000469449,0
73,272,90.528,46.65006613,2950.910216,0,0,0,0,0,0,0,0,0,0,0.151728,0,0.005023083,0.000469449,0
73,272,90.528,46.65006613,2950.910216,0,0,0,0,0,0.1964,0,0,0,0,0,0,0.005023083,0.000469449,0
73,272,90.528,46.65006613,2950.910216,10.563,0,6.2803,0,0,0,0,0,0,0,0,0,0.005023083,0.000469449,0
73,272,90.528,46.65006613,2950.910216,0,0,0,0,0,0,0.13028,0,0,0,0.151728,0,0.005023083,0.000469449,0
73,272,90.528,46.65006613,2950.910216,0.049547,0,0,0,0,0,0,0,0,0,0.86343,0,0.005023083,0.000469449,0
73,272,90.528,46.65006613,2950.910216,0,0,4.067,0,0,0,0,0,0,0,12.0405,0,0.005023083,0.000469449,0
73,272,90.528,46.65006613,2950.910216,0.016491,0,0,0,0,0,0,0,0,0,9.7824,0,0.005023083,0.000469449,0
73,272,90.528,46.65006613,2950.910216,0,0,0,0.46453,0,0,0.13028,0,0,0,0,0,0.005023083,0.000469449,0
73,272,90.528,46.65006613,2950.910216,0,0,0,0.019813,0,0,0,0,0,0,0.151728,0,0.005023083,0.000469449,0
73,272,90.528,46.65006613,2950.910216,3.3758,0,0,0,0,0,0,0,0,0,0.151728,0,0.005023083,0.000469449,0
73,272,90.528,46.65006613,2950.910216,0.0075217,0,0.002355,0,0,0,0,0,0,0,0,0,0.005023083,0.000469449,0
73,272,90.528,46.65006613,2950.910216,2.8033,0,0,0,0,0,0,0,0,0,0,0,0.005023083,0.000469449,0
73,272,90.528,46.65006613,2950.910216,1.1814,0,0,0,0,0,0.13028,0,0,0,0.151728,0,0.005023083,0.000469449,0
73,272,90.528,46.65006613,2950.910216,0,0,0,6.4545,0,0,0,0,0,0,1.97832,0,0.005023083,0.000469449,0
73,272,90.528,46.65006613,2950.910216,0,0,0,0,0,0,0.13028,0,0,0,0.181728,0,0.005023083,0.000469449,0
73,272,90.528,46.65006613,2950.910216,0,0,0,0,0,0,0,0,0,0,32.442,0,0.005023083,0.000469449,0
73,272,90.528,46.65006613,2950.910216,0,0,0,0.008333,0,0,0.10863,0,0,0,0.151728,0,0.005023083,0.000469449,0
73,272,90.528,46.65006613,2950.910216,0,0,0,0,0,0,0,0,0,0,0,0,0.005023083,0.000469449,0
73,272,90.528,46.65006613,2950.910216,0,0,0,2.3711,0,0,0,0,0,0,0.151728,0,0.005023083,0.000469449,0
73,272,90.528,46.65006613,2950.910216,0,0,5.0289,0,0,0,0,0,0,0,0.151728,0,0.005023083,0.000469449,0
73,272,90.528,46.65006613,2950.910216,0,0.00714,0,0,0,0,0,0,0,0,1.02657,0,0.005023083,0.000469449,0
73,272,90.528,46.65006613,2950.910216,0,0,0,0,0,5.9261,0,0,0,0,0,0,0.005023083,0.000469449,0
73,272,90.528,46.65006613,2950.910216,0,0,0,0,0,0,0,0,0,0,0.151728,0,0.005023083,0.000469449,0
73,272,90.528,46.65006613,2950.910216,0,0,0,0,0,0,0,0,0,0,0.151728,0,0.005023083,0.000469449,0
73,272,90.528,46.65006613,2950.910216,0,0,0,0,0,0,0,0,0,0,0.151728,0,0.005023083,0.000469449,0
73,272,90.528,46.65006613,2950.910216,1.0643,0,0,8.6662,0,0,0.021726,0,0,0,0,0,0.005023083,0.000469449,0
73,272,90.528,46.65006613,2950.910216,0,0,0,0,0,0,0,0,0,0,0,0,0.005023083,0.000469449,0
73,272,90.528,46.65006613,2950.910216,0,0,0,0,0,0,0.10863,0,0,0,1.42239,0,0.005023083,0.000469449,20.06097561
73,272,90.528,46.65006613,2950.910216,0,0,0,0,0,0,0,0,0,0,0,0,0.005023083,0.000469449,0
73,272,90.528,46.65006613,2950.910216,0.00247,0,0,0,0,0,0.002308,0,0,0,0.53757,0,0.005023083,0.000469449,0
73,272,90.528,46.65006613,2950.910216,0.0077682,0.014866,0,0,0,0,0,0,0,0,3.2268,0,0.005023083,0.000469449,0
73,272,90.528,46.65006613,2950.910216,0,0,0,2.0317,0,0,0,0,0,0,12.8454,0,0.005023083,0.000469449,0
73,272,90.528,46.65006613,2950.910216,0,0,0,0,0,0,0,0,0,0,0,0,0.005023083,0.000469449,0
73,272,90.528,46.65006613,2950.910216,0.87594,0.005202,0,0,0,0,0,0,0,0,1.86174,0,0.005023083,0.000469449,0
73,272,90.528,46.65006613,2950.910216,0,0,0,0.000124,0,0,0,0,0,0,0.279489,0,0.005023083,0.000469449,0
73,272,90.528,46.65006613,2950.910216,0,0,0,0,0,0,0,0,0,0,0.84174,0,0.005023083,0.000469449,0
73,272,90.528,46.65006613,2950.910216,0,6.4273,0,0,0,0,0,0,0,0,1.97832,0,0.005023083,0.000469449,0
73,272,90.528,46.65006613,2950.910216,0,0,0,0,0,0,4.3857,0,0,0,25.5579,0,0.005023083,0.000469449,0
73,272,90.528,46.65006613,2950.910216,1.6223,0,0,0,0,0,0,0,0,0,0,0,0.005023083,0.000469449,0
73,272,90.528,46.65006613,2950.910216,0,4.1433,0,0,0,0,0.002308,0,0,0,0,0,0.005023083,0.000469449,0
73,272,90.528,46.65006613,2950.910216,0,0,0,0,0,0,0,0,0,0,28.8018,0,0.005023083,0.000469449,0
73,272,90.528,46.65006613,2950.910216,24.181,0,0,0,0,0,0,0,0,0,0,0,0.005023083,0.000469449,0
73,272,90.528,46.65006613,2950.910216,0,0,0,0,0,0,0.76987,0,0,0,2.52933,0,0.005023083,0.000469449,0
73,272,90.528,46.65006613,2950.910216,18.749,0,0,0.00829,0,0,0,0,0,0,4.1406,0,0.005023083,0.000469449,0
73,272,90.528,46.65006613,2950.910216,0,0,0,0,0,0,0.13028,0,0,0,20.2284,0,0.005023083,0.000469449,0
73,272,90.528,46.65006613,2950.910216,0,0,3.655,0,0,0,9.9672,0,0,0,0,0,0.005023083,0.000469449,0
73,272,90.528,46.65006613,2950.910216,32.277,0,0,0,0,0,0,0,0,0,0.151728,0,0.005023083,0.000469449,0
73,272,90.528,46.65006613,2950.910216,0.43242,0,0,0,0,0,0,0,0,0,3.1278,0,0.005023083,0.000469449,0
73,272,90.528,46.65006613,2950.910216,0,3.2986,0,0,0,0,0,0,0,0,0,0,0.005023083,0.000469449,0
73,272,90.528,46.65006613,2950.910216,0,0,0,0,0,0,0,0,0,0,0.34593,0,0.005023083,0.000469449,0
73,272,90.528,46.65006613,2950.910216,0,0,0,0,0,0,0,0,0,0,1.40073,0,0.005023083,0.000469449,0
73,272,90.528,46.65006613,2950.910216,0,0,0.099921,0,0,0,0,0,0,0,0,0,0.005023083,0.000469449,0
73,272,90.528,46.65006613,2950.910216,2.2541,0,0,0,0,0,0,0,0,0,41.634,0,0.005023083,0.000469449,0
73,272,90.528,46.65006613,2950.910216,1.5489,0,0,0,0,0,0.80878,0,0,0,0,0,0.005023083,0.000469449,0
73,272,90.528,46.65006613,2950.910216,0.0009415,0,0,0,0,12.358,0,0,0,0,0.151728,0,0.005023083,0.000469449,0
73,272,90.528,46.65006613,2950.910216,1.4573,0.00524,0,0.009376,0,0,0,0,0,0,3.4635,0,0.005023083,0.000469449,0
73,272,90.528,46.65006613,2950.910216,0,0,0,0.001463,0,0,0,0,0,0,0.151728,0,0.005023083,0.000469449,0
73,272,90.528,46.65006613,2950.910216,0,0,0,0,0,0,27.369,0,0,0,0.48174,0,0.005023083,0.000469449,0
73,272,90.528,46.65006613,2950.910216,0,0.12387,0,0,0,0,0,0,0,0,5.7318,0,0.005023083,0.000469449,0
73,272,90.528,46.65006613,2950.910216,0.13491,0,0,0,0,0,0,0,0,0,0.151728,0,0.005023083,0.000469449,0
73,272,90.528,46.65006613,2950.910216,0.00062,0,0,0,0,0,0,0,0,0,0.151728,0,0.005023083,0.000469449,0
73,272,90.528,46.65006613,2950.910216,0,0,0,0,0,0,0,0,0,0,0.151728,0,0.005023083,0.000469449,0
73,272,90.528,46.65006613,2950.910216,0,0,0,0.19077,0,0,0,0,0,0,0.151728,0,0.005023083,0.000469449,0
73,272,90.528,46.65006613,2950.910216,0.003878,0,0,0,0,0.79321,0,0,0,0,1.51233,0,0.005023083,0.000469449,0
73,272,90.528,46.65006613,2950.910216,0,0,0,0,0,0,0,0,0,0,1.40073,0,0.005023083,0.000469449,0
73,272,90.528,46.65006613,2950.910216,0,0,0,0,0,0,0.008333,0,0,0,0.36594,0,0.005023083,0.000469449,0
73,272,90.528,46.65006613,2950.910216,0,0,0,0,0,0,0,0,0,0,0.151728,0,0.005023083,0.000469449,0
73,272,90.528,46.65006613,2950.910216,0.000081,0.12733,0,0,0,0,0,0,0,0,0.151728,0,0.005023083,0.000469449,0
73,272,90.528,46.65006613,2950.910216,0.057648,0,0,0,0,0,0.10863,0,0,0,0,0,0.005023083,0.000469449,0
73,272,90.528,46.65006613,2950.910216,0,0,0,0,0,0,3.8779,0,0,0,0,0,0.005023083,0.000469449,0
73,272,90.528,46.65006613,2950.910216,25.53,0,0,0,0,0,0,0,0,0,0.151728,0,0.005023083,0.000469449,0
73,272,90.528,46.65006613,2950.910216,0,0,0,0,0,0,0,0,0,0,0,0,0.005023083,0.000469449,0
73,272,90.528,46.65006613,2950.910216,0,0,0,0,0,0,0,0,0,0,0.151728,0,0.005023083,0.000469449,0
73,272,90.528,46.65006613,2950.910216,0,0,0,0,0,0,0.13028,0,0,0,0.151728,0,0.005023083,0.000469449,0
73,272,90.528,46.65006613,2950.910216,0,3.8957,0,0,0,0,0,0,0,0,0,0,0.005023083,0.000469449,0
73,272,90.528,46.65006613,2950.910216,3.3279,0,0,0,0,0,12.373,0,0,0,0.151728,0,0.005023083,0.000469449,0
73,272,90.528,46.65006613,2950.910216,0,0,0,0,0,0,0,0,0,0,0.151728,0,0.005023083,0.000469449,0
73,272,90.528,46.65006613,2950.910216,0,0.10213,0,0,0,0,0,0,0,0,2.39871,0,0.005023083,0.000469449,0
73,272,90.528,46.65006613,2950.910216,0,0,0,0,0,0,0,0,0,0,15.0018,0,0.005023083,0.000469449,0
73,272,90.528,46.65006613,2950.910216,0,0,0,0,0,0,0,0,0,0,12.0405,0,0.005023083,0.000469449,0
73,272,90.528,46.65006613,2950.910216,0.031315,0,0,0,0,0,0,0,0,0,0,0,0.005023083,0.000469449,0
73,272,90.528,46.65006613,2950.910216,0.015944,0,0,0.00833,0,0,0,0,0,0,14.8218,0,0.005023083,0.000469449,0
73,272,90.528,46.65006613,2950.910216,0,0,14.803,0,0,0,0,0,0,0,0.151728,0,0.005023083,0.000469449,0
73,272,90.528,46.65006613,2950.910216,0.33806,0,0,0,0,0,0.13028,0,0,0,0.151728,0,0.005023083,0.000469449,0
73,272,90.528,46.65006613,2950.910216,0,0,0,0,0,0,0.59876,0,0,0,0.151728,0,0.005023083,0.000469449,0
73,272,90.528,46.65006613,2950.910216,0.01667,0,0,0,0,0,5.7772,0,0,0,11.0184,0,0.005023083,0.000469449,0
73,272,90.528,46.65006613,2950.910216,0.611,0,0,0.008333,0,0.64454,0,0,0,0,12.6336,0,0.005023083,0.000469449,0
73,272,90.528,46.65006613,2950.910216,0.016666,0,0,0,0,0,0,0,0,0,0,0,0.005023083,0.000469449,0
73,272,90.528,46.65006613,2950.910216,0,0,0,0,0,0,0,0,0,0,2.6481,0,0.005023083,0.000469449,0
73,272,90.528,46.65006613,2950.910216,0.003485,0.005239,0,0,0,0,0,0,0,0,0,0,0.005023083,0.000469449,0
73,272,90.528,46.65006613,2950.910216,0,0,0,0,0,0,0.13028,0,0,0,0,0,0.005023083,0.000469449,0
73,272,90.528,46.65006613,2950.910216,0,0,0,0,0,0,0,0,0,0,0.70341,0,0.005023083,0.000469449,0
73,272,90.528,46.65006613,2950.910216,0,0,0,0.003295,0,0,0,0,0,0,0,0,0.005023083,0.000469449,0
73,272,90.528,46.65006613,2950.910216,0,0.000172,0,0,0,0,0,0,0,0,25.5579,0,0.005023083,0.000469449,0
73,272,90.528,46.65006613,2950.910216,0,0,0,0.008488,0,0,0,0,0,0,4.4313,0,0.005023083,0.000469449,0
73,272,90.528,46.65006613,2950.910216,0,0,0,0,0,0,5.4582,0,0,0,0.151728,0,0.005023083,0.000469449,0
73,272,90.528,46.65006613,2950.910216,0,0,0,0,0,0,0,0,0,0,0.151728,0,0.005023083,0.000469449,0
73,272,90.528,46.65006613,2950.910216,0,0.066827,0,0,0,0,17.935,0,0,0,0,0,0.005023083,0.000469449,0
73,272,90.528,46.65006613,2950.910216,0,0,2.6779,1.1722,0,0,0,0,0,0,0,0,0.005023083,0.000469449,0
73,272,90.528,46.65006613,2950.910216,0,0,0,0,0,0,9.9672,0,0,0,0.151728,0,0.005023083,0.000469449,0
73,272,90.528,46.65006613,2950.910216,0,0,0,0.57658,0,0,0,0,0,0,27.6384,0,0.005023083,0.000469449,0
73,272,90.528,46.65006613,2950.910216,0,0.033453,0,0,0,0,0,0,0,0,1.26477,0,0.005023083,0.000469449,0
73,272,90.528,46.65006613,2950.910216,0,0,0,0.001267,0,0,0,0,0,0,0.279882,0,0.005023083,0.000469449,0
73,272,90.528,46.65006613,2950.910216,0,0,0,0,0,0,21.958,0,0,0,0,0,0.005023083,0.000469449,0
73,272,90.528,46.65006613,2950.910216,0.14645,0,0,0,0,0,0,0,0,0,0.151728,0,0.005023083,0.000469449,0
73,272,90.528,46.65006613,2950.910216,0.003878,0,0,0.019348,0,0,0,0,0,0,0.151728,0,0.005023083,0.000469449,0
73,272,90.528,46.65006613,2950.910216,0,0,0,0,0,0.00111,0,0,0,0,12.6336,0,0.005023083,0.000469449,0
73,272,90.528,46.65006613,2950.910216,0.0065409,0,0.043935,0,0,0,0,0,0,0,0,0,0.005023083,0.000469449,0
73,272,90.528,46.65006613,2950.910216,0,0,0,0,0,0,0,0,0,0,0.151728,0,0.005023083,0.000469449,0
73,272,90.528,46.65006613,2950.910216,0,0,0,0,0,0,0,0,0,0,0,0,0.005023083,0.000469449,0
73,272,90.528,46.65006613,2950.910216,0,0,0,0,0,0,0,0,0,0,0,0,0.005023083,0.000469449,0
73,272,90.528,46.65006613,2950.910216,0,0,0,0,0,0,0.59876,0,0,0,0,0,0.005023083,0.000469449,0
73,272,90.528,46.65006613,2950.910216,1.976,0,0,0,0,0.167,0,0,0,0,0.70413,0,0.005023083,0.000469449,0
73,272,90.528,46.65006613,2950.910216,0,0,0,0,0,0,0,0,0,0,0,0,0.005023083,0.000469449,0
73,272,90.528,46.65006613,2950.910216,0,0,0,0,0,0,0,0,0,0,1.47174,0,0.005023083,0.000469449,0
73,272,90.528,46.65006613,2950.910216,0,0,0,0,0,0,0,0,0,0,0,0,0.005023083,0.000469449,0
73,272,90.528,46.65006613,2950.910216,0,0,0,0,0,0,0,0,0,0,11.7525,0,0.005023083,0.000469449,0
73,272,90.528,46.65006613,2950.910216,4.2315,0,0,0,0,0,0,0,0,0,0.275769,0,0.005023083,0.000469449,0
73,272,90.528,46.65006613,2950.910216,0,0,0,0,0,0,0,0,0,0,0.151728,0,0.005023083,0.000469449,0
73,272,90.528,46.65006613,2950.910216,0,0,0,0,0,0,0,0,0,0,0,0,0.005023083,0.000469449,0
73,272,90.528,46.65006613,2950.910216,2.7291,0,0,0,0,0,34.809,0,0,0,0.55899,0,0.005023083,0.000469449,0
73,272,90.528,46.65006613,2950.910216,0,0,0,0,0,0,0.13028,0,0,0,0,0,0.005023083,0.000469449,0
73,272,90.528,46.65006613,2950.910216,0,0,0,0,0,0,6.7574,0,0,0,0,0,0.005023083,0.000469449,0
73,272,90.528,46.65006613,2950.910216,0,0,5.1938,0,0,0,0,0,0,0,0.151728,0,0.005023083,0.000469449,0
73,272,90.528,46.65006613,2950.910216,0,0,0,0,0,0,0,0,0,0,0,0,0.005023083,0.000469449,0
73,272,90.528,46.65006613,2950.910216,0,0,0,0,0,0,27.369,0,0,0,0,0,0.005023083,0.000469449,0
73,272,90.528,46.65006613,2950.910216,0.059844,0.002868,0,0,0,0,0,0,0,0,0,0,0.005023083,0.000469449,0
73,272,90.528,46.65006613,2950.910216,0,0,0,0,0,0,0,0,0,0,1.64742,0,0.005023083,0.000469449,0
73,272,90.528,46.65006613,2950.910216,34.489,0,0,0,0,0,0.021726,0,0,0,0,0,0.005023083,0.000469449,0
73,272,90.528,46.65006613,2950.910216,0,0.008333,0,0,0,0.77921,0,0,0,0,28.8018,0,0.005023083,0.000469449,0
73,272,90.528,46.65006613,2950.910216,0,0,0,0,0,0,0,0,0,0,0,0,0.005023083,0.000469449,0
73,272,90.528,46.65006613,2950.910216,0,0,0,0,0,0,0,0,0,0,0.151728,0,0.005023083,0.000469449,0
73,272,90.528,46.65006613,2950.910216,0,0,0,0,0,0,0,0,0,0,0.273339,0,0.005023083,0.000469449,0
73,272,90.528,46.65006613,2950.910216,0,0,0,0,0,0,27.369,0,0,0,0,0,0.005023083,0.000469449,0
73,272,90.528,46.65006613,2950.910216,0,0,0,0,0,0,0,0,0,0,0.151728,0,0.005023083,0.000469449,0
73,272,90.528,46.65006613,2950.910216,0,0,0,0,0,0,0,0,0,0,0.151728,0,0.005023083,0.000469449,0
73,272,90.528,46.65006613,2950.910216,0,0,0,0,0,0,0,0,0,0,0.151728,0,0.005023083,0.000469449,0
73,272,90.528,46.65006613,2950.910216,0,0,0,0,0,0,0,0,0,0,0,0,0.005023083,0.000469449,0
73,272,90.528,46.65006613,2950.910216,0,0,0.11198,0,0,0,23.847,0,0,0,0.297708,0,0.005023083,0.000469449,0
73,272,90.528,46.65006613,2950.910216,20.942,0,0,0,0,0,0,0,0,0,0,0,0.005023083,0.000469449,0
73,272,90.528,46.65006613,2950.910216,2.444,0,0,0,0,0,0,0,0,0,0,0,0.005023083,0.000469449,0
73,272,90.528,46.65006613,2950.910216,0.066847,0.027428,0,0,0,0,0,0,0,0,2.6931,0,0.005023083,0.000469449,0
73,272,90.528,46.65006613,2950.910216,0,0,0,0.008333,0,0,0,0,0,0,0.211728,0,0.005023083,0.000469449,0
73,272,90.528,46.65006613,2950.910216,0,0,0,0,0,0,0,0,0,0,0,0,0.005023083,0.000469449,0
73,272,90.528,46.65006613,2950.910216,1.2569,0.013345,0,0,0,0,0,0,0,0,0,0,0.005023083,0.000469449,0
73,272,90.528,46.65006613,2950.910216,16.007,0.096136,0,0,0,0,0,0,0,0,0,0,0.005023083,0.000469449,0
73,272,90.528,46.65006613,2950.910216,0,0,0,0,0,0,0.002308,0,0,0,0,0,0.005023083,0.000469449,0
73,272,90.528,46.65006613,2950.910216,1.4231,0,0,0,0,0,0.13028,0,0,0,0,0,0.005023083,0.000469449,0
73,272,90.528,46.65006613,2950.910216,0,0,0,0,0,0,0,0,0,0,4.4103,0,0.005023083,0.000469449,0
73,272,90.528,46.65006613,2950.910216,0,0,0,0,0,0,0,0,0,0,0,0,0.005023083,0.000469449,0
73,272,90.528,46.65006613,2950.910216,0,0,0,0,0,0.0045285,0,0,0,0,0,0,0.005023083,0.000469449,0
73,272,90.528,46.65006613,2950.910216,0,0,0.014769,0,0,0,22.912,0,0,0,0,0,0.005023083,0.000469449,0
73,272,90.528,46.65006613,2950.910216,0,0,0,0,0,0,0,0,0,0,0,0,0.005023083,0.000469449,0
73,272,90.528,46.65006613,2950.910216,0,0,1.9138,0,0,0,7.6069,0,0,0,1.17711,0,0.005023083,0.000469449,0
73,272,90.528,46.65006613,2950.910216,0.00036,0,0,0,0,0,0,0,0,0,0.151728,0,0.005023083,0.000469449,21.93902439
73,272,90.528,46.65006613,2950.910216,0,0,0,3.6202,0,0,0,0,0,0,0.42174,0,0.005023083,0.000469449,0
73,272,90.528,46.65006613,2950.910216,1.2569,0,0,0,0,0,0,0,0,0,0.151728,0,0.005023083,0.000469449,0
73,272,90.528,46.65006613,2950.910216,0,0,0,0.23248,0,0,0,0,0,0,3.4635,0,0.005023083,0.000469449,0
73,272,90.528,46.65006613,2950.910216,0.002344,0,0,0.43707,0,0.068895,0,0,0,0,0.211728,0,0.005023083,0.000469449,0
73,272,90.528,46.65006613,2950.910216,0,0.008333,0,0,0,0,0,0,0,0,0,0,0.005023083,0.000469449,0
73,272,90.528,46.65006613,2950.910216,0.078882,0,0,0,0,0,0,0,0,0,1.51233,0,0.005023083,0.000469449,0
73,272,90.528,46.65006613,2950.910216,0.00062,0,0,0,0,9.7412,0,0,0,0,0.278532,0,0.005023083,0.000469449,0
73,272,90.528,46.65006613,2950.910216,0.83735,0,0,0,0,0,0,0,0,0,0.151728,0,0.005023083,0.000469449,0
73,272,90.528,46.65006613,2950.910216,4.2315,0,0,0,0,0,7.8005,0,0,0,0,0,0.005023083,0.000469449,0
73,272,90.528,46.65006613,2950.910216,0,0,0,0,0,0,19.647,0,0,0,10.6209,0,0.005023083,0.000469449,0
73,272,90.528,46.65006613,2950.910216,0,0,0,0,0,0,0,0,0,0,1.62018,0,0.005023083,0.000469449,19.46341463
73,272,90.528,46.65006613,2950.910216,0,0,0,0,0,0,0,0,0,0,11.6058,0,0.005023083,0.000469449,0
73,272,90.528,46.65006613,2950.910216,0,0,0,0,0,0,0,0,0,0,0.151728,0,0.005023083,0.000469449,0
73,272,90.528,46.65006613,2950.910216,0,0,0,0,0,0.78085,0,0,0,0,0,0,0.005023083,0.000469449,0
73,272,90.528,46.65006613,2950.910216,0.000254,0.027428,0,0.91786,0,0.31644,0,0,0,0,0.275259,0,0.005023083,0.000469449,0
73,272,90.528,46.65006613,2950.910216,6.7272,0,0,5.557,0,0,0,0,0,0,0.181728,0,0.005023083,0.000469449,0
73,272,90.528,46.65006613,2950.910216,0.000081,0,0,0,0,0,0,0,0,0,2.52933,0,0.005023083,0.000469449,0
73,272,90.528,46.65006613,2950.910216,0,0,0,0,0,0,0,0,0,0,0.151728,0,0.005023083,0.000469449,0
73,272,90.528,46.65006613,2950.910216,0,0,0,0,0,0.77921,19.352,0,0,0,0.70413,0,0.005023083,0.000469449,0
73,272,90.528,46.65006613,2950.910216,0,0,0,0,0,5.146,0,0,0,0,0,0,0.005023083,0.000469449,0
73,272,90.528,46.65006613,2950.910216,0,0,0,0,0,0,0,0,0,0,1.88184,0,0.005023083,0.000469449,0
73,272,90.528,46.65006613,2950.910216,0,0,0,0,0,0,0,0,0,0,0.151728,0,0.005023083,0.000469449,0
73,272,90.528,46.65006613,2950.910216,0,0,0,2.119,0,0,0.13028,0,0,0,0.151728,0,0.005023083,0.000469449,0
73,272,90.528,46.65006613,2950.910216,0,0,0,0.002741,0,0,0,0,0,0,0.273018,0,0.005023083,0.000469449,0
73,272,90.528,46.65006613,2950.910216,0,0,0,0,0,0,0,0,0,0,0.151728,0,0.005023083,0.000469449,0
73,272,90.528,46.65006613,2950.910216,0,0,0,0,0,0,0.13028,0,0,0,15.0018,0,0.005023083,0.000469449,0
73,272,90.528,46.65006613,2950.910216,0.32526,0,0,0,0,0,7.3665,0,0,0,0.151728,0,0.005023083,0.000469449,0
73,272,90.528,46.65006613,2950.910216,0,0,0,0,0,0,0,0,0,0,0,0,0.005023083,0.000469449,0
73,272,90.528,46.65006613,2950.910216,0.030824,0,0,0,0,0,0,0,0,0,0.151728,0,0.005023083,0.000469449,0
73,272,90.528,46.65006613,2950.910216,6.2758,3.6816,0,0,0,0,0,0,0,0,0,0,0.005023083,0.000469449,0
73,272,90.528,46.65006613,2950.910216,0,0,0,0,0,0,0.13028,0,0,0,0.151728,0,0.005023083,0.000469449,0
73,272,90.528,46.65006613,2950.910216,0,0,0,0,0,0,0,0,0,0,7.8318,0,0.005023083,0.000469449,0
73,272,90.528,46.65006613,2950.910216,0,0.00524,0,0,0,0,0,0,0,0,0.151728,0,0.005023083,0.000469449,0
73,272,90.528,46.65006613,2950.910216,0,0,0,0,0,0,0,0,0,0,10.3692,0,0.005023083,0.000469449,0
73,272,90.528,46.65006613,2950.910216,0.000254,0,0,0,0,0.77921,0,0,0,0,0.151728,0,0.005023083,0.000469449,0
73,272,90.528,46.65006613,2950.910216,0,0,0,0,0,0.79321,0,0,0,0,4.8993,0,0.005023083,0.000469449,0
73,272,90.528,46.65006613,2950.910216,10.893,0,0,0,0,0,0,0,0,0,0,0,0.005023083,0.000469449,0
73,272,90.528,46.65006613,2950.910216,0,0,0,0,0,0,12.066,0,0,0,0.151728,0,0.005023083,0.000469449,0
73,272,90.528,46.65006613,2950.910216,0.027207,0,0,0,0,7.2179,0,0,0,0,0.151728,0,0.005023083,0.000469449,0
73,272,90.528,46.65006613,2950.910216,0,0,0,0,0,0.000012,0,0,0,0,8.4681,0,0.005023083,0.000469449,0
73,272,90.528,46.65006613,2950.910216,0,0,0,0,0,0,0,0,0,0,1.97832,0,0.005023083,0.000469449,0
73,272,90.528,46.65006613,2950.910216,0.01537,0,0,0,0,0,0,0,0,0,0,0,0.005023083,0.000469449,0
73,272,90.528,46.65006613,2950.910216,0,0,0,0,0,0,0,0,0,0,12.2682,0,0.005023083,0.000469449,0
73,272,90.528,46.65006613,2950.910216,0,0,0,0.042243,0,0,0,0,0,0,22.617,0,0.005023083,0.000469449,0
73,272,90.528,46.65006613,2950.910216,0,0,0,0,0,0,0,0,0,0,2.69043,0,0.005023083,0.000469449,0
73,272,90.528,46.65006613,2950.910216,0.000234,2.0699,0,0,0,13.934,0,0,0,0,11.6058,0,0.005023083,0.000469449,0
73,272,90.528,46.65006613,2950.910216,12.492,0,0,0,0,0,0,0,0,0,0,0,0.005023083,0.000469449,0
73,272,90.528,46.65006613,2950.910216,0,0,0,0,0,0,0.13028,0,0,0,2.69043,0,0.005023083,0.000469449,0
73,272,90.528,46.65006613,2950.910216,0,0,0,0,0,0,0,0,0,0,8.3751,0,0.005023083,0.000469449,0
73,272,90.528,46.65006613,2950.910216,0,0,0,0,0,0,0,0,0,0,43.602,0,0.005023083,0.000469449,0
73,272,90.528,46.65006613,2950.910216,0,0,0,0,0,0,0,0,0,0,0,0,0.005023083,0.000469449,0
73,272,90.528,46.65006613,2950.910216,0,0,0,0,0,0,0,0,0,0,30.648,0,0.005023083,0.000469449,0
73,272,90.528,46.65006613,2950.910216,0,0,0,0.15894,0,0,0,0,0,0,37.836,0,0.005023083,0.000469449,0
73,272,90.528,46.65006613,2950.910216,0,0,0.000209,0,0,0,0.13028,0,0,0,3.3018,0,0.005023083,0.000469449,0
73,272,90.528,46.65006613,2950.910216,0,0,0,0,0,0,0.60778,0,0,0,0.151728,0,0.005023083,0.000469449,0
73,272,90.528,46.65006613,2950.910216,0,0,0,0,0,0,0,0,0,0,1.63956,0,0.005023083,0.000469449,0
73,272,90.528,46.65006613,2950.910216,0,0,0,0,0,0,0,0,0,0,16.3047,0,0.005023083,0.000469449,0
73,272,90.528,46.65006613,2950.910216,0,0,0,0,0,0,0.13028,0,0,0,0,0,0.005023083,0.000469449,0
73,272,90.528,46.65006613,2950.910216,0.20993,0,0,0,0,0,0,0,0,0,0,0,0.005023083,0.000469449,0
73,272,90.528,46.65006613,2950.910216,0,0,0,0,0,0,0,0,0,0,14.8218,0,0.005023083,0.000469449,0
73,272,90.528,46.65006613,2950.910216,0,0,0,0,0,0,0,0,0,0,16.0194,0,0.005023083,0.000469449,0
73,272,90.528,46.65006613,2950.910216,0,0,0,0,0,0,24.905,0,0,0,0.151728,0,0.005023083,0.000469449,0
73,272,90.528,46.65006613,2950.910216,26.245,0,0,0,0,0.79321,0.008333,0,0,0,0,0,0.005023083,0.000469449,0
73,272,90.528,46.65006613,2950.910216,0,0.009915,0,0.000063,0,0,0,0,0,0,0.151728,0,0.005023083,0.000469449,0
73,272,90.528,46.65006613,2950.910216,0,0,0,0,0,0,0,0,0,0,0.151728,0,0.005023083,0.000469449,0
73,272,90.528,46.65006613,2950.910216,0,0,0,0,0,0,0.13028,0,0,0,0.273021,0,0.005023083,0.000469449,0
73,272,90.528,46.65006613,2950.910216,0,0,0,0,0,0,45.364,0,0,0,0.273366,0,0.005023083,0.000469449,0
73,272,90.528,46.65006613,2950.910216,0,0,0,0,0,0,0.059897,0,0,0,0.151728,0,0.005023083,0.000469449,0
73,272,90.528,46.65006613,2950.910216,0,0.007984,0,0,0,0.002317,0,0,0,0,0.151728,0,0.005023083,0.000469449,0
73,272,90.528,46.65006613,2950.910216,0,0,0,0,0,0,0,0,0,0,0.151728,0,0.005023083,0.000469449,0
73,272,90.528,46.65006613,2950.910216,0,0.0034765,0,0,0,0,0,0,0,0,0,0,0.005023083,0.000469449,0
73,272,90.528,46.65006613,2950.910216,0,0,0,0,0,0.79321,0,0,0,0,0.151728,0,0.005023083,0.000469449,0
73,272,90.528,46.65006613,2950.910216,0,0,0,0.00714,0,0,0,0,0,0,0.151728,0,0.005023083,0.000469449,0
73,272,90.528,46.65006613,2950.910216,0,0,0,0,0,0,0,0,0,0,2.21292,0,0.005023083,0.000469449,0
73,272,90.528,46.65006613,2950.910216,0.052268,0,0,0,0,0.79321,0,0,0,0,44.763,0,0.005023083,0.000469449,0
73,272,90.528,46.65006613,2950.910216,3.6281,0,0,0,0,0,0,0,0,0,0.151728,0,0.005023083,0.000469449,0
73,272,90.528,46.65006613,2950.910216,7.1925,0,0,0,0,0,0,0,0,0,0,0,0.005023083,0.000469449,0
73,272,90.528,46.65006613,2950.910216,0.012001,0,0,0,0,0,0.13028,0,0,0,0,0,0.005023083,0.000469449,0
73,272,90.528,46.65006613,2950.910216,0,0,0,0,0,0,0,0,0,0,0,0,0.005023083,0.000469449,0
73,272,90.528,46.65006613,2950.910216,0.000172,0,0,0,0,0,0,0,0,0,0.286419,0,0.005023083,0.000469449,0
73,272,90.528,46.65006613,2950.910216,0,0.003932,0.002908,0,0,0,0,0,0,0,0,0,0.005023083,0.000469449,0
73,272,90.528,46.65006613,2950.910216,0,0,0,0,0,0.00158,0,0,0,0,0.62307,0,0.005023083,0.000469449,0
73,272,90.528,46.65006613,2950.910216,0,0,0,0,0,0,0,0,0,0,2.21292,0,0.005023083,0.000469449,0
73,272,90.528,46.65006613,2950.910216,0,0,0,0,0,0.79321,0,0,0,0,0,0,0.005023083,0.000469449,0
73,272,90.528,46.65006613,2950.910216,0,0,0,0,0,0,0.60778,0,0,0,0.151728,0,0.005023083,0.000469449,0
73,272,90.528,46.65006613,2950.910216,0,0,0,0,0,0.79321,0,0,0,0,0,0,0.005023083,0.000469449,0
73,272,90.528,46.65006613,2950.910216,0,0,0,0,0,0,0,0,0,0,3.4071,0,0.005023083,0.000469449,0
73,272,90.528,46.65006613,2950.910216,0,0,0,0,0,0,0,0,0,0,0,0,0.005023083,0.000469449,0
73,272,90.528,46.65006613,2950.910216,0,0,0,0,0,0.79321,0.059897,0,0,0,0.297708,0,0.005023083,0.000469449,0
73,272,90.528,46.65006613,2950.910216,0.084223,0,0,0,0,0,0,0,0,0,1.02366,0,0.005023083,0.000469449,0
73,272,90.528,46.65006613,2950.910216,0,0,0,0.35893,0,0,10.513,0,0,0,2.69043,0,0.005023083,0.000469449,0
73,272,90.528,46.65006613,2950.910216,0.0077682,0,0,0,0,0,0,0,0,0,0.151728,0,0.005023083,0.000469449,0
73,272,90.528,46.65006613,2950.910216,0.031315,0,0,0,0,0,0,0,0,0,0.151728,0,0.005023083,0.000469449,0
74,273,9.584,354.0463509,22395.65943,0,10.514,0,0,0,0,0,0,0,0,0,0,0.038310334,0.00358042,0
74,273,9.584,354.0463509,22395.65943,0,0,0,0,0,0,0,0,0,0,19.3974,0,0.038310334,0.00358042,0
74,273,9.584,354.0463509,22395.65943,0,0,0,0,0,0,0,0,0,0,7.2732,0,0.038310334,0.00358042,54.12195122
74,273,9.584,354.0463509,22395.65943,0,0,0,0,0,0,0,0,0,0,52.443,0,0.038310334,0.00358042,0
74,273,9.584,354.0463509,22395.65943,0,0,0,0,0,0,0,0,0,0,12.6336,0,0.038310334,0.00358042,29.2804878
74,273,9.584,354.0463509,22395.65943,7.7626,0,0,0,0,0,0,0,0,0,8.4681,0,0.038310334,0.00358042,68.7195122
74,273,9.584,354.0463509,22395.65943,1.2569,0,0,0,0,0,0,0,0,0,0,0,0.038310334,0.00358042,0
74,273,9.584,354.0463509,22395.65943,0,0,0,0,0,0,0.059897,0,0,0,2.20755,0,0.038310334,0.00358042,0
74,273,9.584,354.0463509,22395.65943,0.58804,0,0,0,0,0,0,0,0,0,4.6839,0,0.038310334,0.00358042,0
74,273,9.584,354.0463509,22395.65943,0,0,0,0,0,0,0,0,0,0,10.9065,0,0.038310334,0.00358042,57.70731707
74,273,9.584,354.0463509,22395.65943,0,0,0,0,0,0,0,0,0,0,0,0,0.038310334,0.00358042,0
74,273,9.584,354.0463509,22395.65943,0.0085521,0,0,0,0,0,0,0,0,0,0,0,0.038310334,0.00358042,0
74,273,9.584,354.0463509,22395.65943,0,0,0,0.0076281,0,0,0,0,0,0,5.9949,0,0.038310334,0.00358042,0.597560976
74,273,9.584,354.0463509,22395.65943,0,0,0,0,0,0.79321,0.13028,0,0,0,2.39871,0,0.038310334,0.00358042,0
74,273,9.584,354.0463509,22395.65943,0,0,0,0,0,0,9.2947,0,0,0,1.62018,0,0.038310334,0.00358042,0
74,273,9.584,354.0463509,22395.65943,0,0,0,0,0,0,0,0,0,0,2.39772,0,0.038310334,0.00358042,0
74,273,9.584,354.0463509,22395.65943,0,0.008321,0,0,0,0,0.42744,0,0,0,4.4403,0,0.038310334,0.00358042,0
74,273,9.584,354.0463509,22395.65943,0,0,0,0,0,0,0,0,0,0,0.48174,0,0.038310334,0.00358042,71.19512195
74,273,9.584,354.0463509,22395.65943,0,0,0,0.008333,0,35.662,0,0,0,0,0,0,0.038310334,0.00358042,0
74,273,9.584,354.0463509,22395.65943,0,0,0,0,0,0,0,0,0,0,13.494,0,0.038310334,0.00358042,0
74,273,9.584,354.0463509,22395.65943,0,0,0,0,0,0,0,0,0,0,35.547,0,0.038310334,0.00358042,0
74,273,9.584,354.0463509,22395.65943,0.26564,0,0,0,0,0,0,0,0,0,0.151728,0,0.038310334,0.00358042,0
74,273,9.584,354.0463509,22395.65943,0.00247,0,0,0,0,0,0,0,0,0,0.37014,0,0.038310334,0.00358042,0
74,273,9.584,354.0463509,22395.65943,0,0,0,0.020204,0,0,29.625,0,0,0,9.6318,0,0.038310334,0.00358042,0
74,273,9.584,354.0463509,22395.65943,0,0,0,0,0,0.77921,0,0,0,0,0,0,0.038310334,0.00358042,0
74,273,9.584,354.0463509,22395.65943,0,0,0,0,0,0,90.427,0,0,0,15.3204,0,0.038310334,0.00358042,0
74,273,9.584,354.0463509,22395.65943,0,0,0,0,0,0,3.7851,0,0,0,0,0,0.038310334,0.00358042,0
74,273,9.584,354.0463509,22395.65943,0,17.606,0,0,0,0,0,0,0,0,2.76468,0,0.038310334,0.00358042,0
74,273,9.584,354.0463509,22395.65943,8.1282,0.0067817,0,0,0,0,0,0,0,0,0,0,0.038310334,0.00358042,0
74,273,9.584,354.0463509,22395.65943,0,0,0,0,0,0,0,0,0,0,0.151728,0,0.038310334,0.00358042,78.70731707
74,273,9.584,354.0463509,22395.65943,0,0,0,0,0,0,0,0,0,0,1.19187,0,0.038310334,0.00358042,61.8902439
74,273,9.584,354.0463509,22395.65943,0,0,4.0198,0,0,0,8.1131,0,0,0,14.3958,0,0.038310334,0.00358042,0
74,273,9.584,354.0463509,22395.65943,0,0,0,0,0,0.7776,0,0,0,0,0,0,0.038310334,0.00358042,25.52439024
74,273,9.584,354.0463509,22395.65943,0,0,0,0,0,0,0,0,0,0,0.151728,0,0.038310334,0.00358042,0
74,273,9.584,354.0463509,22395.65943,1.0383,0,0,0,0,0,0,0,0,0,0.151728,0,0.038310334,0.00358042,0
74,273,9.584,354.0463509,22395.65943,0,0,0,0.008882,0,0,12.708,0,0,0,4.4313,0,0.038310334,0.00358042,0
74,273,9.584,354.0463509,22395.65943,0,0,0,0,0,2.7494,0.059897,0,0,0,1.67382,0,0.038310334,0.00358042,0
74,273,9.584,354.0463509,22395.65943,0.22468,0,0,0,0,0,0.13028,0,0,0,7.6818,0,0.038310334,0.00358042,0
74,273,9.584,354.0463509,22395.65943,0,0,0,0,0,0,0.021726,0,0,0,0.271128,0,0.038310334,0.00358042,0
74,273,9.584,354.0463509,22395.65943,0.012779,24.214,0,0,0,0,0,0,0,0,6.6894,0,0.038310334,0.00358042,14.17073171
74,273,9.584,354.0463509,22395.65943,0,0,0.47656,0,0,0,0.42744,0,0,0,0,0,0.038310334,0.00358042,0
74,273,9.584,354.0463509,22395.65943,0,0,0,0,0,0,0,0,0,0,0.151728,0,0.038310334,0.00358042,0
74,273,9.584,354.0463509,22395.65943,0.001397,0,0,0,0,0,0,0,0,0,0.271728,0,0.038310334,0.00358042,0
74,273,9.584,354.0463509,22395.65943,0,0,0,0,0,0,0,0,0,0,0,0,0.038310334,0.00358042,0
74,273,9.584,354.0463509,22395.65943,0,0,0,0,0,0,0,0,0,0,27.6384,0,0.038310334,0.00358042,0
74,273,9.584,354.0463509,22395.65943,0,0,0,0,0,0.79321,0.13028,0,0,0,87.522,0,0.038310334,0.00358042,0
74,273,9.584,354.0463509,22395.65943,0,0,0,0,0,0,0,0,0,0,0,0,0.038310334,0.00358042,0
74,273,9.584,354.0463509,22395.65943,0.074329,0,0,11.845,0,47.571,0,0,0,0,0.151728,0,0.038310334,0.00358042,0
74,273,9.584,354.0463509,22395.65943,0,0,0,0,0,0,0.13028,0,0,0,12.7935,0,0.038310334,0.00358042,0
74,273,9.584,354.0463509,22395.65943,0.0009415,0,0,0,0,0,0,0,0,0,0,0,0.038310334,0.00358042,0
74,273,9.584,354.0463509,22395.65943,1.7,0,0,0,0,0,0,0,0,0,0.27432,0,0.038310334,0.00358042,0
74,273,9.584,354.0463509,22395.65943,0,0,0,0,0,0,70.512,0,0,0,0.151728,0,0.038310334,0.00358042,54.03658537
74,273,9.584,354.0463509,22395.65943,0,0,0,0.00676,0,0,0,0,0,0,0.151728,0,0.038310334,0.00358042,0
74,273,9.584,354.0463509,22395.65943,0.0081166,0,0,0,0,0,0,0,0,0,0,0,0.038310334,0.00358042,15.19512195
74,273,9.584,354.0463509,22395.65943,0,0,0,0,0,0,0,0,0,0,1.04805,0,0.038310334,0.00358042,0
74,273,9.584,354.0463509,22395.65943,0.003468,0,0,0.034742,0,4.9674,0,0,0,0,0.151728,0,0.038310334,0.00358042,0
74,273,9.584,354.0463509,22395.65943,0.030824,0,0,0,0,0,0.13028,0,0,0,0.151728,0,0.038310334,0.00358042,33.7195122
74,273,9.584,354.0463509,22395.65943,0,0,0,0,0,0,0,0,0,0,0,0,0.038310334,0.00358042,0
74,273,9.584,354.0463509,22395.65943,0,0,0,3.9729,0,0,0.13028,0,0,0,0.31059,0,0.038310334,0.00358042,0
74,273,9.584,354.0463509,22395.65943,0,0,0,1.6398,0,0,0,0,0,0,0.151728,0,0.038310334,0.00358042,0
74,273,9.584,354.0463509,22395.65943,0,0,0,6.4545,0,0,0,0,0,0,0.31755,0,0.038310334,0.00358042,0
74,273,9.584,354.0463509,22395.65943,0,9.8061,0,9.459,0,0,0,0,0,0,0.151728,0,0.038310334,0.00358042,0
74,273,9.584,354.0463509,22395.65943,0,0,0,0,0,0,0.13028,0,0,0,0.151728,0,0.038310334,0.00358042,0
74,273,9.584,354.0463509,22395.65943,0,0,0,0,0,0,0,0,0,0,0,0,0.038310334,0.00358042,0
74,273,9.584,354.0463509,22395.65943,0,0,0,0,0,0,0,0,0,0,2.91441,0,0.038310334,0.00358042,0
74,273,9.584,354.0463509,22395.65943,2.5449,0,0,0,0,0,0,0,0,0,0,0,0.038310334,0.00358042,23.47560976
74,273,9.584,354.0463509,22395.65943,76.216,0,0,0,0,0,0,0,0,0,14.3958,0,0.038310334,0.00358042,0
74,273,9.584,354.0463509,22395.65943,0,0,0,0,0,0,0,0,0,0,0.75903,0,0.038310334,0.00358042,0
74,273,9.584,354.0463509,22395.65943,0,0,0,0,0,0,0,0,0,0,35.547,0,0.038310334,0.00358042,0
74,273,9.584,354.0463509,22395.65943,9.2596,0,0,0,0,0,0.059897,0,0,0,0,0,0.038310334,0.00358042,49.93902439
74,273,9.584,354.0463509,22395.65943,0.002344,0,0,0,0,0,0.80081,0,0,0,7.4502,0,0.038310334,0.00358042,84.25609756
74,273,9.584,354.0463509,22395.65943,0,0,0,0,0,0,52.042,0,0,0,0,0,0.038310334,0.00358042,0
74,273,9.584,354.0463509,22395.65943,11.232,0,0,0,0,0,102.85,0,0,0,0,0,0.038310334,0.00358042,84
74,273,9.584,354.0463509,22395.65943,4.2755,0,0,0,0,0,0,0,0,0,0,0,0.038310334,0.00358042,78.70731707
74,273,9.584,354.0463509,22395.65943,12.876,0,0,0,0,0,0,0,0,0,0.84174,0,0.038310334,0.00358042,0
74,273,9.584,354.0463509,22395.65943,0,0.96595,0,0,0,0,0,0,0,0,0.151728,0,0.038310334,0.00358042,0
74,273,9.584,354.0463509,22395.65943,6.7272,0,0,4.2862,0,0.099634,0,0,0,0,0,0,0.038310334,0.00358042,0
74,273,9.584,354.0463509,22395.65943,0,0,0,0,0,0,0,0,0,0,5.4765,0,0.038310334,0.00358042,0
74,273,9.584,354.0463509,22395.65943,2.0562,0,0,0,0,0,0,0,0,0,0.28866,0,0.038310334,0.00358042,0
74,273,9.584,354.0463509,22395.65943,0,0,0,0,0,0.79321,0,0,0,0,0.70341,0,0.038310334,0.00358042,0
74,273,9.584,354.0463509,22395.65943,0,0,0,0,0,0,0.60778,0,0,0,0.151728,0,0.038310334,0.00358042,0
74,273,9.584,354.0463509,22395.65943,4.8177,0,0,0,0,0,9.9672,0,0,0,0,0,0.038310334,0.00358042,61.63414634
74,273,9.584,354.0463509,22395.65943,20.942,0,0,0,0,0,277.52,0,0,0,0,0,0.038310334,0.00358042,0
74,273,9.584,354.0463509,22395.65943,0,0,0,0,0,0,22.658,0,0,0,0.151728,0,0.038310334,0.00358042,0
74,273,9.584,354.0463509,22395.65943,0,0,0,0,0,0,45.364,0,0,0,0.151728,0,0.038310334,0.00358042,45.32926829
74,273,9.584,354.0463509,22395.65943,0,0,0,0.008321,0,0,18.387,0,0,0,0.151728,0,0.038310334,0.00358042,0
74,273,9.584,354.0463509,22395.65943,0,0,0,0,0,0,0,0,0,0,0.151728,0,0.038310334,0.00358042,0
74,273,9.584,354.0463509,22395.65943,0,0,0,0,0,0,6.6593,0,0,0,14.1318,0,0.038310334,0.00358042,0
74,273,9.584,354.0463509,22395.65943,0,0.015799,0,0,0,0,0,0,0,0,0.151728,0,0.038310334,0.00358042,0
74,273,9.584,354.0463509,22395.65943,0,0,0,0,0,0,0,0,0,0,0.151728,0,0.038310334,0.00358042,0
74,273,9.584,354.0463509,22395.65943,0,0,0,0,0,1.1622,278.45,0,0,0,0,0,0.038310334,0.00358042,0
74,273,9.584,354.0463509,22395.65943,0,0,0,0,0,0,0,0,0,0,0,0,0.038310334,0.00358042,0
74,273,9.584,354.0463509,22395.65943,0,0,0,0,0,0,0,0,0,0,78.063,0,0.038310334,0.00358042,0
74,273,9.584,354.0463509,22395.65943,0,0,0,0,0,0,0,0,0,0,0.30174,0,0.038310334,0.00358042,0
74,273,9.584,354.0463509,22395.65943,13.991,0,0,0,0,0,0,0,0,0,0,0,0.038310334,0.00358042,0
74,273,9.584,354.0463509,22395.65943,0,0,0,0,0,0,0,0,0,0,0,0,0.038310334,0.00358042,0
74,273,9.584,354.0463509,22395.65943,2.9519,0,0,0,0,0,0,0,0,0,0.151728,0,0.038310334,0.00358042,0
74,273,9.584,354.0463509,22395.65943,0,0,0,0,0,0,0,0,0,0,0,0,0.038310334,0.00358042,0
74,273,9.584,354.0463509,22395.65943,0.38369,0,0,0,0,21.958,0,0,0,0,16.0194,0,0.038310334,0.00358042,0
74,273,9.584,354.0463509,22395.65943,0,0,0,0,0,0,0,0,0,0,0.275259,0,0.038310334,0.00358042,0
74,273,9.584,354.0463509,22395.65943,0,0,0,0,0,0,0.059897,0,0,0,5.2875,0,0.038310334,0.00358042,0
74,273,9.584,354.0463509,22395.65943,0,0,0,10.307,0,0,0,0,0,0,1.17456,0,0.038310334,0.00358042,0
74,273,9.584,354.0463509,22395.65943,34.489,0,0,0,0,0,0,0,0,0,0.28866,0,0.038310334,0.00358042,66.58536585
74,273,9.584,354.0463509,22395.65943,0,0,0,0.79253,0,0,0,0,0,0,1.32447,0,0.038310334,0.00358042,44.64634146
74,273,9.584,354.0463509,22395.65943,0,0,0,0,0,0,0.008333,0,0,0,0.151728,0,0.038310334,0.00358042,19.03658537
74,273,9.584,354.0463509,22395.65943,0,0.001205,0,0,0,0,0,0,0,0,0.279615,0,0.038310334,0.00358042,66.75609756
74,273,9.584,354.0463509,22395.65943,0.0047435,0,0,0,0,0,0.008333,0,0,0,0,0,0.038310334,0.00358042,0
74,273,9.584,354.0463509,22395.65943,12.492,0,0,0,0,0,19.592,0,0,0,0,0,0.038310334,0.00358042,0
74,273,9.584,354.0463509,22395.65943,13.876,0,0,0,0,0,0,0,0,0,1.88184,0,0.038310334,0.00358042,73.84146341
74,273,9.584,354.0463509,22395.65943,12.215,0,0,0,0,0,0,0,0,0,17.2392,0,0.038310334,0.00358042,38.84146341
74,273,9.584,354.0463509,22395.65943,0,0,0,5.557,0,0,0,0,0,0,0.151728,0,0.038310334,0.00358042,0
74,273,9.584,354.0463509,22395.65943,0.001205,0,0,0,0,0,0,0,0,0,2.34429,0,0.038310334,0.00358042,0
74,273,9.584,354.0463509,22395.65943,0,0,0,0,0,0,0.10863,0,0,0,23.3337,0,0.038310334,0.00358042,0
74,273,9.584,354.0463509,22395.65943,0,0,0,0,0,0,0.60778,0,0,0,4.5198,0,0.038310334,0.00358042,0
74,273,9.584,354.0463509,22395.65943,16.007,0,0,0,0,0,0,0,0,0,0.151728,0,0.038310334,0.00358042,0
74,273,9.584,354.0463509,22395.65943,7.7626,0,0,0,0,0,0,0,0,0,0.151728,0,0.038310334,0.00358042,0
74,273,9.584,354.0463509,22395.65943,0,0,0,0,0,0.000464,16.743,0,0,0,7.2051,0,0.038310334,0.00358042,0
74,273,9.584,354.0463509,22395.65943,2.2541,0,0,0,0,0.18363,0,0,0,0,0,0,0.038310334,0.00358042,44.3902439
74,273,9.584,354.0463509,22395.65943,0,0,0,0,0,0,0,0,0,0,0.70413,0,0.038310334,0.00358042,0
74,273,9.584,354.0463509,22395.65943,0,0,0,3.7064,0,0,0,0,0,0,0.151728,0,0.038310334,0.00358042,0
74,273,9.584,354.0463509,22395.65943,0,0,0,0,0,0,0,0,0,0,0.151728,0,0.038310334,0.00358042,0
74,273,9.584,354.0463509,22395.65943,0,0,0,0,0,0,0,0,0,0,0.290478,0,0.038310334,0.00358042,0
74,273,9.584,354.0463509,22395.65943,0.003485,0,0,7.7185,0,0,0,0,0,0,28.1349,0,0.038310334,0.00358042,28
74,273,9.584,354.0463509,22395.65943,0,0,0,0.0076281,0,0,0,0,0,0,0.94704,0,0.038310334,0.00358042,0
74,273,9.584,354.0463509,22395.65943,0,0,0,0,0,0,0,0,0,0,2.34429,0,0.038310334,0.00358042,29.79268293
74,273,9.584,354.0463509,22395.65943,0.83735,0,0,0,0,0,0,0,0,0,0,0,0.038310334,0.00358042,5.890243902
74,273,9.584,354.0463509,22395.65943,0,0,0,0,0,0,0,0,0,0,14.3958,0,0.038310334,0.00358042,28.93902439
74,273,9.584,354.0463509,22395.65943,0,0,0,0,0,0,0,0,0,0,0,0,0.038310334,0.00358042,0
74,273,9.584,354.0463509,22395.65943,0,0,0,0,0,0,0,0,0,0,0,0,0.038310334,0.00358042,51.56097561
74,273,9.584,354.0463509,22395.65943,0,0,0,0,0,0,44.019,0,0,0,2.91441,0,0.038310334,0.00358042,12.54878049
74,273,9.584,354.0463509,22395.65943,0,0,0,0,0,0,0,0,0,0,0.151728,0,0.038310334,0.00358042,0
74,273,9.584,354.0463509,22395.65943,0,0,0,0,0,0,16.253,0,0,0,11.9625,0,0.038310334,0.00358042,0
74,273,9.584,354.0463509,22395.65943,12.215,0,0,0,0,0,0,0,0,0,18.1353,0,0.038310334,0.00358042,0
74,273,9.584,354.0463509,22395.65943,0,0,0,0,0,0,0,0,0,0,0.151728,0,0.038310334,0.00358042,0
74,273,9.584,354.0463509,22395.65943,0,0,0,0,0,0,0,0,0,0,0,0,0.038310334,0.00358042,0
74,273,9.584,354.0463509,22395.65943,16.595,0,0,0,0,0,0,0,0,0,58.353,0,0.038310334,0.00358042,0
74,273,9.584,354.0463509,22395.65943,0,0,0,0,0,0,0,0,0,0,1.17711,0,0.038310334,0.00358042,0
74,273,9.584,354.0463509,22395.65943,0.30907,0,0,0.12175,0,0,0,0,0,0,4.515,0,0.038310334,0.00358042,0
74,273,9.584,354.0463509,22395.65943,0.017186,0,0,0,0,0,21.105,0,0,0,12.3399,0,0.038310334,0.00358042,0
74,273,9.584,354.0463509,22395.65943,0,1.123,0,0,0,0,191.46,0,0,0,0.151728,0,0.038310334,0.00358042,0
74,273,9.584,354.0463509,22395.65943,13.876,0,0,0,0,0,0.10863,0,0,0,6.258,0,0.038310334,0.00358042,0
74,273,9.584,354.0463509,22395.65943,0,0,0,0,0,0,0,0,0,0,1.26477,0,0.038310334,0.00358042,0
74,273,9.584,354.0463509,22395.65943,0,0,0,0,0,0,0,0,0,0,5.2239,0,0.038310334,0.00358042,0
74,273,9.584,354.0463509,22395.65943,0,0,0,0,0,0,0.10863,0,0,0,5.1444,0,0.038310334,0.00358042,72.98780488
74,273,9.584,354.0463509,22395.65943,0.31253,0,0,0,0,0,0.008333,0,0,0,7.1259,0,0.038310334,0.00358042,44.56097561
74,273,9.584,354.0463509,22395.65943,0,0,0,37.837,0,0,0.60778,0,0,0,0.151728,0,0.038310334,0.00358042,0
74,273,9.584,354.0463509,22395.65943,0,0,0,0,0,0,0,0,0,0,0.45174,0,0.038310334,0.00358042,55.14634146
74,273,9.584,354.0463509,22395.65943,0,0,0,0.003173,0,0,0.42744,0,0,0,0,0,0.038310334,0.00358042,50.62195122
74,273,9.584,354.0463509,22395.65943,0.00247,0,0,0.91786,0,0,0,0,0,0,42.879,0,0.038310334,0.00358042,64.19512195
74,273,9.584,354.0463509,22395.65943,5.1443,0,0,0,0,0,0,0,0,0,69.483,0,0.038310334,0.00358042,0
74,273,9.584,354.0463509,22395.65943,12.492,0,0,0,0,0.79321,0,0,0,0,68.145,0,0.038310334,0.00358042,1.963414634
74,273,9.584,354.0463509,22395.65943,0.065984,0,0,0.057619,0,0,0,0,0,0,18.0318,0,0.038310334,0.00358042,0
74,273,9.584,354.0463509,22395.65943,27.039,0,0,0,0,0,0,0,0,0,0,0,0.038310334,0.00358042,44.64634146
74,273,9.584,354.0463509,22395.65943,0,0,0,0.00524,0,0,0,0,0,0,0,0,0.038310334,0.00358042,0
74,273,9.584,354.0463509,22395.65943,0,0,0,0,0,0,0,0,0,0,0,0,0.038310334,0.00358042,0
74,273,9.584,354.0463509,22395.65943,0,0,0,0,0,0,121.37,0,0,0,5.0652,0,0.038310334,0.00358042,0
74,273,9.584,354.0463509,22395.65943,0,0,0,0,0,0,0,0,0,0,0.75174,0,0.038310334,0.00358042,48.74390244
74,273,9.584,354.0463509,22395.65943,0,0,0,0,0,0,159.64,0,0,0,4.3869,0,0.038310334,0.00358042,0
74,273,9.584,354.0463509,22395.65943,20.942,0,0,0,0,0,0,0,0,0,0.28509,0,0.038310334,0.00358042,0
74,273,9.584,354.0463509,22395.65943,0,0,0,0,0,0,0.008333,0,0,0,5.2239,0,0.038310334,0.00358042,0
74,273,9.584,354.0463509,22395.65943,0,0.006456,0,0,0,1.5549,0,0,0,0,0.44541,0,0.038310334,0.00358042,0
74,273,9.584,354.0463509,22395.65943,0,0,0,0,0,0,30.404,0,0,0,0.151728,0,0.038310334,0.00358042,0
74,273,9.584,354.0463509,22395.65943,0,0,0,0,0,0.00111,0,0,0,0,0,0,0.038310334,0.00358042,0
74,273,9.584,354.0463509,22395.65943,0,0,0,0,0,0,0.13028,0,0,0,0.151728,0,0.038310334,0.00358042,0
74,273,9.584,354.0463509,22395.65943,0,0,0,0,0,0,0,0,0,0,1.21974,0,0.038310334,0.00358042,0
74,273,9.584,354.0463509,22395.65943,0.031315,3.1067,0,0,0,0,20.437,0,0,0,0.31755,0,0.038310334,0.00358042,35.76829268
74,273,9.584,354.0463509,22395.65943,0,0,0,0,0,0,0.13028,0,0,0,0.94704,0,0.038310334,0.00358042,0
74,273,9.584,354.0463509,22395.65943,0,1.3736,0,0,0,0,0,0,0,0,0,0,0.038310334,0.00358042,0
74,273,9.584,354.0463509,22395.65943,0,0,0,0,0,0,0.021726,0,0,0,0.279585,0,0.038310334,0.00358042,0
74,273,9.584,354.0463509,22395.65943,0,0,0,0,0,0,16.743,0,0,0,0,0,0.038310334,0.00358042,0
74,273,9.584,354.0463509,22395.65943,0,0,0,0,0,0,0.59876,0,0,0,10.9077,0,0.038310334,0.00358042,0
74,273,9.584,354.0463509,22395.65943,0,0,0,0,0,0,30.39,0,0,0,2.22174,0,0.038310334,0.00358042,0
74,273,9.584,354.0463509,22395.65943,0,0,0,0,0,3.8128,0,0,0,0,0.151728,0,0.038310334,0.00358042,76.40243902
74,273,9.584,354.0463509,22395.65943,0.00328,0,0,0,0,0.79321,0.002308,0,0,0,0,0,0.038310334,0.00358042,0
74,273,9.584,354.0463509,22395.65943,2.8033,0,0,0,0,0,0,0,0,0,20.8818,0,0.038310334,0.00358042,0
74,273,9.584,354.0463509,22395.65943,0.17204,0,0,0,0,0,21.105,0,0,0,0,0,0.038310334,0.00358042,0
74,273,9.584,354.0463509,22395.65943,0,0,0,0,0,0,0,0,0,0,1.65174,0,0.038310334,0.00358042,0
74,273,9.584,354.0463509,22395.65943,0,0,0,0,0,0,0.13028,0,0,0,0.151728,0,0.038310334,0.00358042,0
74,273,9.584,354.0463509,22395.65943,0,0,0,0,0,0,0,0,0,0,0.151728,0,0.038310334,0.00358042,0
74,273,9.584,354.0463509,22395.65943,0,0,0,0,0,0,0,0,0,0,5.2344,0,0.038310334,0.00358042,0
74,273,9.584,354.0463509,22395.65943,5.2563,0,0,0,0,0,0,0,0,0,1.96911,0,0.038310334,0.00358042,0
74,273,9.584,354.0463509,22395.65943,0,0,0.23368,0,0,0.79321,63.342,0,0,0,0.151728,0,0.038310334,0.00358042,7.512195122
74,273,9.584,354.0463509,22395.65943,0.13491,0,0,0,0,0,0,0,0,0,0,0,0.038310334,0.00358042,0
74,273,9.584,354.0463509,22395.65943,0,0.008333,0,0.00014,0,0,24.738,0,0,0,0.151728,0,0.038310334,0.00358042,0
74,273,9.584,354.0463509,22395.65943,0.26564,0,0,0,0,0,0,0,0,0,1.5003,0,0.038310334,0.00358042,74.52439024
74,273,9.584,354.0463509,22395.65943,19.704,0,0,20.985,0,0,0,0,0,0,21.2118,0,0.038310334,0.00358042,34.82926829
74,273,9.584,354.0463509,22395.65943,0,0,0,0,0,0,0,0,0,0,0,0,0.038310334,0.00358042,45.41463415
74,273,9.584,354.0463509,22395.65943,0,0,0,8.4565,0,0,0,0,0,0,0.278532,0,0.038310334,0.00358042,24.32926829
74,273,9.584,354.0463509,22395.65943,0,0,0,0,0,0,0,0,0,0,0.151728,0,0.038310334,0.00358042,0
74,273,9.584,354.0463509,22395.65943,0.11165,0,0,0,0,0,0,0,0,0,0,0,0.038310334,0.00358042,42.17073171
74,273,9.584,354.0463509,22395.65943,0,0,0,0.91786,0,0,0,0,0,0,3.4635,0,0.038310334,0.00358042,0
74,273,9.584,354.0463509,22395.65943,0,0.014088,0,0,0,0,0,0,0,0,0.273366,0,0.038310334,0.00358042,0
74,273,9.584,354.0463509,22395.65943,0,0,0,0,0,0,0,0,0,0,0.151728,0,0.038310334,0.00358042,36.70731707
74,273,9.584,354.0463509,22395.65943,0.11095,0,0,0,0,0,0.76987,0,0,0,2.56893,0,0.038310334,0.00358042,0
74,273,9.584,354.0463509,22395.65943,0.048756,0,0,0,0,0,0,0,0,0,60.207,0,0.038310334,0.00358042,0
74,273,9.584,354.0463509,22395.65943,0,0,0,0,0,0,0,0,0,0,42.879,0,0.038310334,0.00358042,0
74,273,9.584,354.0463509,22395.65943,0,0,0,0.008333,0,0,0.002308,0,0,0,0,0,0.038310334,0.00358042,0
74,273,9.584,354.0463509,22395.65943,5.2563,0.15958,0,0,0,0,0,0,0,0,0,0,0.038310334,0.00358042,60.86585366
74,273,9.584,354.0463509,22395.65943,0,30.204,0,0,0,0,34.809,0,0,0,0,0,0.038310334,0.00358042,0
74,273,9.584,354.0463509,22395.65943,0,0,0,0,0,0,53.389,0,0,0,0.151728,0,0.038310334,0.00358042,74.26829268
74,273,9.584,354.0463509,22395.65943,0.31253,0,0,0,0,0,0,0,0,0,28.113,0,0.038310334,0.00358042,0
74,273,9.584,354.0463509,22395.65943,0.00328,0,0,0,0,0,0,0,0,0,0,0,0.038310334,0.00358042,0
74,273,9.584,354.0463509,22395.65943,0,0,0,0,0,0,25.405,0,0,0,0,0,0.038310334,0.00358042,0
74,273,9.584,354.0463509,22395.65943,0,0,0,0,0,0,0,0,0,0,0,0,0.038310334,0.00358042,0
74,273,9.584,354.0463509,22395.65943,0,0,0,0,0,0,0,0,0,0,28.1349,0,0.038310334,0.00358042,57.1097561
74,273,9.584,354.0463509,22395.65943,0,0,0,0,0,0,0.59876,0,0,0,0.151728,0,0.038310334,0.00358042,8.707317073
74,273,9.584,354.0463509,22395.65943,0,0,0,0,0,0,23.377,0,0,0,0.151728,0,0.038310334,0.00358042,59.92682927
74,273,9.584,354.0463509,22395.65943,0,0,0,0,0,0,0,0,0,0,1.1697,0,0.038310334,0.00358042,0
74,273,9.584,354.0463509,22395.65943,0,0,0,0.083612,0,0,8.7466,0,0,0,1.42107,0,0.038310334,0.00358042,0
74,273,9.584,354.0463509,22395.65943,0,0,0,0,0,0,0,0,0,0,0.151728,0,0.038310334,0.00358042,0
74,273,9.584,354.0463509,22395.65943,0,0.003465,0,0,0,0,0,0,0,0,0.151728,0,0.038310334,0.00358042,57.62195122
74,273,9.584,354.0463509,22395.65943,0,0,0,0.00524,0,0,0,0,0,0,0,0,0.038310334,0.00358042,0
74,273,9.584,354.0463509,22395.65943,0.11095,0,0,0,0,0,0,0,0,0,9.4983,0,0.038310334,0.00358042,0
74,273,9.584,354.0463509,22395.65943,0,2.5748,0,0,0,0.79291,0,0,0,0,0,0,0.038310334,0.00358042,0
74,273,9.584,354.0463509,22395.65943,0,0,0,0,0,0,7.6069,0,0,0,0.280578,0,0.038310334,0.00358042,31.41463415
74,273,9.584,354.0463509,22395.65943,0.04429,0,0,0,0,0,0,0,0,0,1.62048,0,0.038310334,0.00358042,0
74,273,9.584,354.0463509,22395.65943,1.7,0,0,0,0,0.000464,0,0,0,0,5.2344,0,0.038310334,0.00358042,0
74,273,9.584,354.0463509,22395.65943,0,0,0,0,0,0,0,0,0,0,3.6918,0,0.038310334,0.00358042,0
74,273,9.584,354.0463509,22395.65943,18.749,0,0,0,0,0,0,0,0,0,0,0,0.038310334,0.00358042,0
74,273,9.584,354.0463509,22395.65943,0,0,0,0,0,0,0,0,0,0,20.2284,0,0.038310334,0.00358042,0
74,273,9.584,354.0463509,22395.65943,0,0,0,0,0,0,0,0,0,0,0.45174,0,0.038310334,0.00358042,51.13414634
74,273,9.584,354.0463509,22395.65943,0,0,0,0,0,0,0,0,0,0,0.151728,0,0.038310334,0.00358042,11.43902439
74,273,9.584,354.0463509,22395.65943,0.0081166,0,0,0.000063,0,0,0,0,0,0,15.3204,0,0.038310334,0.00358042,0
74,273,9.584,354.0463509,22395.65943,0,2.9696,0,0,0,0,25.405,0,0,0,124.836,0,0.038310334,0.00358042,0
74,273,9.584,354.0463509,22395.65943,0,0,0,0,0,0,246.03,0,0,0,0.33174,0,0.038310334,0.00358042,0
74,273,9.584,354.0463509,22395.65943,0.052268,0,0,11.845,0,0,16.577,0,0,0,0,0,0.038310334,0.00358042,0
74,273,9.584,354.0463509,22395.65943,0.097685,0,0,0,0,47.571,0,0,0,0,0,0,0.038310334,0.00358042,0
74,273,9.584,354.0463509,22395.65943,0,0,0,0,0,0,0,0,0,0,0,0,0.038310334,0.00358042,14.68292683
74,273,9.584,354.0463509,22395.65943,0,0,0,0,0,0,0,0,0,0,10.1169,0,0.038310334,0.00358042,74.7804878
74,273,9.584,354.0463509,22395.65943,0,0,0,0,0,0.78608,0.60778,0,0,0,66.663,0,0.038310334,0.00358042,0
74,273,9.584,354.0463509,22395.65943,0,0,0,0,0,0,0,0,0,0,6.3789,0,0.038310334,0.00358042,0
74,273,9.584,354.0463509,22395.65943,0,0,0,0,0,0,0,0,0,0,0.151728,0,0.038310334,0.00358042,0
74,273,9.584,354.0463509,22395.65943,0.42108,0,0,0,0,0,0,0,0,0,0.151728,0,0.038310334,0.00358042,0
74,273,9.584,354.0463509,22395.65943,0,0.0055384,0,0,0,0.79321,0.60778,0,0,0,0.33174,0,0.038310334,0.00358042,0
74,273,9.584,354.0463509,22395.65943,0,0,0,0,0,0,9.818,0,0,0,0,0,0.038310334,0.00358042,37.81707317
74,273,9.584,354.0463509,22395.65943,0.20828,0,0.076941,2.5093,0,0,0,0,0,0,5.4573,0,0.038310334,0.00358042,0
74,273,9.584,354.0463509,22395.65943,0,0,0,0,0,0.000464,20.52,0,0,0,0,0,0.038310334,0.00358042,0
74,273,9.584,354.0463509,22395.65943,5.8949,0,0,0,0,0,0,0,0,0,0,0,0.038310334,0.00358042,0
74,273,9.584,354.0463509,22395.65943,0,0,0,0,0,0.000526,0,0,0,0,0,0,0.038310334,0.00358042,0
74,273,9.584,354.0463509,22395.65943,0,0,0,0,0,0,0,0,0,0,0.273018,0,0.038310334,0.00358042,46.7804878
74,273,9.584,354.0463509,22395.65943,0.00062,0,0,0,0,0,0,0,0,0,0.151728,0,0.038310334,0.00358042,0
74,273,9.584,354.0463509,22395.65943,0,0,0,0,0,0,21.787,0,0,0,3.9402,0,0.038310334,0.00358042,20.40243902
74,273,9.584,354.0463509,22395.65943,0.92918,0,0,0,0,0,0,0,0,0,0.151728,0,0.038310334,0.00358042,0
74,273,9.584,354.0463509,22395.65943,0,0,0,0,0,0,0.59876,0,0,0,0.151728,0,0.038310334,0.00358042,60.86585366
74,273,9.584,354.0463509,22395.65943,0,0,0,0,0,0,0,0,0,0,0.151728,0,0.038310334,0.00358042,0
74,273,9.584,354.0463509,22395.65943,0,2.9696,0,0,0,0,0,0,0,0,0,0,0.038310334,0.00358042,0
74,273,9.584,354.0463509,22395.65943,0,3.8327,0,0,0,0,0,0,0,0,3.2457,0,0.038310334,0.00358042,0
74,273,9.584,354.0463509,22395.65943,0,0,0,0,0,0,0.42744,0,0,0,44.073,0,0.038310334,0.00358042,0
74,273,9.584,354.0463509,22395.65943,0,0,0,0,0,0,0,0,0,0,0.151728,0,0.038310334,0.00358042,0
74,273,9.584,354.0463509,22395.65943,0,0,0,0.22375,0,0,0,0,0,0,0.42174,0,0.038310334,0.00358042,0
74,273,9.584,354.0463509,22395.65943,1.976,0,0,0,0,0,0,0,0,0,45.933,0,0.038310334,0.00358042,0
74,273,9.584,354.0463509,22395.65943,0.003485,0,0,0,0,0,0,0,0,0,2.6481,0,0.038310334,0.00358042,0
74,273,9.584,354.0463509,22395.65943,0.67562,75.655,0,0,0,0,41.285,0,0,0,5.1363,0,0.038310334,0.00358042,0
74,273,9.584,354.0463509,22395.65943,0,5.9029,0,0,0,0,0.13028,0,0,0,12.3399,0,0.038310334,0.00358042,0
74,273,9.584,354.0463509,22395.65943,0,0,0,0,0,0,0,0,0,0,3.2268,0,0.038310334,0.00358042,20.82926829
74,273,9.584,354.0463509,22395.65943,0,0,0,0,0,0,0,0,0,0,0.28509,0,0.038310334,0.00358042,45.5
74,273,9.584,354.0463509,22395.65943,0,0,0,0,0,0,0,0,0,0,25.2354,0,0.038310334,0.00358042,0
74,273,9.584,354.0463509,22395.65943,0,0,0.0011675,0.01986,0,0,0,0,0,0,11.5818,0,0.038310334,0.00358042,0
74,273,9.584,354.0463509,22395.65943,0,0,0,0,0,0,0.002308,0,0,0,0.151728,0,0.038310334,0.00358042,0
74,273,9.584,354.0463509,22395.65943,0,0.62195,0,0,0,0,0,0,0,0,0.151728,0,0.038310334,0.00358042,40.37804878
74,273,9.584,354.0463509,22395.65943,0,0,0,0,0,0,0.13028,0,0,0,0.151728,0,0.038310334,0.00358042,0
74,273,9.584,354.0463509,22395.65943,0,0,0,0,0,0,0,0,0,0,0.70413,0,0.038310334,0.00358042,0
74,273,9.584,354.0463509,22395.65943,0.017186,0,0,0,0,0,0,0,0,0,1.42107,0,0.038310334,0.00358042,0
74,273,9.584,354.0463509,22395.65943,3.5238,0,0,0,0,0,0,0,0,0,23.3337,0,0.038310334,0.00358042,0
74,273,9.584,354.0463509,22395.65943,0,0,0,0,0,0,30.39,0,0,0,0.151728,0,0.038310334,0.00358042,0
74,273,9.584,354.0463509,22395.65943,0,0,0,0,0,0,0.13028,0,0,0,0.37014,0,0.038310334,0.00358042,4.524390244
74,273,9.584,354.0463509,22395.65943,0.016667,0,0,0,0,0,0,0,0,0,17.3718,0,0.038310334,0.00358042,0
74,273,9.584,354.0463509,22395.65943,0,0,0,0,0,0,26.176,0,0,0,0,0,0.038310334,0.00358042,0
74,273,9.584,354.0463509,22395.65943,0.084223,0,0,0,0,0,0,0,0,0,7.2168,0,0.038310334,0.00358042,0
74,273,9.584,354.0463509,22395.65943,0,0.71635,0,0,0,0.77921,5.6128,0,0,0,10.3692,0,0.038310334,0.00358042,0
74,273,9.584,354.0463509,22395.65943,0.11095,0,0,0,0,0,0,0,0,0,0,0,0.038310334,0.00358042,0
74,273,9.584,354.0463509,22395.65943,0,0,0,0,0,0,40.56,0,0,0,0,0,0.038310334,0.00358042,0
74,273,9.584,354.0463509,22395.65943,2.3036,0,0,0,0,0,0,0,0,0,2.6481,0,0.038310334,0.00358042,0
74,273,9.584,354.0463509,22395.65943,0.034341,0,0,0,0,0,88.228,0,0,0,0.151728,0,0.038310334,0.00358042,31.5
74,273,9.584,354.0463509,22395.65943,0,0,0,0,0,0,0,0,0,0,0.151728,0,0.038310334,0.00358042,0
74,273,9.584,354.0463509,22395.65943,0,0,5.9999,0,0,0.79321,0,0,0,0,0,0,0.038310334,0.00358042,0
74,273,9.584,354.0463509,22395.65943,0,0,0,3.091,0,0,0,0,0,0,0,0,0.038310334,0.00358042,0
74,273,9.584,354.0463509,22395.65943,0,0.028131,1.5364,0,0,0,0,0,0,0,12.6336,0,0.038310334,0.00358042,0
74,273,9.584,354.0463509,22395.65943,0,0,0,0,0,0,0,0,0,0,0.151728,0,0.038310334,0.00358042,0
74,273,9.584,354.0463509,22395.65943,6.1631,0,0,0,0,0,5.4582,0,0,0,2.41287,0,0.038310334,0.00358042,0
74,273,9.584,354.0463509,22395.65943,0,0,28.933,0,0,2.2803,0,0,0,0,41.634,0,0.038310334,0.00358042,0
74,273,9.584,354.0463509,22395.65943,0,0,0,31.704,0,0,0,0,0,0,6.528,0,0.038310334,0.00358042,5.634146341
74,273,9.584,354.0463509,22395.65943,0.003295,0,0,0,0,0,0,0,0,0,4.8687,0,0.038310334,0.00358042,0
74,273,9.584,354.0463509,22395.65943,0,0,0,0,0,0,0,0,0,0,19.4277,0,0.038310334,0.00358042,69.82926829
74,273,9.584,354.0463509,22395.65943,0,0,0,0,0,0.003813,0,0,0,0,0.151728,0,0.038310334,0.00358042,45.67073171
74,273,9.584,354.0463509,22395.65943,0,0,0,0,0,0.77921,0,0,0,0,0,0,0.038310334,0.00358042,0
74,273,9.584,354.0463509,22395.65943,0.014351,0,0,0.008333,0,0,0,0,0,0,0,0,0.038310334,0.00358042,59.07317073
74,273,9.584,354.0463509,22395.65943,0,0,0,0,0,0,0,0,0,0,0.151728,0,0.038310334,0.00358042,0
74,273,9.584,354.0463509,22395.65943,0,0,0,0,0,0,0,0,0,0,0.30174,0,0.038310334,0.00358042,50.70731707
74,273,9.584,354.0463509,22395.65943,0.001192,0,0,0,0,0,0,0,0,0,0.290478,0,0.038310334,0.00358042,0
74,273,9.584,354.0463509,22395.65943,0,0.0034765,0,0,0,0.018933,0,0,0,0,0,0,0.038310334,0.00358042,0
74,273,9.584,354.0463509,22395.65943,0.81665,1.4262,0,0,0,0,0,0,0,0,0.279882,0,0.038310334,0.00358042,44.04878049
74,273,9.584,354.0463509,22395.65943,0,0,0,0,0,0,0,0,0,0,0.51381,0,0.038310334,0.00358042,0
74,273,9.584,354.0463509,22395.65943,0,0,0,0,0,0,0,0,0,0,0.151728,0,0.038310334,0.00358042,0
74,273,9.584,354.0463509,22395.65943,0.31985,9.8061,0,0.008333,0,1.1622,0,0,0,0,3.1278,0,0.038310334,0.00358042,0
74,273,9.584,354.0463509,22395.65943,0.0062479,0,0,0,0,0,0.13028,0,0,0,0,0,0.038310334,0.00358042,0
74,273,9.584,354.0463509,22395.65943,0,0,0,0,0,0,0,0,0,0,0.151728,0,0.038310334,0.00358042,0
74,273,9.584,354.0463509,22395.65943,0,0,0,0,0,0,0,0,0,0,0.151728,0,0.038310334,0.00358042,0
74,273,9.584,354.0463509,22395.65943,0.01199,0,0,0.002139,0,0,0,0,0,0,55.917,0,0.038310334,0.00358042,0
74,273,9.584,354.0463509,22395.65943,0,0,0,0,0,0,0,0,0,0,12.0405,0,0.038310334,0.00358042,0
74,273,9.584,354.0463509,22395.65943,0,0,0,0,0,0,0,0,0,0,0,0,0.038310334,0.00358042,0
74,273,9.584,354.0463509,22395.65943,0,0,0,0,0,0,0,0,0,0,0.151728,0,0.038310334,0.00358042,0
74,273,9.584,354.0463509,22395.65943,0,0,0,0,0,0,0,0,0,0,0.151728,0,0.038310334,0.00358042,0
74,273,9.584,354.0463509,22395.65943,0,0,0,0,0,0,0,0,0,0,0.276924,0,0.038310334,0.00358042,64.45121951
74,273,9.584,354.0463509,22395.65943,0,0,0,0,0,0,0,0,0,0,0.151728,0,0.038310334,0.00358042,23.90243902
74,273,9.584,354.0463509,22395.65943,0,0,0,0,0,0,0,0,0,0,0.151728,0,0.038310334,0.00358042,0
74,273,9.584,354.0463509,22395.65943,0.000234,0,0,0,0,0,0,0,0,0,47.328,0,0.038310334,0.00358042,0
74,273,9.584,354.0463509,22395.65943,0,4.9943,0,0,0,0,0,0,0,0,32.442,0,0.038310334,0.00358042,0
74,273,9.584,354.0463509,22395.65943,32.277,0,0,0,0,2.2803,0,0,0,0,0.151728,0,0.038310334,0.00358042,41.23170732
74,273,9.584,354.0463509,22395.65943,0,0,0,0,0,0,0.008333,0,0,0,2.37174,0,0.038310334,0.00358042,0
74,273,9.584,354.0463509,22395.65943,0,0,0,0,0,0,0,0,0,0,0.297708,0,0.038310334,0.00358042,0
74,273,9.584,354.0463509,22395.65943,0,0,0,0,0,0,0,0,0,0,0.151728,0,0.038310334,0.00358042,0
74,273,9.584,354.0463509,22395.65943,0.63009,0,0,0,0,0,0,0,0,0,22.617,0,0.038310334,0.00358042,0
74,273,9.584,354.0463509,22395.65943,0,0,0,0,0,0,0,0,0,0,4.8993,0,0.038310334,0.00358042,0
74,273,9.584,354.0463509,22395.65943,0.016491,0,0,0.12808,0,0,0,0,0,0,11.682,0,0.038310334,0.00358042,47.29268293
74,273,9.584,354.0463509,22395.65943,0,0,0,0,0,0.0045285,0,0,0,0,0.151728,0,0.038310334,0.00358042,66.5
74,273,9.584,354.0463509,22395.65943,27.039,0,0,0,0,0,0.59876,0,0,0,3.6354,0,0.038310334,0.00358042,0
74,273,9.584,354.0463509,22395.65943,0,0,0,0,0,0,67.305,0,0,0,0,0,0.038310334,0.00358042,49.68292683
74,273,9.584,354.0463509,22395.65943,16.007,0,0,0,0,0,50.853,0,0,0,0,0,0.038310334,0.00358042,0
74,273,9.584,354.0463509,22395.65943,0,0,0,0,0,0,0,0,0,0,0,0,0.038310334,0.00358042,0
74,273,9.584,354.0463509,22395.65943,0.66097,0,0,0,0,0,0.13028,0,0,0,0.151728,0,0.038310334,0.00358042,0
74,273,9.584,354.0463509,22395.65943,0.040524,0,0,0,0,0,53.389,0,0,0,0.75903,0,0.038310334,0.00358042,0
74,273,9.584,354.0463509,22395.65943,0.003468,0,0,0,0,0,0,0,0,0,12.0081,0,0.038310334,0.00358042,30.30487805
74,273,9.584,354.0463509,22395.65943,0,0,0,0,0,0,0,0,0,0,0,0,0.038310334,0.00358042,0
74,273,9.584,354.0463509,22395.65943,0,0,0,0,0,0,0,0,0,0,15.3204,0,0.038310334,0.00358042,0
74,273,9.584,354.0463509,22395.65943,8.1282,0.00714,0,0,0,0,0,0,0,0,0.293496,0,0.038310334,0.00358042,0
74,273,9.584,354.0463509,22395.65943,0,0,0,0.008333,0,0,0,0,0,0,0.151728,0,0.038310334,0.00358042,0
74,273,9.584,354.0463509,22395.65943,0,0,0,0,0,0,0,0,0,0,0.151728,0,0.038310334,0.00358042,0
74,273,9.584,354.0463509,22395.65943,0.00036,0,0,0,0,0,0,0,0,0,15.9147,0,0.038310334,0.00358042,0
74,273,9.584,354.0463509,22395.65943,0,0,0,0,0,0,0,0,0,0,10.9065,0,0.038310334,0.00358042,0
74,273,9.584,354.0463509,22395.65943,0,0,0,0.083612,0,0,0,0,0,0,0.151728,0,0.038310334,0.00358042,0
74,273,9.584,354.0463509,22395.65943,2.444,0,0,0,0,0,0,0,0,0,0.151728,0,0.038310334,0.00358042,0
74,273,9.584,354.0463509,22395.65943,0,0,0,0,0,0,0,0,0,0,0.151728,0,0.038310334,0.00358042,0
74,273,9.584,354.0463509,22395.65943,0,0,0,0,0,0.78239,21.958,0,0,0,0,0,0.038310334,0.00358042,0
74,273,9.584,354.0463509,22395.65943,0.014654,0,0,0,0,0,0,0,0,0,20.8818,0,0.038310334,0.00358042,0
74,273,9.584,354.0463509,22395.65943,0,0,0,0,0,0,0,0,0,0,0,0,0.038310334,0.00358042,0
74,273,9.584,354.0463509,22395.65943,0.00247,0,0,0,0,0.0031055,0,0,0,0,0,0,0.038310334,0.00358042,0
74,273,9.584,354.0463509,22395.65943,0,0,0,0,0,0,0.13028,0,0,0,0.38961,0,0.038310334,0.00358042,0
74,273,9.584,354.0463509,22395.65943,0.5001,0,0,0,0,0,0.10863,0,0,0,0.151728,0,0.038310334,0.00358042,0
74,273,9.584,354.0463509,22395.65943,2.9519,0,0,0.001436,0,0,0,0,0,0,0.151728,0,0.038310334,0.00358042,0
74,273,9.584,354.0463509,22395.65943,0,0,0,0,0,0,0,0,0,0,0.151728,0,0.038310334,0.00358042,0
74,273,9.584,354.0463509,22395.65943,0,0,0,0,0,0,0,0,0,0,37.836,0,0.038310334,0.00358042,0
74,273,9.584,354.0463509,22395.65943,0,0,0,0,0,0.79321,0,0,0,0,0.151728,0,0.038310334,0.00358042,0
74,273,9.584,354.0463509,22395.65943,0,0,0,0,0,0,0,0,0,0,0.151728,0,0.038310334,0.00358042,0
74,273,9.584,354.0463509,22395.65943,0,0,0,0,0,0,0,0,0,0,0.45174,0,0.038310334,0.00358042,0
74,273,9.584,354.0463509,22395.65943,2.7364,0,0,0.10338,0,0,0,0,0,0,0.27711,0,0.038310334,0.00358042,0
74,273,9.584,354.0463509,22395.65943,0.46518,0,0,0,0,0,6.9474,0,0,0,0.151728,0,0.038310334,0.00358042,0
74,273,9.584,354.0463509,22395.65943,0,0.005202,0,0,0,0,0,0,0,0,1.38174,0,0.038310334,0.00358042,0
74,273,9.584,354.0463509,22395.65943,0,0,0,0,0,0,0,0,0,0,2.96682,0,0.038310334,0.00358042,70.42682927
74,273,9.584,354.0463509,22395.65943,54.832,0,0,0,0,0.018933,0,0,0,0,0.151728,0,0.038310334,0.00358042,0
74,273,9.584,354.0463509,22395.65943,0,0,0,0.002508,0,0,0,0,0,0,0.151728,0,0.038310334,0.00358042,0
74,273,9.584,354.0463509,22395.65943,0.41388,0,0,0,0,0,0,0,0,0,7.6614,0,0.038310334,0.00358042,0
74,273,9.584,354.0463509,22395.65943,0,0,0,0,0,0,0,0,0,0,0.151728,0,0.038310334,0.00358042,23.04878049
74,273,9.584,354.0463509,22395.65943,0,0,0,0,0,0,0,0,0,0,4.4313,0,0.038310334,0.00358042,74.95121951
74,273,9.584,354.0463509,22395.65943,0,0,0,0,0,0,0,0,0,0,0.151728,0,0.038310334,0.00358042,83.65853659
74,273,9.584,354.0463509,22395.65943,26.245,0,0,0,0,0,0,0,0,0,0.273366,0,0.038310334,0.00358042,75.12195122
74,273,9.584,354.0463509,22395.65943,0.04429,0,0,0,0,0,30.39,0,0,0,1.70622,0,0.038310334,0.00358042,78.87804878
74,273,9.584,354.0463509,22395.65943,0.35553,0,0,0,0,0,2.3982,0,0,0,6.258,0,0.038310334,0.00358042,5.719512195
74,273,9.584,354.0463509,22395.65943,0,0,0,0,0,0.0045285,0.002308,0,0,0,9.7158,0,0.038310334,0.00358042,16.90243902
74,273,9.584,354.0463509,22395.65943,0,0,0,0,0,0,0,0,0,0,55.917,0,0.038310334,0.00358042,6.573170732
74,273,9.584,354.0463509,22395.65943,0,0,0,0,0,0,0,0,0,0,1.27536,0,0.038310334,0.00358042,0
74,273,9.584,354.0463509,22395.65943,0,0,0,0,0,0,10.885,0,0,0,10.7733,0,0.038310334,0.00358042,0
74,273,9.584,354.0463509,22395.65943,0.001205,0,1.8902,0,0,0,6.3055,0,0,0,0.273339,0,0.038310334,0.00358042,66.07317073
74,273,9.584,354.0463509,22395.65943,0,5.7073,0,0,0,0,0.42744,0,0,0,0.151728,0,0.038310334,0.00358042,0
74,273,9.584,354.0463509,22395.65943,0,0,0,0,0,0,170.36,0,0,0,0.151728,0,0.038310334,0.00358042,0
74,273,9.584,354.0463509,22395.65943,0,0,0,0,0,0,0.13028,0,0,0,0.151728,0,0.038310334,0.00358042,25.69512195
74,273,9.584,354.0463509,22395.65943,0,0,0,0,0,0,0,0,0,0,0,0,0.038310334,0.00358042,0
74,273,9.584,354.0463509,22395.65943,0.010507,0,0,0,0,0,0,0,0,0,0,0,0.038310334,0.00358042,42.68292683
74,273,9.584,354.0463509,22395.65943,0.034901,0,0,0,0,0,0,0,0,0,0,0,0.038310334,0.00358042,0
74,273,9.584,354.0463509,22395.65943,0,0,0,0.002068,0,0,0.13028,0,0,0,3.1278,0,0.038310334,0.00358042,0
74,273,9.584,354.0463509,22395.65943,0,0,0,0,0,0,0,0,0,0,0.276939,0,0.038310334,0.00358042,0
74,273,9.584,354.0463509,22395.65943,0,0,0,0,0,0,168.06,0,0,0,0,0,0.038310334,0.00358042,77.68292683
74,273,9.584,354.0463509,22395.65943,0,0,0,0,0,0,0,0,0,0,0,0,0.038310334,0.00358042,15.87804878
74,273,9.584,354.0463509,22395.65943,0.003539,0,0,0,0,0,0.42744,0,0,0,0.31059,0,0.038310334,0.00358042,0
74,273,9.584,354.0463509,22395.65943,0.065984,0,0,0.016032,0,0,0,0,0,0,0,0,0.038310334,0.00358042,0
74,273,9.584,354.0463509,22395.65943,0.052268,0,0,0,0,0,0,0,0,0,0.78174,0,0.038310334,0.00358042,40.03658537
74,273,9.584,354.0463509,22395.65943,0,0,0,0,0,0,0,0,0,0,10.8618,0,0.038310334,0.00358042,0
74,273,9.584,354.0463509,22395.65943,0,0,0,0,0,0,46.678,0,0,0,4.4787,0,0.038310334,0.00358042,0
74,273,9.584,354.0463509,22395.65943,0.053861,0,0,0,0,0,21.052,0,0,0,8.3751,0,0.038310334,0.00358042,0
74,273,9.584,354.0463509,22395.65943,0.1295,0,0,0,0,0,0,0,0,0,0.93561,0,0.038310334,0.00358042,66.15853659
74,273,9.584,354.0463509,22395.65943,0,0,0,0,0,0,5.9005,0,0,0,0.51381,0,0.038310334,0.00358042,0
74,273,9.584,354.0463509,22395.65943,1.2569,0.005239,0,0,0,0,0,0,0,0,0.151728,0,0.038310334,0.00358042,0
74,273,9.584,354.0463509,22395.65943,0,0,0,0,0,0.79321,0.13028,0,0,0,60.207,0,0.038310334,0.00358042,76.06097561
74,273,9.584,354.0463509,22395.65943,0,0,0,0,0,0.79321,0,0,0,0,0.293496,0,0.038310334,0.00358042,0
74,273,9.584,354.0463509,22395.65943,0.35553,0,0,0,0,0.00111,0.13028,0,0,0,3.498,0,0.038310334,0.00358042,0
74,273,9.584,354.0463509,22395.65943,0,0,0,0,0,0,0.13028,0,0,0,0,0,0.038310334,0.00358042,0
74,273,9.584,354.0463509,22395.65943,0,0,0,0,0,0,0.13028,0,0,0,0.151728,0,0.038310334,0.00358042,0
74,273,9.584,354.0463509,22395.65943,0,0,0,0,0,0,0,0,0,0,0.280578,0,0.038310334,0.00358042,7.426829268
74,273,9.584,354.0463509,22395.65943,8.1282,0,0,0,0,0,0.13028,0,0,0,0,0,0.038310334,0.00358042,48.40243902
74,273,9.584,354.0463509,22395.65943,0,0,0,0,0,0,0,0,0,0,0.151728,0,0.038310334,0.00358042,0
74,273,9.584,354.0463509,22395.65943,0,0,0,0,0,0,0,0,0,0,0.151728,0,0.038310334,0.00358042,0
74,273,9.584,354.0463509,22395.65943,0,0,0,0,0,0,0,0,0,0,6.3561,0,0.038310334,0.00358042,0
74,273,9.584,354.0463509,22395.65943,0,0,0,0,0,0,0,0,0,0,11.7525,0,0.038310334,0.00358042,36.53658537
74,273,9.584,354.0463509,22395.65943,0,0,0,0,0,0.79321,0,0,0,0,0.151728,0,0.038310334,0.00358042,0
74,273,9.584,354.0463509,22395.65943,0,7.8987,0,0,0,0,0,0,0,0,2.76954,0,0.038310334,0.00358042,14.85365854
74,273,9.584,354.0463509,22395.65943,0,0,0,0,0,0,0,0,0,0,0,0,0.038310334,0.00358042,81.35365854
74,273,9.584,354.0463509,22395.65943,0,0,0,0,0,0,0,0,0,0,11.9403,0,0.038310334,0.00358042,0
74,273,9.584,354.0463509,22395.65943,0,23.441,0,0,0,0,0,0,0,0,0,0,0.038310334,0.00358042,0
74,273,9.584,354.0463509,22395.65943,0,0,0,0,0,0,0,0,0,0,0.151728,0,0.038310334,0.00358042,0
74,273,9.584,354.0463509,22395.65943,4.2315,0,0,0,0,0,0,0,0,0,3.2457,0,0.038310334,0.00358042,0
74,273,9.584,354.0463509,22395.65943,0,0,0,0,0,0,70.616,0,0,0,8.9868,0,0.038310334,0.00358042,2.902439024
74,273,9.584,354.0463509,22395.65943,0,0.19397,0,0,0,0,0.13028,0,0,0,0,0,0.038310334,0.00358042,0
74,273,9.584,354.0463509,22395.65943,6.5264,0,0,49.927,0,1.1622,0,0,0,0,0,0,0.038310334,0.00358042,0
74,273,9.584,354.0463509,22395.65943,0,0,0,0,0,0,0,0,0,0,0.151728,0,0.038310334,0.00358042,0
74,273,9.584,354.0463509,22395.65943,0,0,0,0,0,0,0,0,0,0,3.6918,0,0.038310334,0.00358042,0
74,273,9.584,354.0463509,22395.65943,0,0,0,1.6398,0,0,0,0,0,0,9.7218,0,0.038310334,0.00358042,0
74,273,9.584,354.0463509,22395.65943,0.10131,0,0,0,0,0,13.331,0,0,0,0,0,0.038310334,0.00358042,0
74,273,9.584,354.0463509,22395.65943,0,0,0,0.005202,0,0,0,0,0,0,0.151728,0,0.038310334,0.00358042,2.902439024
74,273,9.584,354.0463509,22395.65943,0,0,0,0,0,0,22.658,0,0,0,123.459,0,0.038310334,0.00358042,76.14634146
74,273,9.584,354.0463509,22395.65943,0,0,0,0.008333,0,0,0,0,0,0,1.86174,0,0.038310334,0.00358042,74.86585366
74,273,9.584,354.0463509,22395.65943,0,0,0,0,0,0,1.7163,0,0,0,0,0,0.038310334,0.00358042,0
74,273,9.584,354.0463509,22395.65943,0,50.199,0,59.511,0,0,115.6,0,0,0,0,0,0.038310334,0.00358042,0
74,273,9.584,354.0463509,22395.65943,0.003824,0,0,0,0,0,0,0,0,0,0.151728,0,0.038310334,0.00358042,0
74,273,9.584,354.0463509,22395.65943,0,0,0,0,0,0,0,0,0,0,0,0,0.038310334,0.00358042,0
74,273,9.584,354.0463509,22395.65943,0,0,0,0,0,0.78085,0.13028,0,0,0,0,0,0.038310334,0.00358042,14.85365854
74,273,9.584,354.0463509,22395.65943,0,0,0,0,0,0,27.369,0,0,0,44.763,0,0.038310334,0.00358042,0
74,273,9.584,354.0463509,22395.65943,0,7.3582,0,0,0,0,0,0,0,0,47.328,0,0.038310334,0.00358042,0
74,273,9.584,354.0463509,22395.65943,0,0,0,0,0,0.1964,0.059897,0,0,0,0.151728,0,0.038310334,0.00358042,0
74,273,9.584,354.0463509,22395.65943,0,0,0,0,0,0,0,0,0,0,22.8018,0,0.038310334,0.00358042,11.6097561
74,273,9.584,354.0463509,22395.65943,1.0191,0,0,0,0,0,0,0,0,0,0,0,0.038310334,0.00358042,0
74,273,9.584,354.0463509,22395.65943,0,0,4.067,0,0,0,0,0,0,0,1.57179,0,0.038310334,0.00358042,21.93902439
74,273,9.584,354.0463509,22395.65943,0,0,0,0,0,0,0,0,0,0,2.96682,0,0.038310334,0.00358042,26.29268293
74,273,9.584,354.0463509,22395.65943,0,0,0,0,0,0,133.93,0,0,0,59.643,0,0.038310334,0.00358042,0
74,273,9.584,354.0463509,22395.65943,0,0,0,0.47997,0,0,0,0,0,0,0.151728,0,0.038310334,0.00358042,0
74,273,9.584,354.0463509,22395.65943,0,0,0,0,0,0,0,0,0,0,18.0318,0,0.038310334,0.00358042,0
74,273,9.584,354.0463509,22395.65943,0,0.042134,0,0,0,0,0,0,0,0,3.3018,0,0.038310334,0.00358042,0
74,273,9.584,354.0463509,22395.65943,0.061621,0,0,0,0,0,0,0,0,0,0.31755,0,0.038310334,0.00358042,78.19512195
74,273,9.584,354.0463509,22395.65943,0,0.44941,0,0,0,0,0,0,0,0,0,0,0.038310334,0.00358042,26.54878049
74,273,9.584,354.0463509,22395.65943,0,0,0,0,0,0,0.42744,0,0,0,0.285792,0,0.038310334,0.00358042,0
74,273,9.584,354.0463509,22395.65943,0,3.6525,0.56003,0,0,0,0,0,0,0,0.151728,0,0.038310334,0.00358042,0
74,273,9.584,354.0463509,22395.65943,0,0,0,0,0,0,28.441,0,0,0,5.1447,0,0.038310334,0.00358042,0
74,273,9.584,354.0463509,22395.65943,0.26564,0,0,0,0,0,0,0,0,0,2.13174,0,0.038310334,0.00358042,0
74,273,9.584,354.0463509,22395.65943,0,0,0,0,0,0,0.002308,0,0,0,0.75903,0,0.038310334,0.00358042,0
74,273,9.584,354.0463509,22395.65943,0,0,0,0,0,0,0,0,0,0,0,0,0.038310334,0.00358042,0
74,273,9.584,354.0463509,22395.65943,0,0,0,0.0055919,0,0,0,0,0,0,0.38949,0,0.038310334,0.00358042,2.646341463
74,273,9.584,354.0463509,22395.65943,0,0,0,0,0,0,0,0,0,0,0.151728,0,0.038310334,0.00358042,0
74,273,9.584,354.0463509,22395.65943,0.00247,0,0,0,0,2.7494,0,0,0,0,10.4865,0,0.038310334,0.00358042,0
74,273,9.584,354.0463509,22395.65943,0.014351,0,0,0,0,0,0,0,0,0,175.254,0,0.038310334,0.00358042,74.09756098
74,273,9.584,354.0463509,22395.65943,0,0,0,0,0,0.79321,0,0,0,0,18.7587,0,0.038310334,0.00358042,0
74,273,9.584,354.0463509,22395.65943,0,0,0,0,0,0,0,0,0,0,0.151728,0,0.038310334,0.00358042,0
74,273,9.584,354.0463509,22395.65943,0,0.22052,0,0,0,1.0992,0,0,0,0,12.0405,0,0.038310334,0.00358042,58.04878049
74,273,9.584,354.0463509,22395.65943,0,0,0,0,0,0,0,0,0,0,0,0,0.038310334,0.00358042,0
74,273,9.584,354.0463509,22395.65943,0,0,0.079778,0,0,0,0,0,0,0,0.151728,0,0.038310334,0.00358042,0
74,273,9.584,354.0463509,22395.65943,0,0,0,0,0,0,0,0,0,0,8.3751,0,0.038310334,0.00358042,0
74,273,9.584,354.0463509,22395.65943,0,0,0,0,0,0,0.13028,0,0,0,66.663,0,0.038310334,0.00358042,0
74,273,9.584,354.0463509,22395.65943,0,0.00644,0,0,0,0,174.52,0,0,0,0,0,0.038310334,0.00358042,0
74,273,9.584,354.0463509,22395.65943,0,0,0,0,0,0,21.139,0,0,0,1.86174,0,0.038310334,0.00358042,0
74,273,9.584,354.0463509,22395.65943,0,0,0,0,0,0,0,0,0,0,47.883,0,0.038310334,0.00358042,0
74,273,9.584,354.0463509,22395.65943,20.942,0,0,0,0,0,0,0,0,0,0.151728,0,0.038310334,0.00358042,0
74,273,9.584,354.0463509,22395.65943,5.2563,0,0,0,0,0,0,0,0,0,0,0,0.038310334,0.00358042,0
74,273,9.584,354.0463509,22395.65943,0,0,0,0,0,0,0,0,0,0,1.21974,0,0.038310334,0.00358042,0
74,273,9.584,354.0463509,22395.65943,0,0,0,0,0,0,12.066,0,0,0,11.682,0,0.038310334,0.00358042,0
74,273,9.584,354.0463509,22395.65943,0,0,0,0,0,0,0,0,0,0,0.151728,0,0.038310334,0.00358042,46.43902439
74,273,9.584,354.0463509,22395.65943,0,0,0,0.005769,0,0,0,0,0,0,0.286419,0,0.038310334,0.00358042,50.62195122
74,273,9.584,354.0463509,22395.65943,0.000765,0.096136,0,0,0,0,10.904,0,0,0,0.151728,0,0.038310334,0.00358042,0
74,273,9.584,354.0463509,22395.65943,0,0,0,0,0,0,0,0,0,0,1.32447,0,0.038310334,0.00358042,84.34146341
74,273,9.584,354.0463509,22395.65943,0,0,0,0,0,0,0,0,0,0,0.151728,0,0.038310334,0.00358042,0
74,273,9.584,354.0463509,22395.65943,0.016491,0,6.2803,0,0,0,0,0,0,0,0,0,0.038310334,0.00358042,0
74,273,9.584,354.0463509,22395.65943,0.67562,0.29331,0,0,0,0,50.853,0,0,0,0,0,0.038310334,0.00358042,0
74,273,9.584,354.0463509,22395.65943,0,0,0,0,0,0,0,0,0,0,0,0,0.038310334,0.00358042,0
74,273,9.584,354.0463509,22395.65943,0,0,0,27.685,0,0,0.13028,0,0,0,2.10972,0,0.038310334,0.00358042,64.79268293
74,273,9.584,354.0463509,22395.65943,0,0,0,0,0,0,0,0,0,0,0,0,0.038310334,0.00358042,0
74,273,9.584,354.0463509,22395.65943,0,0,0,0,0,0,0,0,0,0,0,0,0.038310334,0.00358042,0
74,273,9.584,354.0463509,22395.65943,0,0,0,0,0,0,0,0,0,0,28.113,0,0.038310334,0.00358042,15.2804878
74,273,9.584,354.0463509,22395.65943,0,0.009018,0,0,0,0,0,0,0,0,2.39772,0,0.038310334,0.00358042,0
74,273,9.584,354.0463509,22395.65943,0,0,0,0.034742,0,0,0,0,0,0,0,0,0.038310334,0.00358042,0
74,273,9.584,354.0463509,22395.65943,0,0,0,0,0,0,0,0,0,0,0,0,0.038310334,0.00358042,83.31707317
74,273,9.584,354.0463509,22395.65943,0,0,0,0,0,0.79321,0.13028,0,0,0,0,0,0.038310334,0.00358042,0
74,273,9.584,354.0463509,22395.65943,0.0085521,0,0,0,0,0,0,0,0,0,59.643,0,0.038310334,0.00358042,0
74,273,9.584,354.0463509,22395.65943,0,0,0,0,0,0,0,0,0,0,0,0,0.038310334,0.00358042,0
74,273,9.584,354.0463509,22395.65943,1.0767,0,0,0,0,0,0,0,0,0,0,0,0.038310334,0.00358042,0
74,273,9.584,354.0463509,22395.65943,6.6358,0,0,0,0,0,0.13028,0,0,0,0.151728,0,0.038310334,0.00358042,0
74,273,9.584,354.0463509,22395.65943,9.6683,0,0,0,0,0,110.03,0,0,0,3.4872,0,0.038310334,0.00358042,0
74,273,9.584,354.0463509,22395.65943,0,0,0,0,0,0,15.455,0,0,0,0,0,0.038310334,0.00358042,0
74,273,9.584,354.0463509,22395.65943,0.15688,0,0.044881,0,0,0,0,0,0,0,0,0,0.038310334,0.00358042,0
74,273,9.584,354.0463509,22395.65943,0,0,0,0,0,0,0,0,0,0,27.6384,0,0.038310334,0.00358042,38.75609756
74,273,9.584,354.0463509,22395.65943,0,0,0,0,0,0,0,0,0,0,22.6218,0,0.038310334,0.00358042,0
74,273,9.584,354.0463509,22395.65943,0,0,0,0,0,0.003813,0,0,0,0,0,0,0.038310334,0.00358042,37.47560976
74,273,9.584,354.0463509,22395.65943,0.0085521,0,0,0,0,0,4.9456,0,0,0,9.4983,0,0.038310334,0.00358042,43.87804878
74,273,9.584,354.0463509,22395.65943,54.832,0,0,0,0,0,0,0,0,0,0.273366,0,0.038310334,0.00358042,36.36585366
74,273,9.584,354.0463509,22395.65943,0.027207,0,0,0,0,0,0.13028,0,0,0,1.38174,0,0.038310334,0.00358042,14.76829268
74,273,9.584,354.0463509,22395.65943,0,0,0,0,0,0,0,0,0,0,0,0,0.038310334,0.00358042,0
74,273,9.584,354.0463509,22395.65943,1.0643,0,0,0,0,0,21.139,0,0,0,1.62018,0,0.038310334,0.00358042,0
74,273,9.584,354.0463509,22395.65943,0,0,0,0,0,0,0,0,0,0,0.151728,0,0.038310334,0.00358042,0
74,273,9.584,354.0463509,22395.65943,0,0,0,0,0,0.79321,0,0,0,0,0.151728,0,0.038310334,0.00358042,0
74,273,9.584,354.0463509,22395.65943,0,0,0,0.000124,0,0,0,0,0,0,24.7368,0,0.038310334,0.00358042,66.75609756
74,273,9.584,354.0463509,22395.65943,0,0,0,0,0,0.7776,0,0,0,0,0.151728,0,0.038310334,0.00358042,0
74,273,9.584,354.0463509,22395.65943,0,0,0,0,0,0,0,0,0,0,0,0,0.038310334,0.00358042,0
74,273,9.584,354.0463509,22395.65943,0,0,0,0,0,0,0,0,0,0,0.151728,0,0.038310334,0.00358042,0
74,273,9.584,354.0463509,22395.65943,0,0,0,0.008333,0,0,2.4054,0,0,0,42.879,0,0.038310334,0.00358042,0
74,273,9.584,354.0463509,22395.65943,0,0,0,0,0,0,0,0,0,0,0,0,0.038310334,0.00358042,0
74,273,9.584,354.0463509,22395.65943,0,0,0,0,0,0,0,0,0,0,2.96682,0,0.038310334,0.00358042,81.95121951
74,273,9.584,354.0463509,22395.65943,0,0,0,6.4545,0,0,40.56,0,0,0,0,0,0.038310334,0.00358042,0
74,273,9.584,354.0463509,22395.65943,0,0.016216,0.007029,0,0,0,0.059897,0,0,0,28.1349,0,0.038310334,0.00358042,0
74,273,9.584,354.0463509,22395.65943,0,0,0,0.018752,0,0,13.633,0,0,0,0.151728,0,0.038310334,0.00358042,0
74,273,9.584,354.0463509,22395.65943,0,7.8987,0,0,0,0,5.7772,0,0,0,0,0,0.038310334,0.00358042,0
74,273,9.584,354.0463509,22395.65943,0,0,0.000005,0,0,0,0,0,0,0,0.151728,0,0.038310334,0.00358042,0
74,273,9.584,354.0463509,22395.65943,0,0,0,0,0,0,0,0,0,0,0.285792,0,0.038310334,0.00358042,0
74,273,9.584,354.0463509,22395.65943,0,0,0,0,0,0.78884,0,0,0,0,0.151728,0,0.038310334,0.00358042,0
74,273,9.584,354.0463509,22395.65943,0,0,0,0,0,0,0,0,0,0,0.151728,0,0.038310334,0.00358042,0
